2016-10-25 2:18:21 413827738 114.207195 30.458977 114.20223 30.45465 5.8 42.4 42.0
2016-10-25 2:21:49 413827738 114.211618 30.463315 114.207195 30.458977 6.0 43.7 43.0
2016-10-25 2:23:04 413827738 114.213005 30.464515 114.211618 30.463315 6.1 45.9 45.0
2016-10-25 2:23:26 413827738 114.213923 30.46534 114.213005 30.464515 6.1 43.2 43.0
2016-10-25 2:26:20 413827738 114.217335 30.468438 114.213923 30.46534 6.1 43.9 43.0
2016-10-25 2:27:01 413827738 114.21862 30.469667 114.217335 30.468438 6.0 41.2 41.0
2016-10-25 2:27:36 413827738 114.219272 30.470325 114.21862 30.469667 6.1 40.4 40.0
2016-10-25 2:27:58 413827738 114.219885 30.470967 114.219272 30.470325 6.0 39.0 39.0
2016-10-25 2:30:47 413827738 114.222825 30.474192 114.219885 30.470967 5.9 38.4 38.0
2016-10-25 2:32:51 413827738 114.22518 30.476778 114.222825 30.474192 5.9 37.5 37.0
2016-10-25 02:38:51 413827738 114.2319296654275 30.48448119702602     
2016-10-25 2:41:49 413827738 114.235267 30.48829 114.231958 30.484728 5.4 36.6 36.0
2016-10-25 2:44:44 413827738 114.237953 30.491472 114.235267 30.48829 5.2 35.3 35.0
2016-10-25 2:45:58 413827738 114.239282 30.49324 114.237953 30.491472 5.1 32.2 32.0
2016-10-25 2:47:06 413827738 114.240173 30.494447 114.239282 30.49324 5.1 32.9 32.0
2016-10-25 2:48:29 413827738 114.241492 30.496203 114.240173 30.494447 5.0 32.2 32.0
2016-10-25 2:51:02 413827738 114.24366 30.499087 114.241492 30.496203 4.9 32.5 32.0
2016-10-25 2:51:28 413827738 114.24408 30.499683 114.24366 30.499087 4.9 31.0 31.0
2016-10-25 2:54:23 413827738 114.246335 30.502592 114.24408 30.499683 4.8 34.1 34.0
2016-10-25 2:57:57 413827738 114.249437 30.506492 114.246335 30.502592 4.8 35.1 35.0
2016-10-25 3:00:18 413827738 114.251545 30.509243 114.249437 30.506492 4.7 33.3 33.0
2016-10-25 3:01:04 413827738 114.2524 30.510325 114.251545 30.509243 4.7 34.9 34.0
2016-10-25 3:01:36 413827738 114.252835 30.510862 114.2524 30.510325 4.7 34.7 34.0
2016-10-25 3:02:45 413827738 114.253687 30.511927 114.252835 30.510862 4.8 35.3 35.0
2016-10-25 3:05:53 413827738 114.256412 30.515488 114.253687 30.511927 5.0 33.9 33.0
2016-10-25 3:06:33 413827738 114.256875 30.516112 114.256412 30.515488 5.0 32.2 32.0
2016-10-25 3:07:16 413827738 114.257698 30.517317 114.256875 30.516112 5.1 30.6 30.0
2016-10-25 3:10:06 413827738 114.259858 30.520397 114.257698 30.517317 5.3 33.3 33.0
2016-10-25 03:16:06 413827738 114.266155574124 30.52848778167116     
2016-10-25 3:16:17 413827738 114.266348 30.528735 114.265745 30.528035 6.3 36.6 36.0
2016-10-25 3:17:57 413827738 114.26874 30.531622 114.266348 30.528735 6.5 33.5 33.0
2016-10-25 3:19:17 413827738 114.269925 30.533113 114.26874 30.531622 6.7 34.1 34.0
2016-10-25 3:20:07 413827738 114.271187 30.534687 114.269925 30.533113 6.8 34.8 34.0
2016-10-25 3:20:31 413827738 114.271788 30.535432 114.271187 30.534687 6.8 34.6 34.0
2016-10-25 3:21:13 413827738 114.272397 30.536197 114.271788 30.535432 6.7 34.6 34.0
2016-10-25 3:21:53 413827738 114.273037 30.536942 114.272397 30.536197 6.7 36.7 36.0
2016-10-25 3:22:48 413827738 114.274288 30.538412 114.273037 30.536942 6.5 36.7 36.0
2016-10-25 3:23:44 413827738 114.275483 30.539858 114.274288 30.538412 6.5 35.1 35.0
2016-10-25 3:24:07 413827738 114.276132 30.540627 114.275483 30.539858 6.4 35.9 35.0
2016-10-25 3:25:30 413827738 114.27754 30.542348 114.276132 30.540627 6.2 35.1 35.0
2016-10-25 3:26:43 413827738 114.279102 30.5445 114.27754 30.542348 6.0 29.5 29.0
2016-10-25 3:28:02 413827738 114.28002 30.54591 114.279102 30.5445 5.8 29.0 29.0
2016-10-25 3:29:33 413827738 114.28129 30.548065 114.28002 30.54591 5.7 27.5 27.0
2016-10-25 3:30:20 413827738 114.282065 30.549447 114.28129 30.548065 5.6 26.4 26.0
2016-10-25 3:31:02 413827738 114.282495 30.550158 114.282065 30.549447 5.6 27.3 27.0
2016-10-25 3:31:52 413827738 114.283282 30.551507 114.282495 30.550158 5.5 27.1 27.0
2016-10-25 3:32:17 413827738 114.283703 30.552172 114.283282 30.551507 5.5 28.4 28.0
2016-10-25 3:32:53 413827738 114.284143 30.552858 114.283703 30.552172 5.5 29.2 29.0
2016-10-25 3:33:16 413827738 114.284558 30.553455 114.284143 30.552858 5.3 30.9 30.0
2016-10-25 3:33:57 413827738 114.284982 30.554113 114.284558 30.553455 5.2 28.6 28.0
2016-10-25 3:34:29 413827738 114.28538 30.554748 114.284982 30.554113 5.2 28.4 28.0
2016-10-25 3:34:53 413827738 114.285932 30.555613 114.28538 30.554748 5.2 28.9 28.0
2016-10-25 3:35:41 413827738 114.286333 30.556243 114.285932 30.555613 5.2 28.6 28.0
2016-10-25 3:36:45 413827738 114.287102 30.55753 114.286333 30.556243 5.1 27.4 27.0
2016-10-25 3:37:35 413827738 114.287867 30.558735 114.287102 30.55753 5.0 29.3 29.0
2016-10-25 3:38:36 413827738 114.288677 30.559957 114.287867 30.558735 5.0 29.3 29.0
2016-10-25 3:39:00 413827738 114.289073 30.560553 114.288677 30.559957 5.0 30.1 30.0
2016-10-25 3:40:03 413827738 114.289905 30.561668 114.289073 30.560553 4.8 34.7 34.0
2016-10-25 3:40:32 413827738 114.29037 30.562223 114.289905 30.561668 4.8 35.8 35.0
2016-10-25 3:40:57 413827738 114.290812 30.562762 114.29037 30.562223 4.8 35.3 35.0
2016-10-25 3:41:54 413827738 114.29169 30.563798 114.290812 30.562762 4.7 36.9 36.0
2016-10-25 3:42:41 413827738 114.292167 30.564338 114.29169 30.563798 4.7 37.2 37.0
2016-10-25 3:43:44 413827738 114.293093 30.565413 114.292167 30.564338 4.8 36.3 36.0
2016-10-25 3:44:42 413827738 114.293947 30.566492 114.293093 30.565413 4.7 33.6 33.0
2016-10-25 3:45:09 413827738 114.294475 30.567192 114.293947 30.566492 4.8 33.1 33.0
2016-10-25 3:45:50 413827738 114.294922 30.567817 114.294475 30.567192 4.7 31.1 31.0
2016-10-25 3:46:17 413827738 114.295292 30.568355 114.294922 30.567817 4.7 30.7 30.0
2016-10-25 3:46:45 413827738 114.29568 30.56891 114.295292 30.568355 4.7 31.0 31.0
2016-10-25 3:48:17 413827738 114.296817 30.570608 114.29568 30.56891 4.8 30.0 30.0
2016-10-25 3:48:45 413827738 114.29719 30.571175 114.296817 30.570608 4.7 29.5 29.0
2016-10-25 3:50:18 413827738 114.298298 30.572878 114.29719 30.571175 4.7 30.0 30.0
2016-10-25 3:50:46 413827738 114.29871 30.57346 114.298298 30.572878 4.7 31.0 31.0
2016-10-25 3:51:12 413827738 114.299103 30.574015 114.29871 30.57346 4.7 31.7 31.0
2016-10-25 3:51:57 413827738 114.299498 30.574547 114.299103 30.574015 4.7 32.5 32.0
2016-10-25 3:52:51 413827738 114.300307 30.575723 114.299498 30.574547 4.7 30.4 30.0
2016-10-25 3:53:18 413827738 114.30069 30.57626 114.300307 30.575723 4.7 31.8 31.0
2016-10-25 3:53:56 413827738 114.301103 30.576825 114.30069 30.57626 4.8 32.2 32.0
2016-10-25 3:54:52 413827738 114.301893 30.577927 114.301103 30.576825 4.7 31.1 31.0
2016-10-25 3:55:20 413827738 114.302437 30.578707 114.301893 30.577927 4.7 30.8 30.0
2016-10-25 3:55:55 413827738 114.302833 30.579288 114.302437 30.578707 4.8 30.1 30.0
2016-10-25 3:56:22 413827738 114.303217 30.579848 114.302833 30.579288 4.8 30.3 30.0
2016-10-25 3:56:46 413827738 114.303607 30.580465 114.303217 30.579848 4.7 28.7 28.0
2016-10-25 3:57:53 413827738 114.304343 30.5816 114.303607 30.580465 4.7 28.5 28.0
2016-10-25 3:58:22 413827738 114.304685 30.582187 114.304343 30.5816 4.8 26.4 26.0
2016-10-25 3:58:47 413827738 114.305022 30.582783 114.304685 30.582187 4.7 25.9 25.0
2016-10-25 4:00:14 413827738 114.305725 30.583977 114.305022 30.582783 4.7 28.4 28.0
2016-10-25 4:01:01 413827738 114.306467 30.585092 114.305725 30.583977 4.8 30.6 30.0
2016-10-25 4:01:40 413827738 114.306865 30.58566 114.306467 30.585092 4.8 31.1 31.0
2016-10-25 4:02:37 413827738 114.307643 30.586798 114.306865 30.58566 4.7 31.1 31.0
2016-10-25 4:04:21 413827738 114.309262 30.589055 114.307643 30.586798 4.8 29.8 29.0
2016-10-25 4:04:48 413827738 114.309645 30.589628 114.309262 30.589055 4.8 29.4 29.0
2016-10-25 4:05:59 413827738 114.3101 30.590358 114.309645 30.589628 4.8 28.4 28.0
2016-10-25 4:06:29 413827738 114.310863 30.591582 114.3101 30.590358 4.8 26.6 26.0
2016-10-25 4:07:21 413827738 114.311222 30.59221 114.310863 30.591582 4.7 26.2 26.0
2016-10-25 4:08:04 413827738 114.31186 30.593388 114.311222 30.59221 4.7 24.9 24.0
2016-10-25 4:08:29 413827738 114.312198 30.593975 114.31186 30.593388 4.7 26.5 26.0
2016-10-25 4:09:24 413827738 114.31254 30.594545 114.312198 30.593975 4.8 27.4 27.0
2016-10-25 4:10:01 413827738 114.313323 30.595735 114.31254 30.594545 4.8 29.2 29.0
2016-10-25 4:10:31 413827738 114.313692 30.596312 114.313323 30.595735 4.8 29.2 29.0
2016-10-25 4:11:17 413827738 114.314055 30.596858 114.313692 30.596312 4.7 30.0 30.0
2016-10-25 4:12:36 413827738 114.315207 30.598555 114.314055 30.596858 4.7 31.1 31.0
2016-10-25 4:13:03 413827738 114.315612 30.59911 114.315207 30.598555 4.7 31.7 31.0
2016-10-25 4:13:29 413827738 114.316013 30.599693 114.315612 30.59911 4.7 30.2 30.0
2016-10-25 4:14:13 413827738 114.316373 30.600267 114.316013 30.599693 4.7 28.8 28.0
2016-10-25 4:14:45 413827738 114.316738 30.600815 114.316373 30.600267 4.7 29.9 29.0
2016-10-25 4:15:10 413827738 114.317135 30.601375 114.316738 30.600815 4.7 31.8 31.0
2016-10-25 4:16:16 413827738 114.318088 30.602657 114.317135 30.601375 4.7 32.4 32.0
2016-10-25 4:16:47 413827738 114.318522 30.603237 114.318088 30.602657 4.7 32.8 32.0
2016-10-25 4:17:13 413827738 114.318927 30.60376 114.318522 30.603237 4.7 33.9 33.0
2016-10-25 4:18:18 413827738 114.319778 30.604808 114.318927 30.60376 4.6 35.2 35.0
2016-10-25 4:18:48 413827738 114.320203 30.605332 114.319778 30.604808 4.6 35.2 35.0
2016-10-25 4:19:12 413827738 114.320662 30.605867 114.320203 30.605332 4.6 36.6 36.0
2016-10-25 4:20:16 413827738 114.321527 30.606868 114.320662 30.605867 4.6 36.6 36.0
2016-10-25 4:20:39 413827738 114.321983 30.607372 114.321527 30.606868 4.6 38.6 38.0
2016-10-25 4:21:28 413827738 114.322453 30.60787 114.321983 30.607372 4.6 38.7 38.0
2016-10-25 4:22:56 413827738 114.323793 30.609413 114.322453 30.60787 4.6 37.0 37.0
2016-10-25 4:23:50 413827738 114.324717 30.610375 114.323793 30.609413 4.6 42.0 42.0
2016-10-25 4:24:29 413827738 114.325215 30.610837 114.324717 30.610375 4.5 43.0 43.0
2016-10-25 4:25:28 413827738 114.326235 30.611758 114.325215 30.610837 4.7 43.6 43.0
2016-10-25 4:25:51 413827738 114.326973 30.612422 114.326235 30.611758 4.8 43.6 43.0
2016-10-25 4:26:27 413827738 114.327478 30.612902 114.326973 30.612422 4.7 42.1 42.0
2016-10-25 4:26:55 413827738 114.327995 30.613377 114.327478 30.612902 4.7 43.2 43.0
2016-10-25 4:27:21 413827738 114.328533 30.61385 114.327995 30.613377 4.8 44.4 44.0
2016-10-25 4:28:24 413827738 114.329612 30.614798 114.328533 30.61385 4.8 44.3 44.0
2016-10-25 4:28:51 413827738 114.330167 30.615263 114.329612 30.614798 4.8 45.9 45.0
2016-10-25 4:30:17 413827738 114.331322 30.616193 114.330167 30.615263 4.9 47.2 47.0
2016-10-25 4:32:30 413827738 114.334255 30.61855 114.331322 30.616193 5.0 47.3 47.0
2016-10-25 4:33:22 413827738 114.3354 30.619472 114.334255 30.61855 5.0 47.5 47.0
2016-10-25 4:34:20 413827738 114.336007 30.619923 114.3354 30.619472 5.0 49.4 49.0
2016-10-25 4:35:17 413827738 114.337252 30.62085 114.336007 30.619923 5.0 48.1 48.0
2016-10-25 4:36:18 413827738 114.338647 30.62193 114.337252 30.62085 5.1 48.5 48.0
2016-10-25 4:37:10 413827738 114.339897 30.622873 114.338647 30.62193 5.1 48.8 48.0
2016-10-25 4:37:35 413827738 114.34052 30.623332 114.339897 30.622873 5.1 49.7 49.0
2016-10-25 4:38:15 413827738 114.341153 30.623782 114.34052 30.623332 5.1 50.4 50.0
2016-10-25 4:38:40 413827738 114.341813 30.624255 114.341153 30.623782 5.2 49.9 49.0
2016-10-25 4:40:03 413827738 114.343083 30.62519 114.341813 30.624255 5.2 49.4 49.0
2016-10-25 4:40:58 413827738 114.344363 30.62612 114.343083 30.62519 5.3 50.6 50.0
2016-10-25 4:42:07 413827738 114.346328 30.627565 114.344363 30.62612 5.4 50.3 50.0
2016-10-25 4:44:03 413827738 114.348322 30.629025 114.346328 30.627565 5.4 49.4 49.0
2016-10-25 4:45:29 413827738 114.350368 30.630468 114.348322 30.629025 5.5 51.9 51.0
2016-10-25 4:46:06 413827738 114.35112 30.63099 114.350368 30.630468 5.6 50.9 50.0
2016-10-25 4:46:53 413827738 114.352773 30.632152 114.35112 30.63099 5.6 51.0 51.0
2016-10-25 4:47:15 413827738 114.353453 30.632628 114.352773 30.632152 5.6 50.4 50.0
2016-10-25 4:48:03 413827738 114.35414 30.633142 114.353453 30.632628 5.6 48.8 48.0
2016-10-25 4:48:58 413827738 114.35556 30.634175 114.35414 30.633142 5.7 50.6 50.0
2016-10-25 4:49:22 413827738 114.35628 30.634682 114.35556 30.634175 5.8 50.8 50.0
2016-10-25 4:50:11 413827738 114.356987 30.635165 114.35628 30.634682 5.8 51.4 51.0
2016-10-25 4:51:06 413827738 114.35844 30.636192 114.356987 30.635165 5.8 49.9 49.0
2016-10-25 4:52:05 413827738 114.359835 30.637262 114.35844 30.636192 5.8 48.1 48.0
2016-10-25 4:53:00 413827738 114.361268 30.63835 114.359835 30.637262 5.8 48.2 48.0
2016-10-25 4:53:25 413827738 114.361935 30.638878 114.361268 30.63835 5.8 47.6 47.0
2016-10-25 4:54:10 413827738 114.362687 30.639452 114.361935 30.638878 5.8 48.4 48.0
2016-10-25 4:57:20 413827738 114.367365 30.642622 114.362687 30.639452 5.8 50.5 50.0
2016-10-25 4:58:33 413827738 114.369657 30.64409 114.367365 30.642622 5.7 55.6 55.0
2016-10-25 4:59:28 413827738 114.370782 30.64474 114.369657 30.64409 5.7 56.1 56.0
2016-10-25 5:02:23 413827738 114.375397 30.647348 114.370782 30.64474 5.7 59.3 59.0
2016-10-25 5:02:52 413827738 114.376158 30.647738 114.375397 30.647348 5.7 59.2 59.0
2016-10-25 5:03:13 413827738 114.376962 30.648165 114.376158 30.647738 5.7 58.3 58.0
2016-10-25 5:04:26 413827738 114.378527 30.648997 114.376962 30.648165 5.6 59.0 59.0
2016-10-25 5:04:56 413827738 114.37929 30.649377 114.378527 30.648997 5.6 60.1 60.0
2016-10-25 5:05:25 413827738 114.380105 30.649777 114.37929 30.649377 5.6 60.2 60.0
2016-10-25 5:05:48 413827738 114.380863 30.650138 114.380105 30.649777 5.5 61.0 61.0
2016-10-25 5:06:33 413827738 114.381677 30.650535 114.380863 30.650138 5.6 60.8 60.0
2016-10-25 5:07:51 413827738 114.384 30.651633 114.381677 30.650535 5.6 61.6 61.0
2016-10-25 5:08:30 413827738 114.38483 30.652 114.384 30.651633 5.6 63.3 63.0
2016-10-25 5:09:23 413827738 114.386448 30.652673 114.38483 30.652 5.5 65.5 65.0
2016-10-25 5:09:46 413827738 114.387283 30.653013 114.386448 30.652673 5.5 64.3 64.0
2016-10-25 5:11:00 413827738 114.389078 30.65374 114.387283 30.653013 5.6 66.4 66.0
2016-10-25 5:11:20 413827738 114.389972 30.654068 114.389078 30.65374 5.4 66.4 66.0
2016-10-25 5:13:44 413827738 114.393217 30.6553 114.389972 30.654068 5.5 67.2 67.0
2016-10-25 5:15:17 413827738 114.395677 30.656123 114.393217 30.6553 5.4 69.3 69.0
2016-10-25 5:16:15 413827738 114.397343 30.656625 114.395677 30.656123 5.5 70.8 70.0
2016-10-25 5:19:40 413827738 114.40327 30.658342 114.397343 30.656625 5.5 71.4 71.0
2016-10-25 5:20:17 413827738 114.404117 30.658598 114.40327 30.658342 5.5 70.4 70.0
2016-10-25 5:21:12 413827738 114.406087 30.659208 114.404117 30.658598 5.5 71.1 71.0
2016-10-25 5:21:43 413827738 114.40695 30.659447 114.406087 30.659208 5.4 72.0 72.0
2016-10-25 5:22:22 413827738 114.407728 30.659685 114.40695 30.659447 5.5 70.4 70.0
2016-10-25 5:23:13 413827738 114.409397 30.660258 114.407728 30.659685 5.4 68.7 68.0
2016-10-25 5:23:36 413827738 114.410153 30.660507 114.409397 30.660258 5.4 69.2 69.0
2016-10-25 5:24:21 413827738 114.410993 30.660772 114.410153 30.660507 5.4 69.6 69.0
2016-10-25 5:25:20 413827738 114.41258 30.66128 114.410993 30.660772 5.3 69.6 69.0
2016-10-25 5:27:41 413827738 114.416832 30.662618 114.41258 30.66128 5.4 69.1 69.0
2016-10-25 5:29:09 413827738 114.418458 30.663147 114.416832 30.662618 5.3 69.5 69.0
2016-10-25 5:31:07 413827738 114.421437 30.664153 114.418458 30.663147 5.3 68.0 68.0
2016-10-25 5:32:48 413827738 114.42401 30.664965 114.421437 30.664153 5.3 70.3 70.0
2016-10-25 5:33:17 413827738 114.425608 30.665457 114.42401 30.664965 5.3 69.7 69.0
2016-10-25 5:33:47 413827738 114.426423 30.665725 114.425608 30.665457 5.2 68.9 68.0
2016-10-25 5:34:18 413827738 114.427202 30.665975 114.426423 30.665725 5.2 69.5 69.0
2016-10-25 5:35:01 413827738 114.427995 30.666233 114.427202 30.665975 5.3 69.2 69.0
2016-10-25 5:35:56 413827738 114.429607 30.666777 114.427995 30.666233 5.2 69.0 69.0
2016-10-25 5:36:24 413827738 114.430395 30.667045 114.429607 30.666777 5.3 68.1 68.0
2016-10-25 5:37:02 413827738 114.431125 30.667305 114.430395 30.667045 5.2 67.7 67.0
2016-10-25 5:38:00 413827738 114.432712 30.667855 114.431125 30.667305 5.2 67.5 67.0
2016-10-25 5:38:30 413827738 114.433513 30.668143 114.432712 30.667855 5.2 67.5 67.0
2016-10-25 5:39:27 413827738 114.435043 30.668683 114.433513 30.668143 5.2 68.2 68.0
2016-10-25 5:39:58 413827738 114.435817 30.668947 114.435043 30.668683 5.2 68.2 68.0
2016-10-25 5:40:29 413827738 114.436615 30.669235 114.435817 30.668947 5.2 67.0 67.0
2016-10-25 5:40:57 413827738 114.437633 30.669633 114.436615 30.669235 5.2 65.1 65.0
2016-10-25 5:41:51 413827738 114.43839 30.669933 114.437633 30.669633 5.2 65.1 65.0
2016-10-25 5:42:28 413827738 114.439902 30.670565 114.43839 30.669933 5.1 63.7 63.0
2016-10-25 5:42:57 413827738 114.440588 30.670867 114.439902 30.670565 5.1 62.7 62.0
2016-10-25 5:43:27 413827738 114.44134 30.671217 114.440588 30.670867 5.1 61.3 61.0
2016-10-25 5:44:12 413827738 114.442045 30.671557 114.44134 30.671217 5.0 60.6 60.0
2016-10-25 5:45:07 413827738 114.443515 30.672268 114.442045 30.671557 5.1 62.1 62.0
2016-10-25 5:45:34 413827738 114.444253 30.672558 114.443515 30.672268 5.2 65.9 65.0
2016-10-25 5:46:19 413827738 114.445053 30.672838 114.444253 30.672558 5.4 68.6 68.0
2016-10-25 5:47:14 413827738 114.446682 30.673387 114.445053 30.672838 5.3 66.9 66.0
2016-10-25 5:48:49 413827738 114.448947 30.674317 114.446682 30.673387 5.2 62.7 62.0
2016-10-25 5:50:22 413827738 114.45111 30.675318 114.448947 30.674317 5.1 62.2 62.0
2016-10-25 5:51:21 413827738 114.452892 30.676027 114.45111 30.675318 5.1 66.2 66.0
2016-10-25 5:52:25 413827738 114.454368 30.676575 114.452892 30.676027 5.1 66.1 66.0
2016-10-25 5:53:23 413827738 114.45587 30.677193 114.454368 30.676575 5.0 64.1 64.0
2016-10-25 5:54:48 413827738 114.458107 30.678053 114.45587 30.677193 5.0 68.0 68.0
2016-10-25 5:55:24 413827738 114.458825 30.678305 114.458107 30.678053 5.0 68.0 68.0
2016-10-25 5:56:14 413827738 114.460353 30.678827 114.458825 30.678305 5.0 70.0 70.0
2016-10-25 5:57:29 413827738 114.461885 30.679278 114.460353 30.678827 5.0 71.3 71.0
2016-10-25 5:58:21 413827738 114.463435 30.67971 114.461885 30.679278 5.1 72.1 72.0
2016-10-25 5:59:32 413827738 114.46496 30.68015 114.463435 30.67971 5.1 71.4 71.0
2016-10-25 6:01:11 413827738 114.467995 30.681115 114.46496 30.68015 5.1 69.5 69.0
2016-10-25 6:01:44 413827738 114.468937 30.681413 114.467995 30.681115 5.0 69.8 69.0
2016-10-25 6:04:26 413827738 114.472832 30.682578 114.468937 30.681413 5.0 71.8 71.0
2016-10-25 6:05:00 413827738 114.473573 30.6828 114.472832 30.682578 5.0 70.6 70.0
2016-10-25 6:06:13 413827738 114.475093 30.68331 114.473573 30.6828 5.1 68.7 68.0
2016-10-25 6:08:35 413827738 114.478935 30.684458 114.475093 30.68331 5.1 69.6 69.0
2016-10-25 6:09:32 413827738 114.480522 30.684932 114.478935 30.684458 5.2 70.4 70.0
2016-10-25 6:10:18 413827738 114.482112 30.685402 114.480522 30.684932 5.2 71.2 71.0
2016-10-25 6:12:30 413827738 114.485675 30.686383 114.482112 30.685402 5.3 71.8 71.0
2016-10-25 6:13:00 413827738 114.486483 30.686612 114.485675 30.686383 5.3 71.9 71.0
2016-10-25 6:13:56 413827738 114.488088 30.687058 114.486483 30.686612 5.3 72.4 72.0
2016-10-25 6:14:46 413827738 114.488935 30.687278 114.488088 30.687058 5.3 73.2 73.0
2016-10-25 6:17:40 413827738 114.493922 30.688303 114.488935 30.687278 5.2 79.5 79.0
2016-10-25 6:18:37 413827738 114.495555 30.688523 114.493922 30.688303 5.2 82.2 82.0
2016-10-25 6:20:02 413827738 114.49806 30.688723 114.495555 30.688523 5.1 86.3 86.0
2016-10-25 6:20:29 413827738 114.498892 30.688747 114.49806 30.688723 5.1 88.4 88.0
2016-10-25 6:21:42 413827738 114.500895 30.68877 114.498892 30.688747 5.2 90.3 90.0
2016-10-25 6:22:14 413827738 114.501703 30.68875 114.500895 30.68877 5.2 91.6 91.0
2016-10-25 6:23:12 413827738 114.503403 30.68867 114.501703 30.68875 5.1 94.2 94.0
2016-10-25 6:23:58 413827738 114.504203 30.688617 114.503403 30.68867 5.1 94.3 94.0
2016-10-25 6:25:33 413827738 114.506653 30.688312 114.504203 30.688617 5.1 101.6 101.0
2016-10-25 6:27:06 413827738 114.509872 30.687662 114.506653 30.688312 5.1 104.3 104.0
2016-10-25 6:28:11 413827738 114.511457 30.687272 114.509872 30.687662 5.1 106.7 106.0
2016-10-25 6:28:43 413827738 114.512227 30.687072 114.511457 30.687272 5.2 106.7 106.0
2016-10-25 6:29:39 413827738 114.513827 30.686597 114.512227 30.687072 5.2 109.2 109.0
2016-10-25 6:31:13 413827738 114.515412 30.686142 114.513827 30.686597 5.2 108.4 108.0
2016-10-25 6:32:44 413827738 114.518015 30.685182 114.515412 30.686142 5.2 110.5 110.0
2016-10-25 6:34:56 413827738 114.521907 30.68401 114.518015 30.685182 5.2 112.5 112.0
2016-10-25 6:35:25 413827738 114.522672 30.683713 114.521907 30.68401 5.2 114.4 114.0
2016-10-25 6:35:53 413827738 114.523398 30.68341 114.522672 30.683713 5.2 116.4 116.0
2016-10-25 6:37:09 413827738 114.524938 30.68273 114.523398 30.68341 5.2 117.1 117.0
2016-10-25 6:38:09 413827738 114.526403 30.682057 114.524938 30.68273 5.2 118.4 118.0
2016-10-25 6:39:32 413827738 114.528557 30.680918 114.526403 30.682057 5.1 123.1 123.0
2016-10-25 6:40:03 413827738 114.529238 30.680512 114.528557 30.680918 5.1 125.1 125.0
2016-10-25 6:41:04 413827738 114.53056 30.67966 114.529238 30.680512 5.3 127.0 127.0
2016-10-25 6:42:00 413827738 114.531477 30.679052 114.53056 30.67966 5.3 128.1 128.0
2016-10-25 6:43:02 413827738 114.533447 30.67756 114.531477 30.679052 5.4 132.7 132.0
2016-10-25 6:45:00 413827738 114.535383 30.67597 114.533447 30.67756 5.5 133.8 133.0
2016-10-25 6:49:54 413827738 114.540935 30.66969 114.535383 30.67597 5.6 147.4 147.0
2016-10-25 6:50:23 413827738 114.541388 30.669023 114.540935 30.66969 5.5 150.4 150.0
2016-10-25 6:51:38 413827738 114.542143 30.667645 114.541388 30.669023 5.4 156.7 156.0
2016-10-25 6:52:39 413827738 114.54269 30.66625 114.542143 30.667645 5.4 163.7 163.0
2016-10-25 6:54:10 413827738 114.543323 30.664058 114.54269 30.66625 5.5 165.1 165.0
2016-10-25 6:54:50 413827738 114.543778 30.662778 114.543323 30.664058 5.4 162.8 162.0
2016-10-25 6:55:16 413827738 114.544063 30.662013 114.543778 30.662778 5.6 162.1 162.0
2016-10-25 07:01:16 413827738 114.5488223730407 30.65336848589342     
2016-10-25 07:07:16 413827738 114.5535817460815 30.64472397178683     
2016-10-25 7:11:13 413827738 114.556715 30.639033 114.555222 30.64203 5.8 157.5 157.0
2016-10-25 7:13:09 413827738 114.558093 30.636042 114.556715 30.639033 5.7 159.3 159.0
2016-10-25 7:17:06 413827738 114.560633 30.63042 114.558093 30.636042 5.8 161.1 161.0
2016-10-25 7:21:50 413827738 114.563315 30.62356 114.560633 30.63042 5.7 163.2 163.0
2016-10-25 07:27:50 413827738 114.5675359345794 30.61578218068536     
2016-10-25 07:33:50 413827738 114.5717568691589 30.60800436137072     
2016-10-25 07:39:50 413827738 114.5759778037383 30.60022654205608     
2016-10-25 07:45:50 413827738 114.5801987383178 30.59244872274143     
2016-10-25 07:51:50 413827738 114.5844196728972 30.58467090342679     
2016-10-25 07:57:50 413827738 114.5886406074766 30.57689308411215     
2016-10-25 08:03:50 413827738 114.5928615420561 30.56911526479751     
2016-10-25 08:09:50 413827738 114.5970824766355 30.56133744548287     
2016-10-25 8:09:59 413827738 114.597188 30.561143 114.594863 30.562568 5.3 122.3 122.0
2016-10-25 8:12:15 413827738 114.600933 30.559192 114.597188 30.561143 5.6 120.2 120.0
2016-10-25 8:12:50 413827738 114.601747 30.558787 114.600933 30.559192 5.6 119.8 119.0
