2016-10-25 0:00:25 413819434 114.479347 30.682637 114.479293 30.682653 0.0 9.5
2016-10-25 0:03:17 413819434 114.479347 30.682673 114.479347 30.682637 0.0 9.5
2016-10-25 0:05:38 413819434 114.479347 30.682673 114.479347 30.682673 0.0 9.5
2016-10-25 0:10:20 413819434 114.479347 30.682673 114.479347 30.682673 0.0 9.5
2016-10-25 0:11:26 413819434 114.479373 30.68268 114.479347 30.682673 0.0 9.5
2016-10-25 0:14:09 413819434 114.479373 30.68264 114.479373 30.68268 0.0 9.5
2016-10-25 0:16:22 413819434 114.479373 30.68264 114.479373 30.68264 0.0 9.5
2016-10-25 0:17:11 413819434 114.4794 30.682697 114.479373 30.68264 0.0 9.5
2016-10-25 0:20:09 413819434 114.479333 30.682683 114.4794 30.682697 0.0 9.5
2016-10-25 0:22:09 413819434 114.479333 30.682683 114.479333 30.682683 0.0 9.5
2016-10-25 0:26:14 413819434 114.479333 30.682683 114.479333 30.682683 0.0 9.5
2016-10-25 0:28:16 413819434 114.479333 30.682683 114.479333 30.682683 0.0 9.5
2016-10-25 0:32:18 413819434 114.479347 30.68264 114.479333 30.682683 0.0 9.5
2016-10-25 00:38:18 413819434 114.4793132657343 30.6826686993007    
2016-10-25 0:44:13 413819434 114.47928 30.682697 114.479293 30.682707 0.0 9.5
2016-10-25 0:47:10 413819434 114.47928 30.68268 114.47928 30.682697 0.0 9.5
2016-10-25 0:50:31 413819434 114.47932 30.68268 114.47928 30.68268 0.0 9.5
2016-10-25 0:52:09 413819434 114.47932 30.68268 114.47932 30.68268 0.0 9.5
2016-10-25 0:53:13 413819434 114.479333 30.682697 114.47932 30.68268 0.0 9.5
2016-10-25 0:56:16 413819434 114.479333 30.68268 114.479333 30.682697 0.0 9.5
2016-10-25 0:58:13 413819434 114.479333 30.68268 114.479333 30.68268 0.0 9.5
2016-10-25 0:59:09 413819434 114.479333 30.682663 114.479333 30.68268 0.0 9.5
2016-10-25 01:05:09 413819434 114.4793307092511 30.682663    
2016-10-25 01:11:09 413819434 114.4793284185022 30.682663    
2016-10-25 01:17:09 413819434 114.4793261277533 30.682663    
2016-10-25 01:23:09 413819434 114.4793238370044 30.682663    
2016-10-25 01:29:09 413819434 114.4793215462555 30.682663    
2016-10-25 1:33:12 413819434 114.47932 30.682663 114.47932 30.682663 0.0 9.5
2016-10-25 1:38:34 413819434 114.479333 30.68266 114.47932 30.682663 0.0 9.5
2016-10-25 1:40:25 413819434 114.479333 30.68266 114.479333 30.68266 0.0 9.5
2016-10-25 1:44:38 413819434 114.479347 30.68265 114.479333 30.68266 0.0 9.5
2016-10-25 1:47:09 413819434 114.479333 30.68267 114.479347 30.68265 0.0 9.5
2016-10-25 01:53:09 413819434 114.479333 30.68267    
2016-10-25 1:57:14 413819434 114.479333 30.68267 114.479333 30.68267 0.0 9.5
2016-10-25 1:58:19 413819434 114.479333 30.68267 114.479333 30.68267 0.0 9.5
2016-10-25 2:01:14 413819434 114.479347 30.682697 114.479333 30.68267 0.0 9.5
2016-10-25 2:03:20 413819434 114.479347 30.682697 114.479347 30.682697 0.0 9.5
2016-10-25 2:04:22 413819434 114.479347 30.682673 114.479347 30.682697 0.0 9.5
2016-10-25 2:07:15 413819434 114.479347 30.68267 114.479347 30.682673 0.0 9.5
2016-10-25 02:13:15 413819434 114.479307 30.68269444444444    
2016-10-25 2:15:21 413819434 114.479293 30.682703 114.479293 30.682723 0.0 9.5
2016-10-25 2:18:17 413819434 114.479333 30.682673 114.479293 30.682703 0.0 9.5
2016-10-25 2:20:20 413819434 114.479333 30.682673 114.479333 30.682673 0.0 9.5
2016-10-25 2:21:09 413819434 114.47932 30.682693 114.479333 30.682673 0.0 9.5
2016-10-25 2:24:20 413819434 114.479293 30.682673 114.47932 30.682693 0.0 9.5
2016-10-25 2:26:17 413819434 114.479293 30.682673 114.479293 30.682673 0.0 9.5
2016-10-25 2:27:31 413819434 114.479333 30.682693 114.479293 30.682673 0.0 9.5
2016-10-25 2:30:15 413819434 114.479333 30.68268 114.479333 30.682693 0.0 9.5
2016-10-25 2:32:24 413819434 114.479333 30.68268 114.479333 30.68268 0.0 9.5
2016-10-25 2:36:17 413819434 114.479333 30.682663 114.479333 30.68268 0.0 9.5
2016-10-25 2:38:16 413819434 114.479333 30.682663 114.479333 30.682663 0.0 9.5
2016-10-25 2:39:17 413819434 114.479293 30.682673 114.479333 30.682663 0.0 9.5
2016-10-25 2:42:07 413819434 114.47932 30.68269 114.479293 30.682673 0.0 9.5
2016-10-25 2:44:17 413819434 114.47932 30.68269 114.47932 30.68269 0.0 9.5
2016-10-25 2:45:21 413819434 114.479347 30.68264 114.47932 30.68269 0.0 9.5
2016-10-25 2:48:26 413819434 114.47932 30.682673 114.479347 30.68264 0.0 9.5
2016-10-25 2:50:24 413819434 114.47932 30.682673 114.47932 30.682673 0.0 9.5
2016-10-25 2:51:26 413819434 114.479333 30.68265 114.47932 30.682673 0.0 9.5
2016-10-25 2:54:19 413819434 114.479347 30.68267 114.479333 30.68265 0.0 9.5
2016-10-25 2:56:33 413819434 114.479347 30.68267 114.479347 30.68267 0.0 9.5
2016-10-25 3:01:33 413819434 114.479347 30.682663 114.479347 30.68267 0.0 9.5
2016-10-25 3:03:19 413819434 114.479347 30.682663 114.479347 30.682663 0.0 9.5
2016-10-25 3:07:14 413819434 114.479347 30.682697 114.479347 30.682663 0.0 9.5
2016-10-25 3:09:12 413819434 114.479347 30.682697 114.479347 30.682697 0.0 9.5
2016-10-25 03:15:12 413819434 114.4793399707113 30.6826899707113    
2016-10-25 3:21:09 413819434 114.479333 30.682683 114.479333 30.682683 0.0 9.5
2016-10-25 3:22:16 413819434 114.479333 30.682683 114.479333 30.682683 0.0 9.5
2016-10-25 3:25:26 413819434 114.479347 30.682703 114.479333 30.682683 0.0 9.5
2016-10-25 3:27:12 413819434 114.479347 30.682703 114.479347 30.682703 0.0 9.5
2016-10-25 3:31:26 413819434 114.479333 30.682697 114.479347 30.682703 0.0 9.5
2016-10-25 3:33:12 413819434 114.479333 30.682697 114.479333 30.682697 0.0 9.5
2016-10-25 3:37:33 413819434 114.479333 30.68269 114.479333 30.682697 0.0 9.5
2016-10-25 3:40:28 413819434 114.479333 30.682703 114.479333 30.68269 0.0 9.5
2016-10-25 3:43:41 413819434 114.479373 30.682673 114.479333 30.682703 0.0 9.5
2016-10-25 3:45:46 413819434 114.479373 30.682673 114.479373 30.682673 0.0 9.5
2016-10-25 3:46:13 413819434 114.479333 30.682703 114.479373 30.682673 0.0 9.5
2016-10-25 3:49:45 413819434 114.47932 30.682693 114.479333 30.682703 0.0 9.5
2016-10-25 3:51:11 413819434 114.47932 30.682693 114.47932 30.682693 0.0 9.5
2016-10-25 3:52:20 413819434 114.479333 30.682683 114.47932 30.682693 0.0 9.5
2016-10-25 3:55:16 413819434 114.479347 30.682673 114.479333 30.682683 0.0 9.5
2016-10-25 3:57:09 413819434 114.479347 30.682673 114.479347 30.682673 0.0 9.5
2016-10-25 3:58:18 413819434 114.479373 30.682673 114.479347 30.682673 0.0 9.5
2016-10-25 4:01:37 413819434 114.479333 30.68269 114.479373 30.682673 0.0 9.5
2016-10-25 4:03:46 413819434 114.479333 30.68269 114.479333 30.68269 0.0 9.5
2016-10-25 4:07:18 413819434 114.479347 30.682723 114.479333 30.68269 0.0 9.5
2016-10-25 04:13:18 413819434 114.4793399213483 30.68270125842697    
2016-10-25 4:19:10 413819434 114.479333 30.68268 114.479347 30.682653 0.0 9.5
2016-10-25 4:21:25 413819434 114.479333 30.68268 114.479333 30.68268 0.0 9.5
2016-10-25 04:27:25 413819434 114.4793531398601 30.68266640559441    
2016-10-25 4:33:20 413819434 114.479373 30.682653 114.479373 30.682653 0.0 9.5
2016-10-25 4:34:17 413819434 114.479333 30.68267 114.479373 30.682653 0.0 9.5
2016-10-25 4:38:12 413819434 114.479347 30.682653 114.479333 30.68267 0.0 9.5
2016-10-25 4:42:33 413819434 114.479347 30.682653 114.479347 30.682653 0.0 9.5
2016-10-25 4:43:25 413819434 114.479333 30.68265 114.479347 30.682653 0.0 9.5
2016-10-25 4:46:27 413819434 114.479333 30.682663 114.479333 30.68265 0.0 9.5
2016-10-25 4:48:28 413819434 114.479333 30.682663 114.479333 30.682663 0.0 9.5
2016-10-25 4:49:19 413819434 114.47932 30.68267 114.479333 30.682663 0.0 9.5
2016-10-25 4:52:30 413819434 114.479333 30.682663 114.47932 30.68267 0.0 9.5
2016-10-25 4:54:35 413819434 114.479333 30.682663 114.479333 30.682663 0.0 9.5
2016-10-25 4:55:32 413819434 114.479333 30.68266 114.479333 30.682663 0.0 9.5
2016-10-25 4:58:28 413819434 114.479293 30.682673 114.479333 30.68266 0.0 9.5
2016-10-25 5:00:21 413819434 114.479293 30.682673 114.479293 30.682673 0.0 9.5
2016-10-25 05:06:21 413819434 114.4793166842105 30.68266115789474    
2016-10-25 5:10:29 413819434 114.479333 30.682653 114.479333 30.682653 0.0 9.5
2016-10-25 5:14:21 413819434 114.479333 30.682653 114.479333 30.682653 0.0 9.5
2016-10-25 5:18:41 413819434 114.479333 30.68266 114.479333 30.682653 0.0 9.5
2016-10-25 5:20:14 413819434 114.479333 30.68266 114.479333 30.68266 0.0 9.5
2016-10-25 5:21:39 413819434 114.47932 30.68266 114.479333 30.68266 0.0 9.5
2016-10-25 05:27:39 413819434 114.4793103666997 30.682656432111    
2016-10-25 05:33:39 413819434 114.4793007333994 30.682652864222    
2016-10-25 5:38:28 413819434 114.479293 30.68265 114.479293 30.68265 0.0 9.5
2016-10-25 5:39:21 413819434 114.479373 30.682623 114.479293 30.68265 0.0 9.5
2016-10-25 05:45:21 413819434 114.4793417296417 30.68264254397394    
2016-10-25 05:51:21 413819434 114.4793104592834 30.68266208794788    
2016-10-25 5:54:42 413819434 114.479293 30.682673 114.479293 30.682673 0.0 9.5
2016-10-25 5:56:12 413819434 114.479293 30.682673 114.479293 30.682673 0.0 9.5
2016-10-25 5:59:28 413819434 114.479333 30.68264 114.479293 30.682673 0.0 9.5
2016-10-25 6:00:23 413819434 114.479333 30.68264 114.479333 30.68264 0.0 9.5
2016-10-25 6:04:21 413819434 114.47932 30.68268 114.479333 30.68264 0.0 9.5
2016-10-25 6:05:35 413819434 114.47932 30.68268 114.47932 30.68268 0.0 9.5
2016-10-25 06:11:35 413819434 114.4793032702238 30.68266946643718    
2016-10-25 6:15:16 413819434 114.479293 30.682663 114.47932 30.68265 0.0 9.5
2016-10-25 6:17:37 413819434 114.479293 30.682663 114.479293 30.682663 0.0 9.5
2016-10-25 6:18:35 413819434 114.47932 30.68269 114.479293 30.682663 0.0 9.5
2016-10-25 6:23:53 413819434 114.47932 30.68269 114.47932 30.68269 0.0 9.5
2016-10-25 6:29:34 413819434 114.47932 30.68269 114.47932 30.68269 0.0 9.5
2016-10-25 6:30:31 413819434 114.479333 30.682683 114.47932 30.68269 0.0 9.5
2016-10-25 6:33:43 413819434 114.479333 30.682697 114.479333 30.682683 0.0 9.5
2016-10-25 06:39:43 413819434 114.479333 30.68268461133603    
2016-10-25 6:41:57 413819434 114.479333 30.68268 114.479333 30.68268 0.0 9.5
2016-10-25 06:47:57 413819434 114.4793408996865 30.68268959247649    
2016-10-25 6:52:35 413819434 114.479347 30.682697 114.479347 30.682697 0.0 9.5
2016-10-25 06:58:35 413819434 114.4793406202532 30.68269062025317    
2016-10-25 07:04:35 413819434 114.4793342405063 30.68268424050633    
2016-10-25 7:05:45 413819434 114.479333 30.682683 114.479333 30.682683 0.0 9.5
2016-10-25 7:06:21 413819434 114.47932 30.682697 114.479333 30.682683 0.1 9.5
2016-10-25 7:09:22 413819434 114.479333 30.682727 114.47932 30.682697 0.0 9.5
2016-10-25 7:11:38 413819434 114.479333 30.682727 114.479333 30.682727 0.0 9.5
2016-10-25 7:13:05 413819434 114.479347 30.682723 114.479333 30.682727 0.0 9.5
2016-10-25 7:17:31 413819434 114.479347 30.682723 114.479347 30.682723 0.0 9.5
2016-10-25 7:21:46 413819434 114.479293 30.682663 114.479347 30.682723 0.0 9.5
2016-10-25 7:24:13 413819434 114.479293 30.68269 114.479293 30.682663 0.0 9.5
2016-10-25 7:29:16 413819434 114.479293 30.68269 114.479293 30.68269 0.0 9.5
2016-10-25 7:31:04 413819434 114.479333 30.68264 114.479293 30.68269 0.0 9.5
2016-10-25 07:37:04 413819434 114.479333 30.68263553982301    
2016-10-25 7:40:29 413819434 114.479333 30.682633 114.479333 30.682633 0.0 9.5
2016-10-25 7:41:19 413819434 114.479347 30.682627 114.479333 30.682633 0.0 9.5
2016-10-25 7:44:37 413819434 114.479347 30.68265 114.479347 30.682627 0.0 9.5
2016-10-25 7:46:32 413819434 114.479347 30.68265 114.479347 30.68265 0.0 9.5
2016-10-25 7:47:50 413819434 114.47932 30.68269 114.479347 30.68265 0.0 9.5
2016-10-25 07:53:50 413819434 114.4793348170732 30.68271743902439    
2016-10-25 7:58:46 413819434 114.479347 30.68274 114.479347 30.68274 0.0 9.5
2016-10-25 08:04:46 413819434 114.4793742182596 30.68275027104137    
2016-10-25 8:10:27 413819434 114.4794 30.68276 114.4794 30.68276 0.0 9.5
2016-10-25 08:16:27 413819434 114.4794 30.68276    
2016-10-25 8:16:50 413819434 114.4794 30.68276 114.4794 30.68276 0.0 9.5
2016-10-25 8:20:22 413819434 114.479373 30.682723 114.4794 30.68276 0.0 9.5
2016-10-25 8:22:28 413819434 114.479373 30.682723 114.479373 30.682723 0.0 9.5
2016-10-25 8:23:40 413819434 114.479347 30.682703 114.479373 30.682723 0.0 9.5
2016-10-25 8:26:35 413819434 114.479333 30.682703 114.479347 30.682703 0.0 9.5
2016-10-25 8:28:38 413819434 114.479333 30.682703 114.479333 30.682703 0.0 9.5
2016-10-25 8:29:45 413819434 114.479387 30.68269 114.479333 30.682703 0.0 9.5
2016-10-25 08:35:45 413819434 114.4793790126783 30.68269399366086    
2016-10-25 8:40:16 413819434 114.479373 30.682697 114.479373 30.682697 0.0 9.5
2016-10-25 8:44:33 413819434 114.479347 30.682693 114.479373 30.682697 0.0 9.5
2016-10-25 8:46:22 413819434 114.479347 30.682693 114.479347 30.682693 0.0 9.5
2016-10-25 08:52:22 413819434 114.4793602596685 30.68268537569061    
2016-10-25 08:58:22 413819434 114.479373519337 30.68267775138122    
2016-10-25 09:04:22 413819434 114.4793867790055 30.68267012707182    
2016-10-25 9:04:28 413819434 114.479387 30.68267 114.479387 30.68267 0.0 9.5
2016-10-25 9:08:29 413819434 114.479373 30.68268 114.479387 30.68267 0.0 9.5
2016-10-25 9:10:29 413819434 114.479373 30.68268 114.479373 30.68268 0.0 9.5
2016-10-25 9:11:32 413819434 114.47932 30.682683 114.479373 30.68268 0.0 9.5
2016-10-25 9:14:39 413819434 114.479333 30.682717 114.47932 30.682683 0.1 9.5
2016-10-25 9:16:23 413819434 114.479333 30.682717 114.479333 30.682717 0.1 9.5
2016-10-25 9:17:36 413819434 114.479373 30.68266 114.479333 30.682717 0.1 9.5
2016-10-25 9:22:29 413819434 114.479373 30.68266 114.479373 30.68266 0.1 9.5
2016-10-25 9:24:02 413819434 114.479347 30.682663 114.479373 30.68266 0.0 9.5
2016-10-25 9:28:26 413819434 114.479347 30.682663 114.479347 30.682663 0.0 9.5
2016-10-25 9:29:29 413819434 114.479387 30.682693 114.479347 30.682663 0.0 9.5
2016-10-25 09:35:29 413819434 114.4793832444113 30.68271097317437    
2016-10-25 09:41:29 413819434 114.4793794888227 30.68272894634873    
2016-10-25 09:47:29 413819434 114.479375733234 30.6827469195231    
2016-10-25 9:51:51 413819434 114.479373 30.68276 114.4794 30.682717 0.1 40.4
2016-10-25 9:53:51 413819434 114.479373 30.68276 114.479373 30.68276 0.1 40.4
2016-10-25 9:54:52 413819434 114.479373 30.68275 114.479373 30.68276 0.1 40.4
2016-10-25 9:59:59 413819434 114.479373 30.68275 114.479373 30.68275 0.1 40.4
2016-10-25 10:03:29 413819434 114.479387 30.682663 114.479373 30.68275 0.0 40.4
2016-10-25 10:05:16 413819434 114.479387 30.682663 114.479387 30.682663 0.0 40.4
2016-10-25 10:11:16 413819434 114.479387 30.68266063313609    
2016-10-25 10:17:16 413819434 114.479387 30.68265826627219    
2016-10-25 10:23:16 413819434 114.479387 30.68265589940828    
2016-10-25 10:29:16 413819434 114.479387 30.68265353254438    
2016-10-25 10:30:37 413819434 114.479387 30.682653 114.479387 30.682653 0.1 57.5
2016-10-25 10:36:37 413819434 114.4793919005236 30.68266430890052    
2016-10-25 10:42:37 413819434 114.4793968010471 30.68267561780105    
2016-10-25 10:46:32 413819434 114.4794 30.682683 114.479387 30.682647 0.0 57.5
2016-10-25 10:48:42 413819434 114.4794 30.682683 114.4794 30.682683 0.0 57.5
2016-10-25 10:49:24 413819434 114.4794 30.682663 114.4794 30.682683 0.0 57.5
2016-10-25 10:55:24 413819434 114.4793856 30.68268433333333    
2016-10-25 11:00:39 413819434 114.479373 30.682703 114.479373 30.682703 0.0 57.5
2016-10-25 11:06:39 413819434 114.4793599456067 30.68269145188285    
2016-10-25 11:12:36 413819434 114.479347 30.68268 114.479347 30.68268 0.0 57.5
2016-10-25 11:18:36 413819434 114.4793739111425 30.68266324400564    
2016-10-25 11:24:25 413819434 114.4794 30.682647 114.4794 30.682647 0.0 57.5
2016-10-25 11:30:25 413819434 114.4793715223881 30.68266473134328    
2016-10-25 11:35:35 413819434 114.479347 30.68268 114.479347 30.682693 0.0 54.9
2016-10-25 11:37:50 413819434 114.479347 30.68268 114.479347 30.68268 0.0 54.9
2016-10-25 11:43:50 413819434 114.4793602577904 30.68268    
2016-10-25 11:49:36 413819434 114.479373 30.68268 114.479373 30.68268 0.1 54.9
2016-10-25 11:50:43 413819434 114.479373 30.682683 114.479373 30.68268 0.0 54.9
2016-10-25 11:56:43 413819434 114.479373 30.68268596397942    
2016-10-25 12:02:43 413819434 114.479373 30.68268892795884    
2016-10-25 12:08:43 413819434 114.479373 30.68269189193825    
2016-10-25 12:14:43 413819434 114.479373 30.68269485591767    
2016-10-25 12:20:43 413819434 114.479373 30.68269781989709    
2016-10-25 12:26:43 413819434 114.479373 30.6827007838765    
2016-10-25 12:32:43 413819434 114.479373 30.68270374785592    
2016-10-25 12:38:43 413819434 114.479373 30.68270671183533    
2016-10-25 12:39:18 413819434 114.479373 30.682707 114.479373 30.682707 0.0 82.1
2016-10-25 12:40:51 413819434 114.479347 30.682703 114.479373 30.682707 0.0 82.1
2016-10-25 12:46:51 413819434 114.4793430283688 30.68270016312057    
2016-10-25 12:52:51 413819434 114.4793390567376 30.68269732624114    
2016-10-25 12:58:51 413819434 114.4793350851064 30.6826944893617    
2016-10-25 13:02:00 413819434 114.479333 30.682693 114.479347 30.68269 0.0 82.1
2016-10-25 13:03:15 413819434 114.479333 30.682693 114.479333 30.682693 0.0 82.1
2016-10-25 13:04:40 413819434 114.47928 30.682723 114.479333 30.682693 0.1 82.1
2016-10-25 13:09:47 413819434 114.47928 30.682723 114.47928 30.682723 0.1 82.1
2016-10-25 13:10:22 413819434 114.479347 30.682693 114.47928 30.682723 0.1 82.1
2016-10-25 13:13:25 413819434 114.479347 30.68268 114.479347 30.682693 0.0 82.1
2016-10-25 13:15:39 413819434 114.479347 30.68268 114.479347 30.68268 0.0 82.1
2016-10-25 13:21:39 413819434 114.4793513656716 30.68268889925373    
2016-10-25 13:27:39 413819434 114.4793557313433 30.68269779850746    
2016-10-25 13:33:39 413819434 114.4793600970149 30.68270669776119    
2016-10-25 13:39:39 413819434 114.4793644626866 30.68271559701493    
2016-10-25 13:45:39 413819434 114.4793688283582 30.68272449626865    
2016-10-25 13:51:23 413819434 114.479373 30.682733 114.479373 30.682733 0.0 82.1
2016-10-25 13:52:31 413819434 114.479373 30.682733 114.479373 30.682733 0.0 82.1
2016-10-25 13:57:40 413819434 114.479373 30.682733 114.479373 30.682733 0.0 82.1
2016-10-25 14:01:49 413819434 114.479333 30.682707 114.479373 30.682733 0.0 82.1
2016-10-25 14:07:35 413819434 114.479413 30.68269 114.479333 30.682707 0.0 95.5
2016-10-25 14:09:24 413819434 114.479413 30.68269 114.479413 30.68269 0.0 95.5
2016-10-25 14:10:41 413819434 114.479413 30.682723 114.479413 30.68269 0.0 95.5
2016-10-25 14:13:23 413819434 114.479427 30.682697 114.479413 30.682723 0.0 95.5
2016-10-25 14:15:42 413819434 114.479427 30.682697 114.479427 30.682697 0.0 95.5
2016-10-25 14:16:38 413819434 114.4794 30.682683 114.479427 30.682697 0.0 95.5
2016-10-25 14:19:48 413819434 114.479413 30.682697 114.4794 30.682683 0.0 95.5
2016-10-25 14:25:48 413819434 114.4793922 30.6827418    
2016-10-25 14:27:18 413819434 114.479387 30.682753 114.479387 30.682753 0.0 95.5
2016-10-25 14:33:18 413819434 114.4792813676223 30.68269047048904    
2016-10-25 14:37:11 413819434 114.479213 30.68265 114.4794 30.682683 0.4 270.6
2016-10-25 14:39:32 413819434 114.479213 30.68265 114.479213 30.68265 0.4 270.6
2016-10-25 14:45:19 413819434 114.479213 30.68265 114.479213 30.68265 0.4 270.6
2016-10-25 14:50:57 413819434 114.478867 30.68292 114.479213 30.68265 0.5 263.1
2016-10-25 14:53:34 413819434 114.478653 30.68275 114.478867 30.68292 0.3 8.7
2016-10-25 14:59:34 413819434 114.4792259442971 30.68291901856764    
2016-10-25 14:59:51 413819434 114.479253 30.682927 114.478653 30.68275 0.3 82.6
2016-10-25 15:02:45 413819434 114.479507 30.682817 114.479253 30.682927 0.3 170.6
2016-10-25 15:05:44 413819434 114.479667 30.68256 114.479507 30.682817 0.3 4.3
2016-10-25 15:10:19 413819434 114.479667 30.68256 114.479667 30.68256 0.3 4.3
2016-10-25 15:16:19 413819434 114.4796470277392 30.68259345353675    
2016-10-25 15:22:19 413819434 114.4796270554785 30.68262690707351    
2016-10-25 15:22:20 413819434 114.479627 30.682627 114.479627 30.682627 0.0 335.8
2016-10-25 15:28:20 413819434 114.4796126143856 30.682627    
2016-10-25 15:34:20 413819434 114.4795982287712 30.682627    
2016-10-25 15:39:01 413819434 114.479587 30.682627 114.479613 30.682617 0.0 335.8
2016-10-25 15:40:20 413819434 114.479587 30.682627 114.479587 30.682627 0.0 335.8
2016-10-25 15:41:29 413819434 114.479613 30.682627 114.479587 30.682627 0.0 335.8
2016-10-25 15:47:29 413819434 114.4796101120025 30.68262844399877    
2016-10-25 15:53:29 413819434 114.4796072240049 30.68262988799753    
2016-10-25 15:59:29 413819434 114.4796043360074 30.6826313319963    
2016-10-25 16:05:29 413819434 114.4796014480099 30.68263277599506    
2016-10-25 16:11:29 413819434 114.4795985600123 30.68263421999383    
2016-10-25 16:17:29 413819434 114.4795956720148 30.6826356639926    
2016-10-25 16:23:29 413819434 114.4795927840173 30.68263710799136    
2016-10-25 16:29:29 413819434 114.4795898960197 30.68263855199013    
2016-10-25 16:35:29 413819434 114.4795870080222 30.68263999598889    
2016-10-25 16:35:30 413819434 114.479587 30.68264 114.479627 30.682653 0.0 335.8
2016-10-25 16:38:32 413819434 114.479613 30.682627 114.479587 30.68264 0.0 335.8
2016-10-25 16:44:32 413819434 114.4796257058824 30.68260488235294    
2016-10-25 16:50:32 413819434 114.4796384117647 30.68258276470588    
2016-10-25 16:51:17 413819434 114.47964 30.68258 114.47964 30.68258 0.0 335.8
2016-10-25 16:57:17 413819434 114.4796369935045 30.682587794618    
2016-10-25 17:03:17 413819434 114.479633987009 30.682595589236    
2016-10-25 17:09:17 413819434 114.4796309805135 30.682603383854    
2016-10-25 17:15:17 413819434 114.4796279740179 30.68261117847201    
2016-10-25 17:21:17 413819434 114.4796249675224 30.68261897309001    
2016-10-25 17:27:17 413819434 114.4796219610269 30.68262676770801    
2016-10-25 17:33:17 413819434 114.4796189545314 30.68263456232601    
2016-10-25 17:39:17 413819434 114.4796159480359 30.68264235694402    
2016-10-25 17:45:10 413819434 114.479613 30.68265 114.479613 30.68265 0.0 334.0
2016-10-25 19:46:11 413819434 114.479667 30.682663 114.47968 30.68266 0.0 109.7
2016-10-25 19:52:11 413819434 114.479667 30.68267418829982    
2016-10-25 19:55:18 413819434 114.479667 30.68268 114.479667 30.68268 0.0 109.7
2016-10-25 19:56:20 413819434 114.47964 30.68268 114.479667 30.68268 0.0 109.7
2016-10-25 20:02:20 413819434 114.47964442076 30.68267607970343    
2016-10-25 20:08:20 413819434 114.4796488415199 30.68267215940686    
2016-10-25 20:14:20 413819434 114.4796532622799 30.68266823911029    
2016-10-25 20:20:20 413819434 114.4796576830398 30.68266431881372    
2016-10-25 20:26:20 413819434 114.4796621037998 30.68266039851715    
2016-10-25 20:32:20 413819434 114.4796665245598 30.68265647822058    
2016-10-25 20:38:20 413819434 114.4796709453197 30.682652557924    
2016-10-25 20:44:20 413819434 114.4796753660797 30.68264863762743    
2016-10-25 20:50:20 413819434 114.4796797868397 30.68264471733086    
2016-10-25 20:56:20 413819434 114.4796842075996 30.68264079703429    
2016-10-25 21:02:20 413819434 114.4796886283596 30.68263687673772    
2016-10-25 21:08:16 413819434 114.479693 30.682633 114.479693 30.682633 0.0 109.7
2016-10-25 21:09:13 413819434 114.479733 30.68264 114.479693 30.682633 0.1 109.7
2016-10-25 21:15:13 413819434 114.4796962198142 30.68266229102167    
2016-10-25 21:19:59 413819434 114.479667 30.68268 114.479693 30.68266 0.0 157.5
2016-10-25 21:20:17 413819434 114.479667 30.682673 114.479667 30.68268 0.0 157.5
