2016-10-25 2:21:51 413762552 114.312598 30.586113 114.312598 30.586113 0.0 174.1
2016-10-25 4:28:26 413762552 114.312542 30.586075 114.312542 30.586075 0.0 174.1
2016-10-25 4:34:22 413762552 114.312542 30.586075 114.312542 30.586075 0.0 174.1
2016-10-25 04:40:22 413762552 114.3125457218045 30.58607330827068    
2016-10-25 04:46:22 413762552 114.312549443609 30.58607161654135    
2016-10-25 4:52:06 413762552 114.312553 30.58607 114.312553 30.58607 0.0 174.1
2016-10-25 04:58:06 413762552 114.312553 30.58607    
2016-10-25 4:58:36 413762552 114.312553 30.58607 114.312553 30.58607 0.0 174.1
2016-10-25 05:04:36 413762552 114.3125524962687 30.58607083955224    
2016-10-25 05:10:36 413762552 114.3125519925373 30.58607167910448    
2016-10-25 05:16:36 413762552 114.312551488806 30.58607251865672    
2016-10-25 05:22:36 413762552 114.3125509850746 30.58607335820896    
2016-10-25 05:28:36 413762552 114.3125504813433 30.5860741977612    
2016-10-25 5:34:20 413762552 114.31255 30.586075 114.312535 30.58608 0.0 174.1
2016-10-25 7:58:17 413762552 114.312545 30.586052 114.312545 30.586052 0.0 174.1
2016-10-25 8:01:35 413762552 114.312545 30.586053 114.312545 30.586052 0.0 174.1
2016-10-25 08:07:35 413762552 114.3125433964365 30.58605500445434    
2016-10-25 08:13:35 413762552 114.312541792873 30.58605700890869    
2016-10-25 08:19:35 413762552 114.3125401893096 30.58605901336303    
2016-10-25 08:25:35 413762552 114.3125385857461 30.58606101781737    
2016-10-25 08:31:35 413762552 114.3125369821826 30.58606302227172    
2016-10-25 08:37:35 413762552 114.3125353786192 30.58606502672606    
2016-10-25 08:43:35 413762552 114.3125337750557 30.5860670311804    
2016-10-25 8:46:29 413762552 114.312533 30.586068 114.312533 30.586068 0.0 174.1
2016-10-25 8:49:13 413762552 114.312538 30.586082 114.312533 30.586068 0.0 174.1
2016-10-25 08:55:13 413762552 114.3125377191888 30.58608621216849    
2016-10-25 09:01:13 413762552 114.3125374383775 30.58609042433697    
2016-10-25 09:07:13 413762552 114.3125371575663 30.58609463650546    
2016-10-25 9:10:35 413762552 114.312537 30.586097 114.312537 30.586097 0.0 174.1
2016-10-25 09:16:35 413762552 114.3125427233704 30.58608870111288    
2016-10-25 09:22:35 413762552 114.3125484467409 30.58608040222575    
2016-10-25 09:28:35 413762552 114.3125541701113 30.58607210333863    
2016-10-25 9:31:33 413762552 114.312557 30.586068 114.312523 30.58609 0.0 174.1
2016-10-25 9:34:00 413762552 114.312557 30.586068 114.312557 30.586068 0.0 174.1
2016-10-25 9:37:51 413762552 114.312558 30.58608 114.312557 30.586068 0.0 174.1
2016-10-25 09:43:51 413762552 114.3125559699248 30.58607864661654    
2016-10-25 9:46:43 413762552 114.312555 30.586078 114.312555 30.586078 0.0 174.1
2016-10-25 9:49:46 413762552 114.312567 30.586082 114.312555 30.586078 0.0 174.1
2016-10-25 9:52:40 413762552 114.312562 30.586075 114.312567 30.586082 0.0 174.1
2016-10-25 9:55:38 413762552 114.312547 30.58605 114.312562 30.586075 0.0 174.1
2016-10-25 9:58:17 413762552 114.312547 30.58605 114.312547 30.58605 0.0 174.1
2016-10-25 10:01:22 413762552 114.312527 30.586013 114.312547 30.58605 0.0 174.1
2016-10-25 10:04:07 413762552 114.312527 30.586013 114.312527 30.586013 0.0 174.1
2016-10-25 10:08:15 413762552 114.312538 30.586023 114.312527 30.586013 0.0 174.1
2016-10-25 10:11:04 413762552 114.312538 30.586023 114.312538 30.586023 0.0 174.1
2016-10-25 10:13:47 413762552 114.312542 30.586035 114.312538 30.586023 0.0 174.1
2016-10-25 10:19:47 413762552 114.3125501540204 30.58603989241223    
2016-10-25 10:25:47 413762552 114.3125583080408 30.58604478482446    
2016-10-25 10:28:30 413762552 114.312562 30.586047 114.312558 30.586045 0.0 174.1
2016-10-25 10:31:18 413762552 114.312555 30.58605 114.312562 30.586047 0.0 174.1
2016-10-25 10:34:23 413762552 114.312555 30.58605 114.312555 30.58605 0.0 174.1
2016-10-25 10:40:23 413762552 114.3125535345997 30.58604853459973    
2016-10-25 10:46:23 413762552 114.3125520691995 30.58604706919946    
2016-10-25 10:46:40 413762552 114.312552 30.586047 114.312552 30.586047 0.0 174.1
2016-10-25 10:49:32 413762552 114.312543 30.58604 114.312552 30.586047 0.0 174.1
2016-10-25 10:55:32 413762552 114.3125496420664 30.58605527675277    
2016-10-25 10:58:34 413762552 114.312553 30.586063 114.312543 30.586055 0.0 174.1
2016-10-25 11:01:19 413762552 114.312553 30.586063 114.312553 30.586063 0.0 174.1
2016-10-25 11:07:19 413762552 114.3125549726027 30.58607483561644    
2016-10-25 11:07:24 413762552 114.312555 30.586075 114.312553 30.586063 0.0 174.1
2016-10-25 11:10:12 413762552 114.312555 30.586075 114.312555 30.586075 0.0 174.1
2016-10-25 11:13:55 413762552 114.312557 30.58606 114.312555 30.586075 0.0 174.1
2016-10-25 11:19:55 413762552 114.312557 30.58605522727273    
2016-10-25 11:22:43 413762552 114.312557 30.586053 114.31256 30.586052 0.0 174.1
2016-10-25 11:28:43 413762552 114.3125543799127 30.58605562008734    
2016-10-25 11:34:10 413762552 114.312552 30.586058 114.312552 30.586058 0.0 174.1
2016-10-25 11:38:01 413762552 114.31256 30.586052 114.312552 30.586058 0.0 174.1
2016-10-25 11:44:01 413762552 114.3125608372093 30.58605088372093    
2016-10-25 11:50:01 413762552 114.3125616744186 30.58604976744186    
2016-10-25 11:56:01 413762552 114.3125625116279 30.58604865116279    
2016-10-25 11:59:31 413762552 114.312563 30.586048 114.312558 30.586053 0.0 174.1
2016-10-25 12:05:31 413762552 114.3125570550459 30.58604106422019    
2016-10-25 12:11:31 413762552 114.3125511100917 30.58603412844037    
2016-10-25 12:17:31 413762552 114.3125451651376 30.58602719266055    
2016-10-25 12:17:41 413762552 114.312545 30.586027 114.312545 30.586027 0.0 174.1
2016-10-25 12:23:41 413762552 114.3125519364162 30.58603740462428    
2016-10-25 12:26:20 413762552 114.312555 30.586042 114.312553 30.58603 0.0 174.1
2016-10-25 12:29:08 413762552 114.312558 30.586048 114.312555 30.586042 0.0 174.1
2016-10-25 12:35:08 413762552 114.3125532 30.58604992    
2016-10-25 12:35:23 413762552 114.312553 30.58605 114.312558 30.586048 0.0 174.1
2016-10-25 12:38:13 413762552 114.312553 30.58605 114.312553 30.58605 0.0 174.1
2016-10-25 12:41:01 413762552 114.312553 30.58605 114.312553 30.58605 0.0 174.1
2016-10-25 12:47:01 413762552 114.312553 30.58604865734266    
2016-10-25 12:53:01 413762552 114.312553 30.58604731468531    
2016-10-25 12:59:01 413762552 114.312553 30.58604597202797    
2016-10-25 13:05:01 413762552 114.312553 30.58604462937063    
2016-10-25 13:11:01 413762552 114.312553 30.58604328671328    
2016-10-25 13:16:46 413762552 114.312553 30.586042 114.312553 30.586042 0.0 174.1
2016-10-25 13:22:46 413762552 114.3125331652893 30.58602712396694    
2016-10-25 13:28:46 413762552 114.3125133305785 30.58601224793388    
2016-10-25 13:28:52 413762552 114.312513 30.586012 114.312538 30.586037 0.0 174.1
2016-10-25 13:34:52 413762552 114.3125270442133 30.58602276723017    
2016-10-25 13:40:52 413762552 114.3125410884265 30.58603353446034    
2016-10-25 13:41:41 413762552 114.312543 30.586035 114.312515 30.586002 0.0 174.1
2016-10-25 13:47:41 413762552 114.3124516223441 30.58611042152159    
2016-10-25 13:53:41 413762552 114.3123602446882 30.58618584304318    
2016-10-25 13:59:41 413762552 114.3122688670322 30.58626126456477    
2016-10-25 14:05:41 413762552 114.3121774893763 30.58633668608636    
2016-10-25 14:11:41 413762552 114.3120861117204 30.58641210760795    
2016-10-25 14:17:41 413762552 114.3119947340644 30.58648752912954    
2016-10-25 14:23:41 413762552 114.3119033564085 30.58656295065113    
2016-10-25 14:29:41 413762552 114.3118119787526 30.58663837217272    
2016-10-25 14:35:41 413762552 114.3117206010966 30.58671379369431    
2016-10-25 14:41:41 413762552 114.3116292234407 30.5867892152159    
2016-10-25 14:47:41 413762552 114.3115378457848 30.58686463673749    
2016-10-25 14:53:41 413762552 114.3114464681288 30.58694005825908    
2016-10-25 14:54:38 413762552 114.311432 30.586952 114.311675 30.586438 4.1 344.4
2016-10-25 14:58:11 413762552 114.312137 30.592222 114.311432 30.586952 7.3 14.3
2016-10-25 14:59:09 413762552 114.312913 30.594218 114.312137 30.592222 7.7 24.8
2016-10-25 14:59:59 413762552 114.313965 30.596038 114.312913 30.594218 7.0 29.0
2016-10-25 15:00:28 413762552 114.31451 30.596873 114.313965 30.596038 6.7 29.1
2016-10-25 15:00:58 413762552 114.315047 30.597673 114.31451 30.596873 6.6 32.0
2016-10-25 15:02:20 413762552 114.31618 30.599195 114.315047 30.597673 6.4 33.1
2016-10-25 15:03:54 413762552 114.318055 30.601542 114.31618 30.599195 7.3 36.4
2016-10-25 15:04:40 413762552 114.319507 30.603215 114.318055 30.601542 7.6 36.8
2016-10-25 15:05:50 413762552 114.321045 30.605015 114.319507 30.603215 8.1 35.3
2016-10-25 15:07:07 413762552 114.322743 30.60681 114.321045 30.605015 8.4 40.2
2016-10-25 15:08:30 413762552 114.32634 30.61037 114.322743 30.60681 9.2 41.4
2016-10-25 15:09:11 413762552 114.327368 30.611373 114.32634 30.61037 9.8 43.8
2016-10-25 15:10:23 413762552 114.330767 30.614078 114.327368 30.611373 9.2 48.3
2016-10-25 15:11:05 413762552 114.331875 30.614922 114.330767 30.614078 9.0 48.5
2016-10-25 15:12:06 413762552 114.333813 30.61641 114.331875 30.614922 7.1 48.5
2016-10-25 15:13:19 413762552 114.335402 30.617615 114.333813 30.61641 6.4 48.6
2016-10-25 15:14:18 413762552 114.337123 30.618925 114.335402 30.617615 7.5 48.7
2016-10-25 15:15:29 413762552 114.339995 30.621087 114.337123 30.618925 8.1 48.8
2016-10-25 15:15:59 413762552 114.341022 30.621872 114.339995 30.621087 8.2 48.2
2016-10-25 15:16:28 413762552 114.342025 30.622642 114.341022 30.621872 8.3 48.4
2016-10-25 15:17:53 413762552 114.344028 30.624215 114.342025 30.622642 8.4 47.0
2016-10-25 15:18:32 413762552 114.345985 30.625827 114.344028 30.624215 8.4 44.2
2016-10-25 15:19:02 413762552 114.346967 30.626702 114.345985 30.625827 9.1 44.1
2016-10-25 15:19:31 413762552 114.34805 30.62767 114.346967 30.626702 9.9 44.0
2016-10-25 15:20:19 413762552 114.349207 30.628687 114.34805 30.62767 10.3 44.6
2016-10-25 15:21:14 413762552 114.351583 30.630903 114.349207 30.628687 11.4 40.6
2016-10-25 15:22:28 413762552 114.35559 30.6344 114.351583 30.630903 11.9 46.5
2016-10-25 15:23:59 413762552 114.359843 30.637433 114.35559 30.6344 11.0 53.1
2016-10-25 15:25:29 413762552 114.364127 30.640093 114.359843 30.637433 10.9 54.8
2016-10-25 15:26:28 413762552 114.367002 30.641815 114.364127 30.640093 10.8 56.3
2016-10-25 15:27:48 413762552 114.369907 30.643473 114.367002 30.641815 10.8 56.7
2016-10-25 15:28:50 413762552 114.372828 30.645098 114.369907 30.643473 10.7 57.2
2016-10-25 15:31:06 413762552 114.380267 30.64873 114.372828 30.645098 10.6 62.5
2016-10-25 15:31:55 413762552 114.383307 30.650083 114.380267 30.64873 10.6 62.9
2016-10-25 15:34:19 413762552 114.389352 30.652715 114.383307 30.650083 10.4 64.8
2016-10-25 15:34:55 413762552 114.392402 30.65393 114.389352 30.652715 10.4 65.8
2016-10-25 15:35:23 413762552 114.393933 30.65452 114.392402 30.65393 10.4 66.0
2016-10-25 15:36:35 413762552 114.397018 30.655663 114.393933 30.65452 10.4 68.5
2016-10-25 15:37:38 413762552 114.400163 30.656697 114.397018 30.655663 10.4 69.0
2016-10-25 15:39:08 413762552 114.404867 30.658205 114.400163 30.656697 10.4 70.0
2016-10-25 15:40:00 413762552 114.407995 30.659197 114.404867 30.658205 10.2 69.7
2016-10-25 15:41:35 413762552 114.412692 30.660672 114.407995 30.659197 10.1 70.2
2016-10-25 15:43:17 413762552 114.417202 30.662063 114.412692 30.660672 10.0 70.4
2016-10-25 15:47:36 413762552 114.430613 30.666807 114.417202 30.662063 9.9 65.2
2016-10-25 15:48:06 413762552 114.43207 30.66738 114.430613 30.666807 9.9 65.9
2016-10-25 15:50:51 413762552 114.439352 30.670262 114.43207 30.66738 9.8 64.8
2016-10-25 15:52:21 413762552 114.443648 30.672053 114.439352 30.670262 9.9 64.5
2016-10-25 15:52:56 413762552 114.44656 30.673207 114.443648 30.672053 10.1 64.5
2016-10-25 15:55:44 413762552 114.453757 30.676292 114.44656 30.673207 9.7 63.4
2016-10-25 15:56:58 413762552 114.458068 30.678052 114.453757 30.676292 9.7 65.7
2016-10-25 16:02:58 413762552 114.4755342255639 30.68347527819549    
2016-10-25 16:08:03 413762552 114.490332 30.68807 114.484387 30.686717 8.8 77.6
2016-10-25 16:08:56 413762552 114.49233 30.688405 114.490332 30.68807 5.2 78.6
2016-10-25 16:10:49 413762552 114.497717 30.688703 114.49233 30.688405 9.4 88.8
2016-10-25 16:11:30 413762552 114.499245 30.688685 114.497717 30.688703 9.4 91.4
2016-10-25 16:12:51 413762552 114.503863 30.688435 114.499245 30.688685 9.6 94.9
2016-10-25 16:13:41 413762552 114.505403 30.688308 114.503863 30.688435 9.6 96.6
2016-10-25 16:15:09 413762552 114.50989 30.687425 114.505403 30.688308 9.7 105.4
2016-10-25 16:16:22 413762552 114.514395 30.686238 114.50989 30.687425 9.7 108.1
2016-10-25 16:16:48 413762552 114.5159 30.685818 114.514395 30.686238 9.8 107.7
