2016-10-25 0:02:05 413994093 114.378233 30.646053 114.378227 30.646053 0.0 276.0
2016-10-25 0:05:08 413994093 114.378228 30.646057 114.378233 30.646053 0.0 276.0
2016-10-25 0:07:20 413994093 114.378228 30.646057 114.378228 30.646057 0.0 276.0
2016-10-25 0:07:45 413994093 114.378228 30.646057 114.378228 30.646057 0.0 276.0
2016-10-25 0:08:09 413994093 114.378223 30.646057 114.378228 30.646057 0.0 276.0
2016-10-25 0:13:26 413994093 114.378223 30.646057 114.378223 30.646057 0.0 276.0
2016-10-25 0:13:48 413994093 114.378223 30.646057 114.378223 30.646057 0.0 276.0
2016-10-25 0:17:09 413994093 114.37822 30.646058 114.378223 30.646057 0.0 276.0
2016-10-25 0:19:25 413994093 114.37822 30.646058 114.37822 30.646058 0.0 276.0
2016-10-25 0:19:47 413994093 114.37822 30.646058 114.37822 30.646058 0.0 276.0
2016-10-25 0:20:07 413994093 114.378223 30.646057 114.37822 30.646058 0.0 276.0
2016-10-25 0:23:09 413994093 114.378218 30.646058 114.378223 30.646057 0.0 276.0
2016-10-25 0:25:49 413994093 114.378218 30.646058 114.378218 30.646058 0.0 276.0
2016-10-25 0:26:13 413994093 114.378197 30.646075 114.378218 30.646058 0.0 297.0
2016-10-25 0:29:10 413994093 114.378195 30.64607 114.378197 30.646075 0.0 297.0
2016-10-25 0:31:23 413994093 114.378195 30.64607 114.378195 30.64607 0.0 297.0
2016-10-25 0:32:17 413994093 114.378195 30.646072 114.378195 30.64607 0.0 297.0
2016-10-25 0:35:18 413994093 114.378203 30.646072 114.378195 30.646072 0.0 297.0
2016-10-25 0:37:14 413994093 114.378203 30.646072 114.378203 30.646072 0.0 297.0
2016-10-25 0:37:46 413994093 114.378203 30.646072 114.378203 30.646072 0.0 297.0
2016-10-25 0:38:08 413994093 114.378263 30.646105 114.378203 30.646072 0.0 197.1
2016-10-25 0:41:11 413994093 114.378257 30.6461 114.378263 30.646105 0.0 197.1
2016-10-25 0:44:11 413994093 114.378253 30.6461 114.378257 30.6461 0.0 197.1
2016-10-25 0:47:08 413994093 114.378187 30.646075 114.378253 30.6461 0.0 268.6
2016-10-25 0:49:14 413994093 114.378187 30.646075 114.378187 30.646075 0.0 268.6
2016-10-25 0:49:56 413994093 114.378187 30.646075 114.378187 30.646075 0.0 268.6
2016-10-25 0:50:30 413994093 114.378187 30.646068 114.378187 30.646075 0.0 268.6
2016-10-25 0:53:12 413994093 114.378187 30.646073 114.378187 30.646068 0.0 268.6
2016-10-25 0:55:18 413994093 114.378187 30.646073 114.378187 30.646073 0.0 268.6
2016-10-25 0:55:38 413994093 114.378187 30.646073 114.378187 30.646073 0.0 268.6
2016-10-25 0:56:15 413994093 114.378193 30.646073 114.378187 30.646073 0.0 268.6
2016-10-25 1:01:09 413994093 114.378187 30.6461 0.0 0.0 0.0 301.4
2016-10-25 1:01:42 413994093 114.378187 30.6461 114.378187 30.6461 0.0 301.4
2016-10-25 1:04:43 413994093 114.378212 30.646097 114.378187 30.6461 0.0 234.1
2016-10-25 1:07:14 413994093 114.378212 30.646097 114.378212 30.646097 0.0 234.1
2016-10-25 1:07:35 413994093 114.378202 30.646083 114.378212 30.646097 0.0 234.1
2016-10-25 1:10:41 413994093 114.37823 30.6461 114.378202 30.646083 0.0 234.1
2016-10-25 1:13:20 413994093 114.37823 30.6461 114.37823 30.6461 0.0 234.1
2016-10-25 1:13:42 413994093 114.378242 30.646098 114.37823 30.6461 0.0 234.1
2016-10-25 1:16:41 413994093 114.378253 30.646105 114.378242 30.646098 0.0 234.1
2016-10-25 1:19:21 413994093 114.378253 30.646105 114.378253 30.646105 0.0 234.1
2016-10-25 1:19:41 413994093 114.378267 30.646107 114.378253 30.646105 0.0 234.1
2016-10-25 1:22:32 413994093 114.378267 30.646108 114.378267 30.646107 0.0 234.1
2016-10-25 1:25:30 413994093 114.378267 30.646108 114.378267 30.646108 0.0 234.1
2016-10-25 1:25:52 413994093 114.378277 30.646108 114.378267 30.646108 0.0 234.1
2016-10-25 1:28:40 413994093 114.37827 30.646107 114.378277 30.646108 0.0 234.1
2016-10-25 1:31:34 413994093 114.378282 30.64611 114.37827 30.646107 0.0 234.1
2016-10-25 1:31:53 413994093 114.378282 30.64611 114.378282 30.64611 0.0 234.1
2016-10-25 1:34:39 413994093 114.378275 30.646107 114.378282 30.64611 0.0 234.1
2016-10-25 1:37:23 413994093 114.378275 30.646107 114.378275 30.646107 0.0 234.1
2016-10-25 1:37:44 413994093 114.378275 30.646102 114.378275 30.646107 0.0 234.1
2016-10-25 1:40:44 413994093 114.378275 30.646105 114.378275 30.646102 0.0 234.1
2016-10-25 1:43:23 413994093 114.378275 30.646105 114.378275 30.646105 0.0 234.1
2016-10-25 1:43:44 413994093 114.378278 30.646102 114.378275 30.646105 0.0 234.1
2016-10-25 1:46:34 413994093 114.37828 30.646102 114.378278 30.646102 0.0 234.1
2016-10-25 1:49:24 413994093 114.37828 30.646102 114.37828 30.646102 0.0 234.1
2016-10-25 1:49:42 413994093 114.37828 30.646097 114.37828 30.646102 0.0 234.1
2016-10-25 01:55:42 413994093 114.378275148248 30.64609020754717    
2016-10-25 1:55:53 413994093 114.378275 30.64609 114.378275 30.64609 0.0 234.1
2016-10-25 1:58:37 413994093 114.37821 30.64606 114.378275 30.64609 0.0 166.3
2016-10-25 2:01:31 413994093 114.37821 30.64606 114.37821 30.64606 0.0 166.3
2016-10-25 2:01:51 413994093 114.378203 30.646007 114.37821 30.64606 0.0 195.8
2016-10-25 2:04:40 413994093 114.378205 30.646018 114.378203 30.646007 0.0 195.8
2016-10-25 2:07:13 413994093 114.378205 30.646018 114.378205 30.646018 0.0 195.8
2016-10-25 2:07:36 413994093 114.378208 30.646015 114.378205 30.646018 0.0 195.8
2016-10-25 2:07:57 413994093 114.378208 30.646015 114.378208 30.646015 0.0 195.8
2016-10-25 2:10:49 413994093 114.378212 30.646018 114.378208 30.646015 0.0 195.8
2016-10-25 2:13:20 413994093 114.378212 30.646018 114.378212 30.646018 0.0 195.8
2016-10-25 2:13:46 413994093 114.378215 30.646018 114.378212 30.646018 0.0 195.8
2016-10-25 2:16:43 413994093 114.378218 30.646017 114.378215 30.646018 0.0 195.8
2016-10-25 2:19:31 413994093 114.378218 30.646017 114.378218 30.646017 0.0 195.8
2016-10-25 2:19:54 413994093 114.378218 30.646017 114.378218 30.646017 0.0 195.8
2016-10-25 2:22:39 413994093 114.37822 30.646022 114.378218 30.646017 0.0 195.8
2016-10-25 2:25:20 413994093 114.37822 30.646022 114.37822 30.646022 0.0 195.8
2016-10-25 2:25:51 413994093 114.378218 30.646022 114.37822 30.646022 0.0 195.8
2016-10-25 02:31:51 413994093 114.378219376673 30.64602613001912    
2016-10-25 2:34:34 413994093 114.37822 30.646028 114.37822 30.646023 0.0 195.8
2016-10-25 2:37:35 413994093 114.378217 30.646028 114.37822 30.646028 0.0 195.8
2016-10-25 2:37:56 413994093 114.378217 30.646028 114.378217 30.646028 0.0 195.8
2016-10-25 2:40:57 413994093 114.378213 30.64603 114.378217 30.646028 0.0 195.8
2016-10-25 2:43:41 413994093 114.378215 30.646033 114.378213 30.64603 0.0 195.8
2016-10-25 2:46:41 413994093 114.378218 30.646032 114.378215 30.646033 0.0 195.8
2016-10-25 2:49:19 413994093 114.378218 30.646032 114.378218 30.646032 0.0 195.8
2016-10-25 2:49:42 413994093 114.378213 30.646032 114.378218 30.646032 0.0 195.8
2016-10-25 02:55:42 413994093 114.378213 30.64603239823009    
2016-10-25 03:01:42 413994093 114.378213 30.64603279646018    
2016-10-25 3:04:46 413994093 114.378213 30.646033 114.378208 30.646035 0.0 195.8
2016-10-25 3:07:32 413994093 114.378213 30.646033 114.378213 30.646033 0.0 195.8
2016-10-25 3:08:05 413994093 114.378213 30.646037 114.378213 30.646033 0.0 195.8
2016-10-25 03:14:05 413994093 114.378224147541 30.6460632295082    
2016-10-25 3:17:14 413994093 114.37823 30.646077 114.378215 30.646092 0.0 201.5
2016-10-25 3:19:33 413994093 114.37823 30.646077 114.37823 30.646077 0.0 201.5
2016-10-25 3:20:03 413994093 114.37823 30.646077 114.37823 30.646077 0.0 201.5
2016-10-25 3:23:05 413994093 114.378217 30.646075 114.37823 30.646077 0.0 201.5
2016-10-25 3:25:24 413994093 114.378217 30.646075 114.378217 30.646075 0.0 201.5
2016-10-25 3:25:54 413994093 114.378217 30.646075 114.378217 30.646075 0.0 201.5
2016-10-25 3:29:28 413994093 114.378215 30.64609 114.378217 30.646075 0.0 201.5
2016-10-25 3:31:48 413994093 114.378215 30.64609 114.378215 30.64609 0.0 201.5
2016-10-25 3:32:12 413994093 114.378217 30.646083 114.378215 30.64609 0.0 201.5
2016-10-25 3:35:13 413994093 114.378213 30.646078 114.378217 30.646083 0.0 201.5
2016-10-25 3:37:31 413994093 114.378213 30.646078 114.378213 30.646078 0.0 201.5
2016-10-25 3:38:10 413994093 114.378213 30.64608 114.378213 30.646078 0.0 201.5
2016-10-25 3:41:18 413994093 114.378215 30.64608 114.378213 30.64608 0.0 201.5
2016-10-25 3:43:39 413994093 114.378215 30.64608 114.378215 30.64608 0.0 201.5
2016-10-25 3:44:10 413994093 114.378215 30.64608 114.378215 30.64608 0.0 201.5
2016-10-25 3:47:08 413994093 114.378218 30.646077 114.378215 30.64608 0.0 201.5
2016-10-25 3:49:43 413994093 114.378218 30.646077 114.378218 30.646077 0.0 201.5
2016-10-25 3:50:13 413994093 114.378178 30.646055 114.378218 30.646077 0.0 289.6
2016-10-25 3:53:13 413994093 114.378187 30.646055 114.378178 30.646055 0.0 289.6
2016-10-25 3:55:51 413994093 114.378187 30.646055 114.378187 30.646055 0.0 289.6
2016-10-25 3:56:18 413994093 114.378198 30.646058 114.378187 30.646055 0.0 289.6
2016-10-25 3:59:39 413994093 114.3782 30.646057 114.378198 30.646058 0.0 289.6
2016-10-25 4:01:35 413994093 114.3782 30.646057 114.3782 30.646057 0.0 289.6
2016-10-25 4:02:07 413994093 114.3782 30.646057 114.3782 30.646057 0.0 289.6
2016-10-25 4:05:08 413994093 114.378205 30.646055 114.3782 30.646057 0.0 289.6
2016-10-25 4:07:59 413994093 114.378205 30.646055 114.378205 30.646055 0.0 289.6
2016-10-25 4:08:25 413994093 114.378207 30.646055 114.378205 30.646055 0.0 289.6
2016-10-25 4:11:13 413994093 114.378205 30.646052 114.378207 30.646055 0.0 289.6
2016-10-25 4:13:23 413994093 114.378205 30.646052 114.378205 30.646052 0.0 289.6
2016-10-25 4:14:08 413994093 114.378205 30.646052 114.378205 30.646052 0.0 289.6
2016-10-25 4:17:08 413994093 114.378207 30.64605 114.378205 30.646052 0.0 289.6
2016-10-25 04:23:08 413994093 114.3782102608696 30.64605130434783    
2016-10-25 4:26:20 413994093 114.378212 30.646052 114.378212 30.646052 0.0 289.6
2016-10-25 4:29:08 413994093 114.378207 30.646058 114.378212 30.646052 0.0 305.6
2016-10-25 4:32:23 413994093 114.378207 30.646058 114.378207 30.646058 0.0 305.6
2016-10-25 4:35:12 413994093 114.378205 30.646063 114.378207 30.646058 0.0 305.6
2016-10-25 4:37:32 413994093 114.378205 30.646063 114.378205 30.646063 0.0 305.6
2016-10-25 4:38:10 413994093 114.37821 30.646063 114.378205 30.646063 0.0 305.6
2016-10-25 4:41:18 413994093 114.378212 30.64606 114.37821 30.646063 0.0 305.6
2016-10-25 4:43:58 413994093 114.378212 30.64606 114.378212 30.64606 0.0 305.6
2016-10-25 4:44:28 413994093 114.378215 30.646062 114.378212 30.64606 0.0 305.6
2016-10-25 4:50:05 413994093 114.378215 30.646062 114.378215 30.646062 0.0 305.6
2016-10-25 4:53:20 413994093 114.378215 30.64607 114.378215 30.646062 0.0 305.6
2016-10-25 4:55:30 413994093 114.378215 30.64607 114.378215 30.64607 0.0 305.6
2016-10-25 4:56:13 413994093 114.378213 30.646068 114.378215 30.64607 0.0 305.6
2016-10-25 5:01:32 413994093 114.378213 30.646068 114.378213 30.646068 0.0 305.6
2016-10-25 5:02:16 413994093 114.378208 30.645993 114.378213 30.646068 0.0 179.0
2016-10-25 5:05:19 413994093 114.378217 30.646012 114.378208 30.645993 0.0 179.0
2016-10-25 5:07:47 413994093 114.378217 30.646012 114.378217 30.646012 0.0 179.0
2016-10-25 5:08:23 413994093 114.378225 30.646028 114.378217 30.646012 0.0 179.0
2016-10-25 5:11:16 413994093 114.378232 30.646033 114.378225 30.646028 0.0 179.0
2016-10-25 5:13:39 413994093 114.378232 30.646033 114.378232 30.646033 0.0 179.0
2016-10-25 5:14:19 413994093 114.378238 30.646042 114.378232 30.646033 0.0 179.0
2016-10-25 5:19:35 413994093 114.378238 30.646042 114.378238 30.646042 0.0 179.0
2016-10-25 5:20:10 413994093 114.378238 30.646042 114.378238 30.646042 0.0 179.0
2016-10-25 5:25:43 413994093 114.378238 30.64604 114.378238 30.646042 0.0 179.0
2016-10-25 5:26:21 413994093 114.378238 30.646045 114.378238 30.64604 0.0 179.0
2016-10-25 5:29:31 413994093 114.37826 30.646113 114.378238 30.646045 0.0 143.5
2016-10-25 5:31:32 413994093 114.37826 30.646113 114.37826 30.646113 0.0 143.5
2016-10-25 5:32:01 413994093 114.37826 30.646113 114.37826 30.646113 0.0 143.5
2016-10-25 5:32:41 413994093 114.378255 30.646102 114.37826 30.646113 0.0 143.5
2016-10-25 5:35:24 413994093 114.378262 30.6461 114.378255 30.646102 0.0 143.5
2016-10-25 5:37:56 413994093 114.378262 30.6461 114.378262 30.6461 0.0 143.5
2016-10-25 5:41:45 413994093 114.378272 30.6461 114.378262 30.6461 0.0 143.5
2016-10-25 5:44:05 413994093 114.378272 30.6461 114.378272 30.6461 0.0 143.5
2016-10-25 5:47:10 413994093 114.378193 30.646027 114.378272 30.6461 0.0 69.6
2016-10-25 5:49:37 413994093 114.378193 30.646027 114.378193 30.646027 0.0 69.6
2016-10-25 5:50:16 413994093 114.378228 30.646063 114.378193 30.646027 0.0 241.3
2016-10-25 5:53:17 413994093 114.378232 30.646062 114.378228 30.646063 0.0 241.3
2016-10-25 5:55:46 413994093 114.378232 30.646062 114.378232 30.646062 0.0 241.3
2016-10-25 5:56:11 413994093 114.378232 30.64606 114.378232 30.646062 0.0 241.3
2016-10-25 5:59:26 413994093 114.378238 30.646058 114.378232 30.64606 0.0 241.3
2016-10-25 6:01:39 413994093 114.378238 30.646058 114.378238 30.646058 0.0 241.3
2016-10-25 6:02:06 413994093 114.378238 30.646058 114.378238 30.646058 0.0 241.3
2016-10-25 6:05:31 413994093 114.378237 30.646058 114.378238 30.646058 0.0 241.3
2016-10-25 6:07:54 413994093 114.378237 30.646058 114.378237 30.646058 0.0 241.3
2016-10-25 6:08:30 413994093 114.378227 30.646065 114.378237 30.646058 0.0 150.5
2016-10-25 6:11:35 413994093 114.378218 30.646063 114.378227 30.646065 0.0 150.5
2016-10-25 6:13:51 413994093 114.378218 30.646063 114.378218 30.646063 0.0 150.5
2016-10-25 6:14:38 413994093 114.378225 30.646087 114.378218 30.646063 0.0 201.0
2016-10-25 06:20:38 413994093 114.3782338439306 30.6460833583815    
2016-10-25 6:26:10 413994093 114.378242 30.64608 114.378242 30.64608 0.0 201.0
2016-10-25 6:29:32 413994093 114.378233 30.646075 114.378242 30.64608 0.0 201.0
2016-10-25 6:31:35 413994093 114.378233 30.646075 114.378233 30.646075 0.0 201.0
2016-10-25 6:32:38 413994093 114.378235 30.646077 114.378233 30.646075 0.0 201.0
2016-10-25 6:35:20 413994093 114.378233 30.646077 114.378235 30.646077 0.0 201.0
2016-10-25 6:38:32 413994093 114.378238 30.646073 114.378233 30.646077 0.0 201.0
2016-10-25 6:41:53 413994093 114.378238 30.646075 114.378238 30.646073 0.0 201.0
2016-10-25 6:44:16 413994093 114.378238 30.646075 114.378238 30.646075 0.0 201.0
2016-10-25 6:47:21 413994093 114.378245 30.646068 114.378238 30.646075 0.0 201.0
2016-10-25 6:50:16 413994093 114.37825 30.646068 114.378245 30.646068 0.0 201.0
2016-10-25 6:54:02 413994093 114.378245 30.646068 114.37825 30.646068 0.0 201.0
2016-10-25 6:55:41 413994093 114.378245 30.646068 114.378245 30.646068 0.0 201.0
2016-10-25 6:56:30 413994093 114.378247 30.646067 114.378245 30.646068 0.0 201.0
2016-10-25 6:59:19 413994093 114.37825 30.646067 114.378247 30.646067 0.0 201.0
2016-10-25 7:01:49 413994093 114.37825 30.646067 114.37825 30.646067 0.0 201.0
2016-10-25 7:02:19 413994093 114.37825 30.646067 114.37825 30.646067 0.0 201.0
2016-10-25 07:08:19 413994093 114.3782357809695 30.64606118312388    
2016-10-25 7:11:36 413994093 114.378228 30.646058 114.378222 30.646058 0.0 187.5
2016-10-25 7:13:41 413994093 114.378228 30.646058 114.378228 30.646058 0.0 187.5
2016-10-25 7:14:14 413994093 114.378228 30.646058 114.378228 30.646058 0.0 187.5
2016-10-25 7:17:28 413994093 114.378232 30.646078 114.378228 30.646058 0.0 188.5
2016-10-25 7:21:01 413994093 114.378235 30.64608 114.378232 30.646078 0.0 188.5
2016-10-25 7:23:35 413994093 114.37823 30.646082 114.378235 30.64608 0.0 188.5
2016-10-25 7:26:05 413994093 114.37823 30.646082 114.37823 30.646082 0.0 188.5
2016-10-25 7:26:41 413994093 114.378223 30.646073 114.37823 30.646082 0.0 296.9
2016-10-25 7:32:15 413994093 114.378223 30.646073 114.378223 30.646073 0.0 296.9
2016-10-25 7:36:00 413994093 114.378232 30.646083 114.378223 30.646073 0.0 154.2
2016-10-25 7:37:40 413994093 114.378232 30.646083 114.378232 30.646083 0.0 154.2
2016-10-25 7:38:38 413994093 114.378195 30.64608 114.378232 30.646083 0.0 179.1
2016-10-25 7:41:52 413994093 114.378197 30.64607 114.378195 30.64608 0.0 179.1
2016-10-25 7:43:56 413994093 114.378197 30.64607 114.378197 30.64607 0.0 179.1
2016-10-25 7:44:34 413994093 114.378203 30.646065 114.378197 30.64607 0.0 179.1
2016-10-25 7:47:46 413994093 114.378203 30.646062 114.378203 30.646065 0.0 179.1
2016-10-25 7:50:01 413994093 114.378203 30.646062 114.378203 30.646062 0.0 179.1
2016-10-25 7:50:37 413994093 114.37821 30.646063 114.378203 30.646062 0.0 179.1
2016-10-25 7:53:14 413994093 114.37821 30.646065 114.37821 30.646063 0.0 179.1
2016-10-25 7:56:30 413994093 114.37821 30.646065 114.37821 30.646065 0.0 179.1
2016-10-25 7:59:16 413994093 114.37821 30.646067 114.37821 30.646065 0.0 179.1
2016-10-25 8:01:57 413994093 114.37821 30.646067 114.37821 30.646067 0.0 179.1
2016-10-25 8:02:52 413994093 114.378212 30.646067 114.37821 30.646067 0.0 179.1
2016-10-25 8:05:50 413994093 114.37821 30.646068 114.378212 30.646067 0.0 179.1
2016-10-25 8:07:46 413994093 114.37821 30.646068 114.37821 30.646068 0.0 179.1
2016-10-25 8:08:44 413994093 114.378213 30.646077 114.37821 30.646068 0.0 179.1
2016-10-25 08:14:44 413994093 114.3782074933078 30.6460735583174    
2016-10-25 8:17:27 413994093 114.378205 30.646072 114.378208 30.646072 0.0 179.1
2016-10-25 8:20:18 413994093 114.378208 30.646072 114.378205 30.646072 0.0 179.1
2016-10-25 8:23:37 413994093 114.378207 30.646075 114.378208 30.646072 0.0 179.1
2016-10-25 8:25:54 413994093 114.378207 30.646075 114.378207 30.646075 0.0 179.1
2016-10-25 8:26:32 413994093 114.37821 30.646073 114.378207 30.646075 0.0 179.1
2016-10-25 8:29:44 413994093 114.37821 30.646073 114.37821 30.646073 0.0 179.1
2016-10-25 8:32:08 413994093 114.37821 30.646073 114.37821 30.646073 0.0 179.1
2016-10-25 8:35:24 413994093 114.37822 30.646073 114.37821 30.646073 0.0 179.1
2016-10-25 8:38:20 413994093 114.378198 30.646068 114.37822 30.646073 0.0 178.6
2016-10-25 8:41:41 413994093 114.378213 30.646065 114.378198 30.646068 0.0 178.6
2016-10-25 8:44:29 413994093 114.378222 30.646067 114.378213 30.646065 0.0 178.6
2016-10-25 8:47:57 413994093 114.378235 30.64607 114.378222 30.646067 0.0 178.6
2016-10-25 8:50:45 413994093 114.378235 30.64607 114.378235 30.64607 0.0 178.6
2016-10-25 8:53:19 413994093 114.37824 30.646115 114.378235 30.64607 0.0 190.3
2016-10-25 8:56:13 413994093 114.37824 30.646115 114.37824 30.646115 0.0 190.3
2016-10-25 09:02:13 413994093 114.3782444680851 30.64612457446809    
2016-10-25 9:05:37 413994093 114.378247 30.64613 114.378252 30.646135 0.0 190.3
2016-10-25 9:07:55 413994093 114.378247 30.64613 114.378247 30.64613 0.0 190.3
2016-10-25 9:08:26 413994093 114.378252 30.646133 114.378247 30.64613 0.0 190.3
2016-10-25 9:11:29 413994093 114.37825 30.64613 114.378252 30.646133 0.0 190.3
2016-10-25 9:14:02 413994093 114.37825 30.64613 114.37825 30.64613 0.0 190.3
2016-10-25 9:14:36 413994093 114.378257 30.64613 114.37825 30.64613 0.0 190.3
2016-10-25 9:17:33 413994093 114.37825 30.646127 114.378257 30.64613 0.0 190.3
2016-10-25 9:20:17 413994093 114.37825 30.646123 114.37825 30.646127 0.0 190.3
2016-10-25 9:23:57 413994093 114.378253 30.64612 114.37825 30.646123 0.0 190.3
2016-10-25 9:25:57 413994093 114.378253 30.64612 114.378253 30.64612 0.0 190.3
2016-10-25 9:26:45 413994093 114.378255 30.646118 114.378253 30.64612 0.0 190.3
2016-10-25 9:29:25 413994093 114.378257 30.646115 114.378255 30.646118 0.0 190.3
2016-10-25 9:32:19 413994093 114.378257 30.646115 114.378257 30.646115 0.0 190.3
2016-10-25 9:35:21 413994093 114.378253 30.646115 114.378257 30.646115 0.0 190.3
2016-10-25 9:38:15 413994093 114.378253 30.646115 114.378253 30.646115 0.0 190.3
2016-10-25 9:41:18 413994093 114.378198 30.646117 114.378253 30.646115 0.0 125.1
2016-10-25 9:44:06 413994093 114.378198 30.646117 114.378198 30.646117 0.0 125.1
2016-10-25 9:47:46 413994093 114.378207 30.6461 114.378198 30.646117 0.0 125.1
2016-10-25 9:50:13 413994093 114.378207 30.6461 114.378207 30.6461 0.0 125.1
2016-10-25 9:53:47 413994093 114.37821 30.646092 114.378207 30.6461 0.0 125.1
2016-10-25 9:56:32 413994093 114.37821 30.646092 114.37821 30.646092 0.0 125.1
2016-10-25 9:59:54 413994093 114.378215 30.646093 114.37821 30.646092 0.0 125.1
2016-10-25 10:01:44 413994093 114.378215 30.646093 114.378215 30.646093 0.0 125.1
2016-10-25 10:02:41 413994093 114.378233 30.646063 114.378215 30.646093 0.0 181.1
2016-10-25 10:08:41 413994093 114.3782262467532 30.64608741558442    
2016-10-25 10:14:14 413994093 114.37822 30.64611 114.378223 30.646092 0.0 71.9
2016-10-25 10:17:17 413994093 114.378223 30.646105 114.37822 30.64611 0.0 71.9
2016-10-25 10:19:56 413994093 114.378223 30.646105 114.378223 30.646105 0.0 71.9
2016-10-25 10:25:56 413994093 114.3782242 30.6460948    
2016-10-25 10:29:56 413994093 114.378225 30.646088 0.0 0.0 0.0 172.5
2016-10-25 10:32:33 413994093 114.378222 30.64609 114.378225 30.646088 0.0 172.5
2016-10-25 10:35:47 413994093 114.378217 30.646088 114.378222 30.64609 0.0 172.5
2016-10-25 10:38:26 413994093 114.378213 30.646087 114.378217 30.646088 0.0 172.5
2016-10-25 10:41:40 413994093 114.378218 30.646093 114.378213 30.646087 0.0 172.5
2016-10-25 10:44:21 413994093 114.378215 30.646088 114.378218 30.646093 0.0 172.5
2016-10-25 10:49:58 413994093 114.378215 30.646088 114.378215 30.646088 0.0 172.5
2016-10-25 10:55:58 413994093 114.3782131052632 30.646088    
2016-10-25 10:56:18 413994093 114.378213 30.646088 114.378215 30.646088 0.0 172.5
2016-10-25 10:59:51 413994093 114.378218 30.646093 114.378213 30.646088 0.0 172.5
2016-10-25 11:02:41 413994093 114.378213 30.646093 114.378218 30.646093 0.0 172.5
2016-10-25 11:05:26 413994093 114.378218 30.64609 114.378213 30.646093 0.0 172.5
2016-10-25 11:08:19 413994093 114.378215 30.646088 114.378218 30.64609 0.0 172.5
2016-10-25 11:14:19 413994093 114.3782117509025 30.64608929963899    
2016-10-25 11:17:33 413994093 114.37821 30.64609 114.378215 30.646088 0.0 172.5
2016-10-25 11:20:21 413994093 114.378208 30.64609 114.37821 30.64609 0.0 172.5
2016-10-25 11:23:30 413994093 114.378208 30.64609 114.378208 30.64609 0.0 172.5
2016-10-25 11:26:05 413994093 114.378208 30.64609 114.378208 30.64609 0.0 172.5
2016-10-25 11:26:55 413994093 114.378208 30.64609 114.378208 30.64609 0.0 172.5
2016-10-25 11:29:37 413994093 114.378208 30.646088 114.378208 30.64609 0.0 172.5
2016-10-25 11:32:20 413994093 114.378208 30.646088 114.378208 30.646088 0.0 172.5
2016-10-25 11:35:31 413994093 114.37821 30.646092 114.378208 30.646088 0.0 172.5
2016-10-25 11:38:31 413994093 114.37821 30.646092 114.37821 30.646092 0.0 172.5
2016-10-25 11:41:26 413994093 114.378205 30.64609 114.37821 30.646092 0.0 172.5
2016-10-25 11:44:04 413994093 114.378205 30.64609 114.378205 30.64609 0.0 172.5
2016-10-25 11:44:33 413994093 114.378205 30.64609 114.378205 30.64609 0.0 172.5
2016-10-25 11:47:13 413994093 114.37819 30.646088 114.378205 30.64609 0.0 96.1
2016-10-25 11:50:40 413994093 114.378188 30.646092 114.37819 30.646088 0.0 96.1
2016-10-25 11:53:52 413994093 114.378188 30.646092 114.378188 30.646092 0.0 96.1
2016-10-25 11:59:52 413994093 114.378188 30.646083    
2016-10-25 12:01:52 413994093 114.378188 30.64608 114.378188 30.64608 0.0 183.1
2016-10-25 12:02:36 413994093 114.378225 30.646128 114.378188 30.64608 0.0 242.8
2016-10-25 12:05:32 413994093 114.378183 30.646078 114.378225 30.646128 0.0 185.7
2016-10-25 12:07:57 413994093 114.378183 30.646078 114.378183 30.646078 0.0 185.7
2016-10-25 12:12:00 413994093 114.37819 30.64609 114.378183 30.646078 0.0 185.7
2016-10-25 12:13:56 413994093 114.37819 30.64609 114.37819 30.64609 0.0 185.7
2016-10-25 12:14:56 413994093 114.378192 30.64609 114.37819 30.64609 0.0 185.7
2016-10-25 12:17:28 413994093 114.378202 30.646092 114.378192 30.64609 0.0 185.7
2016-10-25 12:20:09 413994093 114.378202 30.646092 114.378202 30.646092 0.0 185.7
2016-10-25 12:23:25 413994093 114.378195 30.646092 114.378202 30.646092 0.0 185.7
2016-10-25 12:26:11 413994093 114.378195 30.646092 114.378195 30.646092 0.0 185.7
2016-10-25 12:29:30 413994093 114.378175 30.646075 114.378195 30.646092 0.0 51.8
2016-10-25 12:32:03 413994093 114.378175 30.646075 114.378175 30.646075 0.0 51.8
2016-10-25 12:32:45 413994093 114.378183 30.646075 114.378175 30.646075 0.0 51.8
2016-10-25 12:35:10 413994093 114.378195 30.646072 114.378183 30.646075 0.0 51.8
2016-10-25 12:37:56 413994093 114.378195 30.646072 114.378195 30.646072 0.0 51.8
2016-10-25 12:38:39 413994093 114.378188 30.646077 114.378195 30.646072 0.0 51.8
2016-10-25 12:41:34 413994093 114.378192 30.646108 114.378188 30.646077 0.0 239.2
2016-10-25 12:44:22 413994093 114.378192 30.646107 114.378192 30.646108 0.0 239.2
2016-10-25 12:47:19 413994093 114.378197 30.646093 114.378192 30.646107 0.0 239.2
2016-10-25 12:50:16 413994093 114.378195 30.646098 114.378197 30.646093 0.0 239.2
2016-10-25 12:56:10 413994093 114.378217 30.646092 114.378195 30.646098 0.0 60.1
2016-10-25 12:59:19 413994093 114.378243 30.646107 114.378217 30.646092 0.0 60.1
2016-10-25 13:02:37 413994093 114.37824 30.646108 114.378243 30.646107 0.0 60.1
2016-10-25 13:05:17 413994093 114.378237 30.646112 114.37824 30.646108 0.0 60.1
2016-10-25 13:08:24 413994093 114.378228 30.646115 114.378237 30.646112 0.0 60.1
2016-10-25 13:11:23 413994093 114.378232 30.646113 114.378228 30.646115 0.0 60.1
2016-10-25 13:13:56 413994093 114.378232 30.646113 114.378232 30.646113 0.0 60.1
2016-10-25 13:14:53 413994093 114.378232 30.646113 114.378232 30.646113 0.0 60.1
2016-10-25 13:17:29 413994093 114.378237 30.646112 114.378232 30.646113 0.0 60.1
2016-10-25 13:20:09 413994093 114.378232 30.64611 114.378237 30.646112 0.0 60.1
2016-10-25 13:23:14 413994093 114.378238 30.646115 114.378232 30.64611 0.0 60.1
2016-10-25 13:26:04 413994093 114.378243 30.64611 114.378238 30.646115 0.0 60.1
2016-10-25 13:26:32 413994093 114.378243 30.64611 114.378243 30.64611 0.0 60.1
2016-10-25 13:29:32 413994093 114.37824 30.64609 114.378243 30.64611 0.0 304.3
2016-10-25 13:32:03 413994093 114.37824 30.64609 114.37824 30.64609 0.0 304.3
2016-10-25 13:32:43 413994093 114.378247 30.646095 114.37824 30.64609 0.0 304.3
2016-10-25 13:35:34 413994093 114.37826 30.646102 114.378247 30.646095 0.0 304.3
2016-10-25 13:38:11 413994093 114.378255 30.646103 114.37826 30.646102 0.0 304.3
2016-10-25 13:41:27 413994093 114.378188 30.646132 114.378255 30.646103 0.0 140.3
2016-10-25 13:43:54 413994093 114.378188 30.646132 114.378188 30.646132 0.0 140.3
2016-10-25 13:44:30 413994093 114.378202 30.646128 114.378188 30.646132 0.0 140.3
2016-10-25 13:47:27 413994093 114.37821 30.646128 114.378202 30.646128 0.0 140.3
2016-10-25 13:49:55 413994093 114.37821 30.646128 114.37821 30.646128 0.0 140.3
2016-10-25 13:50:29 413994093 114.378212 30.64613 114.37821 30.646128 0.0 140.3
2016-10-25 13:53:34 413994093 114.378217 30.646127 114.378212 30.64613 0.0 292.4
2016-10-25 13:55:53 413994093 114.378217 30.646127 114.378217 30.646127 0.0 292.4
2016-10-25 13:56:35 413994093 114.378217 30.646127 114.378217 30.646127 0.0 292.4
2016-10-25 13:59:40 413994093 114.378233 30.646125 114.378217 30.646127 0.0 292.4
2016-10-25 14:02:15 413994093 114.378217 30.64608 114.378233 30.646125 0.0 301.8
2016-10-25 14:05:19 413994093 114.378215 30.646085 114.378217 30.64608 0.0 301.8
2016-10-25 14:08:17 413994093 114.378215 30.646085 114.378215 30.646085 0.0 301.8
2016-10-25 14:08:52 413994093 114.378217 30.646105 114.378215 30.646085 0.0 270.5
2016-10-25 14:11:36 413994093 114.378223 30.646107 114.378217 30.646105 0.0 270.5
2016-10-25 14:13:50 413994093 114.378223 30.646107 114.378223 30.646107 0.0 270.5
2016-10-25 14:14:18 413994093 114.378223 30.646107 114.378223 30.646107 0.0 270.5
2016-10-25 14:15:06 413994093 114.378218 30.646102 114.378223 30.646107 0.0 270.5
2016-10-25 14:17:56 413994093 114.378222 30.646105 114.378218 30.646102 0.0 270.5
2016-10-25 14:20:19 413994093 114.378222 30.646105 114.378222 30.646105 0.0 270.5
2016-10-25 14:20:51 413994093 114.37822 30.646105 114.378222 30.646105 0.0 270.5
2016-10-25 14:23:35 413994093 114.37822 30.646103 114.37822 30.646105 0.0 270.5
2016-10-25 14:26:38 413994093 114.37822 30.646107 114.37822 30.646103 0.0 270.5
2016-10-25 14:29:49 413994093 114.378218 30.64611 114.37822 30.646107 0.0 270.5
2016-10-25 14:32:22 413994093 114.378218 30.64611 114.378218 30.64611 0.0 270.5
2016-10-25 14:35:46 413994093 114.378215 30.64611 114.378218 30.64611 0.0 270.5
2016-10-25 14:38:10 413994093 114.378215 30.64611 114.378215 30.64611 0.0 270.5
2016-10-25 14:38:56 413994093 114.37817 30.646118 114.378215 30.64611 0.0 261.7
2016-10-25 14:44:56 413994093 114.3781755172414 30.64611110344828    
2016-10-25 14:47:38 413994093 114.378178 30.646108 114.378177 30.646113 0.0 261.7
2016-10-25 14:50:09 413994093 114.378178 30.646108 114.378178 30.646108 0.0 261.7
2016-10-25 14:50:52 413994093 114.378242 30.646092 114.378178 30.646108 0.0 172.7
2016-10-25 14:53:31 413994093 114.378237 30.64609 114.378242 30.646092 0.0 172.7
2016-10-25 14:56:38 413994093 114.378193 30.64613 114.378237 30.64609 0.0 85.1
2016-10-25 14:59:48 413994093 114.378188 30.646132 114.378193 30.64613 0.0 85.1
2016-10-25 15:02:10 413994093 114.378188 30.646132 114.378188 30.646132 0.0 85.1
2016-10-25 15:02:43 413994093 114.378198 30.646135 114.378188 30.646132 0.0 85.1
2016-10-25 15:05:42 413994093 114.3782 30.646137 114.378198 30.646135 0.0 85.1
2016-10-25 15:07:57 413994093 114.3782 30.646137 114.3782 30.646137 0.0 85.1
2016-10-25 15:08:24 413994093 114.3782 30.646137 114.3782 30.646137 0.0 85.1
2016-10-25 15:11:57 413994093 114.378198 30.646132 114.3782 30.646137 0.0 85.1
2016-10-25 15:14:08 413994093 114.378198 30.646132 114.378198 30.646132 0.0 85.1
2016-10-25 15:14:36 413994093 114.378205 30.646135 114.378198 30.646132 0.0 85.1
2016-10-25 15:17:42 413994093 114.378212 30.646133 114.378205 30.646135 0.0 85.1
2016-10-25 15:20:08 413994093 114.378212 30.646133 114.378212 30.646133 0.0 85.1
2016-10-25 15:20:41 413994093 114.378227 30.646128 114.378212 30.646133 0.0 85.1
2016-10-25 15:23:49 413994093 114.378208 30.646127 114.378227 30.646128 0.0 85.1
2016-10-25 15:25:52 413994093 114.378208 30.646127 114.378208 30.646127 0.0 85.1
2016-10-25 15:26:19 413994093 114.378208 30.646127 114.378208 30.646127 0.0 85.1
2016-10-25 15:29:31 413994093 114.378215 30.646133 114.378208 30.646127 0.0 85.1
2016-10-25 15:32:21 413994093 114.378215 30.646133 114.378215 30.646133 0.0 85.1
2016-10-25 15:35:43 413994093 114.378215 30.646128 114.378215 30.646133 0.0 85.1
2016-10-25 15:38:04 413994093 114.378215 30.646128 114.378215 30.646128 0.0 85.1
2016-10-25 15:38:57 413994093 114.378215 30.646127 114.378215 30.646128 0.0 85.1
2016-10-25 15:41:26 413994093 114.378213 30.646127 114.378215 30.646127 0.0 85.1
2016-10-25 15:44:37 413994093 114.378217 30.646123 114.378213 30.646127 0.0 85.1
2016-10-25 15:47:59 413994093 114.378213 30.646123 114.378217 30.646123 0.0 85.1
2016-10-25 15:50:12 413994093 114.378213 30.646123 114.378213 30.646123 0.0 85.1
2016-10-25 15:50:44 413994093 114.378207 30.64612 114.378213 30.646123 0.0 85.1
2016-10-25 15:53:42 413994093 114.378203 30.646117 114.378207 30.64612 0.0 85.1
2016-10-25 15:56:05 413994093 114.378203 30.646117 114.378203 30.646117 0.0 85.1
2016-10-25 15:56:47 413994093 114.37821 30.646117 114.378203 30.646117 0.0 85.1
2016-10-25 16:02:02 413994093 114.37821 30.646117 114.37821 30.646117 0.0 85.1
2016-10-25 16:02:25 413994093 114.378197 30.6461 114.37821 30.646117 0.0 206.6
2016-10-25 16:05:39 413994093 114.378193 30.646097 114.378197 30.6461 0.0 206.6
2016-10-25 16:07:53 413994093 114.378193 30.646097 114.378193 30.646097 0.0 206.6
2016-10-25 16:08:21 413994093 114.378193 30.646097 114.378193 30.646097 0.0 206.6
2016-10-25 16:11:51 413994093 114.378198 30.646095 114.378193 30.646097 0.0 206.6
2016-10-25 16:14:09 413994093 114.378198 30.646095 114.378198 30.646095 0.0 206.6
2016-10-25 16:14:34 413994093 114.378205 30.646097 114.378198 30.646095 0.0 206.6
2016-10-25 16:17:39 413994093 114.378202 30.646093 114.378205 30.646097 0.0 206.6
2016-10-25 16:20:23 413994093 114.3782 30.646093 114.378202 30.646093 0.0 206.6
2016-10-25 16:23:52 413994093 114.378203 30.646095 114.3782 30.646093 0.0 206.6
2016-10-25 16:25:53 413994093 114.378203 30.646095 114.378203 30.646095 0.0 206.6
2016-10-25 16:31:53 413994093 114.378205513089 30.6460937434555    
2016-10-25 16:35:26 413994093 114.378207 30.646093 114.378208 30.646095 0.0 206.6
2016-10-25 16:38:01 413994093 114.378207 30.646093 114.378207 30.646093 0.0 206.6
2016-10-25 16:38:29 413994093 114.378213 30.646088 114.378207 30.646093 0.0 206.6
2016-10-25 16:41:39 413994093 114.378208 30.646087 114.378213 30.646088 0.0 206.6
2016-10-25 16:43:49 413994093 114.378208 30.646087 114.378208 30.646087 0.0 206.6
2016-10-25 16:44:17 413994093 114.378208 30.646087 114.378208 30.646087 0.0 206.6
2016-10-25 16:47:43 413994093 114.378188 30.646077 114.378208 30.646087 0.0 285.3
2016-10-25 16:50:13 413994093 114.378188 30.646077 114.378188 30.646077 0.0 285.3
2016-10-25 16:50:36 413994093 114.378283 30.646082 114.378188 30.646077 0.2 265.7
2016-10-25 16:51:12 413994093 114.378217 30.646122 114.378283 30.646082 0.0 265.7
2016-10-25 16:54:02 413994093 114.37822 30.646117 114.378217 30.646122 0.0 265.7
2016-10-25 16:56:07 413994093 114.37822 30.646117 114.37822 30.646117 0.0 265.7
2016-10-25 16:56:33 413994093 114.37822 30.646117 114.37822 30.646117 0.0 265.7
2016-10-25 16:57:13 413994093 114.378217 30.646112 114.37822 30.646117 0.0 265.7
2016-10-25 17:00:04 413994093 114.378217 30.646115 114.378217 30.646112 0.0 265.7
2016-10-25 17:01:48 413994093 114.378217 30.646115 114.378217 30.646115 0.0 265.7
2016-10-25 17:02:43 413994093 114.378217 30.646115 114.378217 30.646115 0.0 265.7
2016-10-25 17:05:57 413994093 114.378187 30.646123 114.378217 30.646115 0.0 267.3
2016-10-25 17:07:55 413994093 114.378187 30.646123 114.378187 30.646123 0.0 267.3
2016-10-25 17:08:22 413994093 114.378187 30.646123 114.378187 30.646123 0.0 267.3
2016-10-25 17:09:27 413994093 114.378292 30.646213 114.378187 30.646123 0.0 177.1
2016-10-25 17:12:11 413994093 114.378282 30.646198 114.378292 30.646213 0.0 177.1
2016-10-25 17:14:18 413994093 114.378282 30.646198 114.378282 30.646198 0.0 177.1
2016-10-25 17:15:13 413994093 114.378262 30.646145 114.378282 30.646198 0.0 55.3
2016-10-25 17:20:01 413994093 114.378262 30.646145 114.378262 30.646145 0.0 55.3
2016-10-25 17:20:29 413994093 114.378262 30.646145 114.378262 30.646145 0.0 55.3
2016-10-25 17:21:07 413994093 114.378227 30.646172 114.378262 30.646145 0.0 76.3
2016-10-25 17:24:00 413994093 114.378232 30.646175 114.378227 30.646172 0.0 76.3
2016-10-25 17:26:39 413994093 114.378232 30.646175 114.378232 30.646175 0.0 76.3
2016-10-25 17:32:39 413994093 114.3782271857355 30.64617072065379    
2016-10-25 17:37:52 413994093 114.378223 30.646167 114.378223 30.646167 0.0 76.3
2016-10-25 17:38:34 413994093 114.378223 30.646167 114.378223 30.646167 0.0 76.3
2016-10-25 17:39:02 413994093 114.378223 30.646165 114.378223 30.646167 0.0 76.3
2016-10-25 17:42:08 413994093 114.378235 30.64617 114.378223 30.646165 0.0 76.3
2016-10-25 17:43:56 413994093 114.378235 30.64617 114.378235 30.64617 0.0 76.3
2016-10-25 17:44:22 413994093 114.378235 30.64617 114.378235 30.64617 0.0 76.3
2016-10-25 17:48:08 413994093 114.378243 30.64617 114.378235 30.64617 0.0 76.3
2016-10-25 17:50:07 413994093 114.378243 30.64617 114.378243 30.64617 0.0 76.3
2016-10-25 17:51:10 413994093 114.378228 30.646117 114.378243 30.64617 0.0 180.2
2016-10-25 17:53:57 413994093 114.378253 30.646122 114.378228 30.646117 0.0 180.2
2016-10-25 17:56:01 413994093 114.378253 30.646122 114.378253 30.646122 0.0 180.2
2016-10-25 17:56:25 413994093 114.378253 30.646122 114.378253 30.646122 0.0 180.2
2016-10-25 17:57:01 413994093 114.378248 30.646117 114.378253 30.646122 0.0 180.2
2016-10-25 17:59:48 413994093 114.37811 30.646055 114.378248 30.646117 0.0 167.6
2016-10-25 18:01:58 413994093 114.37811 30.646055 114.37811 30.646055 0.0 167.6
2016-10-25 18:02:27 413994093 114.37811 30.646055 114.37811 30.646055 0.0 167.6
2016-10-25 18:02:50 413994093 114.37812 30.646055 114.37811 30.646055 0.0 167.6
2016-10-25 18:05:50 413994093 114.378135 30.646057 114.37812 30.646055 0.0 167.6
2016-10-25 18:07:47 413994093 114.378135 30.646057 114.378135 30.646057 0.0 167.6
2016-10-25 18:08:54 413994093 114.378143 30.646062 114.378135 30.646057 0.0 167.6
2016-10-25 18:12:14 413994093 114.378152 30.646058 114.378143 30.646062 0.0 167.6
2016-10-25 18:14:06 413994093 114.378152 30.646058 114.378152 30.646058 0.0 167.6
2016-10-25 18:14:34 413994093 114.378152 30.646058 114.378152 30.646058 0.0 167.6
2016-10-25 18:17:49 413994093 114.378378 30.646083 114.378402 30.646092 0.0 155.1
2016-10-25 18:19:53 413994093 114.378378 30.646083 114.378378 30.646083 0.0 155.1
2016-10-25 18:20:31 413994093 114.378378 30.646083 114.378378 30.646083 0.0 155.1
2016-10-25 18:20:57 413994093 114.378358 30.646082 114.378378 30.646083 0.0 155.1
2016-10-25 18:23:59 413994093 114.378347 30.646077 114.378358 30.646082 0.0 155.1
2016-10-25 18:25:59 413994093 114.378347 30.646077 114.378347 30.646077 0.0 155.1
2016-10-25 18:26:16 413994093 114.378347 30.646077 114.378347 30.646077 0.0 155.1
2016-10-25 18:30:02 413994093 114.378323 30.646075 114.378347 30.646077 0.0 155.1
2016-10-25 18:36:02 413994093 114.3783222340426 30.64607346808511    
2016-10-25 18:37:52 413994093 114.378322 30.646073 114.378322 30.646073 0.0 155.1
2016-10-25 18:38:26 413994093 114.378322 30.646073 114.378322 30.646073 0.0 155.1
2016-10-25 18:41:56 413994093 114.37831 30.64607 114.378322 30.646073 0.0 155.1
2016-10-25 18:43:47 413994093 114.37831 30.64607 114.37831 30.64607 0.0 155.1
2016-10-25 18:44:33 413994093 114.37831 30.64607 114.37831 30.64607 0.0 155.1
2016-10-25 18:50:33 413994093 114.3783068998924 30.64606689989236    
2016-10-25 18:56:33 413994093 114.3783037997847 30.64606379978472    
2016-10-25 19:00:02 413994093 114.378302 30.646062 114.378292 30.646067 0.0 155.1
2016-10-25 19:02:20 413994093 114.378302 30.646062 114.378302 30.646062 0.0 155.1
2016-10-25 19:02:54 413994093 114.378298 30.646062 114.378302 30.646062 0.0 155.1
2016-10-25 19:05:58 413994093 114.378297 30.646062 114.378298 30.646062 0.0 155.1
2016-10-25 19:07:55 413994093 114.378297 30.646062 114.378297 30.646062 0.0 155.1
2016-10-25 19:08:27 413994093 114.378297 30.646062 114.378297 30.646062 0.0 155.1
2016-10-25 19:08:47 413994093 114.378297 30.64606 114.378297 30.646062 0.0 155.1
2016-10-25 19:11:56 413994093 114.378292 30.64606 114.378297 30.64606 0.0 155.1
2016-10-25 19:13:52 413994093 114.378292 30.64606 114.378292 30.64606 0.0 155.1
2016-10-25 19:15:01 413994093 114.378298 30.646065 114.378292 30.64606 0.0 155.1
2016-10-25 19:17:49 413994093 114.378283 30.646062 114.378298 30.646065 0.0 155.1
2016-10-25 19:19:55 413994093 114.378283 30.646062 114.378283 30.646062 0.0 155.1
2016-10-25 19:20:16 413994093 114.378283 30.646062 114.378283 30.646062 0.0 155.1
2016-10-25 19:20:58 413994093 114.378283 30.646062 114.378283 30.646062 0.0 155.1
2016-10-25 19:23:44 413994093 114.37828 30.646062 114.378283 30.646062 0.0 155.1
2016-10-25 19:26:05 413994093 114.37828 30.646062 114.37828 30.646062 0.0 155.1
2016-10-25 19:26:30 413994093 114.37828 30.646062 114.37828 30.646062 0.0 155.1
2016-10-25 19:26:50 413994093 114.378272 30.646065 114.37828 30.646062 0.0 155.1
2016-10-25 19:29:56 413994093 114.378282 30.64607 114.378272 30.646065 0.0 155.1
2016-10-25 19:31:46 413994093 114.378282 30.64607 114.378282 30.64607 0.0 155.1
2016-10-25 19:32:28 413994093 114.378282 30.64607 114.378282 30.64607 0.0 155.1
2016-10-25 19:32:46 413994093 114.378272 30.646067 114.378282 30.64607 0.0 155.1
2016-10-25 19:38:46 413994093 114.3782736314199 30.64607026283988    
2016-10-25 19:43:48 413994093 114.378275 30.646073 114.378275 30.646073 0.0 155.1
2016-10-25 19:44:21 413994093 114.378275 30.646073 114.378275 30.646073 0.0 155.1
2016-10-25 19:44:51 413994093 114.378273 30.646075 114.378275 30.646073 0.0 155.1
2016-10-25 19:47:51 413994093 114.378268 30.646073 114.378273 30.646075 0.0 155.1
2016-10-25 19:50:19 413994093 114.378268 30.646073 114.378268 30.646073 0.0 155.1
2016-10-25 19:50:55 413994093 114.378213 30.646145 114.378268 30.646073 0.0 152.4
2016-10-25 19:53:55 413994093 114.378217 30.646135 114.378213 30.646145 0.0 152.4
2016-10-25 19:55:58 413994093 114.378217 30.646135 114.378217 30.646135 0.0 152.4
2016-10-25 19:56:19 413994093 114.378217 30.646135 114.378217 30.646135 0.0 152.4
2016-10-25 19:56:51 413994093 114.37822 30.646135 114.378217 30.646135 0.0 152.4
2016-10-25 20:02:51 413994093 114.37822 30.6461284939759    
2016-10-25 20:07:55 413994093 114.37822 30.646123 114.37822 30.646123 0.0 146.8
2016-10-25 20:08:11 413994093 114.37822 30.646123 114.37822 30.646123 0.0 146.8
2016-10-25 20:08:52 413994093 114.378218 30.646127 114.37822 30.646123 0.0 146.8
2016-10-25 20:11:54 413994093 114.378222 30.646145 114.378218 30.646127 0.0 146.8
2016-10-25 20:13:45 413994093 114.378222 30.646145 114.378222 30.646145 0.0 146.8
2016-10-25 20:14:19 413994093 114.378222 30.646145 114.378222 30.646145 0.0 146.8
2016-10-25 20:14:56 413994093 114.37822 30.64614 114.378222 30.646145 0.0 146.8
2016-10-25 20:17:44 413994093 114.37822 30.646138 114.37822 30.64614 0.0 146.8
2016-10-25 20:19:47 413994093 114.37822 30.646138 114.37822 30.646138 0.0 146.8
2016-10-25 20:20:15 413994093 114.37822 30.646138 114.37822 30.646138 0.0 146.8
2016-10-25 20:20:57 413994093 114.37822 30.646138 114.37822 30.646138 0.0 146.8
2016-10-25 20:23:52 413994093 114.37822 30.646137 114.37822 30.646138 0.0 146.8
2016-10-25 20:26:00 413994093 114.37822 30.646137 114.37822 30.646137 0.0 146.8
2016-10-25 20:26:16 413994093 114.37822 30.646137 114.37822 30.646137 0.0 146.8
2016-10-25 20:26:57 413994093 114.378222 30.646135 114.37822 30.646137 0.0 146.8
2016-10-25 20:29:48 413994093 114.378217 30.646137 114.378222 30.646135 0.0 146.8
2016-10-25 20:31:53 413994093 114.378217 30.646137 114.378217 30.646137 0.0 146.8
2016-10-25 20:32:12 413994093 114.378217 30.646137 114.378217 30.646137 0.0 146.8
2016-10-25 20:32:50 413994093 114.378218 30.646133 114.378217 30.646137 0.0 146.8
2016-10-25 20:35:40 413994093 114.378217 30.646132 114.378218 30.646133 0.0 146.8
2016-10-25 20:37:47 413994093 114.378217 30.646132 114.378217 30.646132 0.0 146.8
2016-10-25 20:38:24 413994093 114.378217 30.646132 114.378217 30.646132 0.0 146.8
2016-10-25 20:38:52 413994093 114.378217 30.646132 114.378217 30.646132 0.0 146.8
2016-10-25 20:41:42 413994093 114.378217 30.646128 114.378217 30.646132 0.0 146.8
2016-10-25 20:43:54 413994093 114.378217 30.646128 114.378217 30.646128 0.0 146.8
2016-10-25 20:44:14 413994093 114.378217 30.646128 114.378217 30.646128 0.0 146.8
2016-10-25 20:44:42 413994093 114.378218 30.646128 114.378217 30.646128 0.0 146.8
2016-10-25 20:47:47 413994093 114.378222 30.646125 114.378218 30.646128 0.0 146.8
2016-10-25 20:49:45 413994093 114.378222 30.646125 114.378222 30.646125 0.0 146.8
2016-10-25 20:50:31 413994093 114.378222 30.646125 114.378222 30.646125 0.0 146.8
2016-10-25 20:50:50 413994093 114.378218 30.646128 114.378222 30.646125 0.0 146.8
2016-10-25 20:53:42 413994093 114.378218 30.646127 114.378218 30.646128 0.0 146.8
2016-10-25 20:55:56 413994093 114.378218 30.646127 114.378218 30.646127 0.0 146.8
2016-10-25 20:56:14 413994093 114.378218 30.646127 114.378218 30.646127 0.0 146.8
2016-10-25 20:57:01 413994093 114.37822 30.646122 114.378218 30.646127 0.0 146.8
2016-10-25 20:59:56 413994093 114.37822 30.646118 114.37822 30.646122 0.0 146.8
2016-10-25 21:01:53 413994093 114.37822 30.646118 114.37822 30.646118 0.0 146.8
2016-10-25 21:02:42 413994093 114.378215 30.646118 114.37822 30.646118 0.0 146.8
2016-10-25 21:05:45 413994093 114.378217 30.646117 114.378215 30.646118 0.0 146.8
2016-10-25 21:07:55 413994093 114.378217 30.646117 114.378217 30.646117 0.0 146.8
2016-10-25 21:08:15 413994093 114.378217 30.646117 114.378217 30.646117 0.0 146.8
2016-10-25 21:08:45 413994093 114.378217 30.646118 114.378217 30.646117 0.0 146.8
2016-10-25 21:11:51 413994093 114.378218 30.646113 114.378217 30.646118 0.0 146.8
2016-10-25 21:14:26 413994093 114.378218 30.646113 114.378218 30.646113 0.0 146.8
2016-10-25 21:14:43 413994093 114.378218 30.646107 114.378218 30.646113 0.0 146.8
2016-10-25 21:17:38 413994093 114.378217 30.646107 114.378218 30.646107 0.0 146.8
2016-10-25 21:19:59 413994093 114.378217 30.646107 114.378217 30.646107 0.0 146.8
2016-10-25 21:20:16 413994093 114.378217 30.646107 114.378217 30.646107 0.0 146.8
2016-10-25 21:20:50 413994093 114.378213 30.646103 114.378217 30.646107 0.0 146.8
2016-10-25 21:23:50 413994093 114.37822 30.646107 114.378213 30.646103 0.0 146.8
2016-10-25 21:25:46 413994093 114.37822 30.646107 114.37822 30.646107 0.0 146.8
2016-10-25 21:26:37 413994093 114.378213 30.646103 114.37822 30.646107 0.0 146.8
2016-10-25 21:29:51 413994093 114.37822 30.646098 114.378213 30.646103 0.0 146.8
2016-10-25 21:31:47 413994093 114.37822 30.646098 114.37822 30.646098 0.0 146.8
2016-10-25 21:32:23 413994093 114.37822 30.646098 114.37822 30.646098 0.0 146.8
2016-10-25 21:32:35 413994093 114.378218 30.646098 114.37822 30.646098 0.0 146.8
2016-10-25 21:35:45 413994093 114.378222 30.646102 114.378218 30.646098 0.0 146.8
2016-10-25 21:37:54 413994093 114.378222 30.646102 114.378222 30.646102 0.0 146.8
2016-10-25 21:38:27 413994093 114.378222 30.646102 114.378222 30.646102 0.0 146.8
2016-10-25 21:38:41 413994093 114.378218 30.6461 114.378222 30.646102 0.0 146.8
2016-10-25 21:41:47 413994093 114.378218 30.646093 114.378218 30.6461 0.0 146.8
2016-10-25 21:43:44 413994093 114.378218 30.646093 114.378218 30.646093 0.0 146.8
2016-10-25 21:44:28 413994093 114.378218 30.646093 114.378218 30.646093 0.0 146.8
2016-10-25 21:44:46 413994093 114.378218 30.646095 114.378218 30.646093 0.0 146.8
2016-10-25 21:47:42 413994093 114.378218 30.646095 114.378218 30.646095 0.0 146.8
2016-10-25 21:49:49 413994093 114.378218 30.646095 114.378218 30.646095 0.0 146.8
2016-10-25 21:50:21 413994093 114.378218 30.646095 114.378218 30.646095 0.0 146.8
2016-10-25 21:50:46 413994093 114.378218 30.646095 114.378218 30.646095 0.0 146.8
2016-10-25 21:53:44 413994093 114.378218 30.646093 114.378218 30.646095 0.0 146.8
2016-10-25 21:55:51 413994093 114.378218 30.646093 114.378218 30.646093 0.0 146.8
2016-10-25 21:56:21 413994093 114.378218 30.646093 114.378218 30.646093 0.0 146.8
2016-10-25 21:56:49 413994093 114.378213 30.646092 114.378218 30.646093 0.0 146.8
2016-10-25 21:59:36 413994093 114.378218 30.64609 114.378213 30.646092 0.0 146.8
2016-10-25 22:01:48 413994093 114.378218 30.64609 114.378218 30.64609 0.0 146.8
2016-10-25 22:02:22 413994093 114.378218 30.64609 114.378218 30.64609 0.0 146.8
2016-10-25 22:02:36 413994093 114.378222 30.64609 114.378218 30.64609 0.0 146.8
2016-10-25 22:05:38 413994093 114.378218 30.646088 114.378222 30.64609 0.0 146.8
2016-10-25 22:07:57 413994093 114.378218 30.646088 114.378218 30.646088 0.0 146.8
2016-10-25 22:08:13 413994093 114.378218 30.646088 114.378218 30.646088 0.0 146.8
2016-10-25 22:11:37 413994093 114.378215 30.64609 114.378218 30.646088 0.0 146.8
2016-10-25 22:14:26 413994093 114.378215 30.64609 114.378215 30.64609 0.0 146.8
2016-10-25 22:14:39 413994093 114.378235 30.646063 114.378215 30.64609 0.0 268.6
2016-10-25 22:17:41 413994093 114.378232 30.646065 114.378235 30.646063 0.0 268.6
2016-10-25 22:19:50 413994093 114.378232 30.646065 114.378232 30.646065 0.0 268.6
2016-10-25 22:20:11 413994093 114.378232 30.646065 114.378232 30.646065 0.0 268.6
2016-10-25 22:20:45 413994093 114.378227 30.646063 114.378232 30.646065 0.0 268.6
2016-10-25 22:23:44 413994093 114.378223 30.646065 114.378227 30.646063 0.0 268.6
2016-10-25 22:25:56 413994093 114.378223 30.646065 114.378223 30.646065 0.0 268.6
2016-10-25 22:26:18 413994093 114.378223 30.646065 114.378223 30.646065 0.0 268.6
2016-10-25 22:26:34 413994093 114.378223 30.646065 114.378223 30.646065 0.0 268.6
2016-10-25 22:29:34 413994093 114.378222 30.646063 114.378223 30.646065 0.0 268.6
2016-10-25 22:31:47 413994093 114.378222 30.646063 114.378222 30.646063 0.0 268.6
2016-10-25 22:32:30 413994093 114.378222 30.646063 114.378222 30.646063 0.0 268.6
2016-10-25 22:35:44 413994093 114.378222 30.64607 114.378222 30.646063 0.0 268.6
2016-10-25 22:37:52 413994093 114.378222 30.64607 114.378222 30.64607 0.0 268.6
2016-10-25 22:38:12 413994093 114.378222 30.64607 114.378222 30.64607 0.0 268.6
2016-10-25 22:38:48 413994093 114.378222 30.646065 114.378222 30.64607 0.0 268.6
2016-10-25 22:41:45 413994093 114.378222 30.646068 114.378222 30.646065 0.0 268.6
2016-10-25 22:44:06 413994093 114.378222 30.646068 114.378222 30.646068 0.0 268.6
2016-10-25 22:44:23 413994093 114.378222 30.646068 114.378222 30.646068 0.0 268.6
2016-10-25 22:44:39 413994093 114.378223 30.64607 114.378222 30.646068 0.0 268.6
2016-10-25 22:47:37 413994093 114.37822 30.646072 114.378223 30.64607 0.0 268.6
2016-10-25 22:49:43 413994093 114.37822 30.646072 114.37822 30.646072 0.0 268.6
2016-10-25 22:50:17 413994093 114.37822 30.646072 114.37822 30.646072 0.0 268.6
2016-10-25 22:50:40 413994093 114.378218 30.646045 114.37822 30.646072 0.0 281.7
2016-10-25 22:53:46 413994093 114.378223 30.646042 114.378218 30.646045 0.0 281.7
2016-10-25 22:55:55 413994093 114.378223 30.646042 114.378223 30.646042 0.0 281.7
2016-10-25 22:56:16 413994093 114.378223 30.646042 114.378223 30.646042 0.0 281.7
2016-10-25 22:59:35 413994093 114.378217 30.646055 114.378223 30.646042 0.0 281.7
2016-10-25 23:01:48 413994093 114.378217 30.646055 114.378217 30.646055 0.0 281.7
2016-10-25 23:02:14 413994093 114.378217 30.646055 114.378217 30.646055 0.0 281.7
2016-10-25 23:02:34 413994093 114.378205 30.646025 114.378217 30.646055 0.0 70.7
2016-10-25 23:05:43 413994093 114.378205 30.646053 114.378205 30.646025 0.0 70.7
2016-10-25 23:07:50 413994093 114.378205 30.646053 114.378205 30.646053 0.0 70.7
2016-10-25 23:08:16 413994093 114.378205 30.646053 114.378205 30.646053 0.0 70.7
2016-10-25 23:08:37 413994093 114.3782 30.64606 114.378205 30.646053 0.0 70.7
2016-10-25 23:11:37 413994093 114.378202 30.646067 114.3782 30.64606 0.0 70.7
2016-10-25 23:13:43 413994093 114.378202 30.646067 114.378202 30.646067 0.0 70.7
2016-10-25 23:14:25 413994093 114.378202 30.646067 114.378202 30.646067 0.0 70.7
2016-10-25 23:14:39 413994093 114.378202 30.646087 114.378202 30.646067 0.0 70.7
2016-10-25 23:17:39 413994093 114.378198 30.646078 114.378202 30.646087 0.0 70.7
2016-10-25 23:19:48 413994093 114.378198 30.646078 114.378198 30.646078 0.0 70.7
2016-10-25 23:20:33 413994093 114.378222 30.646057 114.378198 30.646078 0.0 149.1
2016-10-25 23:23:43 413994093 114.378218 30.646067 114.378222 30.646057 0.0 149.1
2016-10-25 23:25:50 413994093 114.378218 30.646067 114.378218 30.646067 0.0 149.1
2016-10-25 23:26:14 413994093 114.378218 30.646067 114.378218 30.646067 0.0 149.1
2016-10-25 23:26:34 413994093 114.378217 30.646073 114.378218 30.646067 0.0 149.1
2016-10-25 23:29:34 413994093 114.378217 30.646078 114.378217 30.646073 0.0 149.1
2016-10-25 23:31:56 413994093 114.378217 30.646078 114.378217 30.646078 0.0 149.1
2016-10-25 23:32:12 413994093 114.378217 30.646078 114.378217 30.646078 0.0 149.1
2016-10-25 23:32:38 413994093 114.378213 30.646078 114.378217 30.646078 0.0 149.1
2016-10-25 23:35:33 413994093 114.37821 30.64608 114.378213 30.646078 0.0 149.1
2016-10-25 23:37:57 413994093 114.37821 30.64608 114.37821 30.64608 0.0 149.1
2016-10-25 23:38:14 413994093 114.37821 30.64608 114.37821 30.64608 0.0 149.1
2016-10-25 23:38:32 413994093 114.378213 30.646085 114.37821 30.64608 0.0 149.1
2016-10-25 23:41:46 413994093 114.378177 30.646093 114.378213 30.646085 0.0 181.6
2016-10-25 23:43:42 413994093 114.378177 30.646093 114.378177 30.646093 0.0 181.6
2016-10-25 23:44:22 413994093 114.378177 30.646093 114.378177 30.646093 0.0 181.6
2016-10-25 23:44:44 413994093 114.378182 30.646093 114.378177 30.646093 0.0 181.6
2016-10-25 23:47:41 413994093 114.37819 30.646098 114.378182 30.646093 0.0 181.6
2016-10-25 23:50:27 413994093 114.37819 30.646098 114.37819 30.646098 0.0 181.6
2016-10-25 23:53:48 413994093 114.37819 30.646093 114.37819 30.646098 0.0 181.6
2016-10-25 23:55:58 413994093 114.37819 30.646093 114.37819 30.646093 0.0 181.6
2016-10-25 23:56:26 413994093 114.37819 30.646093 114.37819 30.646093 0.0 181.6
2016-10-25 23:59:40 413994093 114.3782 30.646095 114.37819 30.646093 0.0 181.6
