2016-10-25 0:01:42 413932549 114.280107 30.56698 114.280107 30.566987 0.0 0.0 1.0
2016-10-25 0:05:03 413932549 114.280107 30.567003 114.280107 30.56698 0.0 0.0 1.0
2016-10-25 0:08:02 413932549 114.280107 30.566997 114.280107 30.567003 0.0 0.0 1.0
2016-10-25 0:10:14 413932549 114.280107 30.567 114.280107 30.566997 0.0 0.0 1.0
2016-10-25 0:11:21 413932549 114.280107 30.56698 114.280107 30.567 0.0 0.0 0.0
2016-10-25 0:13:20 413932549 114.280107 30.566977 114.280107 30.56698 0.0 0.0 1.0
2016-10-25 0:14:44 413932549 114.28008 30.56695 114.280107 30.566977 0.0 0.0 1.0
2016-10-25 0:15:05 413932549 114.28008 30.56695 114.28008 30.56695 0.0 0.0 1.0
2016-10-25 00:21:05 413932549 114.2800952590267 30.56696525902669     
2016-10-25 0:25:42 413932549 114.280107 30.566977 114.280093 30.566983 0.0 0.0 1.0
2016-10-25 0:28:12 413932549 114.280093 30.56698 114.280107 30.566977 0.0 0.0 0.0
2016-10-25 0:29:45 413932549 114.280093 30.56698 114.280093 30.56698 0.0 0.0 1.0
2016-10-25 0:30:14 413932549 114.280093 30.56698 114.280093 30.56698 0.0 0.0 1.0
2016-10-25 0:32:50 413932549 114.280107 30.567 114.280093 30.56698 0.0 0.0 1.0
2016-10-25 0:36:15 413932549 114.280107 30.56698 114.280107 30.567 0.0 0.0 1.0
2016-10-25 0:38:03 413932549 114.28008 30.567007 114.280107 30.56698 0.0 0.0 1.0
2016-10-25 0:41:08 413932549 114.28008 30.567007 114.28008 30.567007 0.0 0.0 1.0
2016-10-25 0:41:24 413932549 114.280093 30.566983 114.28008 30.567007 0.0 0.0 0.0
2016-10-25 0:43:04 413932549 114.28008 30.567 114.280093 30.566983 0.0 0.0 1.0
2016-10-25 0:46:06 413932549 114.28012 30.567043 114.28008 30.567 0.0 0.0 1.0
2016-10-25 0:47:03 413932549 114.28016 30.567063 114.28012 30.567043 0.0 0.0 1.0
2016-10-25 00:53:03 413932549 114.2801159854015 30.56701964233577     
2016-10-25 0:56:11 413932549 114.280093 30.566997 114.280093 30.566967 0.0 0.0 0.0
2016-10-25 0:59:32 413932549 114.280107 30.566977 114.280093 30.566997 0.0 0.0 0.0
2016-10-25 1:00:23 413932549 114.28008 30.566973 114.280107 30.566977 0.0 0.0 1.0
2016-10-25 1:01:38 413932549 114.28008 30.566973 114.28008 30.566973 0.0 0.0 1.0
2016-10-25 1:04:00 413932549 114.28008 30.566977 114.28008 30.566973 0.0 0.0 1.0
2016-10-25 1:09:31 413932549 114.280093 30.566977 114.28008 30.566977 0.0 0.0 0.0
2016-10-25 1:13:38 413932549 114.280107 30.566963 114.280093 30.566977 0.0 0.0 1.0
2016-10-25 1:15:05 413932549 114.28012 30.566977 114.280107 30.566963 0.0 0.0 1.0
2016-10-25 01:21:05 413932549 114.2801152094628 30.56698232281913     
2016-10-25 01:27:05 413932549 114.2801104189256 30.56698764563825     
2016-10-25 01:33:05 413932549 114.2801056283884 30.56699296845737     
2016-10-25 01:39:05 413932549 114.2801008378512 30.56699829127649     
2016-10-25 01:45:05 413932549 114.2800960473139 30.56700361409561     
2016-10-25 1:48:54 413932549 114.280093 30.567007 114.280107 30.56695 0.0 0.0 1.0
2016-10-25 01:54:54 413932549 114.280093 30.56698518181818     
2016-10-25 1:55:30 413932549 114.280093 30.566983 114.280093 30.566977 0.0 0.0 0.0
2016-10-25 1:56:23 413932549 114.280093 30.567 114.280093 30.566983 0.0 0.0 1.0
2016-10-25 02:02:23 413932549 114.2801040526316 30.56699447368421     
2016-10-25 2:03:59 413932549 114.280107 30.566993 114.280107 30.56698 0.0 0.0 1.0
2016-10-25 2:07:08 413932549 114.280093 30.566963 114.280107 30.566993 0.0 0.0 1.0
2016-10-25 2:09:30 413932549 114.280107 30.566967 114.280093 30.566963 0.0 0.0 1.0
2016-10-25 2:11:39 413932549 114.280107 30.566977 114.280107 30.566967 0.0 0.0 1.0
2016-10-25 02:17:39 413932549 114.28009326703 30.56698288555858     
2016-10-25 2:17:46 413932549 114.280093 30.566983 114.280093 30.56698 0.0 0.0 1.0
2016-10-25 2:19:23 413932549 114.28008 30.56698 114.280093 30.566983 0.0 0.0 1.0
2016-10-25 2:21:02 413932549 114.280093 30.56698 114.28008 30.56698 0.0 0.0 1.0
2016-10-25 2:22:00 413932549 114.280093 30.56698 114.280093 30.56698 0.0 0.0 1.0
2016-10-25 02:28:00 413932549 114.280086147877 30.56699581259151     
2016-10-25 2:33:23 413932549 114.28008 30.56701 114.28008 30.566987 0.0 0.0 0.0
2016-10-25 2:34:29 413932549 114.28008 30.567 114.28008 30.56701 0.0 0.0 0.0
2016-10-25 2:36:32 413932549 114.280093 30.566993 114.28008 30.567 0.0 0.0 0.0
2016-10-25 02:42:32 413932549 114.280093 30.56698601818182     
2016-10-25 02:48:32 413932549 114.280093 30.56697903636364     
2016-10-25 2:50:17 413932549 114.280093 30.566977 114.280093 30.566977 0.0 0.0 1.0
2016-10-25 2:51:21 413932549 114.280093 30.56696 114.280093 30.566977 0.0 0.0 0.0
2016-10-25 2:52:28 413932549 114.280107 30.566973 114.280093 30.56696 0.0 0.0 1.0
2016-10-25 2:52:55 413932549 114.280107 30.566977 114.280107 30.566973 0.0 0.0 1.0
2016-10-25 02:58:55 413932549 114.2801101346283 30.56697531212324     
2016-10-25 03:04:55 413932549 114.2801132692565 30.56697362424649     
2016-10-25 03:10:55 413932549 114.2801164038848 30.56697193636973     
2016-10-25 03:16:55 413932549 114.2801195385131 30.56697024849297     
2016-10-25 3:17:48 413932549 114.28012 30.56697 114.280107 30.56698 0.0 0.0 1.0
2016-10-25 3:21:40 413932549 114.28012 30.56697 114.28012 30.56697 0.0 0.0 1.0
2016-10-25 3:23:00 413932549 114.280107 30.56698 114.28012 30.56697 0.0 0.0 1.0
2016-10-25 03:29:00 413932549 114.280107 30.56698     
2016-10-25 03:35:00 413932549 114.280107 30.56698     
2016-10-25 3:35:30 413932549 114.280107 30.56698 114.280093 30.56698 0.0 0.0 1.0
2016-10-25 3:38:50 413932549 114.280107 30.566983 114.280107 30.56698 0.0 0.0 1.0
2016-10-25 3:40:20 413932549 114.280107 30.566993 114.280107 30.566983 0.0 0.0 0.0
2016-10-25 3:41:43 413932549 114.280093 30.56699 114.280107 30.566993 0.0 0.0 1.0
2016-10-25 3:44:31 413932549 114.280093 30.566987 114.280093 30.56699 0.0 0.0 1.0
2016-10-25 3:47:02 413932549 114.280093 30.567013 114.280093 30.566987 0.0 0.0 1.0
2016-10-25 3:50:06 413932549 114.28008 30.56699 114.280093 30.567013 0.0 0.0 1.0
2016-10-25 3:52:12 413932549 114.280107 30.566997 114.28008 30.56699 0.0 0.0 1.0
2016-10-25 03:58:12 413932549 114.280102359116 30.566997     
2016-10-25 04:04:12 413932549 114.280097718232 30.566997     
2016-10-25 04:10:12 413932549 114.2800930773481 30.566997     
2016-10-25 4:10:18 413932549 114.280093 30.566997 114.28008 30.56701 0.0 0.0 1.0
2016-10-25 4:12:22 413932549 114.28008 30.566997 114.280093 30.566997 0.0 0.0 0.0
2016-10-25 4:12:50 413932549 114.28008 30.566997 114.28008 30.566997 0.0 0.0 0.0
2016-10-25 4:16:34 413932549 114.280093 30.56698 114.28008 30.566997 0.0 0.0 1.0
2016-10-25 04:22:34 413932549 114.2800983674121 30.56696466453674     
2016-10-25 04:28:34 413932549 114.2801037348243 30.56694932907348     
2016-10-25 4:32:13 413932549 114.280107 30.56694 114.280093 30.566993 0.0 0.0 1.0
2016-10-25 04:38:13 413932549 114.2801031230769 30.56694470769231     
2016-10-25 04:44:13 413932549 114.2800992461538 30.56694941538461     
2016-10-25 04:50:13 413932549 114.2800953692308 30.56695412307692     
2016-10-25 4:53:53 413932549 114.280093 30.566957 114.280093 30.566957 0.0 0.0 1.0
2016-10-25 4:57:36 413932549 114.280093 30.566923 114.280093 30.566957 0.0 0.0 1.0
2016-10-25 05:03:36 413932549 114.280093 30.56692920689655     
2016-10-25 05:09:36 413932549 114.280093 30.5669354137931     
2016-10-25 05:15:36 413932549 114.280093 30.56694162068965     
2016-10-25 5:16:56 413932549 114.280093 30.566943 114.280093 30.56695 0.0 0.0 1.0
2016-10-25 5:20:02 413932549 114.28012 30.566937 114.280093 30.566943 0.0 0.0 1.0
2016-10-25 5:20:59 413932549 114.280107 30.566937 114.28012 30.566937 0.0 0.0 1.0
2016-10-25 5:24:38 413932549 114.28008 30.566957 114.280107 30.566937 0.0 0.0 1.0
2016-10-25 5:25:07 413932549 114.28008 30.566957 114.28008 30.566957 0.0 0.0 1.0
2016-10-25 5:29:23 413932549 114.28008 30.56692 114.28008 30.566957 0.0 0.0 0.0
2016-10-25 05:35:23 413932549 114.2800879727427 30.56693042589438     
2016-10-25 5:39:10 413932549 114.280093 30.566937 114.280093 30.566943 0.0 0.0 1.0
2016-10-25 5:40:15 413932549 114.280093 30.56696 114.280093 30.566937 0.0 0.0 0.0
2016-10-25 5:41:34 413932549 114.280107 30.56698 114.280093 30.56696 0.0 0.0 0.0
2016-10-25 05:47:34 413932549 114.2801003651877 30.5669758225256     
2016-10-25 05:53:34 413932549 114.2800937303754 30.5669716450512     
2016-10-25 05:59:34 413932549 114.2800870955631 30.56696746757679     
2016-10-25 06:05:34 413932549 114.2800804607509 30.56696329010239     
2016-10-25 6:05:59 413932549 114.28008 30.566963 114.280093 30.566973 0.0 0.0 1.0
2016-10-25 6:08:22 413932549 114.280067 30.56698 114.28008 30.566963 0.0 0.0 1.0
2016-10-25 6:12:13 413932549 114.28008 30.56697 114.280067 30.56698 0.0 0.0 1.0
2016-10-25 6:15:36 413932549 114.280107 30.566963 114.28008 30.56697 0.0 0.0 1.0
2016-10-25 6:16:53 413932549 114.28008 30.566973 114.280107 30.566963 0.0 0.0 1.0
2016-10-25 6:19:07 413932549 114.280067 30.566993 114.28008 30.566973 0.0 0.0 1.0
2016-10-25 06:25:07 413932549 114.2801018668281 30.56698166828087     
2016-10-25 6:26:00 413932549 114.280107 30.56698 114.280093 30.56698 0.0 0.0 1.0
2016-10-25 6:30:17 413932549 114.280107 30.566973 114.280107 30.56698 0.0 0.0 1.0
2016-10-25 6:31:27 413932549 114.280093 30.566967 114.280107 30.566973 0.0 0.0 0.0
2016-10-25 6:33:32 413932549 114.28008 30.566983 114.280093 30.566967 0.0 0.0 0.0
2016-10-25 6:35:39 413932549 114.28008 30.56698 114.28008 30.566983 0.0 0.0 1.0
2016-10-25 06:41:39 413932549 114.2801068508287 30.56696011049724     
2016-10-25 6:41:41 413932549 114.280107 30.56696 114.28008 30.56698 0.0 0.0 1.0
2016-10-25 6:44:04 413932549 114.280093 30.56697 114.280107 30.56696 0.0 0.0 1.0
2016-10-25 6:46:30 413932549 114.280093 30.56697 114.280093 30.56697 0.0 0.0 1.0
2016-10-25 6:47:43 413932549 114.280093 30.566987 114.280093 30.56697 0.0 0.0 1.0
2016-10-25 6:49:00 413932549 114.280107 30.566993 114.280093 30.566987 0.0 0.0 1.0
2016-10-25 6:52:25 413932549 114.280107 30.566977 114.280107 30.566993 0.0 0.0 1.0
2016-10-25 06:58:25 413932549 114.2801 30.566997     
2016-10-25 07:04:25 413932549 114.280093 30.567017     
2016-10-25 7:04:25 413932549 114.280093 30.567017 114.28008 30.56705 0.0 0.0 1.0
2016-10-25 07:10:25 413932549 114.280093 30.5670051822636     
2016-10-25 07:16:25 413932549 114.280093 30.56699336452719     
2016-10-25 07:22:25 413932549 114.280093 30.56698154679079     
2016-10-25 07:28:25 413932549 114.280093 30.56696972905439     
2016-10-25 07:34:25 413932549 114.280093 30.56695791131798     
2016-10-25 7:38:26 413932549 114.280093 30.56695 114.286333 30.56711 0.0 0.0 1.0
2016-10-25 07:44:26 413932549 114.2831761641086 30.56485587957497     
2016-10-25 07:50:26 413932549 114.2862593282172 30.56276175914994     
2016-10-25 7:52:33 413932549 114.287347 30.562023 114.286667 30.56624 8.9 163.8 1.0
2016-10-25 7:55:16 413932549 114.289373 30.556593 114.287347 30.562023 9.2 159.0 1.0
2016-10-25 08:01:16 413932549 114.2890304193548 30.5587662718894     
2016-10-25 08:07:16 413932549 114.2886878387097 30.5609395437788     
2016-10-25 8:09:44 413932549 114.288547 30.561833 114.287627 30.551483 11.7 7.1 1.0
2016-10-25 08:15:44 413932549 114.2848535048544 30.56410484466019     
2016-10-25 08:21:44 413932549 114.2811600097087 30.56637668932039     
2016-10-25 8:23:28 413932549 114.280093 30.567033 114.280107 30.567037 0.0 0.0 0.0
2016-10-25 8:26:22 413932549 114.280093 30.567053 114.280093 30.567033 0.0 0.0 1.0
2016-10-25 8:27:47 413932549 114.280093 30.567033 114.280093 30.567053 0.0 0.0 0.0
2016-10-25 8:30:31 413932549 114.280067 30.566873 114.280093 30.567033 0.5 166.7 1.0
2016-10-25 8:33:28 413932549 114.285733 30.566833 114.280067 30.566873 10.4 114.5 1.0
2016-10-25 8:37:02 413932549 114.286453 30.55764 114.285733 30.566833 8.9 169.7 1.0
2016-10-25 8:40:34 413932549 114.287813 30.551477 114.286453 30.55764 9.0 164.9 0.0
2016-10-25 08:46:34 413932549 114.2860605280899 30.55945362921348     
2016-10-25 8:52:26 413932549 114.284347 30.567253 114.28748 30.566207 9.7 282.4 1.0
2016-10-25 08:58:26 413932549 114.2810287391304 30.56703934782609     
2016-10-25 9:00:06 413932549 114.280107 30.56698 114.280093 30.566993 0.0 0.0 1.0
2016-10-25 9:02:45 413932549 114.280107 30.56698 114.280107 30.56698 0.0 0.0 1.0
2016-10-25 9:03:17 413932549 114.280107 30.566983 114.280107 30.56698 0.0 0.0 1.0
2016-10-25 9:05:30 413932549 114.280107 30.56693 114.280107 30.566983 0.6 174.5 0.0
2016-10-25 09:11:30 413932549 114.2820095673137 30.56598254852849     
2016-10-25 09:17:30 413932549 114.2839121346274 30.56503509705698     
2016-10-25 09:23:30 413932549 114.2858147019411 30.56408764558547     
2016-10-25 09:29:30 413932549 114.2877172692548 30.56314019411396     
2016-10-25 9:32:07 413932549 114.288547 30.562727 114.288133 30.559 11.9 2.2 1.0
2016-10-25 09:38:07 413932549 114.284492060241 30.56476844578313     
2016-10-25 09:44:07 413932549 114.2804371204819 30.56680989156627     
2016-10-25 9:44:34 413932549 114.280133 30.566963 114.28012 30.566977 0.0 0.0 1.0
2016-10-25 9:46:58 413932549 114.280053 30.566957 114.280133 30.566963 0.0 0.0 1.0
2016-10-25 09:52:58 413932549 114.2800570516882 30.566957     
2016-10-25 09:58:58 413932549 114.2800611033764 30.566957     
2016-10-25 10:04:58 413932549 114.2800651550646 30.566957     
2016-10-25 10:10:58 413932549 114.2800692067528 30.566957     
2016-10-25 10:16:58 413932549 114.280073258441 30.566957     
2016-10-25 10:22:58 413932549 114.2800773101292 30.566957     
2016-10-25 10:26:57 413932549 114.28008 30.566957 114.280107 30.56697 0.5 240.2 1.0
2016-10-25 10:31:33 413932549 114.286347 30.566123 114.28008 30.566957 8.1 161.8 0.0
2016-10-25 10:32:22 413932549 114.28624 30.563833 114.286347 30.566123 8.8 180.5 0.0
2016-10-25 10:38:22 413932549 114.2867855506608 30.5647065154185     
2016-10-25 10:44:22 413932549 114.2873311013216 30.565580030837     
2016-10-25 10:50:22 413932549 114.2878766519824 30.56645354625551     
2016-10-25 10:51:17 413932549 114.28796 30.566587 114.288667 30.558267 10.7 319.4 0.0
2016-10-25 10:57:17 413932549 114.2837404776119 30.56679440298507     
2016-10-25 11:02:27 413932549 114.280107 30.566973 114.280107 30.566967 0.0 0.0 1.0
2016-10-25 11:05:54 413932549 114.280107 30.566957 114.280107 30.566973 0.0 0.0 1.0
2016-10-25 11:07:03 413932549 114.280107 30.56695 114.280107 30.566957 0.0 0.0 1.0
2016-10-25 11:11:56 413932549 114.2854 30.567087 114.280107 30.56695 10.5 116.4 1.0
2016-10-25 11:13:27 413932549 114.286147 30.564373 114.2854 30.567087 8.6 190.7 1.0
2016-10-25 11:14:12 413932549 114.28572 30.562017 114.286147 30.564373 8.7 188.5 1.0
2016-10-25 11:14:51 413932549 114.2856 30.56071 114.28572 30.562017 8.2 192.8 1.0
2016-10-25 11:16:50 413932549 114.285347 30.555507 114.2856 30.56071 9.3 150.6 1.0
2016-10-25 11:22:50 413932549 114.2842475740528 30.55787799885189     
2016-10-25 11:28:50 413932549 114.2831481481056 30.56024899770379     
2016-10-25 11:34:50 413932549 114.2820487221584 30.56261999655568     
2016-10-25 11:40:50 413932549 114.2809492962113 30.56499099540758     
2016-10-25 11:45:52 413932549 114.280027 30.56698 114.28008 30.566973 0.5 239.2 0.0
2016-10-25 11:51:47 413932549 114.28612 30.561643 114.28616 30.56204 8.6 182.7 1.0
2016-10-25 11:52:21 413932549 114.286147 30.56093 114.28612 30.561643 8.6 174.4 1.0
2016-10-25 11:58:21 413932549 114.2868833849155 30.56216986996099     
2016-10-25 12:04:21 413932549 114.287619769831 30.56340973992198     
2016-10-25 12:10:21 413932549 114.2883561547464 30.56464960988297     
2016-10-25 12:16:21 413932549 114.2890925396619 30.56588947984395     
2016-10-25 12:17:59 413932549 114.289293 30.566227 114.289293 30.566227 6.0 315.9 1.0
2016-10-25 12:23:59 413932549 114.2891196870229 30.56506730534351     
2016-10-25 12:29:59 413932549 114.2889463740458 30.56390761068702     
2016-10-25 12:35:59 413932549 114.2887730610687 30.56274791603053     
2016-10-25 12:41:59 413932549 114.2885997480916 30.56158822137404     
2016-10-25 12:47:59 413932549 114.2884264351145 30.56042852671756     
2016-10-25 12:50:44 413932549 114.288347 30.559897 114.28708 30.555657 11.8 18.2 1.0
2016-10-25 12:54:08 413932549 114.286973 30.567313 114.288347 30.559897 10.0 295.8 0.0
2016-10-25 13:00:08 413932549 114.2837525096774 30.56715692258064     
2016-10-25 13:06:08 413932549 114.2805320193548 30.56700084516129     
2016-10-25 13:07:03 413932549 114.28004 30.566977 114.280067 30.566983 0.1 0.0 1.0
2016-10-25 13:08:15 413932549 114.280053 30.566973 114.28004 30.566977 0.2 0.0 1.0
2016-10-25 13:10:43 413932549 114.281187 30.56687 114.280053 30.566973 8.5 73.2 1.0
2016-10-25 13:16:43 413932549 114.2830407204592 30.5655726873734     
2016-10-25 13:22:43 413932549 114.2848944409183 30.56427537474679     
2016-10-25 13:28:43 413932549 114.2867481613774 30.56297806212019     
2016-10-25 13:34:43 413932549 114.2886018818366 30.56168074949359     
2016-10-25 13:35:24 413932549 114.288813 30.561533 114.288813 30.561533 11.8 10.5 1.0
2016-10-25 13:37:08 413932549 114.28008 30.566963 114.288813 30.561533 0.7 250.1 1.0
2016-10-25 13:41:15 413932549 114.280107 30.56697 114.28008 30.566963 0.0 0.0 0.0
2016-10-25 13:47:15 413932549 114.2802114966443 30.56674832214765     
2016-10-25 13:51:11 413932549 114.28028 30.566603 114.280093 30.56698 2.6 87.6 1.0
2016-10-25 13:57:11 413932549 114.2833424434389 30.56044960633484     
2016-10-25 14:03:11 413932549 114.2864048868778 30.55429621266968     
2016-10-25 14:05:55 413932549 114.2878 30.551493 114.2878 30.551487 0.0 0.0 1.0
2016-10-25 14:09:13 413932549 114.287707 30.551473 114.2878 30.551493 0.8 254.7 0.0
2016-10-25 14:15:13 413932549 114.284488878453 30.56205222651934     
2016-10-25 14:18:16 413932549 114.282853 30.56743 114.28876 30.5642 6.6 261.6 1.0
2016-10-25 14:19:32 413932549 114.28104 30.56715 114.282853 30.56743 3.6 260.5 0.0
2016-10-25 14:22:31 413932549 114.280093 30.566987 114.28104 30.56715 0.0 0.0 0.0
2016-10-25 14:24:44 413932549 114.280107 30.566983 114.280093 30.566987 0.0 0.0 0.0
2016-10-25 14:30:44 413932549 114.2812349471657 30.56694139295542     
2016-10-25 14:36:44 413932549 114.2823628943313 30.56689978591084     
2016-10-25 14:42:44 413932549 114.283490841497 30.56685817886627     
2016-10-25 14:48:44 413932549 114.2846187886626 30.56681657182169     
2016-10-25 14:54:44 413932549 114.2857467358283 30.56677496477711     
2016-10-25 14:55:01 413932549 114.2858 30.566773 114.287547 30.56 10.0 297.9 1.0
2016-10-25 15:00:41 413932549 114.28008 30.567047 114.280053 30.56703 0.0 0.0 1.0
2016-10-25 15:04:59 413932549 114.28008 30.56704 114.28008 30.567047 0.0 0.0 1.0
2016-10-25 15:06:02 413932549 114.28008 30.56704 114.28008 30.56704 0.0 0.0 1.0
2016-10-25 15:12:02 413932549 114.283272631579 30.5672062200957     
2016-10-25 15:13:00 413932549 114.283787 30.567233 114.280707 30.56655 8.8 80.9 1.0
2016-10-25 15:16:14 413932549 114.286213 30.563253 114.283787 30.567233 4.1 178.6 1.0
2016-10-25 15:20:59 413932549 114.28784 30.552547 114.286213 30.563253 4.7 201.9 1.0
2016-10-25 15:26:59 413932549 114.2860304330709 30.55784530708661     
2016-10-25 15:32:59 413932549 114.2842208661417 30.56314361417323     
2016-10-25 15:37:55 413932549 114.282733 30.5675 114.28548 30.56754 7.7 260.9 1.0
2016-10-25 15:43:55 413932549 114.2849881490733 30.56474792908944     
2016-10-25 15:49:55 413932549 114.2872432981467 30.56199585817889     
2016-10-25 15:55:55 413932549 114.28949844722 30.55924378726833     
2016-10-25 15:58:36 413932549 114.290507 30.558013 114.286493 30.56632 9.0 198.8 0.0
2016-10-25 16:04:36 413932549 114.289875081557 30.55943565060241     
2016-10-25 16:10:36 413932549 114.289243163114 30.56085830120482     
2016-10-25 16:16:35 413932549 114.288613 30.562277 114.287747 30.551467 12.0 10.8 1.0
2016-10-25 16:22:35 413932549 114.2833257710843 30.56520347160069     
2016-10-25 16:26:16 413932549 114.28008 30.567 114.2806 30.567113 0.0 0.0 0.0
2016-10-25 16:29:06 413932549 114.28008 30.56699 114.28008 30.567 0.5 239.4 1.0
2016-10-25 16:35:06 413932549 114.2845466666667 30.55902722222222     
2016-10-25 16:39:54 413932549 114.28812 30.552657 114.29052 30.561603 6.1 200.8 1.0
2016-10-25 16:45:54 413932549 114.2853295336788 30.55805140414508     
2016-10-25 16:51:54 413932549 114.2825390673575 30.56344580829015     
2016-10-25 16:55:59 413932549 114.28064 30.567117 114.287533 30.566573 3.5 256.6 1.0
2016-10-25 17:01:07 413932549 114.280107 30.566963 114.28064 30.567117 0.0 0.0 1.0
2016-10-25 17:03:51 413932549 114.28012 30.566983 114.280107 30.566963 0.0 0.0 1.0
2016-10-25 17:05:51 413932549 114.280107 30.56697 114.28012 30.566983 0.0 0.0 1.0
2016-10-25 17:11:51 413932549 114.2801001133429 30.56696431850789     
2016-10-25 17:17:51 413932549 114.2800932266858 30.56695863701578     
2016-10-25 17:23:51 413932549 114.2800863400287 30.56695295552367     
2016-10-25 17:29:51 413932549 114.2800794533716 30.56694727403156     
2016-10-25 17:35:51 413932549 114.2800725667145 30.56694159253945     
2016-10-25 17:40:42 413932549 114.280067 30.566937 114.280067 30.566937 0.0 0.0 1.0
2016-10-25 17:46:42 413932549 114.281442923913 30.56699863043478     
2016-10-25 17:52:42 413932549 114.2828188478261 30.56706026086957     
2016-10-25 17:52:58 413932549 114.28288 30.567063 114.280027 30.566913 10.6 71.7 1.0
2016-10-25 17:58:58 413932549 114.284646780341 30.56143371213641     
2016-10-25 18:04:58 413932549 114.286413560682 30.55580442427282     
2016-10-25 18:09:35 413932549 114.287773 30.551473 114.287773 30.551473 0.1 0.0 1.0
2016-10-25 18:15:35 413932549 114.2868635414013 30.55597013375796     
2016-10-25 18:21:35 413932549 114.2859540828025 30.56046726751593     
2016-10-25 18:27:35 413932549 114.2850446242038 30.56496440127389     
2016-10-25 18:30:31 413932549 114.2846 30.567163 114.280067 30.567017 10.8 89.3 0.0
2016-10-25 18:36:31 413932549 114.2855986982248 30.56380086982249     
2016-10-25 18:42:31 413932549 114.2865973964497 30.56043873964497     
2016-10-25 18:47:25 413932549 114.287413 30.557693 114.2878 30.551483 11.7 16.3 0.0
2016-10-25 18:53:25 413932549 114.2840104644243 30.56202278007762     
2016-10-25 18:59:25 413932549 114.2806079288486 30.56635256015524     
2016-10-25 19:00:18 413932549 114.280107 30.56699 114.280107 30.56699 0.0 0.0 0.0
2016-10-25 19:04:16 413932549 114.280107 30.567 114.280107 30.56699 0.0 0.0 1.0
2016-10-25 19:07:36 413932549 114.28008 30.56698 114.280107 30.567 0.0 0.0 1.0
2016-10-25 19:13:36 413932549 114.28008 30.56699141045959     
2016-10-25 19:18:07 413932549 114.28008 30.567 114.28008 30.567017 0.0 0.0 1.0
2016-10-25 19:18:26 413932549 114.28008 30.567 114.28008 30.567 0.0 0.0 1.0
2016-10-25 19:24:26 413932549 114.2800762974684 30.56700569620253     
2016-10-25 19:30:26 413932549 114.2800725949367 30.56701139240506     
2016-10-25 19:36:26 413932549 114.2800688924051 30.5670170886076     
2016-10-25 19:39:30 413932549 114.280067 30.56702 114.28008 30.566983 0.0 0.0 1.0
2016-10-25 19:41:45 413932549 114.280067 30.56702 114.280067 30.56702 0.0 0.0 1.0
2016-10-25 19:45:08 413932549 114.280067 30.56694 114.280067 30.56702 0.0 0.0 1.0
2016-10-25 19:51:08 413932549 114.2800855089974 30.56695712082262     
2016-10-25 19:57:08 413932549 114.2801040179949 30.56697424164524     
2016-10-25 19:58:06 413932549 114.280107 30.566977 114.280107 30.56698 0.0 0.0 1.0
2016-10-25 19:58:34 413932549 114.280107 30.566977 114.280107 30.566977 0.0 0.0 1.0
2016-10-25 20:04:34 413932549 114.2800995 30.56699628571429     
2016-10-25 20:09:46 413932549 114.280093 30.567013 114.280107 30.567 0.0 0.0 1.0
2016-10-25 20:11:34 413932549 114.28008 30.56702 114.280093 30.567013 0.0 0.0 1.0
2016-10-25 20:15:26 413932549 114.28008 30.56698 114.28008 30.56702 0.0 0.0 1.0
2016-10-25 20:21:26 413932549 114.280101793722 30.56698807174888     
2016-10-25 20:22:52 413932549 114.280107 30.56699 114.280067 30.566967 0.0 0.0 1.0
2016-10-25 20:26:54 413932549 114.280133 30.56692 114.280107 30.56699 0.0 0.0 1.0
2016-10-25 20:32:54 413932549 114.2801234098361 30.56694471311475     
2016-10-25 20:38:54 413932549 114.2801138196721 30.56696942622951     
2016-10-25 20:43:10 413932549 114.280107 30.566987 114.280107 30.566997 0.0 0.0 1.0
2016-10-25 20:47:19 413932549 114.280107 30.56698 114.280107 30.566987 0.0 0.0 0.0
2016-10-25 20:51:30 413932549 114.280107 30.566987 114.280107 30.56698 0.0 0.0 1.0
2016-10-25 20:51:51 413932549 114.280107 30.566987 114.280107 30.566987 0.0 0.0 1.0
2016-10-25 20:56:57 413932549 114.28012 30.56699 114.280107 30.566987 0.0 0.0 1.0
2016-10-25 21:02:57 413932549 114.2801120136519 30.56698815699659     
2016-10-25 21:06:43 413932549 114.280107 30.566987 114.28012 30.566987 0.0 0.0 1.0
2016-10-25 21:10:27 413932549 114.28008 30.56698 114.280107 30.566987 0.0 0.0 0.0
2016-10-25 21:12:23 413932549 114.280093 30.56698 114.28008 30.56698 0.0 0.0 1.0
2016-10-25 21:16:34 413932549 114.280107 30.566977 114.280093 30.56698 0.0 0.0 0.0
2016-10-25 21:17:53 413932549 114.280107 30.56697 114.280107 30.566977 0.0 0.0 1.0
2016-10-25 21:21:12 413932549 114.280107 30.566993 114.280107 30.56697 0.0 0.0 1.0
2016-10-25 21:27:12 413932549 114.2800972325581 30.566993     
2016-10-25 21:29:48 413932549 114.280093 30.566993 114.280067 30.566993 0.0 0.0 1.0
2016-10-25 21:33:59 413932549 114.280093 30.566983 114.280093 30.566993 0.0 0.0 1.0
2016-10-25 21:39:59 413932549 114.280093 30.56697373756432     
2016-10-25 21:45:59 413932549 114.280093 30.56696447512865     
2016-10-25 21:51:59 413932549 114.280093 30.56695521269297     
2016-10-25 21:53:25 413932549 114.280093 30.566953 114.280093 30.566927 0.0 0.0 0.0
2016-10-25 21:59:25 413932549 114.2801000786517 30.56697524719101     
2016-10-25 22:05:17 413932549 114.280107 30.566997 114.280107 30.566997 0.0 0.0 1.0
2016-10-25 22:08:10 413932549 114.280107 30.567007 114.280107 30.566997 0.0 0.0 1.0
2016-10-25 22:14:10 413932549 114.2801186708229 30.567039319202     
2016-10-25 22:14:51 413932549 114.28012 30.567043 114.28012 30.567043 0.0 0.0 1.0
2016-10-25 22:17:58 413932549 114.280107 30.567007 114.28012 30.567043 0.0 0.0 1.0
2016-10-25 22:23:58 413932549 114.280107 30.56698914876033     
2016-10-25 22:28:03 413932549 114.280107 30.566977 114.280133 30.566987 0.0 0.0 1.0
2016-10-25 22:31:08 413932549 114.28012 30.56696 114.280107 30.566977 0.0 0.0 1.0
2016-10-25 22:37:08 413932549 114.2801166547534 30.56696591851323     
2016-10-25 22:43:08 413932549 114.2801133095068 30.56697183702645     
2016-10-25 22:49:08 413932549 114.2801099642602 30.56697775553967     
2016-10-25 22:54:27 413932549 114.280107 30.566983 114.280107 30.566987 0.0 0.0 0.0
2016-10-25 23:00:27 413932549 114.280103596894 30.56698543079001     
2016-10-25 23:06:27 413932549 114.280100193788 30.56698786158001     
2016-10-25 23:12:27 413932549 114.280096790682 30.56699029237002     
2016-10-25 23:18:27 413932549 114.280093387576 30.56699272316003     
2016-10-25 23:19:08 413932549 114.280093 30.566993 114.280107 30.566963 0.0 0.0 0.0
2016-10-25 23:21:02 413932549 114.280107 30.566977 114.280093 30.566993 0.0 0.0 1.0
2016-10-25 23:25:47 413932549 114.280107 30.56696 114.280107 30.566977 0.0 0.0 1.0
2016-10-25 23:31:47 413932549 114.2801150274443 30.56700754716981     
2016-10-25 23:35:30 413932549 114.28012 30.567037 114.28008 30.566997 0.0 0.0 1.0
2016-10-25 23:36:57 413932549 114.28012 30.567037 114.28012 30.567037 0.0 0.0 1.0
2016-10-25 23:42:57 413932549 114.2801012716763 30.56701619075145     
2016-10-25 23:45:36 413932549 114.280093 30.567007 114.280107 30.567007 0.0 0.0 1.0
2016-10-25 23:51:36 413932549 114.2800992842893 30.56699353366584     
2016-10-25 23:57:36 413932549 114.2801055685785 30.56698006733167     
2016-10-25 23:58:58 413932549 114.280107 30.566977 114.280107 30.56697 0.0 0.0 1.0
