2016-10-19 1:41:49          413804393      114.449037    30.671042     114.450128    30.671517    2.1           242.6         242
2016-10-19 1:42:16          413804393      114.449037    30.671042     114.449037    30.671042    2.1           242.6         242
2016-10-19 1:51:36          413804393      114.447673    30.67017      114.447628    30.670223    0.1           91.6          91
2016-10-19 1:54:31          413804393      114.447673    30.67017      114.447673    30.67017     0.1           91.6          91
2016-10-19 1:57:38          413804393      114.447697    30.670157     114.447673    30.67017     0             157.2         157
2016-10-19 2:00:42          413804393      114.447708    30.670147     114.447697    30.670157    0             241.1         241
2016-10-19 2:03:42          413804393      114.447703    30.670167     114.447708    30.670147    0             344.4         344
2016-10-19 2:07:04          413804393      114.447675    30.670167     114.447703    30.670167    0.2           287.6         287
2016-10-19 2:10:52          413804393      114.447657    30.670165     114.447675    30.670167    0             321.7         321
2016-10-19 2:13:58          413804393      114.447675    30.670158     114.447657    30.670165    0.1           314.9         314
2016-10-19 2:16:55          413804393      114.44768     30.67014      114.447675    30.670158    0.1           286.1         286
2016-10-19 2:19:53          413804393      114.44768     30.67016      114.44768     30.67014     0.1           136.2         136
2016-10-19 2:23:11          413804393      114.44772     30.670207     114.44768     30.67016     0.4           117.6         117
2016-10-19 2:27:06          413804393      114.447717    30.670207     114.44772     30.670207    0.1           22.7          22
2016-10-19 2:43:15          413804393      114.447752    30.67016      114.447742    30.670167    0             123.3         123
2016-10-19 2:46:27          413804393      114.447717    30.670153     114.447752    30.67016     0.1           77.3          77
2016-10-19 2:55:32          413804393      114.447725    30.67015      114.447725    30.67015     0.1           173.7         173
2016-10-19 2:58:32          413804393      114.447747    30.670133     114.447725    30.67015     0.1           109           109
2016-10-19 3:01:45          413804393      114.447718    30.670167     114.447747    30.670133    0.1           310.9         310
2016-10-19 3:21:06          413804393      114.447753    30.670128     114.447777    30.670105    0             358           358
2016-10-19 3:24:13          413804393      114.447787    30.670103     114.447753    30.670128    0.9           307.6         307
2016-10-19 3:27:12          413804393      114.447692    30.670173     114.447787    30.670103    0.2           120.7         120
2016-10-19 4:20:06          413804393      114.447712    30.670193     114.447647    30.670198    0.1           99.8          99
2016-10-19 4:29:12          413804393      114.447685    30.670178     114.44766     30.670187    0.2           88.4          88
2016-10-19 4:32:11          413804393      114.447685    30.670177     114.447685    30.670178    0.1           30.8          30
2016-10-19 4:35:22          413804393      114.447712    30.670175     114.447685    30.670177    0.1           87.8          87
2016-10-19 4:53:33          413804393      114.447678    30.67016      114.44765     30.67018     0.1           58.4          58
2016-10-19 5:31:33          413804393      114.447638    30.670218     114.44766     30.670228    0.2           56            56
2016-10-19 5:34:24          413804393      114.44767     30.670163     114.447638    30.670218    0.2           112.4         112
2016-10-19 5:37:30          413804393      114.447648    30.670202     114.44767     30.670163    0.1           90.2          90
2016-10-19 5:40:38          413804393      114.447662    30.670233     114.447648    30.670202    0.2           348.5         348
2016-10-19 5:44:33          413804393      114.44765     30.67023      114.447662    30.670233    0.1           30.6          30
2016-10-19 5:47:48          413804393      114.44765     30.670172     114.44765     30.67023     0.1           232.3         232
2016-10-19 5:50:49          413804393      114.447653    30.670175     114.44765     30.670172    0.1           181.7         181
2016-10-19 5:53:47          413804393      114.44767     30.670188     114.447653    30.670175    0.1           125.5         125
2016-10-19 5:56:56          413804393      114.447677    30.670163     114.44767     30.670188    0.2           105.1         105
2016-10-19 5:59:55          413804393      114.447682    30.670188     114.447677    30.670163    0.3           296           296
2016-10-19 6:09:09          413804393      114.447652    30.670143     114.447627    30.67016     0.1           153.1         153
2016-10-19 6:13:01          413804393      114.447652    30.670143     114.447652    30.670143    0.1           153.1         153
2016-10-19 6:16:06          413804393      114.447648    30.670138     114.447652    30.670143    0.2           164.1         164
2016-10-19 6:19:03          413804393      114.447648    30.670138     114.447648    30.670138    0.2           164.1         164
2016-10-19 6:22:12          413804393      114.447628    30.670152     114.447648    30.670138    0.1           352.9         352
2016-10-19 6:25:21          413804393      114.447663    30.670155     114.447628    30.670152    0.1           150.9         150
2016-10-19 6:28:21          413804393      114.447642    30.670175     114.447663    30.670155    0.1           301.8         301
2016-10-19 6:31:23          413804393      114.447648    30.670158     114.447642    30.670175    0.2           285.8         285
2016-10-19 6:32:27          413804393      114.447648    30.670158     114.447648    30.670158    0.2           285.8         285
2016-10-19 6:57:46          413804393      114.447687    30.670167     114.447682    30.67017     0.1           346.3         346
2016-10-19 8:48:56          413804393      114.447703    30.670177     114.447675    30.670225    0.1           3.8           3
2016-10-19 8:53:14          413804393      114.44771     30.67016      114.447703    30.670177    0.3           48.6          48
2016-10-19 8:56:02          413804393      114.447718    30.670172     114.44771     30.67016     0.1           192.6         192
2016-10-19 8:59:05          413804393      114.447708    30.670197     114.447718    30.670172    0             193.2         193
2016-10-19 9:09:14          413804393      114.447762    30.670217     114.44776     30.6702      0.1           173.2         173
2016-10-19 9:31:45          413804393      114.447753    30.670198     114.447745    30.670223    0             195.1         195
2016-10-19 9:35:00          413804393      114.447757    30.67019      114.447753    30.670198    0.1           133           133
2016-10-19 9:39:11          413804393      114.44774     30.670202     114.447757    30.67019     0.1           97.4          97
2016-10-19 9:40:07          413804393      114.44774     30.670202     114.44774     30.670202    0.1           97.4          97
2016-10-19 9:51:39          413804393      114.447748    30.6702       114.447735    30.67021     0             333.9         333
2016-10-19 9:56:42          413804393      114.447782    30.670183     114.447748    30.6702      0.3           80.5          80
2016-10-19 10:07:02         413804393      114.447765    30.670217     114.447765    30.670217    0.3           85.1          85
2016-10-19 10:51:02         413804393      114.447782    30.67019      114.44776     30.670173    0.1           227.5         227
2016-10-19 10:53:52         413804393      114.447793    30.670168     114.447782    30.67019     0             78.2          78
2016-10-19 10:56:51         413804393      114.447802    30.670192     114.447793    30.670168    0.1           74.5          74
2016-10-19 10:57:44         413804393      114.447793    30.67016      114.447802    30.670192    0.2           195.3         195
2016-10-19 11:31:25         413804393      114.44778     30.67021      114.447752    30.670242    0.1           79.9          79
2016-10-19 11:40:11         413804393      114.446517    30.671357     114.44788     30.670405    3.2           326.8         326
2016-10-19 11:40:37         413804393      114.44626     30.671755     114.446517    30.671357    3.3           332.2         332
2016-10-19 11:41:39         413804393      114.446       30.672268     114.44626     30.671755    3.2           339           339
2016-10-19 11:42:34         413804393      114.445787    30.67317      114.446       30.672268    3             349.6         349
2016-10-19 11:43:32         413804393      114.44567     30.674042     114.445787    30.67317     2.4           357.5         357
2016-10-19 11:44:01         413804393      114.44568     30.67437      114.44567     30.674042    2.2           1.9           1
2016-10-19 11:44:28         413804393      114.445688    30.674662     114.44568     30.67437     2.1           3.4           3
2016-10-19 11:48:07         413804393      114.446123    30.675982     114.445688    30.674662    1             33.9          33
2016-10-19 11:52:12         413804393      114.446573    30.67682      114.446123    30.675982    1             18.9          18
2016-10-19 11:56:12         413804393      114.447083    30.677808     114.446573    30.67682     0.9           45.9          45
2016-10-19 12:07:51         413804393      114.447737    30.678278     114.447722    30.678262    0.1           290.5         290
2016-10-19 12:11:26         413804393      114.447743    30.67832      114.447737    30.678278    0.1           230.8         230
2016-10-19 12:15:27         413804393      114.44776     30.678323     114.447743    30.67832     0.1           70.7          70
2016-10-19 12:19:44         413804393      114.447762    30.67833      114.44776     30.678323    0             234.4         234
2016-10-19 12:23:54         413804393      114.44776     30.678327     114.447762    30.67833     0.1           2.9           2
2016-10-19 12:27:30         413804393      114.447752    30.67837      114.44776     30.678327    0             318.2         318
2016-10-19 12:40:00         413804393      114.44776     30.678372     114.447762    30.678373    0             230.7         230
2016-10-19 12:44:02         413804393      114.447765    30.67835      114.44776     30.678372    0.1           292.3         292
2016-10-19 12:48:14         413804393      114.447765    30.678347     114.447765    30.67835     0.1           123.9         123
2016-10-19 12:52:11         413804393      114.447762    30.678357     114.447765    30.678347    0             296.3         296
2016-10-19 12:54:28         413804393      114.447752    30.678347     114.447762    30.678357    0.1           283.2         283
2016-10-19 12:58:36         413804393      114.447772    30.67836      114.447752    30.678347    0             85.7          85
2016-10-19 13:11:07         413804393      114.447737    30.678333     114.447738    30.67835     0             264           264
2016-10-19 13:14:47         413804393      114.447745    30.678323     114.447737    30.678333    0             347.5         347
2016-10-19 13:19:04         413804393      114.447757    30.678345     114.447745    30.678323    0             340.1         340
2016-10-19 13:22:59         413804393      114.447752    30.678342     114.447757    30.678345    0.1           186.6         186
2016-10-19 13:26:50         413804393      114.447758    30.678315     114.447752    30.678342    0.1           168.8         168
2016-10-19 13:30:45         413804393      114.44777     30.678338     114.447758    30.678315    0             281.6         281
2016-10-19 13:44:50         413804393      114.447772    30.678363     114.447772    30.678365    0.1           185.8         185
2016-10-19 13:48:36         413804393      114.447762    30.678337     114.447772    30.678363    0             167           167
2016-10-19 13:52:35         413804393      114.447763    30.678322     114.447762    30.678337    0             312.9         312
2016-10-19 13:57:00         413804393      114.447745    30.67832      114.447763    30.678322    0             124.6         124
2016-10-19 14:00:55         413804393      114.447753    30.678292     114.447745    30.67832     0.1           146.5         146
2016-10-19 14:05:00         413804393      114.447755    30.678322     114.447753    30.678292    0.1           357.5         357
2016-10-19 14:08:51         413804393      114.447755    30.678322     114.447755    30.678322    0.1           357.5         357
2016-10-19 14:13:29         413804393      114.447767    30.678357     114.447755    30.678322    0             323.9         323
2016-10-19 14:25:26         413804393      114.447758    30.67833      114.44779     30.67834     0.1           186.2         186
2016-10-19 14:30:24         413804393      114.447752    30.678352     114.447758    30.67833     0.1           242.6         242
2016-10-19 14:34:44         413804393      114.447763    30.678367     114.447752    30.678352    0             207           207
2016-10-19 14:38:34         413804393      114.447768    30.67835      114.447763    30.678367    0.1           232.5         232
2016-10-19 14:42:58         413804393      114.447795    30.678357     114.447768    30.67835     0.1           5             5
2016-10-19 14:47:05         413804393      114.447768    30.678347     114.447795    30.678357    0             27.2          27
2016-10-19 14:51:00         413804393      114.447782    30.67835      114.447768    30.678347    0             253.9         253
2016-10-19 14:55:03         413804393      114.447787    30.678355     114.447782    30.67835     0             266.6         266
2016-10-19 14:59:11         413804393      114.447768    30.678368     114.447787    30.678355    0             236.9         236
2016-10-19 15:03:05         413804393      114.447763    30.678348     114.447768    30.678368    0             267           267
2016-10-19 15:15:18         413804393      114.447775    30.678355     114.447775    30.678332    0             116.1         116
2016-10-19 15:19:13         413804393      114.447778    30.678335     114.447775    30.678355    0.1           245           245
2016-10-19 15:23:27         413804393      114.447802    30.678332     114.447778    30.678335    0             135           135
2016-10-19 15:26:22         413804393      114.447747    30.678348     114.447802    30.678332    0             227.3         227
2016-10-19 15:27:31         413804393      114.447738    30.678348     114.447747    30.678348    0             281.2         281
2016-10-19 15:30:25         413804393      114.447737    30.678373     114.447738    30.678348    0.1           310.1         310
2016-10-19 15:33:48         413804393      114.447737    30.678377     114.447737    30.678373    0.1           143.5         143
2016-10-19 15:36:33         413804393      114.447742    30.678368     114.447737    30.678377    0             313.6         313
2016-10-19 15:39:54         413804393      114.447733    30.678357     114.447742    30.678368    0             271.7         271
2016-10-19 15:43:39         413804393      114.447742    30.678355     114.447733    30.678357    0             101.2         101
2016-10-19 16:01:53         413804393      114.447743    30.678358     114.44775     30.678345    0             341.2         341
2016-10-19 16:05:56         413804393      114.447743    30.678358     114.447743    30.678358    0             341.2         341
2016-10-19 16:07:05         413804393      114.447753    30.67835      114.447743    30.678358    0             19.9          19
2016-10-19 16:09:59         413804393      114.447762    30.678338     114.447753    30.67835     0             294.6         294
2016-10-19 16:13:03         413804393      114.447772    30.678343     114.447762    30.678338    0             148.3         148
2016-10-19 16:17:11         413804393      114.447778    30.678325     114.447772    30.678343    0             108.9         108
2016-10-19 16:20:54         413804393      114.447752    30.678357     114.447778    30.678325    0             358.4         358
2016-10-19 16:24:06         413804393      114.447757    30.678325     114.447752    30.678357    0.1           163.7         163
2016-10-19 16:27:16         413804393      114.447763    30.678317     114.447757    30.678325    0.1           301.9         301
2016-10-19 16:30:28         413804393      114.44778     30.678332     114.447763    30.678317    0.1           122.7         122
2016-10-19 16:34:24         413804393      114.447763    30.678335     114.44778     30.678332    0.1           333.4         333
2016-10-19 16:38:16         413804393      114.44775     30.678313     114.447763    30.678335    0             324.8         324
2016-10-19 16:41:27         413804393      114.447752    30.678315     114.44775     30.678313    0.1           47.1          47
2016-10-19 16:43:27         413804393      114.447765    30.678327     114.447752    30.678315    0.1           324.8         324
2016-10-19 16:46:18         413804393      114.447763    30.678323     114.447765    30.678327    0             31.9          31
2016-10-19 16:49:33         413804393      114.44776     30.678375     114.447763    30.678323    0             47.7          47
2016-10-19 16:53:38         413804393      114.447758    30.678338     114.44776     30.678375    0.1           18.5          18
2016-10-19 16:57:36         413804393      114.44775     30.678363     114.447758    30.678338    0.1           353.1         353
2016-10-19 17:00:34         413804393      114.447777    30.678355     114.44775     30.678363    0.1           55.1          55
2016-10-19 17:04:40         413804393      114.44775     30.678363     114.447777    30.678355    0             28.7          28
2016-10-19 17:07:36         413804393      114.44775     30.678363     114.44775     30.678363    0             28.7          28
2016-10-19 17:20:37         413804393      114.447763    30.678337     114.447792    30.678385    0.1           61.2          61
2016-10-19 17:24:40         413804393      114.447748    30.67833      114.447763    30.678337    0             311.9         311
2016-10-19 17:28:35         413804393      114.447753    30.678363     114.447748    30.67833     0.1           186.2         186
2016-10-19 17:31:54         413804393      114.447728    30.678378     114.447753    30.678363    0             115.3         115
2016-10-19 17:36:01         413804393      114.447733    30.678348     114.447728    30.678378    0.1           122.1         122
2016-10-19 17:39:44         413804393      114.44772     30.67837      114.447733    30.678348    0.3           130           130
2016-10-19 17:43:49         413804393      114.447737    30.678363     114.44772     30.67837     0.1           6.5           6
2016-10-19 17:46:46         413804393      114.447738    30.678403     114.447737    30.678363    0.1           321.8         321
2016-10-19 17:57:17         413804393      114.447718    30.678385     114.447725    30.678368    0             53.9          53
2016-10-19 18:00:12         413804393      114.447745    30.67837      114.447718    30.678385    0             85.3          85
2016-10-19 18:10:20         413804393      114.447725    30.67838      114.447728    30.67839     0             315.2         315
2016-10-19 18:13:18         413804393      114.447727    30.678375     114.447725    30.67838     0             241.7         241
2016-10-19 18:17:19         413804393      114.447727    30.678355     114.447727    30.678375    0.1           151.4         151
2016-10-19 18:21:33         413804393      114.447737    30.67835      114.447727    30.678355    0             269.8         269
2016-10-19 18:24:25         413804393      114.447753    30.678325     114.447737    30.67835     0.1           102.3         102
2016-10-19 18:28:35         413804393      114.447752    30.678332     114.447753    30.678325    0.1           112.6         112
2016-10-19 18:32:44         413804393      114.447752    30.678337     114.447752    30.678332    0             338.5         338
2016-10-19 18:35:36         413804393      114.447752    30.67835      114.447752    30.678337    0             1.7           1
2016-10-19 18:39:46         413804393      114.447745    30.678335     114.447752    30.67835     0             180.5         180
2016-10-19 18:42:54         413804393      114.447745    30.678342     114.447745    30.678335    0             355           355
2016-10-19 18:45:42         413804393      114.44776     30.678352     114.447745    30.678342    0.1           313.2         313
2016-10-19 18:49:01         413804393      114.447753    30.678362     114.44776     30.678352    0             354.5         354
2016-10-19 18:51:46         413804393      114.447768    30.678367     114.447753    30.678362    0.1           224.6         224
2016-10-19 18:55:59         413804393      114.447768    30.678338     114.447768    30.678367    0.1           129.1         129
2016-10-19 18:59:03         413804393      114.447773    30.678322     114.447768    30.678338    0             269.4         269
2016-10-19 19:01:54         413804393      114.447755    30.678325     114.447773    30.678322    0.1           295.3         295
2016-10-19 19:05:09         413804393      114.447743    30.678333     114.447755    30.678325    0.2           336.9         336
2016-10-19 19:09:00         413804393      114.44774     30.678347     114.447743    30.678333    0             176.4         176
2016-10-19 19:12:15         413804393      114.447735    30.678363     114.44774     30.678347    0.1           127.6         127
2016-10-19 19:15:17         413804393      114.44774     30.67835      114.447735    30.678363    0             331.6         331
2016-10-19 19:18:21         413804393      114.447748    30.678358     114.44774     30.67835     0             18            18
2016-10-19 19:22:22         413804393      114.447752    30.678353     114.447748    30.678358    0.1           292           292
2016-10-19 19:24:25         413804393      114.447772    30.678345     114.447752    30.678353    0.1           108.1         108
2016-10-19 19:27:16         413804393      114.44777     30.678362     114.447772    30.678345    0             126.6         126
2016-10-19 19:30:23         413804393      114.447747    30.678353     114.44777     30.678362    0             164.5         164
2016-10-19 19:33:24         413804393      114.447712    30.678325     114.447747    30.678353    0             245.8         245
2016-10-19 19:36:42         413804393      114.447758    30.678335     114.447712    30.678325    0.1           200.8         200
2016-10-19 19:39:27         413804393      114.447765    30.678348     114.447758    30.678335    0             306.1         306
2016-10-19 19:42:45         413804393      114.447735    30.678308     114.447765    30.678348    0.1           140.2         140
2016-10-19 19:46:42         413804393      114.447755    30.678338     114.447735    30.678308    0             314.6         314
2016-10-19 19:49:53         413804393      114.447732    30.678335     114.447755    30.678338    0             333.4         333
2016-10-19 19:52:45         413804393      114.447755    30.67831      114.447732    30.678335    0             236.7         236
2016-10-19 19:55:49         413804393      114.447737    30.678332     114.447755    30.67831     0             130.1         130
2016-10-19 19:58:53         413804393      114.447738    30.67832      114.447737    30.678332    0             189.7         189
2016-10-19 20:02:02         413804393      114.44776     30.678323     114.447738    30.67832     0             290.4         290
2016-10-19 20:04:55         413804393      114.447752    30.67836      114.44776     30.678323    0             93.7          93
2016-10-19 20:08:07         413804393      114.447738    30.67832      114.447752    30.67836     0             154.7         154
2016-10-19 20:11:02         413804393      114.447743    30.67833      114.447738    30.67832     0.1           19.6          19
2016-10-19 20:14:15         413804393      114.447723    30.67836      114.447743    30.67833     0.1           291.6         291
2016-10-19 20:17:19         413804393      114.447733    30.67838      114.447723    30.67836     0             226.8         226
2016-10-19 20:20:32         413804393      114.447733    30.678365     114.447733    30.67838     0.1           227.9         227
2016-10-19 20:23:21         413804393      114.447733    30.678365     114.447733    30.678365    0.1           227.9         227
2016-10-19 20:27:26         413804393      114.447787    30.678305     114.447733    30.678365    0.1           69.1          69
2016-10-19 20:31:29         413804393      114.447775    30.678342     114.447787    30.678305    0.1           2.2           2
2016-10-19 20:35:25         413804393      114.447725    30.678372     114.447775    30.678342    0.1           89.4          89
2016-10-19 20:38:25         413804393      114.447725    30.678393     114.447725    30.678372    0             10.8          10
2016-10-19 20:42:32         413804393      114.447725    30.678393     114.447725    30.678393    0             10.8          10
2016-10-19 20:45:38         413804393      114.447743    30.678387     114.447725    30.678393    0             25.3          25
2016-10-19 20:49:33         413804393      114.44774     30.678387     114.447743    30.678387    0.1           119.2         119
2016-10-19 20:52:36         413804393      114.447753    30.678392     114.44774     30.678387    0.1           20.8          20
2016-10-19 20:56:36         413804393      114.447747    30.678402     114.447753    30.678392    0             42.1          42
2016-10-19 21:15:00         413804393      114.447757    30.67834      114.447752    30.678358    0.1           179.7         179
2016-10-19 21:18:08         413804393      114.447763    30.678325     114.447757    30.67834     0.1           352.9         352
2016-10-19 21:22:15         413804393      114.447768    30.678357     114.447763    30.678325    0             182.7         182
2016-10-19 21:26:15         413804393      114.447775    30.67833      114.447768    30.678357    0             353.2         353
2016-10-19 21:29:11         413804393      114.44777     30.678332     114.447775    30.67833     0             311.7         311
2016-10-19 21:32:16         413804393      114.447795    30.678343     114.44777     30.678332    0.1           73.5          73
2016-10-19 21:35:19         413804393      114.447808    30.678333     114.447795    30.678343    0             236.1         236
2016-10-19 21:38:27         413804393      114.447803    30.678322     114.447808    30.678333    0.1           321.8         321
2016-10-19 21:41:19         413804393      114.447775    30.67833      114.447803    30.678322    0             258.4         258
2016-10-19 21:45:22         413804393      114.447778    30.678327     114.447775    30.67833     0             262.9         262
2016-10-19 21:48:14         413804393      114.447782    30.678318     114.447778    30.678327    0.1           114.7         114
2016-10-19 21:51:18         413804393      114.447778    30.678322     114.447782    30.678318    0             64.7          64
2016-10-19 21:54:29         413804393      114.447788    30.678338     114.447778    30.678322    0.1           345.2         345
2016-10-19 21:57:32         413804393      114.447787    30.678328     114.447788    30.678338    0             137.8         137
2016-10-19 22:00:30         413804393      114.447782    30.678327     114.447787    30.678328    0             328.2         328
2016-10-19 22:03:34         413804393      114.447762    30.67831      114.447782    30.678327    0.1           147.3         147
2016-10-19 22:06:43         413804393      114.4478      30.678303     114.447762    30.67831     0.1           344.1         344
2016-10-19 22:09:39         413804393      114.44776     30.678325     114.4478      30.678303    0             299.6         299
2016-10-19 22:10:40         413804393      114.447755    30.678323     114.44776     30.678325    0             316           316
2016-10-19 22:13:46         413804393      114.44775     30.678277     114.447755    30.678323    0.2           110.5         110
2016-10-19 22:17:50         413804393      114.447755    30.678318     114.44775     30.678277    0             147.6         147
2016-10-19 22:21:52         413804393      114.447757    30.678315     114.447755    30.678318    0.1           335.7         335
2016-10-19 22:30:10         413804393      114.447767    30.678355     114.447772    30.678343    0.1           90.7          90
2016-10-19 22:32:57         413804393      114.447762    30.678338     114.447767    30.678355    0.1           244.6         244
2016-10-19 22:36:16         413804393      114.447758    30.678317     114.447762    30.678338    0             239.6         239
2016-10-19 22:39:13         413804393      114.447767    30.678337     114.447758    30.678317    0             87.4          87
2016-10-19 22:43:09         413804393      114.447788    30.678325     114.447767    30.678337    0             345.6         345
2016-10-19 22:47:08         413804393      114.447783    30.678332     114.447788    30.678325    0.1           168.7         168
2016-10-19 22:51:20         413804393      114.44776     30.678302     114.447783    30.678332    0             298.1         298
2016-10-19 22:54:18         413804393      114.447753    30.678298     114.44776     30.678302    0             314.3         314
2016-10-19 22:55:30         413804393      114.447767    30.678317     114.447753    30.678298    0.1           12.7          N/A
2016-10-19 22:59:22         413804393      114.447755    30.678323     114.447767    30.678317    0             349.3         349
2016-10-19 23:02:34         413804393      114.447777    30.678323     114.447755    30.678323    0             295.4         295
2016-10-19 23:06:27         413804393      114.44778     30.678322     114.447777    30.678323    0             113.5         113
2016-10-19 23:10:31         413804393      114.447772    30.6783       114.44778     30.678322    0.1           172.3         172
2016-10-19 23:18:32         413804393      114.44776     30.67832      114.447742    30.67836     0.1           171.3         171
2016-10-19 23:22:14         413804393      114.447763    30.67833      114.44776     30.67832     0             319.8         319
2016-10-19 23:25:17         413804393      114.447768    30.67834      114.447763    30.67833     0             282.1         282
2016-10-19 23:28:18         413804393      114.447783    30.678347     114.447768    30.67834     0.2           348.6         348
2016-10-19 23:32:33         413804393      114.447762    30.678357     114.447783    30.678347    0             159.1         159
2016-10-19 23:36:27         413804393      114.447772    30.678328     114.447762    30.678357    0.1           140.1         140
2016-10-19 23:39:28         413804393      114.447788    30.678312     114.447772    30.678328    0.1           95.9          95
2016-10-19 23:42:46         413804393      114.447768    30.678315     114.447788    30.678312    0.1           214.1         214
2016-10-19 23:45:46         413804393      114.44779     30.678297     114.447768    30.678315    0             267.1         267
2016-10-19 23:48:37         413804393      114.447773    30.678342     114.44779     30.678297    0.1           350.1         350
2016-10-19 23:51:41         413804393      114.447747    30.678302     114.447773    30.678342    0.1           144.5         144
2016-10-19 23:54:52         413804393      114.447753    30.678258     114.447747    30.678302    0             53.3          53
2016-10-19 23:57:50         413804393      114.447798    30.678278     114.447753    30.678258    0.1           264           264
