2016-10-25 8:47:08          413794644      114.219828    30.47118      114.219828    30.47118     5.8           39.8          39
2016-10-25 9:05:33          413794644      114.240212    30.494918     114.239178    30.493563    5.7           33.6          33
2016-10-25 9:32:12          413794644      114.267078    30.528685     114.266492    30.528077    5.6           40.1          40
2016-10-25 9:34:36          413794644      114.270797    30.53241      114.267078    30.528685    5.8           37.2          37
2016-10-25 9:35:50          413794644      114.271948    30.533765     114.270797    30.53241     5.9           34.9          34
2016-10-25 9:36:23          413794644      114.271948    30.533765     114.271948    30.533765    5.9           34.9          34
2016-10-25 9:37:33          413794644      114.273592    30.535863     114.271948    30.533765    5.8           30.5          30
2016-10-25 9:38:39          413794644      114.273592    30.535863     114.273592    30.535863    5.8           30.5          30
2016-10-25 9:45:40          413794644      114.28108     30.547077     114.273592    30.535863    5.8           20.3          20
2016-10-25 9:46:25          413794644      114.281932    30.54901      114.28108     30.547077    5.7           22.5          22
2016-10-25 9:47:02          413794644      114.282442    30.550105     114.281932    30.54901     5.6           22.9          22
2016-10-25 9:47:42          413794644      114.282442    30.550105     114.282442    30.550105    5.6           22.9          22
2016-10-25 9:49:29          413794644      114.284258    30.55377      114.282442    30.550105    5.5           27.1          27
2016-10-25 9:50:07          413794644      114.284258    30.55377      114.284258    30.55377     5.5           27.1          27
2016-10-25 9:50:45          413794644      114.284935    30.554763     114.284258    30.55377     5.4           33.2          33
2016-10-25 9:51:40          413794644      114.285972    30.55596      114.284935    30.554763    5.2           39.5          39
2016-10-25 9:52:23          413794644      114.286792    30.556818     114.285972    30.55596     5.1           37.9          37
2016-10-25 9:53:01          413794644      114.287517    30.557688     114.286792    30.556818    5.1           33.9          33
2016-10-25 9:53:42          413794644      114.287517    30.557688     114.287517    30.557688    5.1           33.9          33
2016-10-25 9:54:41          413794644      114.288828    30.559508     114.287517    30.557688    5             30.2          30
2016-10-25 9:55:23          413794644      114.28943     30.560428     114.288828    30.559508    4.9           29.8          29
2016-10-25 9:55:54          413794644      114.28943     30.560428     114.28943     30.560428    4.9           29.8          29
2016-10-25 9:56:26          413794644      114.29026     30.561622     114.28943     30.560428    4.9           32.1          32
2016-10-25 9:57:17          413794644      114.29116     30.562832     114.29026     30.561622    4.9           32.8          32
2016-10-25 9:57:59          413794644      114.29116     30.562832     114.29116     30.562832    4.9           32.8          32
2016-10-25 9:58:31          413794644      114.292028    30.56402      114.29116     30.562832    4.8           32.1          32
2016-10-25 9:59:00          413794644      114.29266     30.564912     114.292028    30.56402     4.9           31.1          31
2016-10-25 10:00:29         413794644      114.293657    30.566392     114.29266     30.564912    4.8           29.9          29
2016-10-25 10:01:05         413794644      114.294048    30.566988     114.293657    30.566392    4.8           29.2          29
2016-10-25 10:01:39         413794644      114.294435    30.567602     114.294048    30.566988    4.8           28.7          28
2016-10-25 10:02:36         413794644      114.295187    30.568765     114.294435    30.567602    4.8           28.8          28
2016-10-25 10:03:20         413794644      114.295773    30.569648     114.295187    30.568765    4.7           31            31
2016-10-25 10:03:54         413794644      114.296172    30.570227     114.295773    30.569648    4.9           30.3          30
2016-10-25 10:05:45         413794644      114.297983    30.572888     114.296172    30.570227    4.8           28.1          28
2016-10-25 10:06:14         413794644      114.298342    30.57348      114.297983    30.572888    4.8           28.2          28
2016-10-25 10:06:48         413794644      114.298342    30.57348      114.298342    30.57348     4.8           28.2          28
2016-10-25 10:07:55         413794644      114.298883    30.574358     114.298342    30.57348     4.8           27.8          27
2016-10-25 10:08:41         413794644      114.299773    30.57578      114.298883    30.574358    4.8           29.3          29
2016-10-25 10:09:16         413794644      114.300355    30.576673     114.299773    30.57578     4.8           29.6          29
2016-10-25 10:09:48         413794644      114.300958    30.577587     114.300355    30.576673    4.9           30.2          30
2016-10-25 10:11:27         413794644      114.302215    30.579388     114.300958    30.577587    4.9           31.2          31
2016-10-25 10:12:03         413794644      114.302818    30.580277     114.302215    30.579388    4.8           29.5          29
2016-10-25 10:12:37         413794644      114.303015    30.580573     114.302818    30.580277    4.9           29.5          29
2016-10-25 10:14:09         413794644      114.30434     30.582747     114.303015    30.580573    4.9           25.8          25
2016-10-25 10:14:45         413794644      114.304528    30.583073     114.30434     30.582747    4.9           26.5          26
2016-10-25 10:15:17         413794644      114.30489     30.583677     114.304528    30.583073    4.8           27.2          27
2016-10-25 10:16:10         413794644      114.305822    30.585202     114.30489     30.583677    4.8           28.2          28
2016-10-25 10:16:47         413794644      114.306207    30.58582      114.305822    30.585202    4.8           28            28
2016-10-25 10:17:44         413794644      114.306767    30.586697     114.306207    30.58582     4.8           28.8          28
2016-10-25 10:19:15         413794644      114.308108    30.588873     114.306767    30.586697    4.9           29.2          29
2016-10-25 10:19:52         413794644      114.308483    30.589457     114.308108    30.588873    4.9           29.2          29
2016-10-25 10:20:28         413794644      114.308483    30.589457     114.308483    30.589457    4.9           29.2          29
2016-10-25 10:22:17         413794644      114.310098    30.59188      114.308483    30.589457    5             29.8          29
2016-10-25 10:22:51         413794644      114.311145    30.59343      114.310098    30.59188     5             31.1          31
2016-10-25 10:23:24         413794644      114.311372    30.593747     114.311145    30.59343     4.9           32.1          32
2016-10-25 10:24:24         413794644      114.311372    30.593747     114.311372    30.593747    4.9           32.1          32
2016-10-25 10:25:05         413794644      114.31295     30.595775     114.311372    30.593747    4.9           34.8          34
2016-10-25 10:25:39         413794644      114.313638    30.596607     114.31295     30.595775    4.9           36.5          36
2016-10-25 10:26:09         413794644      114.313958    30.59698      114.313638    30.596607    4.9           36.1          36
2016-10-25 10:27:01         413794644      114.31435     30.597452     114.313958    30.59698     4.9           34.5          34
2016-10-25 10:27:42         413794644      114.315457    30.5989       114.31435     30.597452    4.9           32.8          32
2016-10-25 10:28:17         413794644      114.315895    30.599492     114.315457    30.5989      4.9           32.4          32
2016-10-25 10:28:47         413794644      114.31633     30.60009      114.315895    30.599492    4.9           32.5          32
2016-10-25 10:29:49         413794644      114.317208    30.601235     114.31633     30.60009     4.9           35.2          35
2016-10-25 10:30:28         413794644      114.317907    30.602068     114.317208    30.601235    4.9           37            37
2016-10-25 10:31:02         413794644      114.318387    30.602608     114.317907    30.602068    4.8           39.6          39
2016-10-25 10:31:38         413794644      114.318655    30.602882     114.318387    30.602608    4.8           40.3          40
2016-10-25 10:33:06         413794644      114.320315    30.604747     114.318655    30.602882    4.8           35.7          35
2016-10-25 10:33:37         413794644      114.320802    30.605332     114.320315    30.604747    4.8           36.8          36
2016-10-25 10:34:07         413794644      114.321007    30.605563     114.320802    30.605332    4.8           37.4          37
2016-10-25 10:35:01         413794644      114.321765    30.606402     114.321007    30.605563    4.8           37.6          37
2016-10-25 10:35:43         413794644      114.322752    30.607462     114.321765    30.606402    4.9           39.2          39
2016-10-25 10:36:15         413794644      114.323553    30.608272     114.322752    30.607462    4.9           41.4          41
2016-10-25 10:36:48         413794644      114.324097    30.608795     114.323553    30.608272    4.8           42.6          42
2016-10-25 10:37:39         413794644      114.324367    30.609038     114.324097    30.608795    4.8           43.9          43
2016-10-25 10:38:21         413794644      114.325725    30.61026      114.324367    30.609038    4.7           42            42
2016-10-25 10:38:56         413794644      114.325967    30.610495     114.325725    30.61026     4.7           41.5          41
2016-10-25 10:39:25         413794644      114.325967    30.610495     114.325967    30.610495    4.7           41.5          41
2016-10-25 10:40:20         413794644      114.327457    30.611907     114.325967    30.610495    4.8           43.1          43
2016-10-25 10:41:02         413794644      114.327457    30.611907     114.327457    30.611907    4.8           43.1          43
2016-10-25 10:41:37         413794644      114.328823    30.613147     114.327457    30.611907    4.9           44.8          44
2016-10-25 10:42:54         413794644      114.330602    30.614628     114.328823    30.613147    4.9           47.6          47
2016-10-25 10:43:36         413794644      114.3309      30.614867     114.330602    30.614628    4.9           47.5          47
2016-10-25 10:44:15         413794644      114.332133    30.61582      114.3309      30.614867    4.9           48.2          48
2016-10-25 10:45:41         413794644      114.334032    30.617293     114.332133    30.61582     5             47.8          47
2016-10-25 10:46:23         413794644      114.334943    30.618025     114.334032    30.617293    5             47.5          47
2016-10-25 10:46:58         413794644      114.335245    30.618265     114.334943    30.618025    5             47.6          47
2016-10-25 10:47:31         413794644      114.336153    30.618985     114.335245    30.618265    5             47.8          47
2016-10-25 10:48:31         413794644      114.337092    30.61971      114.336153    30.618985    5.1           48.5          48
2016-10-25 10:49:14         413794644      114.338065    30.62045      114.337092    30.61971     5.1           48.2          48
2016-10-25 10:49:51         413794644      114.338065    30.62045      114.338065    30.62045     5.1           48.2          48
2016-10-25 10:52:04         413794644      114.34125     30.622843     114.338065    30.62045     5.2           49.3          49
2016-10-25 10:52:39         413794644      114.342582    30.623842     114.34125     30.622843    5.3           49.1          49
2016-10-25 10:53:14         413794644      114.343582    30.624605     114.342582    30.623842    5.3           48.3          48
2016-10-25 10:54:16         413794644      114.34466     30.625443     114.343582    30.624605    5.3           48.6          48
2016-10-25 10:54:59         413794644      114.345628    30.626222     114.34466     30.625443    5.4           47.7          47
2016-10-25 10:55:37         413794644      114.345628    30.626222     114.345628    30.626222    5.4           47.7          47
2016-10-25 10:56:14         413794644      114.346948    30.627272     114.345628    30.626222    5.5           46.7          46
2016-10-25 10:57:42         413794644      114.348945    30.628888     114.346948    30.627272    5.5           46.9          46
2016-10-25 10:58:19         413794644      114.348945    30.628888     114.348945    30.628888    5.5           46.9          46
2016-10-25 10:58:51         413794644      114.350618    30.630215     114.348945    30.628888    5.6           47.9          47
2016-10-25 10:59:45         413794644      114.350618    30.630215     114.350618    30.630215    5.6           47.9          47
2016-10-25 11:00:30         413794644      114.353077    30.632052     114.350618    30.630215    5.6           49.6          49
2016-10-25 11:01:04         413794644      114.353077    30.632052     114.353077    30.632052    5.6           49.6          49
2016-10-25 11:01:34         413794644      114.353077    30.632052     114.353077    30.632052    5.6           49.6          49
2016-10-25 11:02:34         413794644      114.3556      30.63388      114.353077    30.632052    5.7           50.1          50
2016-10-25 11:03:52         413794644      114.357415    30.635168     114.3556      30.63388     5.7           49.7          49
2016-10-25 11:04:26         413794644      114.358168    30.635717     114.357415    30.635168    5.7           49.7          49
2016-10-25 11:05:19         413794644      114.359235    30.63649      114.358168    30.635717    5.8           49.9          49
2016-10-25 11:06:33         413794644      114.359235    30.63649      114.359235    30.63649     5.8           49.9          49
2016-10-25 11:07:08         413794644      114.359235    30.63649      114.359235    30.63649     5.8           49.9          49
2016-10-25 11:08:14         413794644      114.36409     30.639778     114.359235    30.63649     5.8           54.9          54
2016-10-25 11:09:58         413794644      114.364448    30.639997     114.36409     30.639778    5.8           54.8          54
2016-10-25 11:10:48         413794644      114.368193    30.642362     114.364448    30.639997    5.8           54.1          54
2016-10-25 11:11:27         413794644      114.368983    30.642855     114.368193    30.642362    5.8           54.1          54
2016-10-25 11:13:35         413794644      114.371405    30.644325     114.368983    30.642855    5.8           55.8          55
2016-10-25 11:14:16         413794644      114.373398    30.645437     114.371405    30.644325    5.8           58.6          58
2016-10-25 11:14:56         413794644      114.37423     30.645863     114.373398    30.645437    5.7           59.9          59
2016-10-25 11:15:29         413794644      114.375687    30.646587     114.37423     30.645863    5.7           59.9          59
2016-10-25 11:16:20         413794644      114.376915    30.647212     114.375687    30.646587    5.7           59.1          59
2016-10-25 11:16:55         413794644      114.376915    30.647212     114.376915    30.647212    5.7           59.1          59
2016-10-25 11:17:28         413794644      114.378113    30.647838     114.376915    30.647212    5.8           58.5          58
2016-10-25 11:18:02         413794644      114.379363    30.648497     114.378113    30.647838    5.7           58.9          58
2016-10-25 11:18:59         413794644      114.380702    30.649173     114.379363    30.648497    5.7           59.6          59
2016-10-25 11:19:40         413794644      114.38197     30.649782     114.380702    30.649173    5.7           60.9          60
2016-10-25 11:20:16         413794644      114.38321     30.650382     114.38197     30.649782    5.7           61            61
2016-10-25 11:20:49         413794644      114.38364     30.650585     114.38321     30.650382    5.7           61.4          61
2016-10-25 11:22:28         413794644      114.386562    30.651892     114.38364     30.650585    5.7           63.8          63
2016-10-25 11:24:16         413794644      114.387002    30.652083     114.386562    30.651892    5.7           63.8          63
2016-10-25 11:25:27         413794644      114.387002    30.652083     114.387002    30.652083    5.7           63.8          63
2016-10-25 11:26:49         413794644      114.391982    30.654107     114.387002    30.652083    5.6           65.3          65
2016-10-25 11:28:06         413794644      114.3962      30.655585     114.391982    30.654107    5.6           70.2          70
2016-10-25 11:28:38         413794644      114.3962      30.655585     114.3962      30.655585    5.6           70.2          70
2016-10-25 11:29:31         413794644      114.397508    30.65599      114.3962      30.655585    5.6           70.4          70
2016-10-25 11:30:11         413794644      114.398813    30.656402     114.397508    30.65599     5.5           69.9          69
2016-10-25 11:31:17         413794644      114.401368    30.657143     114.398813    30.656402    5.6           72.4          72
2016-10-25 11:32:12         413794644      114.401802    30.657262     114.401368    30.657143    5.6           71.6          71
2016-10-25 11:32:53         413794644      114.40436     30.658043     114.401802    30.657262    5.5           69.6          69
2016-10-25 11:34:43         413794644      114.407355    30.659032     114.40436     30.658043    5.4           67.7          67
2016-10-25 11:36:00         413794644      114.409415    30.659773     114.407355    30.659032    5.4           66.7          66
2016-10-25 11:37:38         413794644      114.41209     30.660733     114.409415    30.659773    5.4           66.9          66
2016-10-25 11:40:38         413794644      114.416123    30.662255     114.41209     30.660733    5.3           66.5          66
2016-10-25 11:41:20         413794644      114.418108    30.662997     114.416123    30.662255    5.3           67.1          67
2016-10-25 11:43:16         413794644      114.418108    30.662997     114.418108    30.662997    5.3           67.1          67
2016-10-25 11:44:00         413794644      114.422405    30.664433     114.418108    30.662997    5.3           69.7          69
2016-10-25 11:45:01         413794644      114.422405    30.664433     114.422405    30.664433    5.3           69.7          69
2016-10-25 11:45:58         413794644      114.422405    30.664433     114.422405    30.664433    5.3           69.7          69
2016-10-25 11:46:35         413794644      114.422405    30.664433     114.422405    30.664433    5.3           69.7          69
2016-10-25 11:47:43         413794644      114.426713    30.66585      114.422405    30.664433    5.2           67.6          67
2016-10-25 11:49:28         413794644      114.430862    30.667393     114.426713    30.66585     5.3           66.7          66
2016-10-25 11:50:36         413794644      114.432577    30.668007     114.430862    30.667393    5.3           67.2          67
2016-10-25 11:51:18         413794644      114.43339     30.668303     114.432577    30.668007    5.3           67.1          67
2016-10-25 11:51:51         413794644      114.43339     30.668303     114.43339     30.668303    5.3           67.1          67
2016-10-25 11:52:25         413794644      114.434987    30.6689       114.43339     30.668303    5.3           66.5          66
2016-10-25 11:54:29         413794644      114.438168    30.670203     114.434987    30.6689      5.3           63.5          63
2016-10-25 11:55:01         413794644      114.43935     30.670687     114.438168    30.670203    5.2           65.5          65
2016-10-25 11:55:38         413794644      114.440548    30.671147     114.43935     30.670687    5.2           66.2          66
2016-10-25 11:56:38         413794644      114.442167    30.671767     114.440548    30.671147    5.3           65.8          65
2016-10-25 11:57:50         413794644      114.444155    30.672565     114.442167    30.671767    5.4           64.7          64
2016-10-25 11:58:23         413794644      114.444155    30.672565     114.444155    30.672565    5.4           64.7          64
2016-10-25 11:59:13         413794644      114.445867    30.673192     114.444155    30.672565    5.4           68.1          68
2016-10-25 12:00:50         413794644      114.448907    30.674407     114.445867    30.673192    5.2           63.1          63
2016-10-25 12:01:46         413794644      114.449707    30.674768     114.448907    30.674407    5.2           62.2          62
2016-10-25 12:02:32         413794644      114.449707    30.674768     114.449707    30.674768    5.2           62.2          62
2016-10-25 12:03:06         413794644      114.452018    30.675758     114.449707    30.674768    5.2           64.4          64
2016-10-25 12:03:34         413794644      114.45318     30.67623      114.452018    30.675758    5.2           64.7          64
2016-10-25 12:04:21         413794644      114.453937    30.676548     114.45318     30.67623     5.2           63.5          63
2016-10-25 12:05:28         413794644      114.455878    30.677347     114.453937    30.676548    5.1           64.6          64
2016-10-25 12:07:24         413794644      114.455878    30.677347     114.455878    30.677347    5.1           64.6          64
2016-10-25 12:07:53         413794644      114.459402    30.678658     114.455878    30.677347    5.2           68.9          68
2016-10-25 12:09:06         413794644      114.461015    30.67919      114.459402    30.678658    5.1           68.5          68
2016-10-25 12:10:21         413794644      114.462993    30.679885     114.461015    30.67919     5.1           67.5          67
2016-10-25 12:10:53         413794644      114.464193    30.680302     114.462993    30.679885    5.1           68.6          68
2016-10-25 12:11:55         413794644      114.464985    30.680568     114.464193    30.680302    5.1           68            68
2016-10-25 12:13:51         413794644      114.468893    30.68188      114.464985    30.680568    5             70.2          70
2016-10-25 12:14:51         413794644      114.469282    30.682002     114.468893    30.68188     5             70.1          70
2016-10-25 12:15:28         413794644      114.47088     30.682493     114.469282    30.682002    5.1           70.1          70
2016-10-25 12:15:58         413794644      114.47205     30.682845     114.47088     30.682493    5.1           71.6          71
2016-10-25 12:16:31         413794644      114.472887    30.683073     114.47205     30.682845    5.1           72.3          72
2016-10-25 12:17:22         413794644      114.474062    30.683413     114.472887    30.683073    5.1           70.9          70
2016-10-25 12:18:03         413794644      114.474857    30.683648     114.474062    30.683413    5.1           71.9          71
2016-10-25 12:19:08         413794644      114.474857    30.683648     114.474857    30.683648    5.1           71.9          71
2016-10-25 12:20:03         413794644      114.478145    30.684622     114.474857    30.683648    5.1           71.9          71
2016-10-25 12:20:45         413794644      114.478145    30.684622     114.478145    30.684622    5.1           71.9          71
2016-10-25 12:21:15         413794644      114.480203    30.685198     114.478145    30.684622    5.1           71.6          71
2016-10-25 12:22:37         413794644      114.48183     30.685635     114.480203    30.685198    5.1           72.7          72
2016-10-25 12:23:19         413794644      114.48183     30.685635     114.48183     30.685635    5.1           72.7          72
2016-10-25 12:23:52         413794644      114.484285    30.686325     114.48183     30.685635    5             72.3          72
2016-10-25 12:26:37         413794644      114.484285    30.686325     114.484285    30.686325    5             72.3          72
2016-10-25 12:27:08         413794644      114.489608    30.687597     114.484285    30.686325    5.2           75.9          75
2016-10-25 12:27:48         413794644      114.490647    30.687822     114.489608    30.687597    5.2           75.7          75
2016-10-25 12:28:23         413794644      114.491287    30.687958     114.490647    30.687822    5.2           76.5          76
2016-10-25 12:28:53         413794644      114.49211     30.688118     114.491287    30.687958    5.2           77.4          77
2016-10-25 12:29:27         413794644      114.492992    30.688273     114.49211     30.688118    5.2           79.1          79
2016-10-25 12:30:18         413794644      114.492992    30.688273     114.492992    30.688273    5.2           79.1          79
2016-10-25 12:31:58         413794644      114.497692    30.688852     114.492992    30.688273    5.1           85.5          85
2016-10-25 12:32:41         413794644      114.498992    30.688915     114.497692    30.688852    5.1           88            88
2016-10-25 12:33:16         413794644      114.499792    30.68893      114.498992    30.688915    5.1           89.3          89
2016-10-25 12:33:43         413794644      114.500668    30.688927     114.499792    30.68893     5.1           90.9          90
2016-10-25 12:34:18         413794644      114.501082    30.688922     114.500668    30.688927    5.1           91.2          91
2016-10-25 12:35:48         413794644      114.504053    30.688738     114.501082    30.688922    5             95.2          95
2016-10-25 12:36:25         413794644      114.504053    30.688738     114.504053    30.688738    5             95.2          95
2016-10-25 12:37:50         413794644      114.50653     30.688463     114.504053    30.688738    5             97.9          97
2016-10-25 12:38:33         413794644      114.50653     30.688463     114.50653     30.688463    5             97.9          97
2016-10-25 12:39:12         413794644      114.50653     30.688463     114.50653     30.688463    5             97.9          97
2016-10-25 12:39:40         413794644      114.509902    30.68788      114.50653     30.688463    5.1           104.2         104
2016-10-25 12:40:39         413794644      114.511963    30.687387     114.509902    30.68788     5.1           106.3         106
2016-10-25 12:41:27         413794644      114.512742    30.68719      114.511963    30.687387    5.2           106.3         106
2016-10-25 12:42:37         413794644      114.514828    30.686625     114.512742    30.68719     5.2           109.1         109
2016-10-25 12:43:32         413794644      114.516022    30.686258     114.514828    30.686625    5.2           109.7         109
2016-10-25 12:44:16         413794644      114.516873    30.685992     114.516022    30.686258    5.2           109.9         109
2016-10-25 12:45:13         413794644      114.519338    30.685152     114.516873    30.685992    5.3           112.7         112
2016-10-25 12:46:04         413794644      114.519338    30.685152     114.519338    30.685152    5.3           112.7         112
2016-10-25 12:47:14         413794644      114.519338    30.685152     114.519338    30.685152    5.3           112.7         112
2016-10-25 12:48:49         413794644      114.524137    30.683198     114.519338    30.685152    5.3           117.5         117
2016-10-25 12:49:33         413794644      114.525663    30.682463     114.524137    30.683198    5.3           119.9         119
2016-10-25 12:50:50         413794644      114.525663    30.682463     114.525663    30.682463    5.3           119.9         119
2016-10-25 12:53:14         413794644      114.531137    30.679145     114.525663    30.682463    5.3           129.7         129
2016-10-25 12:55:29         413794644      114.531137    30.679145     114.531137    30.679145    5.3           129.7         129
2016-10-25 12:59:12         413794644      114.534082    30.676775     114.531137    30.679145    5.4           135.6         135
2016-10-25 12:59:50         413794644      114.53889     30.671922     114.534082    30.676775    5.5           146.5         146
2016-10-25 13:00:23         413794644      114.53889     30.671922     114.53889     30.671922    5.5           146.5         146
2016-10-25 13:01:47         413794644      114.540702    30.669168     114.53889     30.671922    5.5           152.3         152
2016-10-25 13:02:31         413794644      114.541113    30.668483     114.540702    30.669168    5.5           152.9         152
2016-10-25 13:04:31         413794644      114.541113    30.668483     114.541113    30.668483    5.5           152.9         152
2016-10-25 13:05:10         413794644      114.54309     30.664415     114.541113    30.668483    5.6           161.8         161
2016-10-25 13:05:47         413794644      114.543383    30.663667     114.54309     30.664415    5.7           161.1         161
2016-10-25 13:06:20         413794644      114.543843    30.662505     114.543383    30.663667    5.7           161.3         161
2016-10-25 13:07:43         413794644      114.543843    30.662505     114.543843    30.662505    5.7           161.3         161
2016-10-25 13:08:49         413794644      114.545252    30.659363     114.543843    30.662505    5.7           154.9         154
2016-10-25 13:10:46         413794644      114.545252    30.659363     114.545252    30.659363    5.7           154.9         154
2016-10-25 13:11:18         413794644      114.545252    30.659363     114.545252    30.659363    5.7           154.9         154
2016-10-25 13:12:06         413794644      114.548317    30.654207     114.545252    30.659363    5.7           151.9         151
2016-10-25 13:12:45         413794644      114.548552    30.653827     114.548317    30.654207    5.7           151.9         151
2016-10-25 13:13:51         413794644      114.549963    30.651592     114.548552    30.653827    5.7           150.7         150
2016-10-25 13:14:47         413794644      114.550422    30.65089      114.549963    30.651592    5.7           150.6         150
2016-10-25 13:17:23         413794644      114.552998    30.646883     114.550422    30.65089     5.7           151.6         151
2016-10-25 13:18:05         413794644      114.552998    30.646883     114.552998    30.646883    5.7           151.6         151
2016-10-25 13:20:04         413794644      114.554847    30.643477     114.552998    30.646883    5.7           157.1         157
2016-10-25 13:20:43         413794644      114.555402    30.642315     114.554847    30.643477    5.7           157.9         157
2016-10-25 13:21:11         413794644      114.555757    30.641547     114.555402    30.642315    5.7           158.4         158
2016-10-25 13:22:31         413794644      114.556808    30.639207     114.555757    30.641547    5.8           159           159
2016-10-25 13:23:36         413794644      114.556808    30.639207     114.556808    30.639207    5.8           159           159
2016-10-25 13:26:00         413794644      114.558967    30.634125     114.556808    30.639207    5.8           160.5         160
2016-10-25 13:29:27         413794644      114.56094     30.628947     114.558967    30.634125    5.8           161.7         161
2016-10-25 13:30:06         413794644      114.56094     30.628947     114.56094     30.628947    5.8           161.7         161
2016-10-25 13:31:57         413794644      114.562262    30.625445     114.56094     30.628947    5.7           162.6         162
2016-10-25 13:34:58         413794644      114.563922    30.620733     114.562262    30.625445    5.6           163.7         163
2016-10-25 13:35:29         413794644      114.564297    30.619593     114.563922    30.620733    5.6           164.8         164
2016-10-25 13:36:39         413794644      114.564772    30.618032     114.564297    30.619593    5.6           165.3         165
2016-10-25 13:37:11         413794644      114.565007    30.617253     114.564772    30.618032    5.5           165           165
2016-10-25 13:40:18         413794644      114.56525     30.616475     114.565007    30.617253    5.5           164.6         164
2016-10-25 13:41:20         413794644      114.56525     30.616475     114.56525     30.616475    5.5           164.6         164
2016-10-25 13:42:02         413794644      114.567447    30.610107     114.56525     30.616475    5.4           163.6         163
2016-10-25 13:42:33         413794644      114.567825    30.608973     114.567447    30.610107    5.4           164.5         164
2016-10-25 13:45:28         413794644      114.567825    30.608973     114.567825    30.608973    5.4           164.5         164
2016-10-25 14:09:46         413794644      114.584145    30.572925     114.58349     30.573883    5.1           149           149
