2016-10-21 0:07:40          413763495      114.277413    30.518307     114.277407    30.518312    0             0             0
2016-10-21 0:11:47          413763495      114.277417    30.518312     114.277413    30.518307    0             0             0
2016-10-21 0:14:41          413763495      114.277427    30.518308     114.277417    30.518312    0             0             0
2016-10-21 0:17:43          413763495      114.277433    30.518307     114.277427    30.518308    0             0             0
2016-10-21 0:20:39          413763495      114.277438    30.518303     114.277433    30.518307    0             0             0
2016-10-21 0:23:14          413763495      114.277437    30.518308     114.277438    30.518303    0             0             0
2016-10-21 0:26:03          413763495      114.27743     30.518308     114.277437    30.518308    0             0             0
2016-10-21 0:28:24          413763495      114.277445    30.518305     114.27743     30.518308    0             0             0
2016-10-21 0:36:10          413763495      114.277432    30.518298     114.277428    30.518298    0             0             0
2016-10-21 0:38:36          413763495      114.277422    30.518303     114.277432    30.518298    0             0             0
2016-10-21 1:01:42          413763495      114.277423    30.518295     114.27743     30.518293    0             0             0
2016-10-21 1:04:44          413763495      114.277415    30.518292     114.277423    30.518295    0             0             0
2016-10-21 1:07:51          413763495      114.277423    30.518295     114.277415    30.518292    0             0             0
2016-10-21 1:11:44          413763495      114.277423    30.518295     114.277423    30.518295    0             0             0
2016-10-21 1:21:11          413763495      114.27744     30.518293     114.277437    30.518305    0             0             0
2016-10-21 1:23:49          413763495      114.277447    30.5183       114.27744     30.518293    0             0             0
2016-10-21 1:26:27          413763495      114.277448    30.518302     114.277447    30.5183      0             0             0
2016-10-21 1:29:00          413763495      114.27744     30.518308     114.277448    30.518302    0             0             0
2016-10-21 1:32:14          413763495      114.27744     30.518303     114.27744     30.518308    0             0             0
2016-10-21 1:35:15          413763495      114.277438    30.518302     114.27744     30.518303    0             0             0
2016-10-21 1:41:35          413763495      114.277417    30.518328     114.277417    30.518328    0             0             0
2016-10-21 1:41:56          413763495      114.277415    30.518328     114.277417    30.518328    0             0             0
2016-10-21 1:52:01          413763495      114.277427    30.518318     114.277427    30.518318    0             0             0
2016-10-21 1:55:37          413763495      114.27744     30.518275     114.277427    30.518318    0             0             0
2016-10-21 1:58:54          413763495      114.277432    30.518285     114.27744     30.518275    0             0             0
2016-10-21 2:02:35          413763495      114.277417    30.51829      114.277432    30.518285    0             0             0
2016-10-21 2:05:54          413763495      114.277427    30.51828      114.277417    30.51829     0             0             0
2016-10-21 2:08:52          413763495      114.277428    30.518277     114.277427    30.51828     0             0             0
2016-10-21 2:12:00          413763495      114.277412    30.518283     114.277428    30.518277    0             0             0
2016-10-21 2:16:01          413763495      114.277418    30.518295     114.277412    30.518283    0             0             0
2016-10-21 2:18:55          413763495      114.277417    30.5183       114.277418    30.518295    0             0             0
2016-10-21 2:22:14          413763495      114.277413    30.5183       114.277417    30.5183      0             0             0
2016-10-21 2:24:50          413763495      114.277415    30.518302     114.277413    30.5183      0             0             0
2016-10-21 2:36:23          413763495      114.277383    30.518323     114.277423    30.51831     0             0             0
2016-10-21 2:52:57          413763495      114.277418    30.51829      114.277413    30.518298    0             0             0
2016-10-21 2:55:38          413763495      114.277418    30.51829      114.277418    30.51829     0             0             0
2016-10-21 2:58:40          413763495      114.277422    30.51829      114.277418    30.51829     0             0             0
2016-10-21 3:01:54          413763495      114.277417    30.51829      114.277422    30.51829     0             0             0
2016-10-21 3:04:44          413763495      114.277422    30.518297     114.277417    30.51829     0             0             0
2016-10-21 3:07:26          413763495      114.277422    30.518313     114.277422    30.518297    0             0             0
2016-10-21 3:10:02          413763495      114.277418    30.518315     114.277422    30.518313    0             0             0
2016-10-21 3:12:28          413763495      114.27742     30.518317     114.277418    30.518315    0             0             0
2016-10-21 3:23:13          413763495      114.277423    30.51832      114.277413    30.518327    0             0             0
2016-10-21 3:35:21          413763495      114.277412    30.51827      114.277433    30.518308    0             0             0
2016-10-21 3:38:40          413763495      114.2774      30.518272     114.277412    30.51827     0             0             0
2016-10-21 3:41:23          413763495      114.277408    30.518287     114.2774      30.518272    0             0             0
2016-10-21 3:45:44          413763495      114.277398    30.518302     114.277408    30.518287    0             0             0
2016-10-21 3:48:38          413763495      114.277387    30.518298     114.277398    30.518302    0             0             0
2016-10-21 3:51:49          413763495      114.277388    30.518308     114.277387    30.518298    0             0             0
2016-10-21 4:00:00          413763495      114.277412    30.518325     114.277408    30.518325    0             0             0
2016-10-21 4:02:30          413763495      114.277403    30.51833      114.277412    30.518325    0             0             0
2016-10-21 4:05:00          413763495      114.277402    30.51833      114.277403    30.51833     0             0             0
2016-10-21 4:21:20          413763495      114.277415    30.518302     114.277412    30.5183      0             0             0
2016-10-21 4:24:12          413763495      114.277418    30.518305     114.277415    30.518302    0             0             0
2016-10-21 4:24:30          413763495      114.277418    30.518305     114.277418    30.518305    0             0             0
2016-10-21 4:39:48          413763495      114.277408    30.518295     114.277418    30.518298    0             0             0
2016-10-21 4:43:40          413763495      114.277423    30.518287     114.277408    30.518295    0             0             0
2016-10-21 4:46:47          413763495      114.277408    30.518292     114.277423    30.518287    0             0             0
2016-10-21 4:48:02          413763495      114.277395    30.518292     114.277408    30.518292    0             0             0
2016-10-21 4:57:20          413763495      114.277395    30.518285     114.27738     30.518285    0             0             0
2016-10-21 5:12:45          413763495      114.277377    30.518292     114.277373    30.518287    0             0             0
2016-10-21 5:15:24          413763495      114.27738     30.518285     114.277377    30.518292    0             0             0
2016-10-21 5:15:49          413763495      114.27738     30.518285     114.27738     30.518285    0             0             0
2016-10-21 5:18:56          413763495      114.277375    30.518287     114.27738     30.518285    0             0             0
2016-10-21 5:21:39          413763495      114.277375    30.518282     114.277375    30.518287    0             0             0
2016-10-21 5:24:46          413763495      114.277375    30.518283     114.277375    30.518282    0             0             0
2016-10-21 5:27:42          413763495      114.277397    30.518267     114.277375    30.518283    0             0             0
2016-10-21 5:31:02          413763495      114.2774      30.518263     114.277397    30.518267    0             0             0
2016-10-21 5:33:51          413763495      114.277393    30.518267     114.2774      30.518263    0             0             0
2016-10-21 5:37:13          413763495      114.277348    30.518277     114.277393    30.518267    0             0             0
2016-10-21 5:39:49          413763495      114.277382    30.518262     114.277348    30.518277    0             0             0
2016-10-21 5:43:05          413763495      114.277405    30.518255     114.277382    30.518262    0             0             0
2016-10-21 5:46:28          413763495      114.277405    30.518263     114.277405    30.518255    0             0             0
2016-10-21 5:55:11          413763495      114.27738     30.51828      114.277392    30.518282    0             0             0
2016-10-21 6:05:34          413763495      114.277393    30.518265     114.277392    30.51827     0             0             0
2016-10-21 6:08:23          413763495      114.277387    30.518287     114.277393    30.518265    0             0             0
2016-10-21 6:17:40          413763495      114.2774      30.518303     114.277413    30.518285    0             0             0
2016-10-21 6:20:56          413763495      114.277398    30.5183       114.2774      30.518303    0             0             0
2016-10-21 6:23:46          413763495      114.277345    30.518287     114.277398    30.5183      0             0             0
2016-10-21 6:27:04          413763495      114.277335    30.518293     114.277345    30.518287    0             0             0
2016-10-21 6:41:56          413763495      114.277413    30.518295     114.277388    30.518303    0             0             0
2016-10-21 6:45:02          413763495      114.277418    30.518295     114.277413    30.518295    0             0             0
2016-10-21 6:48:07          413763495      114.277418    30.518295     114.277418    30.518295    0             0             0
2016-10-21 6:52:23          413763495      114.27739     30.518307     114.277418    30.518295    0             0             0
2016-10-21 6:55:19          413763495      114.27739     30.518312     114.27739     30.518307    0             0             0
2016-10-21 6:58:34          413763495      114.27741     30.51831      114.27739     30.518312    0             0             0
2016-10-21 7:01:25          413763495      114.277403    30.518305     114.27741     30.51831     0             0             0
2016-10-21 7:04:28          413763495      114.277405    30.518307     114.277403    30.518305    0             0             0
2016-10-21 7:07:30          413763495      114.277408    30.5183       114.277405    30.518307    0             0             0
2016-10-21 7:22:46          413763495      114.277412    30.5183       114.277412    30.518293    0             0             0
2016-10-21 7:27:10          413763495      114.277458    30.518352     114.277412    30.5183      0.6           310.5         310
2016-10-21 7:29:58          413763495      114.277328    30.518063     114.277458    30.518352    0.2           283.3         283
2016-10-21 7:57:29          413763495      114.277353    30.518045     114.277343    30.518048    0             0             0
2016-10-21 8:00:38          413763495      114.277355    30.518053     114.277353    30.518045    0             0             0
2016-10-21 8:04:19          413763495      114.277363    30.518075     114.277355    30.518053    0             0             0
2016-10-21 8:26:04          413763495      114.277397    30.518073     114.27739     30.518082    0             0             0
2016-10-21 8:30:08          413763495      114.277382    30.51807      114.277397    30.518073    0             0             0
2016-10-21 8:32:54          413763495      114.277348    30.518092     114.277382    30.51807     0             0             0
2016-10-21 8:35:53          413763495      114.277362    30.518085     114.277348    30.518092    0             0             0
2016-10-21 8:36:18          413763495      114.277362    30.518085     114.277362    30.518085    0             0             0
2016-10-21 8:38:47          413763495      114.277362    30.518048     114.277362    30.518085    0             0             0
2016-10-21 9:20:02          413763495      114.27737     30.518053     114.277372    30.518058    0             0             0
2016-10-21 9:22:54          413763495      114.277367    30.518043     114.27737     30.518053    0             0             0
2016-10-21 9:26:02          413763495      114.277357    30.518043     114.277367    30.518043    0             0             0
2016-10-21 9:29:14          413763495      114.277367    30.518047     114.277357    30.518043    0             0             0
2016-10-21 9:44:57          413763495      114.277342    30.518057     114.277347    30.518053    0             0             0
2016-10-21 9:47:33          413763495      114.277337    30.518075     114.277342    30.518057    0             0             0
2016-10-21 9:49:59          413763495      114.277352    30.518062     114.277337    30.518075    0             0             0
2016-10-21 9:53:30          413763495      114.277368    30.518053     114.277352    30.518062    0             0             0
2016-10-21 10:05:45         413763495      114.277343    30.518067     114.27734     30.518073    0             0             0
2016-10-21 10:08:57         413763495      114.277342    30.518075     114.277343    30.518067    0             0             0
2016-10-21 10:11:57         413763495      114.277348    30.518085     114.277342    30.518075    0             0             0
2016-10-21 10:15:45         413763495      114.277345    30.51808      114.277348    30.518085    0             0             0
2016-10-21 10:19:04         413763495      114.277358    30.518062     114.277345    30.51808     0             0             0
2016-10-21 10:22:16         413763495      114.277358    30.518062     114.277358    30.518062    0             0             0
2016-10-21 10:25:17         413763495      114.277373    30.518047     114.277358    30.518062    0             0             0
2016-10-21 10:30:25         413763495      114.277355    30.518043     114.277373    30.518047    0             0             0
2016-10-21 10:32:33         413763495      114.27736     30.518042     114.277355    30.518043    0             0             0
2016-10-21 10:56:45         413763495      114.277362    30.518037     114.277362    30.518037    0             0             0
2016-10-21 11:38:10         413763495      114.27736     30.51807      114.277363    30.518072    0             0             0
2016-10-21 13:03:40         413763495      114.277373    30.518083     114.277373    30.518083    0             0             0
2016-10-21 13:04:13         413763495      114.277373    30.518083     114.277373    30.518083    0             0             0
2016-10-21 13:07:09         413763495      114.277368    30.518077     114.277373    30.518083    0             0             0
2016-10-21 13:21:55         413763495      114.277332    30.518075     114.27733     30.518075    0             0             0
2016-10-21 13:24:34         413763495      114.277332    30.518068     114.277332    30.518075    0             0             0
2016-10-21 13:27:22         413763495      114.277332    30.518068     114.277332    30.518068    0             0             0
2016-10-21 13:42:50         413763495      114.277348    30.51807      114.277345    30.518072    0             0             0
2016-10-21 13:45:38         413763495      114.277362    30.51808      114.277348    30.51807     0             0             0
2016-10-21 13:48:46         413763495      114.277355    30.518063     114.277362    30.51808     0             0             0
2016-10-21 13:52:41         413763495      114.277355    30.518063     114.277355    30.518063    0             0             0
2016-10-21 13:53:08         413763495      114.277355    30.518063     114.277355    30.518063    0             0             0
2016-10-21 14:18:31         413763495      114.277365    30.518063     114.277365    30.518043    0             0             0
2016-10-21 16:22:45         413763495      114.277342    30.51809      114.277355    30.518085    0             0             0
2016-10-21 16:25:51         413763495      114.277342    30.51809      114.277342    30.51809     0             0             0
2016-10-21 16:28:36         413763495      114.277357    30.518087     114.277342    30.51809     0             0             0
2016-10-21 16:31:58         413763495      114.277357    30.518087     114.277357    30.518087    0             0             0
2016-10-21 16:35:01         413763495      114.277338    30.518085     114.277357    30.518087    0             0             0
2016-10-21 16:38:45         413763495      114.277328    30.51809      114.277338    30.518085    0             0             0
2016-10-21 16:41:53         413763495      114.277328    30.518085     114.277328    30.51809     0             0             0
2016-10-21 16:44:56         413763495      114.277323    30.518078     114.277328    30.518085    0             0             0
2016-10-21 16:53:27         413763495      114.277353    30.518075     114.27733     30.518087    0             0             0
2016-10-21 16:55:42         413763495      114.277305    30.51807      114.277353    30.518075    0             0             0
2016-10-21 17:18:44         413763495      114.277327    30.518097     114.277332    30.518087    0             0             0
2016-10-21 17:21:16         413763495      114.277313    30.518095     114.277327    30.518097    0             0             0
2016-10-21 17:35:01         413763495      114.277282    30.518108     114.277287    30.518095    0             0             0
2016-10-21 17:47:13         413763495      114.277297    30.51808      114.277285    30.518103    0             0             0
2016-10-21 18:16:20         413763495      114.277305    30.518057     114.27731     30.518052    0             0             0
2016-10-21 18:18:48         413763495      114.27731     30.518057     114.277305    30.518057    0             0             0
2016-10-21 18:33:04         413763495      114.27732     30.518043     114.277315    30.51805     0             0             0
2016-10-21 18:38:08         413763495      114.277318    30.518038     114.27732     30.518043    0             0             0
2016-10-21 18:40:27         413763495      114.277322    30.518052     114.277318    30.518038    0             0             0
2016-10-21 18:40:42         413763495      114.27732     30.518052     114.277322    30.518052    0             0             0
2016-10-21 18:43:16         413763495      114.277328    30.51806      114.27732     30.518052    0             0             0
2016-10-21 18:46:16         413763495      114.277328    30.51806      114.277328    30.51806     0             0             0
2016-10-21 18:49:30         413763495      114.277337    30.518057     114.277328    30.51806     0             0             0
2016-10-21 18:52:24         413763495      114.277335    30.518057     114.277337    30.518057    0             0             0
2016-10-21 18:53:33         413763495      114.277335    30.51806      114.277335    30.518057    0             0             0
2016-10-21 18:57:07         413763495      114.277332    30.51806      114.277335    30.51806     0             0             0
2016-10-21 19:00:11         413763495      114.27732     30.518057     114.277332    30.51806     0             0             0
2016-10-21 19:03:19         413763495      114.27733     30.518063     114.27732     30.518057    0             0             0
2016-10-21 19:06:11         413763495      114.277328    30.518065     114.27733     30.518063    0             0             0
2016-10-21 19:09:23         413763495      114.277322    30.518062     114.277328    30.518065    0             0             0
2016-10-21 19:12:34         413763495      114.277315    30.518052     114.277322    30.518062    0             0             0
2016-10-21 19:16:27         413763495      114.277328    30.518053     114.277315    30.518052    0             0             0
2016-10-21 19:19:29         413763495      114.277322    30.51805      114.277328    30.518053    0             0             0
2016-10-21 19:22:27         413763495      114.277333    30.51805      114.277322    30.51805     0             0             0
2016-10-21 19:25:32         413763495      114.277323    30.518055     114.277333    30.51805     0             0             0
2016-10-21 19:34:40         413763495      114.277332    30.518043     114.277332    30.518043    0             0             0
2016-10-21 19:34:55         413763495      114.277332    30.518045     114.277332    30.518043    0             0             0
2016-10-21 19:45:00         413763495      114.277333    30.518052     114.277333    30.518035    0             0             0
2016-10-21 19:47:55         413763495      114.277348    30.518045     114.277333    30.518052    0             0             0
2016-10-21 19:51:10         413763495      114.277328    30.518045     114.277348    30.518045    0             0             0
2016-10-21 19:58:50         413763495      114.277352    30.518063     114.27734     30.51806     0             0             0
2016-10-21 20:02:23         413763495      114.277325    30.518053     114.277352    30.518063    0             0             0
2016-10-21 20:05:28         413763495      114.277328    30.518075     114.277325    30.518053    0             0             0
2016-10-21 20:10:14         413763495      114.277325    30.518078     114.277328    30.518075    0             0             0
2016-10-21 20:13:08         413763495      114.277342    30.518092     114.277325    30.518078    0             0             0
2016-10-21 20:18:14         413763495      114.277345    30.518083     114.277342    30.518092    0             0             0
2016-10-21 20:20:27         413763495      114.27733     30.518087     114.277345    30.518083    0             0             0
2016-10-21 20:23:01         413763495      114.277327    30.518082     114.27733     30.518087    0             0             0
2016-10-21 20:25:39         413763495      114.277328    30.518082     114.277327    30.518082    0             0             0
2016-10-21 20:28:54         413763495      114.277333    30.518095     114.277328    30.518082    0             0             0
2016-10-21 20:31:46         413763495      114.277335    30.51808      114.277333    30.518095    0             0             0
2016-10-21 20:35:08         413763495      114.277332    30.51807      114.277335    30.51808     0             0             0
2016-10-21 20:38:07         413763495      114.277323    30.518067     114.277332    30.51807     0             0             0
2016-10-21 20:41:01         413763495      114.277348    30.51806      114.277323    30.518067    0             0             0
2016-10-21 20:44:11         413763495      114.277352    30.518067     114.277348    30.51806     0             0             0
2016-10-21 20:53:22         413763495      114.277367    30.518057     114.277357    30.518063    0             0             0
2016-10-21 20:56:14         413763495      114.277342    30.51804      114.277367    30.518057    0             0             0
2016-10-21 21:07:29         413763495      114.277352    30.518052     114.277353    30.51805     0             0             0
2016-10-21 21:07:44         413763495      114.277352    30.518053     114.277352    30.518052    0             0             0
2016-10-21 21:15:21         413763495      114.277375    30.518068     114.277373    30.518082    0             0             0
2016-10-21 21:17:48         413763495      114.277362    30.518073     114.277375    30.518068    0             0             0
2016-10-21 21:20:25         413763495      114.277382    30.518067     114.277362    30.518073    0             0             0
2016-10-21 21:23:03         413763495      114.277387    30.518062     114.277382    30.518067    0             0             0
2016-10-21 21:23:56         413763495      114.277387    30.518062     114.277387    30.518062    0             0             0
2016-10-21 21:56:26         413763495      114.277355    30.51806      114.27734     30.518055    0             0             0
2016-10-21 21:59:57         413763495      114.277318    30.51808      114.277355    30.51806     0             0             0
2016-10-21 22:05:13         413763495      114.277317    30.518075     114.277318    30.51808     0             0             0
2016-10-21 22:24:00         413763495      114.277348    30.518108     114.27735     30.518097    0             0             0
2016-10-21 23:02:26         413763495      114.277338    30.518053     114.27734     30.51805     0             0             0
2016-10-21 23:04:51         413763495      114.277348    30.518055     114.277338    30.518053    0             0             0
2016-10-21 23:08:37         413763495      114.277362    30.51806      114.277348    30.518055    0             0             0
2016-10-21 23:11:46         413763495      114.27736     30.518065     114.277362    30.51806     0             0             0
2016-10-21 23:15:46         413763495      114.277357    30.518063     114.27736     30.518065    0             0             0
2016-10-21 23:29:45         413763495      114.27735     30.518058     114.277352    30.518055    0             0             0
2016-10-21 23:32:16         413763495      114.277348    30.51806      114.27735     30.518058    0             0             0
2016-10-21 23:34:50         413763495      114.277345    30.518053     114.277348    30.51806     0             0             0
2016-10-21 23:35:24         413763495      114.27735     30.518055     114.277345    30.518053    0             0             0
2016-10-21 23:48:19         413763495      114.277338    30.518057     114.277343    30.518058    0             0             0
2016-10-21 23:57:38         413763495      114.277325    30.51807      114.277335    30.518068    0             0             0
