2016-10-19 0:00:26          413801349      114.314977    30.589198     114.314978    30.589198    0             101.2         101
2016-10-19 0:00:39          413801349      114.314977    30.589198     114.314977    30.589198    0             63.9          117
2016-10-19 0:03:31          413801349      114.314977    30.5892       114.314977    30.589198    0             0             120
2016-10-19 0:06:28          413801349      114.314977    30.589202     114.314977    30.5892      0             93.4          93
2016-10-19 0:15:35          413801349      114.314978    30.589207     114.314977    30.589207    0             101.3         297
2016-10-19 0:18:39          413801349      114.31498     30.589207     114.314978    30.589207    0             159.2         85
2016-10-19 0:24:43          413801349      114.314982    30.589205     114.314982    30.589205    0             70.7          50
2016-10-19 0:27:34          413801349      114.314983    30.589205     114.314982    30.589205    0             74.5          74
2016-10-19 0:30:37          413801349      114.314983    30.589203     114.314983    30.589205    0             318.9         263
2016-10-19 0:36:46          413801349      114.314985    30.589205     114.314985    30.589205    0             131.7         272
2016-10-19 0:39:35          413801349      114.314985    30.589203     114.314985    30.589205    0             203.5         203
2016-10-19 0:42:35          413801349      114.314985    30.589203     114.314985    30.589203    0.1           97.6          97
2016-10-19 0:45:34          413801349      114.31499     30.589203     114.314985    30.589203    0             280           280
2016-10-19 0:48:36          413801349      114.31499     30.589202     114.31499     30.589203    0             62.2          62
2016-10-19 0:51:30          413801349      114.31499     30.589202     114.31499     30.589202    0             323.6         323
2016-10-19 0:54:50          413801349      114.314988    30.589202     114.31499     30.589202    0             329.3         338
2016-10-19 1:00:47          413801349      114.314992    30.589203     114.314992    30.589203    0             176           304
2016-10-19 1:03:40          413801349      114.314992    30.589202     114.314992    30.589203    0             301.4         301
2016-10-19 1:06:43          413801349      114.314992    30.589203     114.314992    30.589202    0             119.9         337
2016-10-19 1:09:40          413801349      114.314993    30.589203     114.314992    30.589203    0             117.5         26
2016-10-19 1:12:37          413801349      114.314993    30.589203     114.314993    30.589203    0             110.6         227
2016-10-19 1:12:49          413801349      114.314993    30.589203     114.314993    30.589203    0             84.5          84
2016-10-19 1:15:49          413801349      114.314993    30.589203     114.314993    30.589203    0             93.6          23
2016-10-19 1:18:38          413801349      114.314993    30.589203     114.314993    30.589203    0             187.9         97
2016-10-19 1:21:37          413801349      114.31499     30.589205     114.314993    30.589203    0             323.4         89
2016-10-19 1:24:39          413801349      114.314988    30.589205     114.31499     30.589205    0             351.9         94
2016-10-19 1:27:35          413801349      114.314988    30.589205     114.314988    30.589205    0             97.2          256
2016-10-19 1:30:40          413801349      114.314987    30.589205     114.314988    30.589205    0             56.8          17
2016-10-19 1:33:33          413801349      114.314983    30.589203     114.314987    30.589205    0             255.4         222
2016-10-19 1:36:36          413801349      114.314983    30.589202     114.314983    30.589203    0             343.4         343
2016-10-19 1:36:51          413801349      114.314983    30.589202     114.314983    30.589202    0             65            294
2016-10-19 1:39:44          413801349      114.314983    30.5892       114.314983    30.589202    0             65            65
2016-10-19 1:42:45          413801349      114.314985    30.5892       114.314983    30.5892      0             235.9         263
2016-10-19 1:45:45          413801349      114.314985    30.589202     114.314985    30.5892      0             261.2         261
2016-10-19 1:48:40          413801349      114.314985    30.5892       114.314985    30.589202    0             285.3         285
2016-10-19 1:57:38          413801349      114.314983    30.589195     114.314985    30.589197    0             205.4         229
2016-10-19 2:00:42          413801349      114.314983    30.589195     114.314983    30.589195    0             53            53
2016-10-19 2:03:43          413801349      114.314982    30.589195     114.314983    30.589195    0             355.1         58
2016-10-19 2:06:48          413801349      114.31498     30.589195     114.314982    30.589195    0             340.5         340
2016-10-19 2:09:53          413801349      114.314978    30.589195     114.31498     30.589195    0             71.4          71
2016-10-19 2:12:45          413801349      114.314977    30.589197     114.314978    30.589195    0             55.1          55
2016-10-19 2:15:51          413801349      114.314977    30.589197     114.314977    30.589197    0             89.8          227
2016-10-19 2:18:53          413801349      114.314977    30.589197     114.314977    30.589197    0             187.4         80
2016-10-19 2:21:47          413801349      114.314978    30.589197     114.314977    30.589197    0             49.8          0
2016-10-19 2:24:41          413801349      114.314977    30.589197     114.314978    30.589197    0             327.3         327
2016-10-19 2:24:57          413801349      114.314977    30.589197     114.314977    30.589197    0             207.7         294
2016-10-19 2:27:43          413801349      114.314975    30.589198     114.314977    30.589197    0             118.1         118
2016-10-19 2:30:45          413801349      114.314973    30.589198     114.314975    30.589198    0             244           244
2016-10-19 2:33:41          413801349      114.314975    30.589197     114.314973    30.589198    0             290.6         350
2016-10-19 2:36:51          413801349      114.314975    30.589197     114.314975    30.589197    0             335.4         49
2016-10-19 2:39:52          413801349      114.314973    30.589197     114.314975    30.589197    0             207.9         350
2016-10-19 2:42:46          413801349      114.314973    30.589197     114.314973    30.589197    0             46.7          81
2016-10-19 2:45:40          413801349      114.314973    30.589195     114.314973    30.589197    0             226.7         212
2016-10-19 2:48:41          413801349      114.314973    30.589193     114.314973    30.589195    0             273.8         222
2016-10-19 2:51:41          413801349      114.314975    30.589192     114.314973    30.589193    0             358.5         358
2016-10-19 2:54:47          413801349      114.314977    30.589188     114.314975    30.589192    0             0             0
2016-10-19 2:57:47          413801349      114.314975    30.589188     114.314977    30.589188    0             263.5         263
2016-10-19 3:00:42          413801349      114.314975    30.589187     114.314975    30.589188    0             181.5         256
2016-10-19 3:00:58          413801349      114.314975    30.589187     114.314975    30.589187    0             332.1         263
2016-10-19 3:03:49          413801349      114.314977    30.589185     114.314975    30.589187    0             122.8         357
2016-10-19 3:06:57          413801349      114.314975    30.589185     114.314977    30.589185    0             112.7         80
2016-10-19 3:09:47          413801349      114.314978    30.589183     114.314975    30.589185    0             205.1         24
2016-10-19 3:12:52          413801349      114.314978    30.589182     114.314978    30.589183    0             275.4         307
2016-10-19 3:15:41          413801349      114.314978    30.589183     114.314978    30.589182    0             104.3         332
2016-10-19 3:18:52          413801349      114.314978    30.589183     114.314978    30.589183    0             37            37
2016-10-19 3:21:50          413801349      114.314977    30.589182     114.314978    30.589183    0             327.9         338
2016-10-19 3:24:42          413801349      114.314978    30.589182     114.314977    30.589182    0             16.2          16
2016-10-19 3:27:40          413801349      114.314978    30.58918      114.314978    30.589182    0             72.6          72
2016-10-19 3:30:41          413801349      114.314977    30.58918      114.314978    30.58918     0             307.2         307
2016-10-19 3:30:58          413801349      114.314975    30.58918      114.314977    30.58918     0             299.9         299
2016-10-19 3:33:39          413801349      114.314975    30.58918      114.314975    30.58918     0             326           2
2016-10-19 3:36:51          413801349      114.314977    30.58918      114.314975    30.58918     0             257.5         103
2016-10-19 3:39:53          413801349      114.314977    30.589178     114.314977    30.58918     0             292.6         292
2016-10-19 3:42:49          413801349      114.314977    30.589177     114.314977    30.589178    0             150.8         150
2016-10-19 3:45:51          413801349      114.314977    30.589178     114.314977    30.589177    0             137.7         277
2016-10-19 3:48:44          413801349      114.31498     30.589177     114.314977    30.589178    0             42.3          42
2016-10-19 3:48:57          413801349      114.31498     30.589177     114.31498     30.589177    0             148.2         78
2016-10-19 3:51:48          413801349      114.314982    30.589175     114.31498     30.589177    0             330.4         112
2016-10-19 3:54:53          413801349      114.314985    30.589175     114.314982    30.589175    0             292.9         102
2016-10-19 3:57:55          413801349      114.314985    30.589175     114.314985    30.589175    0             127.2         279
2016-10-19 4:00:47          413801349      114.314985    30.589175     114.314985    30.589175    0             198.6         280
2016-10-19 4:01:01          413801349      114.314985    30.589175     114.314985    30.589175    0             199.3         183
2016-10-19 4:03:53          413801349      114.314983    30.589173     114.314985    30.589175    0             153.8         153
2016-10-19 4:06:59          413801349      114.314982    30.589172     114.314983    30.589173    0             128.5         272
2016-10-19 4:09:45          413801349      114.314983    30.589172     114.314982    30.589172    0             18            2
2016-10-19 4:12:57          413801349      114.314982    30.589173     114.314983    30.589172    0             189.5         189
2016-10-19 4:15:43          413801349      114.314982    30.589172     114.314982    30.589173    0             246.5         205
2016-10-19 4:18:50          413801349      114.314983    30.589173     114.314982    30.589172    0             237.9         237
2016-10-19 4:21:47          413801349      114.314988    30.589173     114.314983    30.589173    0             18.5          18
2016-10-19 4:24:49          413801349      114.31499     30.589173     114.314988    30.589173    0             346.3         346
2016-10-19 4:25:05          413801349      114.31499     30.589173     114.31499     30.589173    0             136.8         318
2016-10-19 4:27:51          413801349      114.314992    30.589175     114.31499     30.589173    0             32.7          32
2016-10-19 4:30:56          413801349      114.314993    30.589177     114.314992    30.589175    0             239.8         84
2016-10-19 4:33:46          413801349      114.314993    30.589177     114.314993    30.589177    0             184.1         184
2016-10-19 4:36:57          413801349      114.314993    30.589177     114.314993    30.589177    0             184.8         142
2016-10-19 4:39:47          413801349      114.314993    30.589177     114.314993    30.589177    0             90.3          90
2016-10-19 4:42:51          413801349      114.314992    30.589178     114.314993    30.589177    0             274.6         274
2016-10-19 4:45:45          413801349      114.314992    30.58918      114.314992    30.589178    0             86.5          143
2016-10-19 4:48:46          413801349      114.31499     30.58918      114.314992    30.58918     0             297.6         297
2016-10-19 4:49:01          413801349      114.31499     30.58918      114.31499     30.58918     0             64            106
2016-10-19 4:51:51          413801349      114.314988    30.58918      114.31499     30.58918     0             122.4         122
2016-10-19 4:54:56          413801349      114.31499     30.589178     114.314988    30.58918     0             99.7          99
2016-10-19 4:57:52          413801349      114.31499     30.58918      114.31499     30.589178    0             65.3          65
2016-10-19 5:00:45          413801349      114.31499     30.589178     114.31499     30.58918     0             172.3         172
2016-10-19 5:01:01          413801349      114.31499     30.589178     114.31499     30.589178    0             261.2         270
2016-10-19 5:03:53          413801349      114.31499     30.58918      114.31499     30.589178    0             94.8          94
2016-10-19 5:06:58          413801349      114.31499     30.589178     114.31499     30.58918     0             189.9         189
2016-10-19 5:09:44          413801349      114.31499     30.589178     114.31499     30.589178    0             290.7         290
2016-10-19 5:12:58          413801349      114.31499     30.589178     114.31499     30.589178    0             55.1          55
2016-10-19 5:19:10          413801349      114.314988    30.589178     114.314988    30.589178    0             288.6         288
2016-10-19 5:21:47          413801349      114.314988    30.58918      114.314988    30.589178    0             178           178
2016-10-19 5:24:50          413801349      114.314988    30.589182     114.314988    30.58918     0             310.9         310
2016-10-19 5:30:58          413801349      114.31499     30.589185     114.31499     30.589185    0             342.2         340
2016-10-19 5:37:14          413801349      114.314992    30.589187     114.314992    30.589187    0             332.9         332
2016-10-19 5:39:58          413801349      114.314992    30.589187     114.314992    30.589187    0             249.8         249
2016-10-19 5:42:56          413801349      114.314992    30.589185     114.314992    30.589187    0             165.9         126
2016-10-19 5:46:08          413801349      114.314992    30.589185     114.314992    30.589185    0             205.4         226
2016-10-19 5:48:50          413801349      114.314992    30.589185     114.314992    30.589185    0             289.6         144
2016-10-19 5:49:08          413801349      114.314992    30.589185     114.314992    30.589185    0             236.1         236
2016-10-19 5:52:09          413801349      114.31499     30.589185     114.314992    30.589185    0             209.9         329
2016-10-19 5:55:00          413801349      114.314988    30.589185     114.31499     30.589185    0             57.6          57
2016-10-19 5:57:56          413801349      114.314987    30.589185     114.314988    30.589185    0             62.5          74
2016-10-19 6:00:51          413801349      114.314987    30.589185     114.314987    30.589185    0             52.8          52
2016-10-19 6:01:11          413801349      114.314987    30.589185     114.314987    30.589185    0             27.1          27
2016-10-19 6:04:04          413801349      114.314985    30.589185     114.314987    30.589185    0             341.4         341
2016-10-19 6:06:50          413801349      114.314985    30.589185     114.314985    30.589185    0             296.3         243
2016-10-19 6:07:07          413801349      114.314985    30.589185     114.314985    30.589185    0             335.5         335
2016-10-19 6:10:09          413801349      114.314985    30.589187     114.314985    30.589185    0             125           76
2016-10-19 6:13:01          413801349      114.314983    30.589187     114.314985    30.589187    0             122.7         122
2016-10-19 6:16:07          413801349      114.314982    30.589187     114.314983    30.589187    0             79.5          215
2016-10-19 6:19:03          413801349      114.314983    30.589187     114.314982    30.589187    0             145.3         182
2016-10-19 6:33:59          413801349      114.31499     30.589188     114.314987    30.589187    0             57.5          277
2016-10-19 6:37:15          413801349      114.31499     30.58919      114.31499     30.589188    0             48.9          40
2016-10-19 6:40:03          413801349      114.31499     30.58919      114.31499     30.58919     0             287.9         167
2016-10-19 6:43:19          413801349      114.31499     30.58919      114.31499     30.58919     0             312.4         153
2016-10-19 6:46:16          413801349      114.314988    30.589192     114.31499     30.58919     0             62.4          349
2016-10-19 6:49:14          413801349      114.314988    30.589192     114.314988    30.589192    0             134.7         134
2016-10-19 6:52:02          413801349      114.314988    30.589192     114.314988    30.589192    0             235.5         104
2016-10-19 6:55:02          413801349      114.314988    30.589192     114.314988    30.589192    0             274.5         274
2016-10-19 6:55:20          413801349      114.314988    30.589192     114.314988    30.589192    0             306.4         306
2016-10-19 7:04:15          413801349      114.31499     30.589195     114.31499     30.589193    0             208           208
2016-10-19 7:07:10          413801349      114.31499     30.589195     114.31499     30.589195    0             255.8         255
2016-10-19 7:10:20          413801349      114.31499     30.589197     114.31499     30.589195    0             66            94
2016-10-19 7:13:11          413801349      114.314988    30.589197     114.31499     30.589197    0             330.7         330
2016-10-19 7:16:06          413801349      114.314987    30.589198     114.314988    30.589197    0             62            62
2016-10-19 7:19:07          413801349      114.314985    30.5892       114.314987    30.589198    0             220.8         252
2016-10-19 7:22:10          413801349      114.314987    30.5892       114.314985    30.5892      0             199.4         237
2016-10-19 7:25:18          413801349      114.314987    30.5892       114.314987    30.5892      0             4.1           237
2016-10-19 7:28:02          413801349      114.314988    30.589202     114.314987    30.5892      0             139.3         139
2016-10-19 7:31:28          413801349      114.31499     30.589203     114.314988    30.589202    0             9.5           345
2016-10-19 7:34:04          413801349      114.314988    30.589205     114.31499     30.589203    0             105.3         105
2016-10-19 7:37:33          413801349      114.31499     30.589207     114.314988    30.589205    0             294.4         205
2016-10-19 7:52:21          413801349      114.31499     30.58921      114.31499     30.58921     0             54            54
2016-10-19 7:55:08          413801349      114.31499     30.589212     114.31499     30.58921     0             150.3         150
2016-10-19 7:58:37          413801349      114.31499     30.589213     114.31499     30.589212    0             81.6          81
2016-10-19 8:01:09          413801349      114.314992    30.589213     114.31499     30.589213    0             45.3          45
2016-10-19 8:04:09          413801349      114.314992    30.589213     114.314992    30.589213    0             229           229
2016-10-19 8:07:13          413801349      114.31499     30.589213     114.314992    30.589213    0             291.8         291
2016-10-19 8:07:41          413801349      114.31499     30.589213     114.31499     30.589213    0             3.4           337
2016-10-19 8:10:28          413801349      114.31499     30.589215     114.31499     30.589213    0             239.2         239
2016-10-19 8:13:12          413801349      114.31499     30.589213     114.31499     30.589215    0             174.5         174
2016-10-19 8:16:18          413801349      114.31499     30.589213     114.31499     30.589213    0             105.8         105
2016-10-19 8:19:20          413801349      114.314988    30.589213     114.31499     30.589213    0             64.6          64
2016-10-19 8:22:20          413801349      114.314988    30.589213     114.314988    30.589213    0             256.1         256
2016-10-19 8:25:35          413801349      114.314988    30.589213     114.314988    30.589213    0             343.7         343
2016-10-19 8:28:29          413801349      114.31499     30.589215     114.314988    30.589213    0             337.5         344
2016-10-19 8:31:17          413801349      114.31499     30.589215     114.31499     30.589215    0             74.9          53
2016-10-19 8:34:09          413801349      114.31499     30.589217     114.31499     30.589215    0             127.2         34
2016-10-19 8:37:22          413801349      114.314988    30.589217     114.31499     30.589217    0             64.6          64
2016-10-19 8:40:15          413801349      114.31499     30.589215     114.314988    30.589217    0             150.1         150
2016-10-19 8:43:34          413801349      114.314992    30.589217     114.31499     30.589215    0             56.9          56
2016-10-19 9:01:30          413801349      114.31499     30.58922      114.31499     30.58922     0             96.1          0
2016-10-19 9:04:20          413801349      114.314992    30.58922      114.31499     30.58922     0             49.6          304
2016-10-19 9:07:27          413801349      114.314992    30.589218     114.314992    30.58922     0             266.8         258
2016-10-19 9:16:35          413801349      114.31499     30.589215     114.314992    30.589217    0             273.8         94
2016-10-19 9:19:34          413801349      114.314992    30.589213     114.31499     30.589215    0             100.7         288
2016-10-19 9:22:23          413801349      114.314995    30.589213     114.314992    30.589213    0             113.5         125
2016-10-19 9:25:23          413801349      114.314997    30.589212     114.314995    30.589213    0             151.7         151
2016-10-19 9:28:49          413801349      114.315       30.58921      114.314997    30.589212    0             174.2         322
2016-10-19 9:31:45          413801349      114.315002    30.589208     114.315       30.58921     0             276.1         258
2016-10-19 9:39:39          413801349      114.315017    30.589192     114.315005    30.589207    0             44.2          87
2016-10-19 9:42:53          413801349      114.315015    30.58919      114.315017    30.589192    0             323.6         58
2016-10-19 9:49:01          413801349      114.315025    30.58919      114.315015    30.58919     0             297.2         139
2016-10-19 9:51:39          413801349      114.315023    30.589188     114.315025    30.58919     0             238           238
2016-10-19 10:00:35         413801349      114.315013    30.589175     114.315023    30.589187    0             218.6         331
2016-10-19 10:03:38         413801349      114.314988    30.589173     114.315013    30.589175    0             139.1         139
2016-10-19 10:07:02         413801349      114.314992    30.589175     114.314988    30.589173    0             77.4          77
2016-10-19 10:09:47         413801349      114.314995    30.589177     114.314992    30.589175    0             274.4         274
2016-10-19 10:18:55         413801349      114.314992    30.58918      114.314998    30.589188    0             94.9          340
2016-10-19 10:22:02         413801349      114.314993    30.589178     114.314992    30.58918     0             270.6         270
2016-10-19 10:24:52         413801349      114.314995    30.589177     114.314993    30.589178    0             254.8         340
2016-10-19 10:27:39         413801349      114.31499     30.589172     114.314995    30.589177    0             34.1          203
2016-10-19 10:30:53         413801349      114.31499     30.589175     114.31499     30.589172    0             278.7         109
2016-10-19 10:33:52         413801349      114.31499     30.589175     114.31499     30.589175    0             109.2         123
2016-10-19 10:36:37         413801349      114.31499     30.589175     114.31499     30.589175    0             167.9         150
2016-10-19 10:39:57         413801349      114.31499     30.589175     114.31499     30.589175    0             217.3         207
2016-10-19 10:42:59         413801349      114.314988    30.589178     114.31499     30.589175    0             304.1         352
2016-10-19 10:45:53         413801349      114.31499     30.589182     114.314988    30.589178    0             58.1          97
2016-10-19 10:54:55         413801349      114.314992    30.589188     114.314992    30.589188    0             134.4         238
2016-10-19 10:57:45         413801349      114.314978    30.58918      114.314992    30.589188    0             302.9         49
2016-10-19 11:00:47         413801349      114.31498     30.58918      114.314978    30.58918     0             331.6         290
2016-10-19 11:09:57         413801349      114.314998    30.589188     114.314992    30.589182    0             186.6         186
2016-10-19 11:12:58         413801349      114.314998    30.589192     114.314998    30.589188    0             274.9         213
2016-10-19 11:15:56         413801349      114.314995    30.589193     114.314998    30.589192    0             80.1          54
2016-10-19 11:19:06         413801349      114.314982    30.58919      114.314995    30.589193    0             111.7         186
2016-10-19 11:21:59         413801349      114.314985    30.589187     114.314982    30.58919     0             135.5         199
2016-10-19 11:24:51         413801349      114.314988    30.589192     114.314985    30.589187    0             248.5         5
2016-10-19 11:28:10         413801349      114.314988    30.589192     114.314988    30.589192    0             9.7           9
2016-10-19 11:30:58         413801349      114.314962    30.589182     114.314988    30.589192    0             260.1         260
2016-10-19 11:33:55         413801349      114.314968    30.589185     114.314962    30.589182    0             345.3         345
2016-10-19 11:40:11         413801349      114.314973    30.589187     114.314973    30.589187    0             277.5         145
2016-10-19 11:43:06         413801349      114.314983    30.589192     114.314973    30.589187    0             303.5         324
2016-10-19 11:45:53         413801349      114.314983    30.589195     114.314983    30.589192    0             133.9         216
2016-10-19 11:49:08         413801349      114.314985    30.589197     114.314983    30.589195    0             309           309
2016-10-19 11:52:12         413801349      114.314987    30.589197     114.314985    30.589197    0             273.9         273
2016-10-19 11:54:55         413801349      114.314987    30.589197     114.314987    30.589197    0             4.2           4
2016-10-19 11:58:05         413801349      114.314988    30.589197     114.314987    30.589197    0             108.5         108
2016-10-19 12:01:14         413801349      114.31499     30.589197     114.314988    30.589197    0             214.7         270
2016-10-19 12:04:07         413801349      114.31499     30.589195     114.31499     30.589197    0             126.6         331
2016-10-19 12:07:00         413801349      114.31499     30.589193     114.31499     30.589195    0             160.8         146
2016-10-19 12:15:53         413801349      114.31499     30.589192     114.314988    30.589192    0             334.6         117
2016-10-19 12:19:15         413801349      114.314988    30.589192     114.31499     30.589192    0             103.7         306
2016-10-19 12:21:57         413801349      114.314987    30.589192     114.314988    30.589192    0             167.1         230
2016-10-19 12:24:53         413801349      114.314987    30.589192     114.314987    30.589192    0             288.8         288
2016-10-19 12:28:02         413801349      114.314987    30.589192     114.314987    30.589192    0             347.2         65
2016-10-19 12:30:54         413801349      114.314987    30.589187     114.314987    30.589192    0             239           216
2016-10-19 12:33:59         413801349      114.314988    30.589187     114.314987    30.589187    0             34.9          91
2016-10-19 12:36:52         413801349      114.314987    30.589185     114.314988    30.589187    0             199           277
2016-10-19 12:40:00         413801349      114.31499     30.589188     114.314987    30.589185    0             17.4          347
2016-10-19 12:43:09         413801349      114.31499     30.589192     114.31499     30.589188    0             293           313
2016-10-19 12:46:11         413801349      114.314985    30.589183     114.31499     30.589192    0             305.3         29
2016-10-19 12:49:07         413801349      114.314987    30.58918      114.314985    30.589183    0             273.5         304
2016-10-19 12:52:11         413801349      114.314972    30.589178     114.314987    30.58918     0             143.8         124
2016-10-19 12:54:58         413801349      114.314973    30.58918      114.314972    30.589178    0             175.8         334
2016-10-19 12:58:01         413801349      114.314973    30.589183     114.314973    30.58918     0             96.6          300
2016-10-19 13:00:57         413801349      114.314973    30.589187     114.314973    30.589183    0             328           328
2016-10-19 13:04:12         413801349      114.314973    30.589188     114.314973    30.589187    0             19.4          80
2016-10-19 13:13:02         413801349      114.314977    30.589195     114.314977    30.589193    0             90.6          224
2016-10-19 13:16:06         413801349      114.314992    30.589212     114.314977    30.589195    0             344.1         344
2016-10-19 13:19:05         413801349      114.314992    30.58921      114.314992    30.589212    0             1.4           1
2016-10-19 13:22:05         413801349      114.31499     30.589207     114.314992    30.58921     0             256.5         256
2016-10-19 13:31:18         413801349      114.314992    30.589208     114.314992    30.589207    0             331.2         312
2016-10-19 13:34:00         413801349      114.314992    30.58921      114.314992    30.589208    0             266.4         317
2016-10-19 13:37:24         413801349      114.31499     30.589212     114.314992    30.58921     0             344.9         344
2016-10-19 13:40:02         413801349      114.314988    30.589212     114.31499     30.589212    0             253.7         249
2016-10-19 13:43:09         413801349      114.314987    30.589212     114.314988    30.589212    0             344.1         278
2016-10-19 13:46:16         413801349      114.31499     30.589213     114.314987    30.589212    0             92.2          25
2016-10-19 13:48:58         413801349      114.31499     30.589213     114.31499     30.589213    0             102.6         127
2016-10-19 13:52:10         413801349      114.314992    30.589213     114.31499     30.589213    0             312.2         218
2016-10-19 14:01:18         413801349      114.314998    30.58921      114.314997    30.58921     0             283           137
2016-10-19 14:04:14         413801349      114.315002    30.58921      114.314998    30.58921     0             109           109
2016-10-19 14:07:14         413801349      114.315003    30.58921      114.315002    30.58921     0             237.8         237
2016-10-19 14:10:02         413801349      114.315003    30.58921      114.315003    30.58921     0             272.6         145
2016-10-19 14:13:05         413801349      114.315002    30.58921      114.315003    30.58921     0             186.2         186
2016-10-19 14:16:12         413801349      114.315002    30.58921      114.315002    30.58921     0             229.9         229
2016-10-19 14:19:14         413801349      114.315003    30.589212     114.315002    30.58921     0             27.6          27
2016-10-19 14:22:16         413801349      114.315003    30.589212     114.315003    30.589212    0             348.8         348
2016-10-19 14:25:05         413801349      114.315007    30.589213     114.315003    30.589212    0             87.2          87
2016-10-19 14:49:21         413801349      114.314997    30.589202     114.314997    30.589202    0             287.3         185
2016-10-19 14:52:13         413801349      114.314998    30.589202     114.314997    30.589202    0             269.2         269
2016-10-19 14:55:28         413801349      114.314998    30.589202     114.314998    30.589202    0             71            328
2016-10-19 14:58:18         413801349      114.314997    30.589207     114.314998    30.589202    0             330.4         104
2016-10-19 15:01:28         413801349      114.314995    30.589208     114.314997    30.589207    0             73.9          27
2016-10-19 15:04:26         413801349      114.314997    30.589205     114.314995    30.589208    0             155.8         79
2016-10-19 15:16:41         413801349      114.315008    30.589207     114.315008    30.589208    0             160.9         299
2016-10-19 15:19:13         413801349      114.315007    30.589207     114.315008    30.589207    0             177.5         147
2016-10-19 15:22:31         413801349      114.315007    30.589205     114.315007    30.589207    0             295.7         166
2016-10-19 15:25:30         413801349      114.315007    30.589202     114.315007    30.589205    0             157.7         341
2016-10-19 15:28:26         413801349      114.315007    30.589202     114.315007    30.589202    0             97.8          348
2016-10-19 15:37:19         413801349      114.315005    30.589202     114.315007    30.589197    0             305.1         17
2016-10-19 15:40:17         413801349      114.315002    30.58921      114.315005    30.589202    0             0             42
2016-10-19 15:49:25         413801349      114.315       30.58921      114.315002    30.58921     0             320.8         121
2016-10-19 15:52:31         413801349      114.314998    30.589208     114.315       30.58921     0             48.5          227
2016-10-19 16:01:24         413801349      114.315       30.589207     114.314998    30.589207    0             178.6         153
2016-10-19 16:04:19         413801349      114.314998    30.589205     114.315       30.589207    0             59.6          292
2016-10-19 16:10:40         413801349      114.314998    30.589203     114.314998    30.589203    0             91.1          91
2016-10-19 16:22:30         413801349      114.315       30.589202     114.315       30.5892      0             304.4         304
2016-10-19 16:25:19         413801349      114.315       30.589202     114.315       30.589202    0             296.2         296
2016-10-19 16:28:17         413801349      114.314998    30.589202     114.315       30.589202    0             296.1         296
2016-10-19 16:28:51         413801349      114.314998    30.589202     114.314998    30.589202    0             3.2           3
2016-10-19 16:31:35         413801349      114.314997    30.589198     114.314998    30.589202    0             225.5         225
2016-10-19 16:34:24         413801349      114.315003    30.589202     114.314997    30.589198    0             73.9          73
2016-10-19 16:37:25         413801349      114.315002    30.589202     114.315003    30.589202    0             152           211
2016-10-19 16:40:34         413801349      114.315       30.589202     114.315002    30.589202    0             180           332
2016-10-19 16:43:27         413801349      114.314992    30.589212     114.315       30.589202    0             271.7         253
2016-10-19 16:46:18         413801349      114.314988    30.58922      114.314992    30.589212    0             164.3         194
2016-10-19 16:46:42         413801349      114.314992    30.589222     114.314988    30.58922     0             176.3         250
2016-10-19 16:55:34         413801349      114.314987    30.589222     114.314985    30.589223    0             161.7         282
2016-10-19 16:58:21         413801349      114.314988    30.58922      114.314987    30.589222    0             284.9         265
2016-10-19 17:07:37         413801349      114.314992    30.589218     114.314988    30.58922     0             271.1         191
2016-10-19 17:10:41         413801349      114.314992    30.589218     114.314992    30.589218    0             331.2         89
2016-10-19 17:13:39         413801349      114.31499     30.589215     114.314992    30.589218    0             191           207
2016-10-19 17:16:34         413801349      114.31499     30.589212     114.31499     30.589215    0             110.7         110
2016-10-19 17:19:32         413801349      114.31499     30.589213     114.31499     30.589212    0             223.2         299
2016-10-19 17:22:48         413801349      114.314992    30.589215     114.31499     30.589213    0             114.8         263
2016-10-19 17:25:25         413801349      114.314997    30.58922      114.314992    30.589215    0             145.6         311
2016-10-19 17:28:35         413801349      114.315       30.589227     114.314997    30.58922     0             174.3         155
2016-10-19 17:31:29         413801349      114.315002    30.589223     114.315       30.589227    0             254.1         205
2016-10-19 17:34:41         413801349      114.315003    30.58922      114.315002    30.589223    0             206.6         263
2016-10-19 17:37:40         413801349      114.315003    30.589222     114.315003    30.58922     0             281.1         195
2016-10-19 17:40:44         413801349      114.315003    30.589222     114.315003    30.589222    0             0             0
2016-10-19 17:49:32         413801349      114.315008    30.589228     114.315007    30.589225    0             90.3          70
2016-10-19 17:52:28         413801349      114.31501     30.589228     114.315008    30.589228    0             22.6          43
2016-10-19 17:52:44         413801349      114.31501     30.589228     114.31501     30.589228    0             45.2          45
2016-10-19 17:55:42         413801349      114.315013    30.589228     114.31501     30.589228    0             173.9         253
2016-10-19 18:04:40         413801349      114.315015    30.589233     114.31501     30.589242    0             45.6          130
2016-10-19 18:07:30         413801349      114.315013    30.589202     114.315015    30.589233    0             42            42
2016-10-19 18:11:05         413801349      114.315013    30.589207     114.315013    30.589202    0             2.4           234
2016-10-19 18:19:35         413801349      114.315003    30.589192     114.315003    30.589192    0             255.1         255
2016-10-19 18:22:47         413801349      114.315002    30.589193     114.315003    30.589192    0             308.1         132
2016-10-19 18:25:44         413801349      114.315       30.589195     114.315002    30.589193    0             104.6         104
2016-10-19 18:28:35         413801349      114.315       30.589197     114.315       30.589195    0             25.3          25
2016-10-19 18:28:58         413801349      114.315       30.589197     114.315       30.589197    0             61.6          115
2016-10-19 18:31:44         413801349      114.315       30.589197     114.315       30.589197    0             79.4          79
2016-10-19 18:40:46         413801349      114.315005    30.589197     114.315005    30.589195    0             253.6         253
2016-10-19 18:43:42         413801349      114.314997    30.589198     114.315005    30.589197    0             309.6         309
2016-10-19 18:46:45         413801349      114.314995    30.589193     114.314997    30.589198    0             323.9         323
2016-10-19 18:49:36         413801349      114.315003    30.589172     114.314995    30.589193    0             20.3          20
2016-10-19 18:52:37         413801349      163.248548    30.589177     114.315003    30.589172    18            239.7         239
2016-10-19 18:52:56         413801349      114.315005    30.589178     163.248548    30.589177    0             149           181
2016-10-19 18:55:41         413801349      114.315       30.589178     114.315005    30.589178    0             28.3          28
2016-10-19 18:58:47         413801349      114.315       30.58918      114.315       30.589178    0             313.3         313
2016-10-19 19:01:38         413801349      114.315005    30.589177     114.315       30.58918     0             11.5          11
2016-10-19 19:04:33         413801349      114.315005    30.589178     114.315005    30.589177    0             284.3         284
2016-10-19 19:04:52         413801349      114.315005    30.589178     114.315005    30.589178    0             139.2         139
2016-10-19 19:07:48         413801349      114.315005    30.58918      114.315005    30.589178    0             243.8         243
2016-10-19 19:10:44         413801349      114.315005    30.58918      114.315005    30.58918     0             28            28
2016-10-19 19:13:44         413801349      114.315005    30.58918      114.315005    30.58918     0             269.2         269
2016-10-19 19:16:42         413801349      114.315005    30.589187     114.315005    30.58918     0             30.5          30
2016-10-19 19:19:34         413801349      114.315005    30.589187     114.315005    30.589187    0             318           318
2016-10-19 19:22:40         413801349      114.315003    30.589185     114.315005    30.589187    0             87            87
2016-10-19 19:22:57         413801349      114.315003    30.589185     114.315003    30.589185    0             344.7         344
2016-10-19 19:25:49         413801349      114.315002    30.589185     114.315003    30.589185    0             47.1          349
2016-10-19 19:28:32         413801349      114.315002    30.589183     114.315002    30.589185    0             236.1         25
2016-10-19 19:28:53         413801349      114.315002    30.589183     114.315002    30.589183    0             167.4         167
2016-10-19 19:34:58         413801349      114.314998    30.589183     114.314998    30.589183    0             178.9         178
2016-10-19 19:37:49         413801349      114.314998    30.589185     114.314998    30.589183    0             293.8         293
2016-10-19 19:40:37         413801349      114.315       30.589187     114.314998    30.589185    0             84            84
2016-10-19 19:40:54         413801349      114.315       30.589187     114.315       30.589187    0             90.3          12
2016-10-19 19:43:36         413801349      114.314998    30.589187     114.315       30.589187    0             82.3          82
2016-10-19 19:46:43         413801349      114.314997    30.589185     114.314998    30.589187    0             54.6          54
2016-10-19 19:46:56         413801349      114.314997    30.589185     114.314997    30.589185    0             311.3         11
2016-10-19 19:49:53         413801349      114.314995    30.589182     114.314997    30.589185    0             189.4         189
2016-10-19 19:52:45         413801349      114.314993    30.58918      114.314995    30.589182    0             95.6          95
2016-10-19 19:55:49         413801349      114.314992    30.589178     114.314993    30.58918     0             270.7         270
2016-10-19 19:58:53         413801349      114.31499     30.589178     114.314992    30.589178    0             27.2          27
2016-10-19 20:01:43         413801349      114.314988    30.589178     114.31499     30.589178    0             297.3         237
2016-10-19 20:04:39         413801349      114.314988    30.589178     114.314988    30.589178    0             191.4         33
2016-10-19 20:04:55         413801349      114.314988    30.589178     114.314988    30.589178    0             25.2          38
2016-10-19 20:07:51         413801349      114.314988    30.589178     114.314988    30.589178    0             190.1         241
2016-10-19 20:10:45         413801349      114.314987    30.589177     114.314988    30.589178    0             353.5         154
2016-10-19 20:11:02         413801349      114.314987    30.589177     114.314987    30.589177    0             160.4         160
2016-10-19 20:17:00         413801349      114.314985    30.589178     114.314985    30.589178    0             225.4         225
2016-10-19 20:19:43         413801349      114.314983    30.58918      114.314985    30.589178    0             52.5          115
2016-10-19 20:28:57         413801349      114.314982    30.58918      114.314983    30.589178    0             230           230
2016-10-19 20:31:43         413801349      114.314982    30.58918      114.314982    30.58918     0             215.7         215
2016-10-19 20:34:48         413801349      114.314987    30.589173     114.314982    30.58918     0.1           265.4         265
2016-10-19 20:35:03         413801349      114.314975    30.589173     114.314987    30.589173    0.1           272.9         269
2016-10-19 20:37:53         413801349      114.314972    30.589173     114.314975    30.589173    0             262.8         242
2016-10-19 20:40:56         413801349      114.314972    30.589175     114.314972    30.589173    0             105.6         180
2016-10-19 20:43:46         413801349      114.314968    30.589175     114.314972    30.589175    0             101.3         51
2016-10-19 20:46:45         413801349      114.314968    30.589175     114.314968    30.589175    0             272.1         35
2016-10-19 20:47:00         413801349      114.314968    30.589175     114.314968    30.589175    0             324.8         228
2016-10-19 20:49:52         413801349      114.314968    30.589175     114.314968    30.589175    0             348           212
2016-10-19 20:52:56         413801349      114.314968    30.589177     114.314968    30.589175    0             247.9         247
2016-10-19 20:59:06         413801349      114.31497     30.589177     114.31497     30.589175    0             114.7         53
2016-10-19 21:01:53         413801349      114.314972    30.589177     114.31497     30.589177    0             268.1         56
2016-10-19 21:04:49         413801349      114.314972    30.589178     114.314972    30.589177    0             76.6          21
2016-10-19 21:05:06         413801349      114.314972    30.589178     114.314972    30.589178    0             338.8         8
2016-10-19 21:07:55         413801349      114.314972    30.589178     114.314972    30.589178    0             143.8         208
2016-10-19 21:10:54         413801349      114.314973    30.589178     114.314972    30.589178    0             62.4          49
2016-10-19 21:17:01         413801349      114.314973    30.589178     114.314973    30.589178    0             231.6         231
2016-10-19 21:31:49         413801349      159.753267    30.65596      114.314972    30.589183    18            271.8         271
2016-10-19 21:34:49         413801349      114.314975    30.58919      159.753267    30.65596     0             190.7         190
2016-10-19 21:35:05         413801349      114.314975    30.58919      114.314975    30.58919     0             45.6          118
2016-10-19 21:37:58         413801349      114.314975    30.589193     114.314975    30.58919     0             138           138
2016-10-19 21:40:49         413801349      114.314977    30.589193     114.314975    30.589193    0             63            63
2016-10-19 21:41:04         413801349      114.314977    30.589195     114.314977    30.589193    0             63.5          77
2016-10-19 21:43:53         413801349      114.314977    30.589195     114.314977    30.589195    0             294.3         294
2016-10-19 21:46:59         413801349      114.314977    30.589195     114.314977    30.589195    0             134.6         251
2016-10-19 21:50:04         413801349      114.314975    30.589197     114.314977    30.589195    0             182.8         182
2016-10-19 21:52:46         413801349      114.314975    30.589198     114.314975    30.589197    0             18.6          18
2016-10-19 21:53:05         413801349      114.314975    30.589198     114.314975    30.589198    0             347.6         112
2016-10-19 21:59:15         413801349      114.314975    30.589198     114.314975    30.589198    0             244.9         244
2016-10-19 22:01:52         413801349      114.314975    30.589198     114.314975    30.589198    0             65            65
2016-10-19 22:05:06         413801349      114.314973    30.589198     114.314975    30.589198    0             97.8          23
2016-10-19 22:07:50         413801349      114.314973    30.5892       114.314973    30.589198    0             119.4         119
2016-10-19 22:10:53         413801349      114.314972    30.5892       114.314973    30.5892      0             265           265
2016-10-19 22:11:11         413801349      114.314972    30.5892       114.314972    30.5892      0             278.9         202
2016-10-19 22:14:01         413801349      114.314972    30.5892       114.314972    30.5892      0             279.8         279
2016-10-19 22:16:55         413801349      114.314973    30.589203     114.314972    30.5892      0             317.8         317
2016-10-19 22:17:11         413801349      114.314973    30.589203     114.314973    30.589203    0             287.1         311
2016-10-19 22:19:47         413801349      114.314973    30.589203     114.314973    30.589203    0             335.1         335
2016-10-19 22:22:50         413801349      114.314975    30.589202     114.314973    30.589203    0             55.7          55
2016-10-19 22:23:05         413801349      114.314975    30.589202     114.314975    30.589202    0             16            51
2016-10-19 22:25:55         413801349      114.314975    30.589202     114.314975    30.589202    0             179           179
2016-10-19 22:34:52         413801349      114.314977    30.589203     114.314977    30.589203    0             29.5          29
2016-10-19 22:35:09         413801349      114.314977    30.589203     114.314977    30.589203    0             66.5          61
2016-10-19 22:38:04         413801349      114.314977    30.589203     114.314977    30.589203    0             337.6         337
2016-10-19 22:40:53         413801349      114.314977    30.589202     114.314977    30.589203    0             159.8         159
2016-10-19 22:41:06         413801349      114.314977    30.589202     114.314977    30.589202    0             24.3          84
2016-10-19 22:43:54         413801349      114.314977    30.589203     114.314977    30.589202    0             322.2         322
2016-10-19 22:46:55         413801349      114.314977    30.589203     114.314977    30.589203    0             58.7          58
2016-10-19 22:47:08         413801349      114.314977    30.589203     114.314977    30.589203    0             38            38
2016-10-19 22:49:48         413801349      114.314977    30.589203     114.314977    30.589203    0             231.9         231
2016-10-19 22:52:55         413801349      114.314977    30.589203     114.314977    30.589203    0             186.2         186
2016-10-19 22:53:08         413801349      114.314977    30.589203     114.314977    30.589203    0             98.3          98
2016-10-19 22:55:59         413801349      114.314977    30.589203     114.314977    30.589203    0             34.5          34
2016-10-19 22:58:57         413801349      114.314977    30.589202     114.314977    30.589203    0             0             0
2016-10-19 23:07:55         413801349      114.314978    30.589198     114.314978    30.5892      0             43.3          43
2016-10-19 23:11:10         413801349      114.31498     30.589198     114.314978    30.589198    0             120.2         120
2016-10-19 23:13:56         413801349      114.314978    30.589198     114.31498     30.589198    0             163.6         163
2016-10-19 23:17:03         413801349      114.314978    30.589198     114.314978    30.589198    0             194.1         176
2016-10-19 23:17:19         413801349      114.314977    30.589198     114.314978    30.589198    0             39.2          186
2016-10-19 23:19:56         413801349      114.314978    30.589198     114.314977    30.589198    0             286.5         214
2016-10-19 23:22:56         413801349      114.314978    30.589198     114.314978    30.589198    0             142.4         31
2016-10-19 23:31:59         413801349      114.314982    30.589198     114.314982    30.589198    0             N/A           N/A
2016-10-19 23:35:09         413801349      114.314982    30.589198     114.314982    30.589198    0             193           193
2016-10-19 23:35:23         413801349      114.314982    30.589198     114.314982    30.589198    0             9.9           11
2016-10-19 23:38:10         413801349      114.31498     30.589198     114.314982    30.589198    0             356.8         328
2016-10-19 23:41:32         413801349      114.31498     30.589198     114.31498     30.589198    0             41.5          46
2016-10-19 23:44:12         413801349      114.31498     30.5892       114.31498     30.589198    0             152.7         152
2016-10-19 23:47:02         413801349      114.314978    30.589202     114.31498     30.5892      0             19.6          237
2016-10-19 23:47:29         413801349      114.314978    30.589202     114.314978    30.589202    0             342.3         160
2016-10-19 23:50:08         413801349      114.314978    30.5892       114.314978    30.589202    0             319.6         319
2016-10-19 23:53:12         413801349      114.314977    30.5892       114.314978    30.5892      0             106           106
2016-10-19 23:59:25         413801349      114.314978    30.5892       114.314978    30.5892      0             58.4          6
