2016-10-18 9:33:49          413830294      114.503687    30.690428     114.450437    30.671092    0             0             0
2016-10-18 9:34:35          413830294      114.503687    30.690428     114.503687    30.690428    0             0             0
2016-10-18 9:35:45          413830294      114.503687    30.690428     114.503687    30.690428    0             0             0
2016-10-18 9:36:41          413830294      114.50368     30.690442     114.503687    30.690428    0             0             0
2016-10-18 9:37:23          413830294      114.503678    30.690457     114.50368     30.690442    0             0             0
2016-10-18 9:38:19          413830294      114.503668    30.690452     114.503678    30.690457    0             0             0
2016-10-18 9:39:03          413830294      114.503665    30.690455     114.503668    30.690452    0             0             0
2016-10-18 9:39:43          413830294      114.50366     30.690462     114.503665    30.690455    0             0             0
2016-10-18 9:40:13          413830294      114.50366     30.690462     114.50366     30.690462    0             0             0
2016-10-18 9:40:44          413830294      114.50366     30.690462     114.50366     30.690462    0             0             0
2016-10-18 9:41:19          413830294      114.50366     30.690462     114.50366     30.690462    0             0             0
2016-10-18 9:41:50          413830294      114.503658    30.69049      114.50366     30.690462    0             0             0
2016-10-18 9:42:19          413830294      114.50366     30.690493     114.503658    30.69049     0             0             0
2016-10-18 9:42:49          413830294      114.50366     30.690493     114.50366     30.690493    0             0             0
2016-10-18 9:43:53          413830294      114.503663    30.690505     114.50366     30.690493    0             0             0
2016-10-18 9:45:22          413830294      114.503663    30.6905       114.503663    30.690505    0             0             0
2016-10-18 9:45:57          413830294      114.50366     30.690495     114.503663    30.6905      0             0             0
2016-10-18 9:46:51          413830294      114.503657    30.690482     114.50366     30.690495    0             0             0
2016-10-18 9:47:23          413830294      114.503655    30.690477     114.503657    30.690482    0             0             0
2016-10-18 9:48:21          413830294      114.503673    30.690458     114.503655    30.690477    0             0             0
2016-10-18 9:48:50          413830294      114.503673    30.690458     114.503673    30.690458    0             0             0
2016-10-18 9:49:22          413830294      114.503672    30.69043      114.503673    30.690458    0             0             0
2016-10-18 9:49:52          413830294      114.503668    30.690427     114.503672    30.69043     0             0             0
2016-10-18 9:50:18          413830294      114.503668    30.690427     114.503668    30.690427    0             0             0
2016-10-18 9:51:16          413830294      114.503668    30.690427     114.503668    30.690427    0             0             0
2016-10-18 9:51:45          413830294      114.50367     30.690432     114.503668    30.690427    0             0             0
2016-10-18 9:52:12          413830294      114.50367     30.690432     114.50367     30.690432    0             0             0
2016-10-18 9:53:12          413830294      114.50367     30.690432     114.50367     30.690432    0             0             0
2016-10-18 9:53:44          413830294      114.50367     30.690432     114.50367     30.690432    0             0             0
2016-10-18 9:54:12          413830294      114.50367     30.690417     114.50367     30.690432    0             0             0
2016-10-18 9:54:41          413830294      114.503665    30.69042      114.50367     30.690417    0             0             0
2016-10-18 9:55:13          413830294      114.503665    30.69042      114.503665    30.69042     0             0             0
2016-10-18 9:55:43          413830294      114.503665    30.69042      114.503665    30.69042     0             0             0
2016-10-18 9:56:08          413830294      114.503655    30.690462     114.503665    30.69042     0             0             0
2016-10-18 9:56:35          413830294      114.503655    30.690462     114.503655    30.690462    0             0             0
2016-10-18 9:57:04          413830294      114.503663    30.690467     114.503655    30.690462    0             0             0
2016-10-18 9:57:36          413830294      114.503672    30.690463     114.503663    30.690467    0             0             0
2016-10-18 9:58:07          413830294      114.50368     30.690465     114.503672    30.690463    0             0             0
2016-10-18 9:58:36          413830294      114.503685    30.690475     114.50368     30.690465    0             0             0
2016-10-18 9:59:09          413830294      114.503687    30.690477     114.503685    30.690475    0             0             0
2016-10-18 9:59:39          413830294      114.503685    30.690477     114.503687    30.690477    0             0             0
2016-10-18 10:00:05         413830294      114.503675    30.690463     114.503685    30.690477    0             0             0
2016-10-18 10:00:35         413830294      114.503675    30.69046      114.503675    30.690463    0             0             0
2016-10-18 10:01:41         413830294      114.503675    30.69046      114.503675    30.69046     0             0             0
2016-10-18 10:02:06         413830294      114.50368     30.69045      114.503675    30.69046     0             0             0
2016-10-18 10:02:30         413830294      114.503682    30.690453     114.50368     30.69045     0             0             0
2016-10-18 10:03:05         413830294      114.503682    30.690458     114.503682    30.690453    0             0             0
2016-10-18 10:03:38         413830294      114.503673    30.690467     114.503682    30.690458    0             0             0
2016-10-18 10:05:33         413830294      114.503677    30.690477     114.503673    30.690467    0             0             0
2016-10-18 10:05:59         413830294      114.503677    30.690477     114.503677    30.690477    0             0             0
2016-10-18 10:06:27         413830294      114.50368     30.690473     114.503677    30.690477    0             0             0
2016-10-18 10:07:00         413830294      114.503678    30.690475     114.50368     30.690473    0             0             0
2016-10-18 10:07:32         413830294      114.503678    30.690475     114.503678    30.690475    0             0             0
2016-10-18 10:07:59         413830294      114.503667    30.690473     114.503678    30.690475    0             0             0
2016-10-18 10:08:27         413830294      114.50367     30.690473     114.503667    30.690473    0             0             0
2016-10-18 10:09:02         413830294      114.50367     30.690473     114.50367     30.690473    0             0             0
2016-10-18 10:09:36         413830294      114.503682    30.690455     114.50367     30.690473    0             0             0
2016-10-18 10:10:03         413830294      114.503682    30.690455     114.503682    30.690455    0             0             0
2016-10-18 10:10:31         413830294      114.503677    30.690442     114.503682    30.690455    0             0             0
2016-10-18 10:10:59         413830294      114.503677    30.690437     114.503677    30.690442    0             0             0
2016-10-18 10:11:25         413830294      114.503677    30.690437     114.503677    30.690437    0             0             0
2016-10-18 10:11:49         413830294      114.503673    30.69043      114.503677    30.690437    0             0             0
2016-10-18 10:12:15         413830294      114.503673    30.69043      114.503673    30.69043     0             0             0
2016-10-18 10:12:51         413830294      114.503668    30.690435     114.503673    30.69043     0             0             0
2016-10-18 10:13:21         413830294      114.503665    30.690435     114.503668    30.690435    0             0             0
2016-10-18 10:15:17         413830294      114.503667    30.690438     114.503665    30.690435    0             0             0
2016-10-18 10:15:47         413830294      114.503685    30.690443     114.503667    30.690438    0             0             0
2016-10-18 10:16:18         413830294      114.503685    30.690443     114.503685    30.690443    0             0             0
2016-10-18 10:16:59         413830294      114.503687    30.690452     114.503685    30.690443    0             0             0
2016-10-18 10:17:29         413830294      114.503683    30.69045      114.503687    30.690452    0             0             0
2016-10-18 10:18:23         413830294      114.503683    30.69045      114.503683    30.69045     0             0             0
2016-10-18 10:19:48         413830294      114.503683    30.69045      114.503683    30.69045     0             0             0
2016-10-18 10:20:13         413830294      114.503692    30.690508     114.503683    30.69045     0             0             0
2016-10-18 10:20:45         413830294      114.503685    30.690507     114.503692    30.690508    0             0             0
2016-10-18 10:22:03         413830294      114.503685    30.690507     114.503685    30.690507    0             0             0
2016-10-18 10:22:32         413830294      114.503685    30.690507     114.503685    30.690507    0             0             0
2016-10-18 10:23:01         413830294      114.503687    30.690517     114.503685    30.690507    0             0             0
2016-10-18 10:23:55         413830294      114.503698    30.690508     114.503687    30.690517    0             0             0
2016-10-18 10:25:21         413830294      114.503692    30.6905       114.503698    30.690508    0             0             0
2016-10-18 10:25:48         413830294      114.503692    30.6905       114.503692    30.6905      0             0             0
2016-10-18 10:26:23         413830294      114.50371     30.6905       114.503692    30.6905      0             0             0
2016-10-18 10:26:54         413830294      114.50371     30.6905       114.50371     30.6905      0             0             0
2016-10-18 10:28:54         413830294      114.50371     30.6905       114.50371     30.6905      0             0             0
2016-10-18 10:29:19         413830294      114.503682    30.690428     114.50371     30.6905      0             0             0
2016-10-18 10:29:44         413830294      114.503673    30.690418     114.503682    30.690428    0             0             0
2016-10-18 10:30:17         413830294      114.503673    30.690418     114.503673    30.690418    0             0             0
2016-10-18 10:30:48         413830294      114.503672    30.690405     114.503673    30.690418    0             0             0
2016-10-18 10:31:14         413830294      114.503672    30.690405     114.503672    30.690405    0             0             0
2016-10-18 10:31:39         413830294      114.503672    30.690405     114.503672    30.690405    0             0             0
2016-10-18 10:32:15         413830294      114.50368     30.690385     114.503672    30.690405    0             0             0
2016-10-18 10:33:28         413830294      114.50368     30.690385     114.50368     30.690385    0             0             0
2016-10-18 10:33:59         413830294      114.503672    30.690397     114.50368     30.690385    0             0             0
2016-10-18 10:34:29         413830294      114.503692    30.690428     114.503672    30.690397    0             0             0
2016-10-18 10:36:30         413830294      114.503692    30.690428     114.503692    30.690428    0             0             0
2016-10-18 10:37:01         413830294      114.503683    30.690473     114.503692    30.690428    0             0             0
2016-10-18 10:37:27         413830294      114.503687    30.69048      114.503683    30.690473    0             0             0
2016-10-18 10:38:00         413830294      114.503698    30.690492     114.503687    30.69048     0             0             0
2016-10-18 10:38:55         413830294      114.5037      30.690498     114.503698    30.690492    0             0             0
2016-10-18 10:39:19         413830294      114.503708    30.690512     114.5037      30.690498    0             0             0
2016-10-18 10:39:52         413830294      114.503703    30.690513     114.503708    30.690512    0             0             0
2016-10-18 10:40:19         413830294      114.503703    30.690513     114.503703    30.690513    0             0             0
2016-10-18 10:40:44         413830294      114.503687    30.690513     114.503703    30.690513    0             0             0
2016-10-18 10:41:05         413830294      114.50368     30.690515     114.503687    30.690513    0             0             0
2016-10-18 10:41:38         413830294      114.50368     30.690515     114.50368     30.690515    0             0             0
2016-10-18 10:42:12         413830294      114.503687    30.690517     114.50368     30.690515    0             0             0
2016-10-18 10:42:40         413830294      114.503692    30.690517     114.503687    30.690517    0             0             0
2016-10-18 10:43:10         413830294      114.503695    30.690517     114.503692    30.690517    0             0             0
2016-10-18 10:43:39         413830294      114.503695    30.690517     114.503695    30.690517    0             0             0
2016-10-18 10:44:09         413830294      114.503695    30.690517     114.503695    30.690517    0             0             0
2016-10-18 10:44:34         413830294      114.503698    30.690515     114.503695    30.690517    0             0             0
2016-10-18 10:45:02         413830294      114.503693    30.690518     114.503698    30.690515    0             0             0
2016-10-18 10:45:36         413830294      114.503688    30.690518     114.503693    30.690518    0             0             0
2016-10-18 10:46:08         413830294      114.503687    30.690522     114.503688    30.690518    0             0             0
2016-10-18 10:46:39         413830294      114.503685    30.690522     114.503687    30.690522    0             0             0
2016-10-18 10:47:08         413830294      114.503687    30.690532     114.503685    30.690522    0             0             0
2016-10-18 10:47:43         413830294      114.503687    30.690532     114.503687    30.690532    0             0             0
2016-10-18 10:49:04         413830294      114.503702    30.690555     114.503687    30.690532    0             0             0
2016-10-18 10:49:34         413830294      114.503702    30.690555     114.503702    30.690555    0             0             0
2016-10-18 10:50:21         413830294      114.503682    30.69055      114.503702    30.690555    0             0             0
2016-10-18 10:51:14         413830294      114.503682    30.690545     114.503682    30.69055     0             0             0
2016-10-18 10:51:45         413830294      114.503682    30.690545     114.503682    30.690545    0             0             0
2016-10-18 10:53:17         413830294      114.503677    30.69058      114.503682    30.690545    0.1           0             0
2016-10-18 10:54:21         413830294      114.503677    30.69058      114.503677    30.69058     0.1           0             0
2016-10-18 10:54:48         413830294      114.503675    30.690595     114.503677    30.69058     0             0             0
2016-10-18 10:55:49         413830294      114.503675    30.690595     114.503675    30.690595    0             0             0
2016-10-18 10:56:16         413830294      114.503553    30.690552     114.503675    30.690595    0.5           248           248
2016-10-18 10:56:43         413830294      114.503427    30.690483     114.503553    30.690552    0.7           219.7         219
2016-10-18 10:57:16         413830294      114.503427    30.690483     114.503427    30.690483    0.7           219.7         219
2016-10-18 10:57:46         413830294      114.503192    30.690285     114.503427    30.690483    1             250           250
2016-10-18 10:58:15         413830294      114.503192    30.690285     114.503192    30.690285    1             250           250
2016-10-18 10:59:22         413830294      114.502725    30.690717     114.503192    30.690285    2.2           322.3         322
2016-10-18 10:59:55         413830294      114.502725    30.690717     114.502725    30.690717    2.2           322.3         322
2016-10-18 11:00:24         413830294      114.502008    30.691252     114.502725    30.690717    2.2           294.1         294
2016-10-18 11:00:53         413830294      114.501845    30.691325     114.502008    30.691252    2.3           297.8         297
2016-10-18 11:01:28         413830294      114.501323    30.691432     114.501845    30.691325    2.1           263.1         263
2016-10-18 11:02:02         413830294      114.501115    30.69141      114.501323    30.691432    2.3           265.3         265
2016-10-18 11:02:35         413830294      114.501115    30.69141      114.501115    30.69141     2.3           265.3         265
2016-10-18 11:03:40         413830294      114.500028    30.691372     114.501115    30.69141     1.6           287.5         287
2016-10-18 11:04:11         413830294      114.499685    30.691682     114.500028    30.691372    1.5           333.1         333
2016-10-18 11:04:38         413830294      114.499628    30.691795     114.499685    30.691682    1.6           338.2         338
2016-10-18 11:05:39         413830294      114.499455    30.69215      114.499628    30.691795    0.9           338           338
2016-10-18 11:06:40         413830294      114.499455    30.69215      114.499455    30.69215     0.9           338           338
2016-10-18 11:07:43         413830294      114.499478    30.692257     114.499455    30.69215     0.2           0             0
2016-10-18 11:08:13         413830294      114.499577    30.692223     114.499478    30.692257    0.4           115.9         115
2016-10-18 11:08:43         413830294      114.499622    30.692212     114.499577    30.692223    0.5           108.8         108
2016-10-18 11:09:39         413830294      114.499767    30.692185     114.499622    30.692212    0.4           91.9          91
2016-10-18 11:10:09         413830294      114.499842    30.692193     114.499767    30.692185    0.2           0             0
2016-10-18 11:12:15         413830294      114.499985    30.692173     114.499842    30.692193    0             0             0
2016-10-18 11:12:45         413830294      114.499985    30.692173     114.499985    30.692173    0             0             0
2016-10-18 11:13:12         413830294      114.499998    30.692175     114.499985    30.692173    0             0             0
2016-10-18 11:13:44         413830294      114.500003    30.692178     114.499998    30.692175    0             0             0
2016-10-18 11:14:14         413830294      114.499993    30.692185     114.500003    30.692178    0             0             0
2016-10-18 11:14:42         413830294      114.499993    30.692185     114.499993    30.692185    0             0             0
2016-10-18 11:15:46         413830294      114.500005    30.692202     114.499993    30.692185    0.1           0             0
2016-10-18 11:16:19         413830294      114.500005    30.692202     114.500005    30.692202    0.1           0             0
2016-10-18 11:16:49         413830294      114.500008    30.692195     114.500005    30.692202    0             0             0
2016-10-18 11:17:17         413830294      114.500008    30.692195     114.500008    30.692195    0             0             0
2016-10-18 11:17:52         413830294      114.500008    30.692195     114.500008    30.692195    0             0             0
2016-10-18 11:19:20         413830294      114.500008    30.692195     114.500008    30.692195    0             0             0
2016-10-18 11:19:53         413830294      114.500025    30.692185     114.500008    30.692195    0             0             0
2016-10-18 11:20:23         413830294      114.500025    30.692185     114.500025    30.692185    0             0             0
2016-10-18 11:21:16         413830294      114.500007    30.692198     114.500025    30.692185    0             0             0
2016-10-18 11:21:53         413830294      114.50001     30.692198     114.500007    30.692198    0             0             0
2016-10-18 11:23:19         413830294      114.500013    30.692183     114.50001     30.692198    0             0             0
2016-10-18 11:23:52         413830294      114.500013    30.692178     114.500013    30.692183    0             0             0
2016-10-18 11:24:20         413830294      114.500015    30.692177     114.500013    30.692178    0             0             0
2016-10-18 11:24:49         413830294      114.50002     30.692178     114.500015    30.692177    0             0             0
2016-10-18 11:25:14         413830294      114.500018    30.69218      114.50002     30.692178    0             0             0
2016-10-18 11:25:47         413830294      114.500018    30.692183     114.500018    30.69218     0             0             0
2016-10-18 11:26:13         413830294      114.500018    30.692183     114.500018    30.692183    0             0             0
2016-10-18 11:26:37         413830294      114.50002     30.692173     114.500018    30.692183    0             0             0
2016-10-18 11:27:02         413830294      114.50002     30.692173     114.50002     30.692173    0             0             0
2016-10-18 11:27:37         413830294      114.500022    30.692163     114.50002     30.692173    0             0             0
2016-10-18 11:28:37         413830294      114.500022    30.69216      114.500022    30.692163    0             0             0
2016-10-18 11:30:12         413830294      114.500022    30.692167     114.500022    30.69216     0             0             0
2016-10-18 11:30:41         413830294      114.500022    30.692167     114.500022    30.692167    0             0             0
2016-10-18 11:31:11         413830294      114.500017    30.692157     114.500022    30.692167    0             0             0
2016-10-18 11:31:46         413830294      114.500017    30.692155     114.500017    30.692157    0             0             0
2016-10-18 11:32:15         413830294      114.500017    30.692155     114.500017    30.692155    0             0             0
2016-10-18 11:33:40         413830294      114.500025    30.692142     114.500017    30.692155    0             0             0
2016-10-18 11:34:36         413830294      114.500025    30.692142     114.500025    30.692142    0             0             0
2016-10-18 11:35:05         413830294      114.500032    30.692163     114.500025    30.692142    0             0             0
2016-10-18 11:36:38         413830294      114.50004     30.692167     114.500032    30.692163    0             0             0
2016-10-18 11:37:09         413830294      114.500042    30.692165     114.50004     30.692167    0             0             0
2016-10-18 11:37:47         413830294      114.500043    30.692153     114.500042    30.692165    0             0             0
2016-10-18 11:38:18         413830294      114.500043    30.692153     114.500043    30.692153    0             0             0
2016-10-18 11:38:45         413830294      114.500043    30.692153     114.500043    30.692153    0             0             0
2016-10-18 11:39:16         413830294      114.500037    30.692147     114.500043    30.692153    0             0             0
2016-10-18 11:39:51         413830294      114.500058    30.69213      114.500037    30.692147    0             0             0
2016-10-18 11:40:22         413830294      114.50006     30.692133     114.500058    30.69213     0             0             0
2016-10-18 11:40:50         413830294      114.50006     30.692135     114.50006     30.692133    0             0             0
2016-10-18 11:41:17         413830294      114.500058    30.692137     114.50006     30.692135    0             0             0
2016-10-18 11:41:48         413830294      114.500058    30.692137     114.500058    30.692137    0             0             0
2016-10-18 11:42:20         413830294      114.500053    30.69213      114.500058    30.692137    0             0             0
2016-10-18 11:42:48         413830294      114.500048    30.692117     114.500053    30.69213     0             0             0
2016-10-18 11:43:17         413830294      114.500038    30.692115     114.500048    30.692117    0             0             0
2016-10-18 11:43:46         413830294      114.500042    30.692122     114.500038    30.692115    0             0             0
2016-10-18 11:44:15         413830294      114.50004     30.692117     114.500042    30.692122    0             0             0
2016-10-18 11:44:41         413830294      114.500038    30.692117     114.50004     30.692117    0             0             0
2016-10-18 11:45:07         413830294      114.500035    30.692118     114.500038    30.692117    0             0             0
2016-10-18 11:46:41         413830294      114.50002     30.692135     114.500035    30.692118    0             0             0
2016-10-18 11:47:51         413830294      114.50002     30.692135     114.50002     30.692135    0             0             0
2016-10-18 11:48:21         413830294      114.500008    30.69214      114.50002     30.692135    0             0             0
2016-10-18 11:48:45         413830294      114.500008    30.69214      114.500008    30.69214     0             0             0
2016-10-18 11:49:11         413830294      114.500012    30.692137     114.500008    30.69214     0             0             0
2016-10-18 11:49:43         413830294      114.500017    30.692137     114.500012    30.692137    0             0             0
2016-10-18 11:50:37         413830294      114.500018    30.692117     114.500017    30.692137    0             0             0
2016-10-18 11:51:04         413830294      114.500018    30.692115     114.500018    30.692117    0             0             0
2016-10-18 11:51:39         413830294      114.500015    30.692107     114.500018    30.692115    0             0             0
2016-10-18 11:52:11         413830294      114.500018    30.692108     114.500015    30.692107    0             0             0
2016-10-18 11:52:38         413830294      114.500017    30.692107     114.500018    30.692108    0             0             0
2016-10-18 11:53:43         413830294      114.500017    30.692107     114.500017    30.692107    0             0             0
2016-10-18 11:54:13         413830294      114.500023    30.6921       114.500017    30.692107    0             0             0
2016-10-18 11:54:43         413830294      114.500023    30.6921       114.500023    30.6921      0             0             0
2016-10-18 11:55:10         413830294      114.500037    30.692118     114.500023    30.6921      0             0             0
2016-10-18 11:55:45         413830294      114.500037    30.692118     114.500037    30.692118    0             0             0
2016-10-18 11:56:13         413830294      114.500035    30.692137     114.500037    30.692118    0             0             0
2016-10-18 11:57:05         413830294      114.500035    30.692137     114.500035    30.692137    0             0             0
2016-10-18 11:58:09         413830294      114.500038    30.692135     114.500035    30.692137    0             0             0
2016-10-18 11:58:36         413830294      114.500037    30.692138     114.500038    30.692135    0             0             0
2016-10-18 11:59:03         413830294      114.50003     30.692142     114.500037    30.692138    0             0             0
2016-10-18 11:59:35         413830294      114.50003     30.692142     114.50003     30.692142    0             0             0
2016-10-18 12:00:41         413830294      114.50003     30.692142     114.50003     30.692142    0             0             0
2016-10-18 12:01:07         413830294      114.50003     30.692142     114.50003     30.692142    0             0             0
2016-10-18 12:02:16         413830294      114.50003     30.692142     114.50003     30.692142    0             0             0
2016-10-18 12:03:12         413830294      114.500032    30.69213      114.50003     30.692142    0             0             0
2016-10-18 12:03:48         413830294      114.500035    30.69213      114.500032    30.69213     0             0             0
2016-10-18 12:04:20         413830294      114.500035    30.69213      114.500035    30.69213     0             0             0
2016-10-18 12:04:52         413830294      114.500035    30.69213      114.500035    30.69213     0             0             0
2016-10-18 12:05:20         413830294      114.500043    30.692127     114.500035    30.69213     0             0             0
2016-10-18 12:05:55         413830294      114.500038    30.692127     114.500043    30.692127    0             0             0
2016-10-18 12:06:27         413830294      114.500038    30.692127     114.500038    30.692127    0             0             0
2016-10-18 12:06:59         413830294      114.500037    30.692128     114.500038    30.692127    0             0             0
2016-10-18 12:07:29         413830294      114.500035    30.692127     114.500037    30.692128    0             0             0
2016-10-18 12:08:00         413830294      114.500035    30.692127     114.500035    30.692127    0             0             0
2016-10-18 12:08:30         413830294      114.500037    30.692118     114.500035    30.692127    0             0             0
2016-10-18 12:08:58         413830294      114.50003     30.692115     114.500037    30.692118    0             0             0
2016-10-18 12:09:57         413830294      114.500027    30.692118     114.50003     30.692115    0             0             0
2016-10-18 12:10:29         413830294      114.50003     30.692122     114.500027    30.692118    0             0             0
2016-10-18 12:11:27         413830294      114.50003     30.692122     114.50003     30.692122    0             0             0
2016-10-18 12:12:05         413830294      114.50003     30.692122     114.50003     30.692122    0             0             0
2016-10-18 12:13:08         413830294      114.500037    30.692145     114.50003     30.692122    0             0             0
2016-10-18 12:13:38         413830294      114.500037    30.692145     114.500037    30.692145    0             0             0
2016-10-18 12:15:11         413830294      114.500037    30.692145     114.500037    30.692145    0             0             0
2016-10-18 12:15:40         413830294      114.500037    30.692145     114.500037    30.692145    0             0             0
2016-10-18 12:16:14         413830294      114.50004     30.69213      114.500037    30.692145    0             0             0
2016-10-18 12:16:46         413830294      114.50004     30.69213      114.50004     30.69213     0             0             0
2016-10-18 12:17:16         413830294      114.500043    30.692135     114.50004     30.69213     0             0             0
2016-10-18 12:17:43         413830294      114.500048    30.692142     114.500043    30.692135    0             0             0
2016-10-18 12:18:17         413830294      114.500052    30.692145     114.500048    30.692142    0             0             0
2016-10-18 12:18:50         413830294      114.500048    30.692145     114.500052    30.692145    0             0             0
2016-10-18 12:19:18         413830294      114.500048    30.692145     114.500048    30.692145    0             0             0
2016-10-18 12:19:47         413830294      114.500023    30.692132     114.500048    30.692145    0             0             0
2016-10-18 12:20:20         413830294      114.50002     30.69213      114.500023    30.692132    0             0             0
2016-10-18 12:20:50         413830294      114.50001     30.692123     114.50002     30.69213     0             0             0
2016-10-18 12:21:18         413830294      114.50001     30.692123     114.50001     30.692123    0             0             0
2016-10-18 12:21:44         413830294      114.50001     30.692123     114.50001     30.692123    0             0             0
2016-10-18 12:22:22         413830294      114.500023    30.692133     114.50001     30.692123    0             0             0
2016-10-18 12:23:26         413830294      114.50004     30.69213      114.500023    30.692133    0             0             0
2016-10-18 12:23:55         413830294      114.50004     30.69213      114.50004     30.69213     0             0             0
2016-10-18 12:24:32         413830294      114.50002     30.692118     114.50004     30.69213     0             0             0
2016-10-18 12:25:03         413830294      114.500012    30.69211      114.50002     30.692118    0             0             0
2016-10-18 12:25:32         413830294      114.500012    30.69211      114.500012    30.69211     0             0             0
2016-10-18 12:25:55         413830294      114.50002     30.692115     114.500012    30.69211     0             0             0
2016-10-18 12:26:29         413830294      114.50002     30.692115     114.50002     30.692115    0             0             0
2016-10-18 12:26:57         413830294      114.500047    30.69213      114.50002     30.692115    0             0             0
2016-10-18 12:27:23         413830294      114.500038    30.692142     114.500047    30.69213     0             0             0
2016-10-18 12:27:51         413830294      114.500032    30.692148     114.500038    30.692142    0             0             0
2016-10-18 12:28:26         413830294      114.500022    30.692162     114.500032    30.692148    0             0             0
2016-10-18 12:28:59         413830294      114.500022    30.692162     114.500022    30.692162    0             0             0
2016-10-18 12:30:01         413830294      114.500028    30.692153     114.500022    30.692162    0             0             0
2016-10-18 12:30:35         413830294      114.500035    30.692148     114.500028    30.692153    0             0             0
2016-10-18 12:31:04         413830294      114.500038    30.692148     114.500035    30.692148    0             0             0
2016-10-18 12:31:31         413830294      114.500038    30.692148     114.500038    30.692148    0             0             0
2016-10-18 12:31:58         413830294      114.50004     30.692158     114.500038    30.692148    0             0             0
2016-10-18 12:33:34         413830294      114.500023    30.692162     114.50004     30.692158    0             0             0
2016-10-18 12:34:02         413830294      114.500018    30.692162     114.500023    30.692162    0             0             0
2016-10-18 12:34:37         413830294      114.50001     30.692158     114.500018    30.692162    0             0             0
2016-10-18 12:35:13         413830294      114.5         30.692157     114.50001     30.692158    0             0             0
2016-10-18 12:35:42         413830294      114.499988    30.692137     114.5         30.692157    0             0             0
2016-10-18 12:36:46         413830294      114.499985    30.692107     114.499988    30.692137    0             0             0
2016-10-18 12:37:19         413830294      114.499985    30.692107     114.499985    30.692107    0             0             0
2016-10-18 12:37:45         413830294      114.499985    30.69211      114.499985    30.692107    0             0             0
2016-10-18 12:38:11         413830294      114.499985    30.692125     114.499985    30.69211     0             0             0
2016-10-18 12:39:44         413830294      114.50001     30.69213      114.499985    30.692125    0             0             0
2016-10-18 12:40:10         413830294      114.500023    30.692148     114.50001     30.69213     0             0             0
2016-10-18 12:41:27         413830294      114.500033    30.69218      114.500023    30.692148    0             0             0
2016-10-18 12:42:00         413830294      114.500033    30.69218      114.500033    30.69218     0             0             0
2016-10-18 12:42:32         413830294      114.500033    30.69218      114.500033    30.69218     0             0             0
2016-10-18 12:43:11         413830294      114.50004     30.692183     114.500033    30.69218     0             0             0
2016-10-18 12:43:46         413830294      114.500037    30.69217      114.50004     30.692183    0.1           0             0
2016-10-18 12:44:17         413830294      114.500037    30.69217      114.500037    30.69217     0.1           0             0
2016-10-18 12:44:43         413830294      114.500037    30.69217      114.500037    30.69217     0.1           0             0
2016-10-18 12:45:16         413830294      114.500037    30.69217      114.500037    30.69217     0.1           0             0
2016-10-18 12:45:50         413830294      114.500025    30.692173     114.500037    30.69217     0             0             0
2016-10-18 12:46:18         413830294      114.50003     30.692183     114.500025    30.692173    0             0             0
2016-10-18 12:46:47         413830294      114.500035    30.692188     114.50003     30.692183    0             0             0
2016-10-18 12:47:26         413830294      114.500035    30.692188     114.500035    30.692188    0             0             0
2016-10-18 12:48:03         413830294      114.500047    30.692183     114.500035    30.692188    0             0             0
2016-10-18 12:48:32         413830294      114.500047    30.692182     114.500047    30.692183    0             0             0
2016-10-18 12:49:00         413830294      114.500052    30.692172     114.500047    30.692182    0             0             0
2016-10-18 12:49:33         413830294      114.50005     30.69217      114.500052    30.692172    0             0             0
2016-10-18 12:50:03         413830294      114.50005     30.69217      114.50005     30.69217     0             0             0
2016-10-18 12:50:32         413830294      114.500047    30.692162     114.50005     30.69217     0             0             0
2016-10-18 12:51:03         413830294      114.500047    30.692162     114.500047    30.692162    0             0             0
2016-10-18 12:51:41         413830294      114.500047    30.692167     114.500047    30.692162    0             0             0
2016-10-18 12:53:44         413830294      114.500047    30.692167     114.500047    30.692167    0             0             0
2016-10-18 12:54:42         413830294      114.500012    30.692172     114.500047    30.692167    0             0             0
2016-10-18 12:55:08         413830294      114.500003    30.692167     114.500012    30.692172    0             0             0
2016-10-18 12:55:40         413830294      114.500003    30.692167     114.500003    30.692167    0             0             0
2016-10-18 12:56:13         413830294      114.499993    30.692155     114.500003    30.692167    0             0             0
2016-10-18 12:58:40         413830294      114.499993    30.692155     114.499993    30.692155    0             0             0
2016-10-18 12:59:05         413830294      114.500038    30.692143     114.499993    30.692155    0             0             0
2016-10-18 12:59:38         413830294      114.500038    30.692143     114.500038    30.692143    0             0             0
2016-10-18 13:00:10         413830294      114.500038    30.692143     114.500038    30.692143    0             0             0
2016-10-18 13:00:40         413830294      114.50005     30.692157     114.500038    30.692143    0             0             0
2016-10-18 13:01:09         413830294      114.500047    30.692155     114.50005     30.692157    0             0             0
2016-10-18 13:01:44         413830294      114.500047    30.692155     114.500047    30.692155    0             0             0
2016-10-18 13:02:12         413830294      114.500047    30.692155     114.500047    30.692155    0             0             0
2016-10-18 13:02:37         413830294      114.50004     30.692158     114.500047    30.692155    0             0             0
2016-10-18 13:03:38         413830294      114.500042    30.69218      114.50004     30.692158    0             0             0
2016-10-18 13:04:08         413830294      114.500038    30.69219      114.500042    30.69218     0             0             0
2016-10-18 13:04:38         413830294      114.500038    30.69219      114.500038    30.69219     0             0             0
2016-10-18 13:05:36         413830294      114.500025    30.692213     114.500038    30.69219     0             0             0
2016-10-18 13:06:12         413830294      114.500025    30.692213     114.500025    30.692213    0             0             0
2016-10-18 13:06:45         413830294      114.500025    30.692213     114.500025    30.692213    0             0             0
2016-10-18 13:07:17         413830294      114.500025    30.692213     114.500025    30.692213    0             0             0
2016-10-18 13:08:53         413830294      114.499997    30.692198     114.500025    30.692213    0             0             0
2016-10-18 13:09:21         413830294      114.5         30.692203     114.499997    30.692198    0             0             0
2016-10-18 13:09:57         413830294      114.500008    30.692217     114.5         30.692203    0             0             0
2016-10-18 13:10:30         413830294      114.500008    30.69222      114.500008    30.692217    0             0             0
2016-10-18 13:12:07         413830294      114.500015    30.692232     114.500008    30.69222     0             0             0
2016-10-18 13:12:42         413830294      114.500017    30.692222     114.500015    30.692232    0             0             0
2016-10-18 13:13:10         413830294      114.500015    30.69222      114.500017    30.692222    0             0             0
2016-10-18 13:13:39         413830294      114.50001     30.692213     114.500015    30.69222     0             0             0
2016-10-18 13:15:09         413830294      114.499972    30.692197     114.50001     30.692213    0             0             0
2016-10-18 13:15:37         413830294      114.499968    30.692195     114.499972    30.692197    0             0             0
2016-10-18 13:16:52         413830294      114.499977    30.69219      114.499968    30.692195    0             0             0
2016-10-18 13:17:22         413830294      114.499977    30.69219      114.499977    30.69219     0             0             0
2016-10-18 13:18:59         413830294      114.49999     30.692193     114.499977    30.69219     0             0             0
2016-10-18 13:19:57         413830294      114.499997    30.692158     114.49999     30.692193    0             0             0
2016-10-18 13:20:34         413830294      114.5         30.692155     114.499997    30.692158    0             0             0
2016-10-18 13:21:31         413830294      114.5         30.692155     114.5         30.692155    0             0             0
2016-10-18 13:21:58         413830294      114.5         30.692155     114.5         30.692155    0             0             0
2016-10-18 13:22:31         413830294      114.49999     30.692157     114.5         30.692155    0.1           0             0
2016-10-18 13:23:04         413830294      114.49999     30.692157     114.49999     30.692157    0.1           0             0
2016-10-18 13:23:29         413830294      114.49997     30.692167     114.49999     30.692157    0.1           0             0
2016-10-18 13:23:55         413830294      114.499948    30.69217      114.49997     30.692167    0.1           0             0
2016-10-18 13:24:33         413830294      114.499948    30.69217      114.499948    30.69217     0.1           0             0
2016-10-18 13:25:03         413830294      114.499885    30.69215      114.499948    30.69217     0.2           0             0
2016-10-18 13:25:30         413830294      114.499867    30.692128     114.499885    30.69215     0.1           0             0
2016-10-18 13:25:59         413830294      114.49986     30.692122     114.499867    30.692128    0.1           0             0
2016-10-18 13:26:33         413830294      114.499838    30.69213      114.49986     30.692122    0             0             0
2016-10-18 13:27:04         413830294      114.499833    30.692135     114.499838    30.69213     0             0             0
2016-10-18 13:27:30         413830294      114.499832    30.692137     114.499833    30.692135    0             0             0
2016-10-18 13:27:54         413830294      114.499833    30.692137     114.499832    30.692137    0             0             0
2016-10-18 13:28:30         413830294      114.499833    30.692137     114.499833    30.692137    0             0             0
2016-10-18 13:29:03         413830294      114.499862    30.692162     114.499833    30.692137    0             0             0
2016-10-18 13:29:31         413830294      114.499862    30.692162     114.499862    30.692162    0             0             0
2016-10-18 13:30:01         413830294      114.499863    30.692165     114.499862    30.692162    0             0             0
2016-10-18 13:30:36         413830294      114.499862    30.692165     114.499863    30.692165    0             0             0
2016-10-18 13:31:07         413830294      114.499857    30.692163     114.499862    30.692165    0             0             0
2016-10-18 13:31:35         413830294      114.499857    30.692163     114.499857    30.692163    0             0             0
2016-10-18 13:32:01         413830294      114.499845    30.692162     114.499857    30.692163    0             0             0
2016-10-18 13:32:38         413830294      114.499845    30.692163     114.499845    30.692162    0             0             0
2016-10-18 13:33:08         413830294      114.499865    30.69218      114.499845    30.692163    0             0             0
2016-10-18 13:33:36         413830294      114.499875    30.692182     114.499865    30.69218     0             0             0
2016-10-18 13:34:00         413830294      114.499875    30.692182     114.499875    30.692182    0             0             0
2016-10-18 13:34:28         413830294      114.499888    30.69219      114.499875    30.692182    0             0             0
2016-10-18 13:34:58         413830294      114.4999      30.692192     114.499888    30.69219     0             0             0
2016-10-18 13:35:27         413830294      114.4999      30.692192     114.4999      30.692192    0             0             0
2016-10-18 13:35:58         413830294      114.499912    30.69219      114.4999      30.692192    0             0             0
2016-10-18 13:37:29         413830294      114.499912    30.69219      114.499912    30.69219     0             0             0
2016-10-18 13:37:56         413830294      114.499923    30.6922       114.499912    30.69219     0.1           0             0
2016-10-18 13:38:27         413830294      114.49988     30.692203     114.499923    30.6922      0.3           276.9         276
2016-10-18 13:38:57         413830294      114.49988     30.692203     114.49988     30.692203    0.3           276.9         276
2016-10-18 13:39:22         413830294      114.49988     30.692203     114.49988     30.692203    0.3           276.9         276
2016-10-18 13:39:49         413830294      114.49988     30.692203     114.49988     30.692203    0.3           276.9         276
2016-10-18 13:40:25         413830294      114.49988     30.692203     114.49988     30.692203    0.3           276.9         276
2016-10-18 13:41:26         413830294      114.499473    30.6923       114.49988     30.692203    0.3           278.8         278
2016-10-18 13:41:53         413830294      114.499453    30.692305     114.499473    30.6923      0.2           0             0
2016-10-18 13:42:25         413830294      114.499435    30.692315     114.499453    30.692305    0.2           0             0
2016-10-18 13:43:48         413830294      114.499322    30.69231      114.499435    30.692315    0.5           214.9         214
2016-10-18 13:44:18         413830294      114.499252    30.692168     114.499322    30.69231     1.5           201.8         201
2016-10-18 13:44:45         413830294      114.49911     30.69192      114.499252    30.692168    2.3           208.7         208
2016-10-18 13:45:10         413830294      114.499       30.691785     114.49911     30.69192     2.5           215.9         215
2016-10-18 13:45:34         413830294      114.499       30.691785     114.499       30.691785    2.5           215.9         215
2016-10-18 13:46:06         413830294      114.498373    30.69115      114.499       30.691785    3             227.5         227
2016-10-18 13:46:33         413830294      114.498373    30.69115      114.498373    30.69115     3             227.5         227
2016-10-18 13:47:21         413830294      114.497277    30.690653     114.498373    30.69115     3.2           261.5         261
2016-10-18 13:53:05         413830294      114.491172    30.689822     114.491172    30.689822    4.2           263.6         263
2016-10-18 13:53:41         413830294      114.48892     30.689465     114.491172    30.689822    4.8           252.7         252
2016-10-18 13:55:08         413830294      114.486933    30.689013     114.48892     30.689465    5             248.3         248
2016-10-18 13:56:07         413830294      114.486933    30.689013     114.486933    30.689013    5             248.3         248
2016-10-18 13:56:33         413830294      114.484703    30.687945     114.486933    30.689013    5.2           233.6         233
2016-10-18 13:58:55         413830294      114.481702    30.685688     114.484703    30.687945    5.4           228.5         228
2016-10-18 13:59:27         413830294      114.481702    30.685688     114.481702    30.685688    5.4           228.5         228
2016-10-18 14:00:00         413830294      114.481702    30.685688     114.481702    30.685688    5.4           228.5         228
2016-10-18 14:01:22         413830294      114.481702    30.685688     114.481702    30.685688    5.4           228.5         228
2016-10-18 14:01:48         413830294      114.478132    30.683185     114.481702    30.685688    4.5           238.8         238
2016-10-18 14:02:16         413830294      114.477475    30.682862     114.478132    30.683185    4.4           244.8         244
2016-10-18 14:02:43         413830294      114.476758    30.682617     114.477475    30.682862    4.4           251.9         251
2016-10-18 14:04:23         413830294      114.47464     30.682087     114.476758    30.682617    4.5           267.2         267
2016-10-18 14:04:53         413830294      114.473938    30.681935     114.47464     30.682087    4.3           245.3         245
2016-10-18 14:05:24         413830294      114.473295    30.68161      114.473938    30.681935    4.3           236.8         236
2016-10-18 14:05:49         413830294      114.473022    30.681443     114.473295    30.68161     4.4           236           236
2016-10-18 14:06:16         413830294      114.472408    30.681065     114.473022    30.681443    4.6           230.2         230
2016-10-18 14:06:43         413830294      114.47196     30.680748     114.472408    30.681065    4.6           232.7         232
2016-10-18 14:07:14         413830294      114.47147     30.680447     114.47196     30.680748    4.8           227.4         227
2016-10-18 14:08:35         413830294      114.47147     30.680447     114.47147     30.680447    4.8           227.4         227
2016-10-18 14:09:12         413830294      114.468355    30.678502     114.47147     30.680447    5.3           230           230
2016-10-18 14:10:36         413830294      114.46699     30.677658     114.468355    30.678502    4.9           238.1         238
2016-10-18 14:11:09         413830294      114.465878    30.677127     114.46699     30.677658    4.8           242           242
2016-10-18 14:11:39         413830294      114.465145    30.676837     114.465878    30.677127    4.8           249.4         249
2016-10-18 14:12:06         413830294      114.464393    30.67658      114.465145    30.676837    4.8           249.6         249
2016-10-18 14:12:32         413830294      114.463643    30.676333     114.464393    30.67658     4.8           248.3         248
2016-10-18 14:13:08         413830294      114.463475    30.676277     114.463643    30.676333    4.8           248.9         248
2016-10-18 14:14:04         413830294      114.461408    30.675622     114.463475    30.676277    5             250.5         250
2016-10-18 14:14:29         413830294      114.461408    30.675622     114.461408    30.675622    5             250.5         250
2016-10-18 14:15:29         413830294      114.459765    30.675147     114.461408    30.675622    5             256.9         256
2016-10-18 14:17:31         413830294      114.456587    30.675143     114.459765    30.675147    4.8           285.7         285
2016-10-18 14:18:01         413830294      114.455803    30.675355     114.456587    30.675143    4.9           288.4         288
2016-10-18 14:18:31         413830294      114.454655    30.67574      114.455803    30.675355    5.1           292.3         292
2016-10-18 14:19:01         413830294      114.454217    30.67588      114.454655    30.67574     5.1           291.4         291
2016-10-18 14:20:56         413830294      114.450952    30.676812     114.454217    30.67588     5.1           281.9         281
2016-10-18 14:21:30         413830294      114.450952    30.676812     114.450952    30.676812    5.1           281.9         281
2016-10-18 14:21:59         413830294      114.449308    30.677025     114.450952    30.676812    5             272.3         272
2016-10-18 14:22:26         413830294      114.448463    30.677055     114.449308    30.677025    5             269.6         269
2016-10-18 14:23:03         413830294      114.447188    30.67699      114.448463    30.677055    4.9           264.5         264
2016-10-18 14:23:33         413830294      114.446787    30.676957     114.447188    30.67699     4.9           263.2         263
2016-10-18 14:25:33         413830294      114.446787    30.676957     114.446787    30.676957    4.9           263.2         263
2016-10-18 14:26:24         413830294      114.44218     30.675862     114.446787    30.676957    4.7           250.2         250
2016-10-18 14:27:32         413830294      114.44072     30.675348     114.44218     30.675862    5             247.5         247
2016-10-18 14:27:59         413830294      114.439903    30.675047     114.44072     30.675348    5.2           246.2         246
2016-10-18 14:29:33         413830294      114.437933    30.674308     114.439903    30.675047    5.4           242.6         242
2016-10-18 14:30:01         413830294      114.436782    30.673707     114.437933    30.674308    5.4           238.2         238
2016-10-18 14:30:31         413830294      114.436355    30.673468     114.436782    30.673707    5.5           236.5         236
2016-10-18 14:31:09         413830294      114.435613    30.673028     114.436355    30.673468    5.5           237.5         237
2016-10-18 14:32:06         413830294      114.435613    30.673028     114.435613    30.673028    5.5           237.5         237
2016-10-18 14:32:38         413830294      114.433035    30.672297     114.435613    30.673028    5.1           245           245
2016-10-18 14:33:10         413830294      114.431962    30.671657     114.433035    30.672297    5.2           232.7         232
2016-10-18 14:33:41         413830294      114.431305    30.671165     114.431962    30.671657    5.4           228.9         228
2016-10-18 14:34:36         413830294      114.429932    30.670148     114.431305    30.671165    5.3           232.8         232
2016-10-18 14:35:15         413830294      114.429542    30.669902     114.429932    30.670148    5.2           234.8         234
2016-10-18 14:35:45         413830294      114.428845    30.669497     114.429542    30.669902    5.1           238.3         238
2016-10-18 14:36:16         413830294      114.428103    30.669135     114.428845    30.669497    5             240.1         240
2016-10-18 14:36:49         413830294      114.428103    30.669135     114.428103    30.669135    5             240.1         240
2016-10-18 14:37:24         413830294      114.426617    30.668425     114.428103    30.669135    4.9           242           242
2016-10-18 14:39:00         413830294      114.424028    30.66728      114.426617    30.668425    5             245.5         245
2016-10-18 14:39:36         413830294      114.424028    30.66728      114.424028    30.66728     5             245.5         245
2016-10-18 14:40:07         413830294      114.422452    30.666652     114.424028    30.66728     5             248.1         248
2016-10-18 14:40:36         413830294      114.422452    30.666652     114.422452    30.666652    5             248.1         248
2016-10-18 14:41:06         413830294      114.420543    30.665887     114.422452    30.666652    5             245.1         245
2016-10-18 14:41:44         413830294      114.419802    30.665598     114.420543    30.665887    5             246.5         246
2016-10-18 14:42:22         413830294      114.419005    30.66531      114.419802    30.665598    5             249.1         249
2016-10-18 14:43:58         413830294      114.41707     30.664625     114.419005    30.66531     5             247.6         247
2016-10-18 14:45:02         413830294      114.414718    30.663818     114.41707     30.664625    5             250.2         250
2016-10-18 14:45:32         413830294      114.414367    30.663707     114.414718    30.663818    4.9           249.7         249
2016-10-18 14:46:11         413830294      114.41317     30.66331      114.414367    30.663707    4.9           246.7         246
2016-10-18 14:46:47         413830294      114.412017    30.662875     114.41317     30.66331     4.9           247.9         247
2016-10-18 14:47:20         413830294      114.41125     30.662613     114.412017    30.662875    4.9           248.4         248
2016-10-18 14:47:52         413830294      114.41125     30.662613     114.41125     30.662613    4.9           248.4         248
2016-10-18 14:48:29         413830294      114.41125     30.662613     114.41125     30.662613    4.9           248.4         248
2016-10-18 14:49:03         413830294      114.41125     30.662613     114.41125     30.662613    4.9           248.4         248
2016-10-18 14:49:34         413830294      114.408273    30.66155      114.41125     30.662613    4.8           247           247
2016-10-18 14:50:02         413830294      114.407505    30.661273     114.408273    30.66155     4.8           245.1         245
2016-10-18 14:51:36         413830294      114.405628    30.660537     114.407505    30.661273    4.7           245           245
2016-10-18 14:52:08         413830294      114.404548    30.660095     114.405628    30.660537    4.6           248.4         248
2016-10-18 14:52:46         413830294      114.404548    30.660095     114.404548    30.660095    4.6           248.4         248
2016-10-18 14:53:20         413830294      114.403132    30.659617     114.404548    30.660095    4.5           249.2         249
2016-10-18 14:53:47         413830294      114.403132    30.659617     114.403132    30.659617    4.5           249.2         249
2016-10-18 14:54:17         413830294      114.401695    30.659187     114.403132    30.659617    4.5           251.7         251
2016-10-18 14:54:53         413830294      114.401695    30.659187     114.401695    30.659187    4.5           251.7         251
2016-10-18 14:55:25         413830294      114.39991     30.658725     114.401695    30.659187    4.2           255.5         255
2016-10-18 14:55:52         413830294      114.399242    30.658522     114.39991     30.658725    4.4           250.2         250
2016-10-18 14:56:20         413830294      114.39889     30.658417     114.399242    30.658522    4.5           250.1         250
2016-10-18 14:57:43         413830294      114.39889     30.658417     114.39889     30.658417    4.5           250.1         250
2016-10-18 14:58:49         413830294      114.39523     30.657265     114.39889     30.658417    4.5           257.3         257
2016-10-18 14:59:25         413830294      114.394503    30.657187     114.39523     30.657265    4.5           268.7         268
2016-10-18 14:59:54         413830294      114.394132    30.657178     114.394503    30.657187    4.6           270           270
2016-10-18 15:00:23         413830294      114.392928    30.657225     114.394132    30.657178    4.7           271.4         271
2016-10-18 15:00:57         413830294      114.392928    30.657225     114.392928    30.657225    4.7           271.4         271
2016-10-18 15:02:28         413830294      114.389848    30.657102     114.392928    30.657225    4.8           254.3         254
2016-10-18 15:03:01         413830294      114.389473    30.657008     114.389848    30.657102    4.9           253.6         253
2016-10-18 15:03:31         413830294      114.388257    30.656628     114.389473    30.657008    5.1           248.9         248
2016-10-18 15:03:58         413830294      114.387495    30.65635      114.388257    30.656628    5.1           245.3         245
2016-10-18 15:04:25         413830294      114.387495    30.65635      114.387495    30.65635     5.1           245.3         245
2016-10-18 15:05:00         413830294      114.385913    30.65568      114.387495    30.65635     5.4           243.1         243
2016-10-18 15:05:35         413830294      114.385128    30.655333     114.385913    30.65568     5.4           242.2         242
2016-10-18 15:06:08         413830294      114.385128    30.655333     114.385128    30.655333    5.4           242.2         242
2016-10-18 15:06:42         413830294      114.38349     30.654607     114.385128    30.655333    5.4           242.8         242
2016-10-18 15:07:13         413830294      114.382345    30.654082     114.38349     30.654607    5.5           240.9         240
2016-10-18 15:07:44         413830294      114.381905    30.653877     114.382345    30.654082    5.5           242.5         242
2016-10-18 15:09:44         413830294      114.378647    30.652472     114.381905    30.653877    5.6           241.3         241
2016-10-18 15:10:13         413830294      114.378647    30.652472     114.378647    30.652472    5.6           241.3         241
2016-10-18 15:10:39         413830294      114.37697     30.651715     114.378647    30.652472    5.7           240.2         240
2016-10-18 15:11:13         413830294      114.376167    30.651323     114.37697     30.651715    5.7           240.3         240
2016-10-18 15:11:42         413830294      114.375712    30.6511       114.376167    30.651323    5.7           240           240
2016-10-18 15:12:10         413830294      114.374915    30.650687     114.375712    30.6511      5.7           238.6         238
2016-10-18 15:12:43         413830294      114.374115    30.650272     114.374915    30.650687    5.7           239.2         239
2016-10-18 15:13:15         413830294      114.372858    30.649605     114.374115    30.650272    5.8           238.5         238
2016-10-18 15:13:43         413830294      114.372457    30.649393     114.372858    30.649605    5.8           239           239
2016-10-18 15:14:11         413830294      114.37121     30.64873      114.372457    30.649393    5.8           237.5         237
2016-10-18 15:14:38         413830294      114.370815    30.648512     114.37121     30.64873     5.8           237           237
2016-10-18 15:15:11         413830294      114.36962     30.647828     114.370815    30.648512    5.7           235.8         235
2016-10-18 15:15:44         413830294      114.369232    30.647605     114.36962     30.647828    5.8           236.1         236
2016-10-18 15:16:14         413830294      114.368068    30.646892     114.369232    30.647605    5.7           233.9         233
2016-10-18 15:16:43         413830294      114.367275    30.646388     114.368068    30.646892    5.7           233.4         233
2016-10-18 15:17:17         413830294      114.36693     30.646165     114.367275    30.646388    5.7           232.5         232
2016-10-18 15:18:15         413830294      114.36693     30.646165     114.36693     30.646165    5.7           232.5         232
2016-10-18 15:18:45         413830294      114.36693     30.646165     114.36693     30.646165    5.7           232.5         232
2016-10-18 15:19:20         413830294      114.3639      30.644228     114.36693     30.646165    5.5           233           233
2016-10-18 15:19:47         413830294      114.3628      30.64352      114.3639      30.644228    5.5           233.6         233
2016-10-18 15:20:15         413830294      114.362395    30.643263     114.3628      30.64352     5.4           233.7         233
2016-10-18 15:21:41         413830294      114.362395    30.643263     114.362395    30.643263    5.4           233.7         233
2016-10-18 15:22:10         413830294      114.359453    30.641347     114.362395    30.643263    5.5           232.1         232
2016-10-18 15:22:39         413830294      114.358783    30.64088      114.359453    30.641347    5.6           230.2         230
2016-10-18 15:23:17         413830294      114.358397    30.640592     114.358783    30.64088     5.5           228.1         228
2016-10-18 15:24:19         413830294      114.3567      30.63925      114.358397    30.640592    5.5           226.7         226
2016-10-18 15:24:47         413830294      114.356068    30.638728     114.3567      30.63925     5.5           224.9         224
2016-10-18 15:25:18         413830294      114.355715    30.638423     114.356068    30.638728    5.5           225.4         225
2016-10-18 15:25:45         413830294      114.355068    30.637832     114.355715    30.638423    5.4           222.4         222
2016-10-18 15:26:11         413830294      114.355068    30.637832     114.355068    30.637832    5.4           222.4         222
2016-10-18 15:28:02         413830294      114.35263     30.635297     114.355068    30.637832    4.5           218.6         218
2016-10-18 15:28:58         413830294      114.35263     30.635297     114.35263     30.635297    4.5           218.6         218
2016-10-18 15:29:26         413830294      114.351492    30.634078     114.35263     30.635297    4.2           219.7         219
2016-10-18 15:30:19         413830294      114.350387    30.632985     114.351492    30.634078    3.9           221.6         221
2016-10-18 15:30:56         413830294      114.350387    30.632985     114.350387    30.632985    3.9           221.6         221
2016-10-18 15:31:25         413830294      114.349545    30.632158     114.350387    30.632985    4.3           218.8         218
2016-10-18 15:31:52         413830294      114.349063    30.631647     114.349545    30.632158    4.6           218.9         218
2016-10-18 15:32:21         413830294      114.348815    30.631388     114.349063    30.631647    4.7           220.7         220
2016-10-18 15:32:50         413830294      114.348293    30.630855     114.348815    30.631388    4.8           219.5         219
2016-10-18 15:33:46         413830294      114.347167    30.629767     114.348293    30.630855    5.4           222.1         222
2016-10-18 15:34:14         413830294      114.346547    30.629183     114.347167    30.629767    5.8           223.2         223
2016-10-18 15:34:51         413830294      114.346218    30.628888     114.346547    30.629183    5.9           223.8         223
2016-10-18 15:35:24         413830294      114.345548    30.628275     114.346218    30.628888    6.1           224.5         224
2016-10-18 15:35:50         413830294      114.345548    30.628275     114.345548    30.628275    6.1           224.5         224
2016-10-18 15:36:16         413830294      114.344093    30.627032     114.345548    30.628275    6.1           226.7         226
2016-10-18 15:36:48         413830294      114.342938    30.626115     114.344093    30.627032    6.2           226.6         226
2016-10-18 15:37:14         413830294      114.342225    30.625537     114.342938    30.626115    6.3           227.6         227
2016-10-18 15:37:38         413830294      114.34185     30.625237     114.342225    30.625537    6.3           226.5         226
2016-10-18 15:38:02         413830294      114.34185     30.625237     114.34185     30.625237    6.3           226.5         226
2016-10-18 15:38:35         413830294      114.340275    30.62399      114.34185     30.625237    6.3           226.5         226
2016-10-18 15:39:05         413830294      114.33991     30.623687     114.340275    30.62399     6.2           226.1         226
2016-10-18 15:39:31         413830294      114.33991     30.623687     114.33991     30.623687    6.2           226.1         226
2016-10-18 15:40:31         413830294      114.338047    30.62212      114.33991     30.623687    6.4           226.5         226
2016-10-18 15:41:02         413830294      114.336892    30.621145     114.338047    30.62212     6.4           225.1         225
2016-10-18 15:41:28         413830294      114.33616     30.620522     114.336892    30.621145    6.4           226.1         226
2016-10-18 15:41:53         413830294      114.335767    30.620192     114.33616     30.620522    6.4           225           225
2016-10-18 15:42:54         413830294      114.335767    30.620192     114.335767    30.620192    6.4           225           225
2016-10-18 15:43:23         413830294      114.335767    30.620192     114.335767    30.620192    6.4           225           225
2016-10-18 15:43:48         413830294      114.333028    30.617878     114.335767    30.620192    5.2           227.8         227
2016-10-18 15:44:17         413830294      114.332357    30.61738      114.333028    30.617878    5.1           227.3         227
2016-10-18 15:44:45         413830294      114.331753    30.616918     114.332357    30.61738     5             227.5         227
2016-10-18 15:45:09         413830294      114.331753    30.616918     114.331753    30.616918    5             227.5         227
2016-10-18 15:45:39         413830294      114.330813    30.616227     114.331753    30.616918    4.9           229.3         229
2016-10-18 15:46:15         413830294      114.32992     30.615518     114.330813    30.616227    4.9           227.5         227
2016-10-18 15:46:43         413830294      114.32927     30.615017     114.32992     30.615518    5             228.1         228
2016-10-18 15:47:13         413830294      114.328962    30.614785     114.32927     30.615017    5             231.4         231
2016-10-18 15:48:40         413830294      114.328962    30.614785     114.328962    30.614785    5             231.4         231
2016-10-18 15:49:09         413830294      114.326492    30.612748     114.328962    30.614785    5.4           224.8         224
2016-10-18 15:49:34         413830294      114.32614     30.612448     114.326492    30.612748    5.3           224.1         224
2016-10-18 15:50:06         413830294      114.325258    30.611665     114.32614     30.612448    5.1           226.5         226
2016-10-18 15:51:25         413830294      114.323803    30.610343     114.325258    30.611665    4.9           222.1         222
2016-10-18 15:51:55         413830294      114.323533    30.610087     114.323803    30.610343    4.9           220.6         220
2016-10-18 15:52:22         413830294      114.322753    30.609312     114.323533    30.610087    4.8           218.8         218
2016-10-18 15:52:48         413830294      114.322508    30.60905      114.322753    30.609312    4.8           219.2         219
2016-10-18 15:53:11         413830294      114.322508    30.60905      114.322508    30.60905     4.8           219.2         219
2016-10-18 15:53:38         413830294      114.321488    30.607965     114.322508    30.60905     4.7           218.4         218
2016-10-18 15:54:06         413830294      114.321245    30.60771      114.321488    30.607965    4.7           219.3         219
2016-10-18 15:54:31         413830294      114.321245    30.60771      114.321245    30.60771     4.7           219.3         219
2016-10-18 15:55:00         413830294      114.320298    30.606622     114.321245    30.60771     4.7           215.7         215
2016-10-18 15:55:35         413830294      114.319832    30.606065     114.320298    30.606622    5.1           216           216
2016-10-18 15:56:28         413830294      114.318757    30.60483      114.319832    30.606065    5.6           217.1         217
2016-10-18 15:56:51         413830294      114.318757    30.60483      114.318757    30.60483     5.6           217.1         217
2016-10-18 15:57:22         413830294      114.31791     30.60385      114.318757    30.60483     5.7           216.3         216
2016-10-18 15:57:53         413830294      114.317353    30.603195     114.31791     30.60385     5.8           216.5         216
2016-10-18 15:58:23         413830294      114.317077    30.602867     114.317353    30.603195    5.8           216.3         216
2016-10-18 15:59:22         413830294      114.317077    30.602867     114.317077    30.602867    5.8           216.3         216
2016-10-18 15:59:52         413830294      114.315058    30.600475     114.317077    30.602867    5.8           216           216
2016-10-18 16:00:17         413830294      114.314778    30.600147     114.315058    30.600475    5.8           216.6         216
2016-10-18 16:01:07         413830294      114.313965    30.599167     114.314778    30.600147    5.7           215.3         215
2016-10-18 16:01:36         413830294      114.313965    30.599167     114.313965    30.599167    5.7           215.3         215
2016-10-18 16:02:02         413830294      114.312857    30.597827     114.313965    30.599167    5.7           215.5         215
2016-10-18 16:03:02         413830294      114.312042    30.596848     114.312857    30.597827    5.8           215.7         215
2016-10-18 16:03:56         413830294      114.312042    30.596848     114.312042    30.596848    5.8           215.7         215
2016-10-18 16:04:20         413830294      114.312042    30.596848     114.312042    30.596848    5.8           215.7         215
2016-10-18 16:04:48         413830294      114.309855    30.594168     114.312042    30.596848    5.7           214.4         214
2016-10-18 16:05:16         413830294      114.309328    30.593507     114.309855    30.594168    5.7           215.5         215
2016-10-18 16:05:39         413830294      114.309063    30.593172     114.309328    30.593507    5.7           214.1         214
2016-10-18 16:06:05         413830294      114.308535    30.592507     114.309063    30.593172    5.7           214.3         214
2016-10-18 16:06:37         413830294      114.308535    30.592507     114.308535    30.592507    5.7           214.3         214
2016-10-18 16:07:05         413830294      114.307505    30.591162     114.308535    30.592507    5.8           211.4         211
2016-10-18 16:07:27         413830294      114.307003    30.590418     114.307505    30.591162    5.7           213.4         213
2016-10-18 16:08:22         413830294      114.306295    30.58918      114.307003    30.590418    5.7           201           201
2016-10-18 16:08:45         413830294      114.306295    30.58918      114.306295    30.58918     5.7           201           201
2016-10-18 16:09:33         413830294      114.305915    30.588447     114.306295    30.58918     5.7           206.7         206
2016-10-18 16:10:06         413830294      114.304662    30.58669      114.305915    30.588447    5.8           215.3         215
2016-10-18 16:10:58         413830294      114.303657    30.585503     114.304662    30.58669     5.9           216.3         216
2016-10-18 16:11:24         413830294      114.303072    30.584823     114.303657    30.585503    6.3           216.8         216
2016-10-18 16:11:55         413830294      114.302458    30.584085     114.303072    30.584823    6.6           215.1         215
2016-10-18 16:12:19         413830294      114.302148    30.583705     114.302458    30.584085    6.6           214.1         214
2016-10-18 16:12:42         413830294      114.302148    30.583705     114.302148    30.583705    6.6           214.1         214
2016-10-18 16:13:36         413830294      114.300535    30.581657     114.302148    30.583705    6.7           216           216
2016-10-18 16:14:54         413830294      114.298808    30.579665     114.300535    30.581657    7.1           218.2         218
2016-10-18 16:15:24         413830294      114.298808    30.579665     114.298808    30.579665    7.1           218.2         218
2016-10-18 16:16:19         413830294      114.298808    30.579665     114.298808    30.579665    7.1           218.2         218
2016-10-18 16:17:15         413830294      114.295825    30.576338     114.298808    30.579665    7.4           216.1         216
2016-10-18 16:17:39         413830294      114.295825    30.576338     114.295825    30.576338    7.4           216.1         216
2016-10-18 16:18:04         413830294      114.294335    30.574555     114.295825    30.576338    7.5           215.4         215
2016-10-18 16:19:05         413830294      114.294335    30.574555     114.294335    30.574555    7.5           215.4         215
2016-10-18 16:19:32         413830294      114.292395    30.571833     114.294335    30.574555    7.4           205           205
2016-10-18 16:19:54         413830294      114.292138    30.57136      114.292395    30.571833    7.5           205.6         205
2016-10-18 16:20:43         413830294      114.291895    30.570887     114.292138    30.57136     7.2           202.7         202
2016-10-18 16:21:30         413830294      114.290835    30.568708     114.291895    30.570887    5.6           201.4         201
2016-10-18 16:22:19         413830294      114.290148    30.567295     114.290835    30.568708    5             204.4         204
2016-10-18 16:22:43         413830294      114.289975    30.566975     114.290148    30.567295    5             204.4         204
2016-10-18 16:24:13         413830294      114.289975    30.566975     114.289975    30.566975    5             204.4         204
2016-10-18 16:24:34         413830294      114.288635    30.564885     114.289975    30.566975    4.4           211.6         211
2016-10-18 16:24:55         413830294      114.28845     30.564618     114.288635    30.564885    4.4           210.9         210
2016-10-18 16:25:46         413830294      114.28769     30.563532     114.28845     30.564618    4.4           213.5         213
2016-10-18 16:26:31         413830294      114.287038    30.5626       114.28769     30.563532    4.4           212           212
2016-10-18 16:27:04         413830294      114.287038    30.5626       114.287038    30.5626      4.4           212           212
2016-10-18 16:27:30         413830294      114.28647     30.56181      114.287038    30.5626      4.4           212.7         212
2016-10-18 16:27:53         413830294      114.286283    30.561535     114.28647     30.56181     4.2           207.4         207
2016-10-18 16:28:17         413830294      114.286283    30.561535     114.286283    30.561535    4.2           207.4         207
2016-10-18 16:29:10         413830294      114.285395    30.560025     114.286283    30.561535    3.7           205.2         205
2016-10-18 16:29:33         413830294      114.285258    30.55979      114.285395    30.560025    3.7           207.4         207
2016-10-18 16:29:58         413830294      114.284992    30.559307     114.285258    30.55979     3.9           204.6         204
2016-10-18 16:30:26         413830294      114.28471     30.558777     114.284992    30.559307    4             203.7         203
2016-10-18 16:30:54         413830294      114.28471     30.558777     114.28471     30.558777    4             203.7         203
2016-10-18 16:32:13         413830294      114.28377     30.557067     114.28471     30.558777    4             206.9         206
2016-10-18 16:33:04         413830294      114.28334     30.556353     114.28377     30.557067    3.8           207.4         207
2016-10-18 16:33:26         413830294      114.283027    30.555882     114.28334     30.556353    3.5           211.3         211
2016-10-18 16:34:22         413830294      114.282472    30.55494      114.283027    30.555882    3.2           207.9         207
2016-10-18 16:35:09         413830294      114.282472    30.55494      114.282472    30.55494     3.2           207.9         207
2016-10-18 16:37:13         413830294      114.281135    30.552743     114.282472    30.55494     3.4           206.4         206
2016-10-18 16:37:38         413830294      114.280873    30.552342     114.281135    30.552743    3.3           208.7         208
2016-10-18 16:38:22         413830294      114.280873    30.552342     114.280873    30.552342    3.3           208.7         208
2016-10-18 16:39:44         413830294      114.279888    30.55073      114.280873    30.552342    3.7           206.3         206
2016-10-18 16:40:33         413830294      114.279888    30.55073      114.279888    30.55073     3.7           206.3         206
2016-10-18 16:41:19         413830294      114.279888    30.55073      114.279888    30.55073     3.7           206.3         206
2016-10-18 16:42:37         413830294      114.27843     30.547812     114.279888    30.55073     4.1           200.8         200
2016-10-18 16:43:00         413830294      114.278172    30.547232     114.27843     30.547812    4.3           201.8         201
2016-10-18 16:45:33         413830294      114.276992    30.544312     114.278172    30.547232    4.2           200.1         200
2016-10-18 16:47:37         413830294      114.276992    30.544312     114.276992    30.544312    4.2           200.1         200
2016-10-18 16:48:03         413830294      114.2758      30.541293     114.276992    30.544312    5.5           199.6         199
2016-10-18 16:48:27         413830294      114.275438    30.540562     114.2758      30.541293    5.5           207.3         207
2016-10-18 16:50:09         413830294      114.273997    30.538387     114.275438    30.540562    5.8           211.4         211
2016-10-18 16:50:36         413830294      114.273997    30.538387     114.273997    30.538387    5.8           211.4         211
2016-10-18 16:51:03         413830294      114.273025    30.536985     114.273997    30.538387    5.8           210.2         210
2016-10-18 16:54:47         413830294      114.269305    30.531558     114.273025    30.536985    5.7           207.9         207
2016-10-18 16:55:34         413830294      114.269305    30.531558     114.269305    30.531558    5.7           207.9         207
2016-10-18 16:56:18         413830294      114.269305    30.531558     114.269305    30.531558    5.7           207.9         207
2016-10-18 16:57:55         413830294      114.266387    30.527437     114.269305    30.531558    5.5           214.2         214
2016-10-18 16:59:13         413830294      114.266387    30.527437     114.266387    30.527437    5.5           214.2         214
2016-10-18 16:59:35         413830294      114.266387    30.527437     114.266387    30.527437    5.5           214.2         214
2016-10-18 17:03:31         413830294      114.266387    30.527437     114.266387    30.527437    5.5           214.2         214
2016-10-18 17:03:56         413830294      114.259797    30.522137     114.266387    30.527437    4.4           229.4         229
2016-10-18 17:04:17         413830294      114.259528    30.521932     114.259797    30.522137    4.4           227.1         227
2016-10-18 17:04:43         413830294      114.258995    30.521477     114.259528    30.521932    4.4           225.1         225
2016-10-18 17:06:04         413830294      114.258995    30.521477     114.258995    30.521477    4.4           225.1         225
2016-10-18 17:06:49         413830294      114.258995    30.521477     114.258995    30.521477    4.4           225.1         225
2016-10-18 17:13:05         413830294      114.251862    30.512705     114.252275    30.513282    4.8           215.7         215
2016-10-18 17:13:50         413830294      114.250882    30.511595     114.251862    30.512705    4.9           217.7         217
2016-10-18 17:14:31         413830294      114.250882    30.511595     114.250882    30.511595    4.9           217.7         217
2016-10-18 17:15:58         413830294      114.248867    30.509358     114.250882    30.511595    5             218.7         218
2016-10-18 17:18:33         413830294      114.246303    30.506442     114.248867    30.509358    5             214.6         214
2016-10-18 17:18:50         413830294      114.246098    30.506183     114.246303    30.506442    5.1           214.1         214
2016-10-18 17:19:17         413830294      114.246098    30.506183     114.246098    30.506183    5.1           214.1         214
2016-10-18 17:20:01         413830294      114.244923    30.504625     114.246098    30.506183    5.1           211.7         211
2016-10-18 17:22:03         413830294      114.243188    30.502148     114.244923    30.504625    5.1           208.3         208
2016-10-18 17:23:34         413830294      114.24216     30.500498     114.243188    30.502148    5.1           207.9         207
2016-10-18 17:25:42         413830294      114.240502    30.497597     114.24216     30.500498    4.7           206.6         206
2016-10-18 17:26:00         413830294      114.240338    30.497295     114.240502    30.497597    4.5           204.3         204
2016-10-18 17:27:39         413830294      114.240338    30.497295     114.240338    30.497295    4.5           204.3         204
2016-10-18 17:29:35         413830294      114.238392    30.494277     114.240338    30.497295    2.8           212.4         212
2016-10-18 17:30:32         413830294      114.237907    30.493578     114.238392    30.494277    3.1           208.8         208
2016-10-18 17:30:50         413830294      114.237907    30.493578     114.237907    30.493578    3.1           208.8         208
2016-10-18 17:34:03         413830294      114.23583     30.49075      114.237907    30.493578    3.6           217           217
2016-10-18 17:35:02         413830294      114.23583     30.49075      114.23583     30.49075     3.6           217           217
2016-10-18 17:38:00         413830294      114.23583     30.49075      114.23583     30.49075     3.6           217           217
2016-10-18 17:38:20         413830294      114.231477    30.487548     114.23583     30.49075     4.1           227           227
2016-10-18 17:44:50         413830294      114.225875    30.48136      114.227047    30.482548    4.5           217.6         217
2016-10-18 17:46:22         413830294      114.224438    30.479795     114.225875    30.48136     4.7           217.1         217
2016-10-18 17:55:34         413830294      114.216253    30.470467     114.21787     30.472208    4.2           221.2         221
2016-10-18 17:58:35         413830294      114.213322    30.467847     114.216253    30.470467    4.1           226           226
2016-10-18 17:59:44         413830294      114.212307    30.46703      114.213322    30.467847    4.2           224           224
2016-10-18 18:01:36         413830294      114.212307    30.46703      114.212307    30.46703     4.2           224           224
2016-10-18 18:03:38         413830294      114.208483    30.463785     114.212307    30.46703     4.1           228           228
2016-10-18 18:14:38         413830294      114.199277    30.45541      114.199277    30.45541     4.8           236.7         236
2016-10-18 18:15:16         413830294      114.196765    30.453537     114.199277    30.45541     5.2           224.5         224
2016-10-18 18:16:11         413830294      114.196765    30.453537     114.196765    30.453537    5.2           224.5         224
2016-10-18 18:16:28         413830294      114.19528     30.452097     114.196765    30.453537    5.4           220.8         220
2016-10-18 18:43:42         413830294      114.175968    30.421478     114.175968    30.421478    4.9           211.6         211
2016-10-18 18:44:42         413830294      114.175968    30.421478     114.175968    30.421478    4.9           211.6         211
