2016-10-19 0:00:42          413803412      114.528242    30.677908     114.528245    30.677895    0             333.1         333
2016-10-19 0:04:58          413803412      114.528237    30.677922     114.528242    30.677908    0.1           283.6         283
2016-10-19 0:08:51          413803412      114.528245    30.677917     114.528237    30.677922    0             266.5         266
2016-10-19 0:12:58          413803412      114.528263    30.677938     114.528245    30.677917    0             85.2          85
2016-10-19 0:17:03          413803412      114.528253    30.677933     114.528263    30.677938    0.1           268.8         268
2016-10-19 0:21:14          413803412      114.528267    30.677915     114.528253    30.677933    0.1           53.9          53
2016-10-19 0:24:59          413803412      114.528265    30.677902     114.528267    30.677915    0             150           150
2016-10-19 0:29:15          413803412      114.528253    30.677912     114.528265    30.677902    0.1           4.4           4
2016-10-19 0:33:13          413803412      114.528233    30.677907     114.528253    30.677912    0             242.8         242
2016-10-19 0:41:01          413803412      114.528253    30.677913     114.52824     30.677925    0.1           101.5         101
2016-10-19 0:44:08          413803412      114.528247    30.677877     114.528253    30.677913    0.1           171.7         171
2016-10-19 0:47:55          413803412      114.528257    30.677895     114.528247    30.677877    0.1           66.4          66
2016-10-19 0:52:02          413803412      114.528258    30.677907     114.528257    30.677895    0             212.3         212
2016-10-19 0:56:02          413803412      114.528233    30.67792      114.528258    30.677907    0.1           116.9         116
2016-10-19 1:00:10          413803412      114.528243    30.677923     114.528233    30.67792     0.2           272.6         272
2016-10-19 1:04:10          413803412      114.528257    30.677903     114.528243    30.677923    0             222.2         222
2016-10-19 1:08:14          413803412      114.528267    30.677907     114.528257    30.677903    0             137           137
2016-10-19 1:12:09          413803412      114.528268    30.677927     114.528267    30.677907    0.1           5.5           5
2016-10-19 1:16:18          413803412      114.528248    30.677922     114.528268    30.677927    0.1           11.4          11
2016-10-19 1:20:16          413803412      114.528213    30.67788      114.528248    30.677922    0             100.3         100
2016-10-19 1:24:26          413803412      114.528232    30.67789      114.528213    30.67788     0             224           224
2016-10-19 1:28:23          413803412      114.528238    30.677908     114.528232    30.67789     0             302           302
2016-10-19 1:32:38          413803412      114.528265    30.67791      114.528238    30.677908    0             67.8          67
2016-10-19 1:36:38          413803412      114.528248    30.677885     114.528265    30.67791     0.1           357.2         357
2016-10-19 1:40:42          413803412      114.528228    30.67791      114.528248    30.677885    0.1           359.3         359
2016-10-19 1:44:38          413803412      114.52824     30.677903     114.528228    30.67791     0.1           30            30
2016-10-19 1:48:42          413803412      114.528233    30.677907     114.52824     30.677903    0.1           59.5          59
2016-10-19 1:52:50          413803412      114.528237    30.677913     114.528233    30.677907    0.1           49.6          49
2016-10-19 1:56:52          413803412      114.528227    30.677902     114.528237    30.677913    0             124.8         124
2016-10-19 2:00:56          413803412      114.528233    30.67786      114.528227    30.677902    0.2           208.2         208
2016-10-19 2:04:52          413803412      114.528225    30.677875     114.528233    30.67786     0.1           244.2         244
2016-10-19 2:09:05          413803412      114.528247    30.677878     114.528225    30.677875    0.1           202.8         202
2016-10-19 2:13:02          413803412      114.528253    30.677888     114.528247    30.677878    0.1           273.4         273
2016-10-19 2:17:14          413803412      114.528257    30.677885     114.528253    30.677888    0             124.5         124
2016-10-19 2:21:18          413803412      114.528255    30.677887     114.528257    30.677885    0.1           109.1         109
2016-10-19 2:25:14          413803412      114.528235    30.677918     114.528255    30.677887    0.1           68.8          68
2016-10-19 2:28:33          413803412      114.528228    30.677893     114.528235    30.677918    0.1           79.6          79
2016-10-19 2:31:54          413803412      114.528223    30.67791      114.528228    30.677893    0             179.6         179
2016-10-19 2:36:04          413803412      114.528243    30.67791      114.528223    30.67791     0             50.6          50
2016-10-19 2:40:11          413803412      114.528235    30.677907     114.528243    30.67791     0.1           231.5         231
2016-10-19 2:52:01          413803412      114.528242    30.67789      114.528242    30.677897    0             131.9         131
2016-10-19 2:56:07          413803412      114.52824     30.677905     114.528242    30.67789     0             304.8         304
2016-10-19 3:00:13          413803412      114.52823     30.677897     114.52824     30.677905    0.1           6.4           6
2016-10-19 3:04:08          413803412      114.528222    30.677888     114.52823     30.677897    0             12.5          12
2016-10-19 3:08:13          413803412      114.528195    30.67786      114.528222    30.677888    0.1           290.2         290
2016-10-19 3:12:21          413803412      114.528217    30.67787      114.528195    30.67786     0             256           256
2016-10-19 3:16:18          413803412      114.528247    30.677915     114.528217    30.67787     0             347.4         347
2016-10-19 3:20:19          413803412      114.52825     30.67791      114.528247    30.677915    0.1           135.7         135
2016-10-19 3:24:30          413803412      114.528245    30.677887     114.52825     30.67791     0.1           136.3         136
2016-10-19 3:28:28          413803412      114.528238    30.677895     114.528245    30.677887    0.1           90.5          90
2016-10-19 3:32:27          413803412      114.528222    30.677912     114.528238    30.677895    0             108.9         108
2016-10-19 3:36:38          413803412      114.528247    30.677907     114.528222    30.677912    0             213.1         213
2016-10-19 3:40:43          413803412      114.528242    30.67792      114.528247    30.677907    0             226.2         226
2016-10-19 3:44:37          413803412      114.52824     30.677897     114.528242    30.67792     0             293.3         293
2016-10-19 3:48:46          413803412      114.528212    30.677888     114.52824     30.677897    0.1           320.6         320
2016-10-19 3:52:53          413803412      114.528208    30.677897     114.528212    30.677888    0.1           76.6          76
2016-10-19 3:56:53          413803412      114.528212    30.67788      114.528208    30.677897    0.1           140.1         140
2016-10-19 4:00:50          413803412      114.52821     30.677898     114.528212    30.67788     0             144.7         144
2016-10-19 4:05:00          413803412      114.528202    30.677912     114.52821     30.677898    0             206.9         206
2016-10-19 4:08:55          413803412      114.528213    30.677928     114.528202    30.677912    0.1           230.5         230
2016-10-19 4:13:00          413803412      114.528207    30.6779       114.528213    30.677928    0             291.6         291
2016-10-19 4:17:04          413803412      114.52818     30.677902     114.528207    30.6779      0.1           182.4         182
2016-10-19 4:21:19          413803412      114.528212    30.677897     114.52818     30.677902    0             127.2         127
2016-10-19 4:25:07          413803412      114.528208    30.677892     114.528212    30.677897    0             202.6         202
2016-10-19 4:29:16          413803412      114.528222    30.677892     114.528208    30.677892    0.1           141.3         141
2016-10-19 4:33:18          413803412      114.52822     30.677908     114.528222    30.677892    0.1           124.8         124
2016-10-19 4:37:32          413803412      114.528207    30.67788      114.52822     30.677908    0.1           205.9         205
2016-10-19 4:41:33          413803412      114.528213    30.677868     114.528207    30.67788     0.1           224.5         224
2016-10-19 4:45:31          413803412      114.528228    30.67789      114.528213    30.677868    0             227           227
2016-10-19 4:49:29          413803412      114.52823     30.677908     114.528228    30.67789     0.1           261.3         261
2016-10-19 4:53:35          413803412      114.528213    30.677893     114.52823     30.677908    0.1           79.4          79
2016-10-19 4:57:40          413803412      114.528192    30.677873     114.528213    30.677893    0.1           116.1         116
2016-10-19 5:01:49          413803412      114.528215    30.677882     114.528192    30.677873    0             49.7          49
2016-10-19 5:05:50          413803412      114.528195    30.677888     114.528215    30.677882    0.1           35.3          35
2016-10-19 5:09:47          413803412      114.528212    30.67788      114.528195    30.677888    0.1           30.3          30
2016-10-19 5:13:53          413803412      114.5282      30.677878     114.528212    30.67788     0.1           229.2         229
2016-10-19 5:18:05          413803412      114.52821     30.677898     114.5282      30.677878    0.1           327           327
2016-10-19 5:22:08          413803412      114.528167    30.677868     114.52821     30.677898    0             122.6         122
2016-10-19 5:26:08          413803412      114.528163    30.67786      114.528167    30.677868    0.1           71.6          71
2016-10-19 5:30:01          413803412      114.528177    30.677873     114.528163    30.67786     0             60.8          60
2016-10-19 5:34:11          413803412      114.52821     30.67787      114.528177    30.677873    0.1           188           188
2016-10-19 5:38:15          413803412      114.52821     30.677858     114.52821     30.67787     0.1           126           126
2016-10-19 5:42:23          413803412      114.528197    30.677843     114.52821     30.677858    0             191.7         191
2016-10-19 5:46:32          413803412      114.528218    30.677873     114.528197    30.677843    0.1           111.3         111
2016-10-19 5:50:33          413803412      114.528263    30.677875     114.528218    30.677873    0.1           98.9          98
2016-10-19 5:54:25          413803412      114.52822     30.677863     114.528263    30.677875    0             196.3         196
2016-10-19 5:58:42          413803412      114.528222    30.677863     114.52822     30.677863    0.1           170.5         170
2016-10-19 6:02:32          413803412      114.52823     30.677863     114.528222    30.677863    0.1           222.7         222
2016-10-19 6:06:33          413803412      114.528228    30.677865     114.52823     30.677863    0.1           219.7         219
2016-10-19 6:10:47          413803412      114.528223    30.677877     114.528228    30.677865    0.1           232.8         232
2016-10-19 6:14:54          413803412      114.52822     30.677867     114.528223    30.677877    0.2           235.5         235
2016-10-19 6:18:45          413803412      114.52823     30.677888     114.52822     30.677867    0.1           203.4         203
2016-10-19 6:19:43          413803412      114.52823     30.677888     114.52823     30.677888    0.1           203.4         203
2016-10-19 6:23:48          413803412      114.528208    30.677897     114.52823     30.677888    0.1           76.3          76
2016-10-19 6:28:05          413803412      114.528225    30.677878     114.528208    30.677897    0.1           57.6          57
2016-10-19 6:32:11          413803412      114.528215    30.677888     114.528225    30.677878    0             248.3         248
2016-10-19 6:36:14          413803412      114.52823     30.677903     114.528215    30.677888    0             287.9         287
2016-10-19 6:40:07          413803412      114.528242    30.677908     114.52823     30.677903    0             193.8         193
2016-10-19 6:44:02          413803412      114.528228    30.677898     114.528242    30.677908    0.1           296.2         296
2016-10-19 6:48:10          413803412      114.528233    30.677905     114.528228    30.677898    0.1           48.2          48
2016-10-19 6:52:24          413803412      114.528225    30.677897     114.528233    30.677905    0.1           55.3          55
2016-10-19 6:56:28          413803412      114.528245    30.677915     114.528225    30.677897    0.2           41.8          41
2016-10-19 7:00:27          413803412      114.528232    30.677907     114.528245    30.677915    0.1           76.9          76
2016-10-19 7:04:38          413803412      114.528247    30.677925     114.528232    30.677907    0.1           57.7          57
2016-10-19 7:08:41          413803412      114.528218    30.677912     114.528247    30.677925    0.1           330.3         330
2016-10-19 7:12:29          413803412      114.528232    30.67792      114.528218    30.677912    0.1           69.3          69
2016-10-19 7:16:36          413803412      114.528233    30.677905     114.528232    30.67792     0             170           170
2016-10-19 7:20:49          413803412      114.528242    30.677923     114.528233    30.677905    0             311.1         311
2016-10-19 7:24:43          413803412      114.528245    30.677937     114.528242    30.677923    0.1           323.8         323
2016-10-19 7:28:55          413803412      114.528242    30.677918     114.528245    30.677937    0             359.8         359
2016-10-19 7:33:00          413803412      114.528253    30.677923     114.528242    30.677918    0.1           139.4         139
2016-10-19 7:36:50          413803412      114.52825     30.677912     114.528253    30.677923    0.1           160.3         160
2016-10-19 7:41:02          413803412      114.528223    30.677893     114.52825     30.677912    0.1           99            99
2016-10-19 7:44:56          413803412      114.528223    30.6779       114.528223    30.677893    0.2           350.9         350
2016-10-19 7:49:22          413803412      114.528228    30.677895     114.528223    30.6779      0.1           18.7          18
2016-10-19 7:53:02          413803412      114.528237    30.677892     114.528228    30.677895    0.1           65.1          65
2016-10-19 8:05:32          413803412      114.528225    30.67789      114.52825     30.677907    0             51.7          51
2016-10-19 8:09:33          413803412      114.528235    30.677928     114.528225    30.67789     0.1           189.8         189
2016-10-19 8:13:17          413803412      114.528235    30.677928     114.528235    30.677928    0.1           189.8         189
2016-10-19 8:17:43          413803412      114.528223    30.67789      114.528235    30.677928    0.1           202.7         202
2016-10-19 8:21:34          413803412      114.528225    30.677895     114.528223    30.67789     0.1           267.5         267
2016-10-19 8:25:39          413803412      114.528247    30.677915     114.528225    30.677895    0.1           227.5         227
2016-10-19 8:29:35          413803412      114.528248    30.677915     114.528247    30.677915    0             92.9          92
2016-10-19 8:33:48          413803412      114.528235    30.677915     114.528248    30.677915    0.1           18.2          18
2016-10-19 8:37:53          413803412      114.52823     30.67788      114.528235    30.677915    0.1           208.2         208
2016-10-19 8:41:44          413803412      114.528235    30.677885     114.52823     30.67788     0             356.8         356
2016-10-19 8:45:59          413803412      114.528232    30.677887     114.528235    30.677885    0             354.2         354
2016-10-19 8:49:59          413803412      114.528223    30.677888     114.528232    30.677887    0.1           40.6          40
2016-10-19 8:54:15          413803412      114.528222    30.67789      114.528223    30.677888    0.1           137.9         137
2016-10-19 8:58:06          413803412      114.52824     30.677885     114.528222    30.67789     0.1           212.5         212
2016-10-19 9:02:01          413803412      114.528243    30.67791      114.52824     30.677885    0             183           183
2016-10-19 9:06:03          413803412      114.528238    30.677898     114.528243    30.67791     0.1           227.4         227
2016-10-19 9:10:09          413803412      114.528222    30.677898     114.528238    30.677898    0.1           233.3         233
2016-10-19 9:11:59          413803412      114.528207    30.677888     114.528222    30.677898    0             114.3         114
2016-10-19 9:16:06          413803412      114.52822     30.677912     114.528207    30.677888    0             42.7          42
2016-10-19 9:20:03          413803412      114.528235    30.677907     114.52822     30.677912    0             54.4          54
2016-10-19 9:24:31          413803412      114.528235    30.677908     114.528235    30.677907    0             304.2         304
2016-10-19 9:28:25          413803412      114.528253    30.677928     114.528235    30.677908    0.1           333.3         333
2016-10-19 9:30:24          413803412      114.528233    30.677893     114.528253    30.677928    0.1           206.7         206
2016-10-19 9:33:30          413803412      114.528245    30.677902     114.528233    30.677893    0             331.1         331
2016-10-19 9:37:11          413803412      114.528233    30.67789      114.528245    30.677902    0.1           39.3          39
2016-10-19 9:41:26          413803412      114.528227    30.677885     114.528233    30.67789     0.1           58.4          58
2016-10-19 9:43:30          413803412      114.528217    30.677897     114.528227    30.677885    0             179.4         179
2016-10-19 9:47:02          413803412      114.528238    30.677917     114.528217    30.677897    0.1           159.3         159
2016-10-19 9:51:15          413803412      114.528248    30.677915     114.528238    30.677917    0.1           110.1         110
2016-10-19 9:55:24          413803412      114.528218    30.67789      114.528248    30.677915    0.1           166.3         166
2016-10-19 9:59:20          413803412      114.528218    30.677887     114.528218    30.67789     0             76            76
2016-10-19 10:03:12         413803412      114.528235    30.6779       114.528218    30.677887    0.1           16.2          16
2016-10-19 10:07:34         413803412      114.52824     30.677905     114.528235    30.6779      0.1           37.1          37
2016-10-19 10:11:22         413803412      114.528235    30.677912     114.52824     30.677905    0.1           181           181
2016-10-19 10:15:41         413803412      114.528248    30.677912     114.528235    30.677912    0.1           236.8         236
2016-10-19 10:19:23         413803412      114.528257    30.677912     114.528248    30.677912    0             293.5         293
2016-10-19 10:24:00         413803412      114.528243    30.677907     114.528257    30.677912    0.1           260.9         260
2016-10-19 10:27:46         413803412      114.528268    30.677928     114.528243    30.677907    0             165.5         165
2016-10-19 10:31:52         413803412      114.52826     30.677928     114.528268    30.677928    0.1           79.6          79
2016-10-19 10:35:51         413803412      114.528255    30.677903     114.52826     30.677928    0             176.1         176
2016-10-19 10:40:03         413803412      114.528262    30.677902     114.528255    30.677903    0             199.1         199
2016-10-19 10:44:03         413803412      114.528255    30.677893     114.528262    30.677902    0             39.1          39
2016-10-19 10:48:02         413803412      114.528243    30.677893     114.528255    30.677893    0             344.2         344
2016-10-19 10:52:04         413803412      114.528255    30.67792      114.528243    30.677893    0             304.8         304
2016-10-19 10:53:33         413803412      114.528253    30.677908     114.528255    30.67792     0             196           196
2016-10-19 10:57:25         413803412      114.528253    30.677908     114.528253    30.677908    0             196           196
2016-10-19 11:01:23         413803412      114.528262    30.677887     114.528253    30.677908    0.1           84.7          84
2016-10-19 11:05:10         413803412      114.528262    30.677887     114.528262    30.677887    0.1           84.7          84
2016-10-19 11:09:34         413803412      114.52824     30.67789      114.528262    30.677887    0             321.1         321
2016-10-19 11:13:30         413803412      114.52826     30.677913     114.52824     30.67789     0             212.5         212
2016-10-19 11:17:36         413803412      114.528245    30.677942     114.52826     30.677913    0.1           281.8         281
2016-10-19 11:21:35         413803412      114.528258    30.677918     114.528245    30.677942    0.1           143.5         143
2016-10-19 11:23:07         413803412      114.528257    30.677922     114.528258    30.677918    0             311.1         311
2016-10-19 11:27:12         413803412      114.52824     30.677902     114.528257    30.677922    0             161.3         161
2016-10-19 11:29:35         413803412      114.528265    30.677943     114.52824     30.677902    0             69.1          69
2016-10-19 11:33:03         413803412      114.528247    30.677912     114.528265    30.677943    0.1           56            56
2016-10-19 11:37:11         413803412      114.528238    30.677888     114.528247    30.677912    0             262.2         262
2016-10-19 11:41:16         413803412      114.528257    30.677923     114.528238    30.677888    0.1           130.6         130
2016-10-19 11:45:04         413803412      114.528263    30.677922     114.528257    30.677923    0.1           243.9         243
2016-10-19 11:49:13         413803412      114.52825     30.677942     114.528263    30.677922    0.1           157.1         157
2016-10-19 11:53:11         413803412      114.52826     30.677948     114.52825     30.677942    0.1           87.2          87
2016-10-19 11:57:43         413803412      114.528268    30.677915     114.52826     30.677948    0             41.8          41
2016-10-19 12:01:19         413803412      114.52825     30.677907     114.528268    30.677915    0             270.6         270
2016-10-19 12:05:36         413803412      114.528263    30.677922     114.52825     30.677907    0             311.4         311
2016-10-19 12:09:45         413803412      114.528248    30.677937     114.528263    30.677922    0             309.7         309
2016-10-19 12:13:25         413803412      114.528245    30.677933     114.528248    30.677937    0.1           43.8          43
2016-10-19 12:17:53         413803412      114.52829     30.67793      114.528245    30.677933    0.1           184           184
2016-10-19 12:21:35         413803412      114.528285    30.677932     114.52829     30.67793     0.1           165.6         165
2016-10-19 12:23:03         413803412      114.528285    30.677932     114.528285    30.677932    0.1           165.6         165
2016-10-19 12:26:46         413803412      114.528283    30.677995     114.528285    30.677932    0             227.9         227
2016-10-19 12:30:58         413803412      114.528277    30.677987     114.528283    30.677995    0             349.6         349
2016-10-19 12:34:48         413803412      114.528265    30.67796      114.528277    30.677987    0             359.1         359
2016-10-19 12:38:47         413803412      114.528282    30.67796      114.528265    30.67796     0.1           139.7         139
2016-10-19 12:43:13         413803412      114.528287    30.677987     114.528282    30.67796     0.1           188.4         188
2016-10-19 12:47:02         413803412      114.528287    30.677987     114.528287    30.677987    0.1           188.4         188
2016-10-19 12:50:59         413803412      114.528277    30.677977     114.528287    30.677987    0             236.3         236
2016-10-19 12:55:06         413803412      114.528277    30.677977     114.528277    30.677977    0             236.3         236
2016-10-19 12:59:11         413803412      114.528288    30.67794      114.528277    30.677977    0.1           349           349
2016-10-19 13:03:21         413803412      114.528273    30.677927     114.528288    30.67794     0.1           230.1         230
2016-10-19 13:07:13         413803412      114.528267    30.677948     114.528273    30.677927    0.1           201.3         201
2016-10-19 13:11:13         413803412      114.52827     30.677943     114.528267    30.677948    0.1           214.8         214
2016-10-19 13:15:26         413803412      114.528255    30.677938     114.52827     30.677943    0.1           226.7         226
2016-10-19 13:19:32         413803412      114.528267    30.67796      114.528255    30.677938    0.1           52.2          52
2016-10-19 13:23:26         413803412      114.528273    30.677953     114.528267    30.67796     0.1           14.9          14
2016-10-19 13:27:48         413803412      114.528257    30.677957     114.528273    30.677953    0             214.5         214
2016-10-19 13:31:51         413803412      114.528263    30.677957     114.528257    30.677957    0.1           172.3         172
2016-10-19 13:35:34         413803412      114.528267    30.677977     114.528263    30.677957    0             86.4          86
2016-10-19 13:39:45         413803412      114.528282    30.677972     114.528267    30.677977    0             85.1          85
2016-10-19 13:43:14         413803412      114.528262    30.677948     114.528282    30.677972    0.1           339.1         339
2016-10-19 13:47:21         413803412      114.528275    30.677938     114.528262    30.677948    0             92.9          92
2016-10-19 13:51:17         413803412      114.528272    30.677935     114.528275    30.677938    0.1           190.3         190
2016-10-19 13:55:30         413803412      114.528267    30.677943     114.528272    30.677935    0             202.7         202
2016-10-19 13:59:14         413803412      114.528275    30.677935     114.528267    30.677943    0             234.7         234
2016-10-19 14:02:35         413803412      114.528278    30.677937     114.528275    30.677935    0.1           73.5          73
2016-10-19 14:05:56         413803412      114.528282    30.67793      114.528278    30.677937    0.1           33.7          33
2016-10-19 14:08:56         413803412      114.528278    30.67793      114.528282    30.67793     0.1           203.7         203
2016-10-19 14:13:11         413803412      114.528285    30.67797      114.528278    30.67793     0             219.7         219
2016-10-19 14:16:17         413803412      114.528272    30.677963     114.528285    30.67797     0.1           171.6         171
2016-10-19 14:20:18         413803412      114.528277    30.677952     114.528272    30.677963    0             41.1          41
2016-10-19 14:24:09         413803412      114.528255    30.67794      114.528277    30.677952    0             71.6          71
2016-10-19 14:28:26         413803412      114.528277    30.677928     114.528255    30.67794     0             91.9          91
2016-10-19 14:32:17         413803412      114.528295    30.677928     114.528277    30.677928    0             88.6          88
2016-10-19 14:36:32         413803412      114.528298    30.677938     114.528295    30.677928    0             16.3          16
2016-10-19 14:40:23         413803412      114.528297    30.677948     114.528298    30.677938    0             351.3         351
2016-10-19 14:44:27         413803412      114.528297    30.677935     114.528297    30.677948    0             196.6         196
2016-10-19 14:48:26         413803412      114.528277    30.677948     114.528297    30.677935    0             332.8         332
2016-10-19 14:52:39         413803412      114.528263    30.677945     114.528277    30.677948    0             260.2         260
2016-10-19 15:04:57         413803412      114.52827     30.677975     114.528278    30.677972    0             340.3         340
2016-10-19 15:08:32         413803412      114.528267    30.677988     114.52827     30.677975    0.1           40.3          40
2016-10-19 15:17:13         413803412      114.528265    30.677953     114.528265    30.677953    0             186.9         186
2016-10-19 15:20:57         413803412      114.52827     30.677957     114.528265    30.677953    0             174.7         174
2016-10-19 15:25:13         413803412      114.528252    30.677967     114.52827     30.677957    0             121.5         121
2016-10-19 15:28:55         413803412      114.52825     30.677963     114.528252    30.677967    0             65.3          65
2016-10-19 15:33:30         413803412      114.528245    30.677928     114.52825     30.677963    0.1           215.6         215
2016-10-19 15:36:58         413803412      114.528255    30.677958     114.528245    30.677928    0.1           233.3         233
2016-10-19 15:41:23         413803412      114.528255    30.677935     114.528255    30.677958    0             96.3          96
2016-10-19 15:45:12         413803412      114.528245    30.677943     114.528255    30.677935    0             164.6         164
2016-10-19 15:46:10         413803412      114.528245    30.677943     114.528245    30.677943    0             164.6         164
2016-10-19 15:50:13         413803412      114.528247    30.67795      114.528245    30.677943    0.1           316.3         316
2016-10-19 15:54:20         413803412      114.528248    30.677948     114.528247    30.67795     0             130.5         130
2016-10-19 15:58:13         413803412      114.528258    30.677943     114.528248    30.677948    0             211           211
2016-10-19 16:02:22         413803412      114.528248    30.677948     114.528258    30.677943    0             321.1         321
2016-10-19 16:06:20         413803412      114.528238    30.677945     114.528248    30.677948    0             33            33
2016-10-19 16:10:25         413803412      114.528242    30.67794      114.528238    30.677945    0.1           106.7         106
2016-10-19 16:14:39         413803412      114.528253    30.677938     114.528242    30.67794     0             219.5         219
2016-10-19 16:18:28         413803412      114.528262    30.677957     114.528253    30.677938    0.1           284.8         284
2016-10-19 16:22:35         413803412      114.528008    30.678272     114.528262    30.677957    0.2           309           309
2016-10-19 16:24:34         413803412      114.527315    30.678767     114.528008    30.678272    3             311.6         311
2016-10-19 16:25:24         413803412      114.526973    30.67913      114.527315    30.678767    3.4           323.5         323
2016-10-19 16:25:53         413803412      114.526577    30.679735     114.526973    30.67913     3.9           332.7         332
2016-10-19 16:26:13         413803412      114.526357    30.680255     114.526577    30.679735    3.7           342.1         342
2016-10-19 16:26:54         413803412      114.526248    30.680688     114.526357    30.680255    3.1           348.9         348
2016-10-19 16:27:20         413803412      114.526233    30.681067     114.526248    30.680688    2.7           0             0
2016-10-19 16:28:20         413803412      114.526442    30.681808     114.526233    30.681067    3             23.6          23
2016-10-19 16:28:56         413803412      114.526857    30.682223     114.526442    30.681808    4.2           44.1          44
2016-10-19 16:29:19         413803412      114.527598    30.682583     114.526857    30.682223    5.4           64            64
2016-10-19 16:30:33         413803412      114.528995    30.682838     114.527598    30.682583    3.6           83.9          83
2016-10-19 16:31:16         413803412      114.529383    30.682852     114.528995    30.682838    2.3           88.3          88
2016-10-19 16:35:35         413803412      114.529653    30.682438     114.529383    30.682852    1             158.6         158
2016-10-19 16:36:17         413803412      114.529692    30.681865     114.529653    30.682438    2.7           177.6         177
2016-10-19 16:37:07         413803412      114.52978     30.681378     114.529692    30.681865    3.6           168.7         168
2016-10-19 16:39:05         413803412      114.531917    30.678577     114.52978     30.681378    8.9           141.2         141
2016-10-19 16:39:26         413803412      114.531917    30.678577     114.531917    30.678577    8.9           141.2         141
2016-10-19 16:40:18         413803412      114.534303    30.676203     114.531917    30.678577    9             140           140
2016-10-19 16:43:11         413803412      114.538883    30.671043     114.534303    30.676203    6.9           146.9         146
2016-10-19 16:44:20         413803412      114.540015    30.669527     114.538883    30.671043    6.2           148           148
2016-10-19 16:45:13         413803412      114.540908    30.668162     114.540015    30.669527    5.4           151.1         151
2016-10-19 16:46:24         413803412      114.541718    30.666962     114.540908    30.668162    4.7           149.1         149
2016-10-19 16:47:09         413803412      114.542603    30.666102     114.541718    30.666962    3.9           129.8         129
2016-10-19 16:47:31         413803412      114.543065    30.665868     114.542603    30.666102    3.3           118.6         118
2016-10-19 16:48:05         413803412      114.543497    30.665783     114.543065    30.665868    2.6           99.4          99
2016-10-19 16:48:50         413803412      114.543917    30.665838     114.543497    30.665783    2.7           80.7          80
2016-10-19 16:53:19         413803412      114.5452      30.666302     114.543917    30.665838    0.5           29.9          29
2016-10-19 16:57:12         413803412      114.545495    30.666368     114.5452      30.666302    0.1           66.6          66
2016-10-19 17:01:25         413803412      114.545518    30.666358     114.545495    30.666368    0.1           350.6         350
2016-10-19 17:05:10         413803412      114.545515    30.666367     114.545518    30.666358    0             272.4         272
2016-10-19 17:09:15         413803412      114.545532    30.66636      114.545515    30.666367    0             45.5          45
2016-10-19 17:13:21         413803412      114.545535    30.666353     114.545532    30.66636     0.1           180.5         180
2016-10-19 17:17:28         413803412      114.54554     30.666345     114.545535    30.666353    0             312.7         312
2016-10-19 17:21:23         413803412      114.545542    30.666365     114.54554     30.666345    0.1           94.3          94
2016-10-19 17:25:30         413803412      114.545555    30.666358     114.545542    30.666365    0.1           123.5         123
2016-10-19 17:29:41         413803412      114.545558    30.66633      114.545555    30.666358    0             37.2          37
2016-10-19 17:33:40         413803412      114.545533    30.666357     114.545558    30.66633     0             315.8         315
2016-10-19 17:37:42         413803412      114.545533    30.666357     114.545533    30.666357    0             315.8         315
2016-10-19 17:41:52         413803412      114.545532    30.666363     114.545533    30.666357    0             335.3         335
2016-10-19 17:45:42         413803412      114.545505    30.666383     114.545532    30.666363    0             131.6         131
2016-10-19 17:49:56         413803412      114.545497    30.666398     114.545505    30.666383    0             289.4         289
2016-10-19 17:53:51         413803412      114.545497    30.66635      114.545497    30.666398    0.1           74.4          74
2016-10-19 17:57:58         413803412      114.545518    30.666347     114.545497    30.66635     0             146.9         146
2016-10-19 18:01:58         413803412      114.545515    30.66632      114.545518    30.666347    0             92.5          92
2016-10-19 18:06:11         413803412      114.545498    30.66638      114.545515    30.66632     0.1           332.7         332
2016-10-19 18:10:06         413803412      114.545507    30.666368     114.545498    30.66638     0             138.7         138
2016-10-19 18:11:10         413803412      114.545507    30.66636      114.545507    30.666368    0             193.2         193
2016-10-19 18:14:53         413803412      114.545513    30.66634      114.545507    30.66636     0             199.5         199
2016-10-19 18:19:01         413803412      114.545522    30.666328     114.545513    30.66634     0.1           140.2         140
2016-10-19 18:23:08         413803412      114.545517    30.666342     114.545522    30.666328    0             346.2         346
2016-10-19 18:27:06         413803412      114.545533    30.666357     114.545517    30.666342    0.1           337.9         337
2016-10-19 18:31:05         413803412      114.545525    30.66633      114.545533    30.666357    0             107           107
2016-10-19 18:35:21         413803412      114.545522    30.66632      114.545525    30.66633     0             225.3         225
2016-10-19 18:39:29         413803412      114.545528    30.66633      114.545522    30.66632     0             137.5         137
2016-10-19 18:43:30         413803412      114.545528    30.666333     114.545528    30.66633     0             72.7          72
2016-10-19 18:47:19         413803412      114.545503    30.666365     114.545528    30.666333    0             286.9         286
2016-10-19 18:49:57         413803412      114.545493    30.666368     114.545503    30.666365    0.1           313.9         313
2016-10-19 18:53:54         413803412      114.545505    30.666365     114.545493    30.666368    0             125.7         125
2016-10-19 18:58:10         413803412      114.545517    30.66634      114.545505    30.666365    0             189           189
2016-10-19 19:01:58         413803412      114.545525    30.66633      114.545517    30.66634     0             83.8          83
2016-10-19 19:06:05         413803412      114.545515    30.666338     114.545525    30.66633     0             219.8         219
2016-10-19 19:10:09         413803412      114.545527    30.666332     114.545515    30.666338    0             347.8         347
2016-10-19 19:14:25         413803412      114.545527    30.666332     114.545527    30.666332    0             102.5         102
2016-10-19 19:18:24         413803412      114.545518    30.666323     114.545527    30.666332    0             197.4         197
2016-10-19 19:22:25         413803412      114.545518    30.666327     114.545518    30.666323    0             312.4         312
2016-10-19 19:26:17         413803412      114.545517    30.666333     114.545518    30.666327    0             90.9          90
2016-10-19 19:38:41         413803412      114.54553     30.666333     114.545533    30.666382    0             194           194
2016-10-19 19:42:31         413803412      114.545528    30.666307     114.54553     30.666333    0             153           153
2016-10-19 19:46:44         413803412      114.545533    30.666317     114.545528    30.666307    0             139.1         139
2016-10-19 19:50:42         413803412      114.545532    30.66631      114.545533    30.666317    0             14.3          14
2016-10-19 19:55:00         413803412      114.545532    30.666332     114.545532    30.66631     0             148           148
2016-10-19 19:58:54         413803412      114.545535    30.666333     114.545532    30.666332    0             127.4         127
2016-10-19 20:02:55         413803412      114.545527    30.666328     114.545535    30.666333    0.1           151.3         151
2016-10-19 20:06:48         413803412      114.545547    30.666325     114.545527    30.666328    0             348.7         348
2016-10-19 20:11:05         413803412      114.545527    30.666325     114.545547    30.666325    0.1           21            21
2016-10-19 20:15:03         413803412      114.54554     30.66634      114.545527    30.666325    0.1           11.2          11
2016-10-19 20:18:57         413803412      114.545547    30.66634      114.54554     30.66634     0             324.2         324
2016-10-19 20:23:09         413803412      114.545533    30.666335     114.545547    30.66634     0             188.3         188
2016-10-19 20:26:57         413803412      114.545523    30.666345     114.545533    30.666335    0             1.8           1
2016-10-19 20:31:16         413803412      114.54554     30.666347     114.545523    30.666345    0             81.4          81
2016-10-19 20:35:06         413803412      114.545515    30.66633      114.54554     30.666347    0             208.4         208
2016-10-19 20:39:22         413803412      114.545512    30.666347     114.545515    30.66633     0             215.8         215
2016-10-19 20:43:18         413803412      114.545545    30.666353     114.545512    30.666347    0             95.1          95
2016-10-19 20:46:32         413803412      114.545533    30.666332     114.545545    30.666353    0             158.4         158
2016-10-19 20:49:54         413803412      114.54553     30.66633      114.545533    30.666332    0             142.1         142
2016-10-19 20:53:59         413803412      114.54553     30.666342     114.54553     30.66633     0             320.7         320
2016-10-19 20:58:10         413803412      114.545538    30.666335     114.54553     30.666342    0             300.2         300
2016-10-19 20:59:10         413803412      114.545538    30.666335     114.545538    30.666335    0             300.2         300
2016-10-19 21:03:03         413803412      114.545538    30.666335     114.545538    30.666335    0             300.2         300
2016-10-19 21:03:48         413803412      114.543793    30.665505     114.545538    30.666335    3.2           240.4         240
2016-10-19 21:04:52         413803412      114.542857    30.664983     114.543793    30.665505    3.1           239.5         239
2016-10-19 21:05:25         413803412      114.542462    30.66472      114.542857    30.664983    3             230.5         230
2016-10-19 21:05:49         413803412      114.542128    30.664497     114.542462    30.66472     2.5           234.3         234
2016-10-19 21:07:20         413803412      114.541798    30.663713     114.542128    30.664497    2.5           178.6         178
2016-10-19 21:07:57         413803412      114.54186     30.66333      114.541798    30.663713    2.9           170.9         170
2016-10-19 21:08:15         413803412      114.541997    30.662875     114.54186     30.66333     3.3           164.4         164
2016-10-19 21:08:43         413803412      114.542125    30.662465     114.541997    30.662875    3             166.2         166
2016-10-19 21:09:18         413803412      114.542125    30.662465     114.542125    30.662465    3             166.2         166
2016-10-19 21:12:22         413803412      114.542125    30.662465     114.542125    30.662465    3             166.2         166
2016-10-19 21:13:07         413803412      114.544057    30.661363     114.542125    30.662465    2.5           113           113
2016-10-19 21:13:40         413803412      114.544475    30.661233     114.544057    30.661363    2.6           108.7         108
2016-10-19 21:17:38         413803412      114.5462      30.661933     114.544475    30.661233    1.1           27.1          27
2016-10-19 21:21:42         413803412      114.546485    30.662108     114.5462      30.661933    0.2           183.1         183
2016-10-19 21:25:45         413803412      114.546528    30.662067     114.546485    30.662108    0             179.7         179
2016-10-19 21:29:45         413803412      114.546502    30.662067     114.546528    30.662067    0.1           306.5         306
2016-10-19 21:33:50         413803412      114.546482    30.66207      114.546502    30.662067    0             22.4          22
2016-10-19 21:37:44         413803412      114.546483    30.662108     114.546482    30.66207     0             165.9         165
2016-10-19 21:47:01         413803412      114.5465      30.662055     114.5465      30.662055    0             158.6         158
2016-10-19 21:51:06         413803412      114.546498    30.662075     114.5465      30.662055    0             136.3         136
2016-10-19 21:55:03         413803412      114.546492    30.662077     114.546498    30.662075    0             276.6         276
2016-10-19 21:58:58         413803412      114.546507    30.662077     114.546492    30.662077    0             66.2          66
2016-10-19 22:03:19         413803412      114.546507    30.662068     114.546507    30.662077    0             315.5         315
2016-10-19 22:07:10         413803412      114.546503    30.662082     114.546507    30.662068    0             333.6         333
2016-10-19 22:11:13         413803412      114.546477    30.66208      114.546503    30.662082    0.1           124.9         124
2016-10-19 22:15:14         413803412      114.546478    30.662068     114.546477    30.66208     0             108.8         108
2016-10-19 22:16:57         413803412      114.546577    30.661848     114.546478    30.662068    0.9           165.6         165
2016-10-19 22:20:48         413803412      114.54675     30.660985     114.546577    30.661848    0.6           180.3         180
2016-10-19 22:24:58         413803412      114.547108    30.660932     114.54675     30.660985    0.6           36.7          36
2016-10-19 22:29:09         413803412      114.547172    30.660933     114.547108    30.660932    0.2           269.7         269
2016-10-19 22:33:15         413803412      114.547172    30.660933     114.547172    30.660933    0.2           269.7         269
2016-10-19 22:33:47         413803412      114.545817    30.66184      114.547172    30.660933    4.4           317.4         317
2016-10-19 22:34:24         413803412      114.545437    30.662218     114.545817    30.66184     3.5           320.7         320
2016-10-19 22:35:11         413803412      114.54484     30.662927     114.545437    30.662218    3.1           329.8         329
2016-10-19 22:36:49         413803412      114.544498    30.664195     114.54484     30.662927    3.3           349           349
2016-10-19 22:37:19         413803412      114.544432    30.664628     114.544498    30.664195    3.4           352.1         352
2016-10-19 22:38:29         413803412      114.54425     30.66565      114.544432    30.664628    3.6           351.8         351
2016-10-19 22:38:47         413803412      114.544165    30.66614      114.54425     30.66565     3.5           350.3         350
2016-10-19 22:39:14         413803412      114.544057    30.666545     114.544165    30.66614     3             347.6         347
2016-10-19 22:39:45         413803412      114.543967    30.666918     114.544057    30.666545    2.7           348.7         348
2016-10-19 22:40:11         413803412      114.5439      30.667275     114.543967    30.666918    2.5           350.5         350
2016-10-19 22:41:08         413803412      114.543768    30.667912     114.5439      30.667275    2.3           350.3         350
2016-10-19 22:41:41         413803412      114.543728    30.66824      114.543768    30.667912    2.3           354.7         354
2016-10-19 22:42:42         413803412      114.54359     30.668892     114.543728    30.66824     2.4           347.6         347
2016-10-19 22:43:11         413803412      114.54359     30.668892     114.54359     30.668892    2.4           347.6         347
2016-10-19 22:43:27         413803412      114.543473    30.669352     114.54359     30.668892    2.5           346.3         346
2016-10-19 22:43:56         413803412      114.543373    30.66966      114.543473    30.669352    2.1           345.1         345
2016-10-19 22:52:21         413803412      114.543193    30.670838     114.543187    30.67084     0             231.4         231
2016-10-19 22:56:35         413803412      114.543193    30.670857     114.543193    30.670838    0.1           29.9          29
2016-10-19 23:00:33         413803412      114.543202    30.670853     114.543193    30.670857    0             54.4          54
2016-10-19 23:03:14         413803412      114.543203    30.670847     114.543202    30.670853    0.1           98            98
2016-10-19 23:06:58         413803412      114.543195    30.670848     114.543203    30.670847    0.1           176.8         176
2016-10-19 23:10:57         413803412      114.54267     30.671745     114.543195    30.670848    0.4           354.1         354
2016-10-19 23:14:53         413803412      114.54273     30.671865     114.54267     30.671745    0.2           162.5         162
2016-10-19 23:19:00         413803412      114.542758    30.671853     114.54273     30.671865    0             4.7           4
2016-10-19 23:23:11         413803412      114.542758    30.67186      114.542758    30.671853    0             355.7         355
2016-10-19 23:27:06         413803412      114.542748    30.671877     114.542758    30.67186     0.1           214           214
2016-10-19 23:29:43         413803412      114.542765    30.671895     114.542748    30.671877    0.1           29.9          29
2016-10-19 23:33:56         413803412      114.542698    30.671887     114.542765    30.671895    0             11.6          11
2016-10-19 23:37:55         413803412      114.54273     30.671917     114.542698    30.671887    0.1           108.3         108
2016-10-19 23:42:06         413803412      114.542723    30.671923     114.54273     30.671917    0             346.7         346
2016-10-19 23:46:04         413803412      114.542742    30.671893     114.542723    30.671923    0.2           162.6         162
2016-10-19 23:50:09         413803412      114.542765    30.67187      114.542742    30.671893    0             201.9         201
2016-10-19 23:54:09         413803412      114.542768    30.671857     114.542765    30.67187     0             314.9         314
2016-10-19 23:58:08         413803412      114.542792    30.671847     114.542768    30.671857    0.1           139.8         139
