2016-10-20 19:17:32         413794157      114.559705    30.625705     114.559962    30.625035    4.9           341.6         341
2016-10-20 19:19:43         413794157      114.558502    30.628232     114.559705    30.625705    4.7           337.5         337
2016-10-20 19:24:07         413794157      114.555432    30.635318     114.558502    30.628232    6.3           341.9         341
2016-10-20 19:26:22         413794157      114.553655    30.639153     114.555432    30.635318    6.1           336.5         336
2016-10-20 19:26:55         413794157      114.553277    30.639905     114.553655    30.639153    5.6           336.2         336
2016-10-20 19:27:10         413794157      114.553082    30.640285     114.553277    30.639905    5.5           336           336
2016-10-20 19:30:19         413794157      114.550973    30.64436      114.553082    30.640285    5.2           340.8         340
2016-10-20 19:30:56         413794157      114.550673    30.64507      114.550973    30.64436     5.2           338.4         338
2016-10-20 19:31:12         413794157      114.550327    30.645752     114.550673    30.64507     5.1           334.6         334
2016-10-20 19:32:00         413794157      114.549957    30.646407     114.550327    30.645752    5.2           335           335
2016-10-20 19:35:04         413794157      114.547592    30.650843     114.549957    30.646407    5.7           333.3         333
2016-10-20 19:36:05         413794157      114.546763    30.652305     114.547592    30.650843    5.8           332.8         332
2016-10-20 19:36:24         413794157      114.546352    30.653028     114.546763    30.652305    5.8           333.9         333
2016-10-20 19:36:43         413794157      114.546143    30.65342      114.546352    30.653028    5.8           335.5         335
2016-10-20 19:38:01         413794157      114.545142    30.65532      114.546143    30.65342     5.7           332           332
2016-10-20 19:38:55         413794157      114.544293    30.656665     114.545142    30.65532     5.1           333.6         333
2016-10-20 19:39:41         413794157      114.543938    30.657325     114.544293    30.656665    4.9           336.6         336
2016-10-20 19:41:47         413794157      114.542717    30.660083     114.543938    30.657325    4.2           339.4         339
2016-10-20 19:44:00         413794157      114.541708    30.662482     114.542717    30.660083    3.6           338.5         338
2016-10-20 19:44:16         413794157      114.541605    30.662718     114.541708    30.662482    3.5           340.5         340
2016-10-20 19:44:55         413794157      114.541405    30.6632       114.541605    30.662718    3.5           339.5         339
2016-10-20 19:45:49         413794157      114.541113    30.663932     114.541405    30.6632      3.7           342           342
2016-10-20 19:46:58         413794157      114.540675    30.665342     114.541113    30.663932    4.2           346.2         346
2016-10-20 19:47:32         413794157      114.540513    30.665938     114.540675    30.665342    4.2           344           344
2016-10-20 19:48:12         413794157      114.540247    30.666835     114.540513    30.665938    4.2           343.8         343
2016-10-20 19:48:28         413794157      114.540152    30.667098     114.540247    30.666835    4.3           341.4         341
2016-10-20 19:49:54         413794157      114.539238    30.668783     114.540152    30.667098    4.4           332.3         332
2016-10-20 19:51:05         413794157      114.538573    30.669913     114.539238    30.668783    4.2           335.3         335
2016-10-20 19:52:20         413794157      114.537848    30.671178     114.538573    30.669913    3.6           330.6         330
2016-10-20 19:53:06         413794157      114.537388    30.671837     114.537848    30.671178    3.5           327.2         327
2016-10-20 19:53:56         413794157      114.536883    30.672407     114.537388    30.671837    3.4           318.5         318
2016-10-20 19:54:34         413794157      114.536345    30.672962     114.536883    30.672407    3.3           320.6         320
2016-10-20 19:56:11         413794157      114.535215    30.674035     114.536345    30.672962    3.3           317.7         317
2016-10-20 19:57:14         413794157      114.534493    30.674768     114.535215    30.674035    3.4           319.4         319
2016-10-20 19:59:14         413794157      114.532857    30.676115     114.534493    30.674768    3.4           312           312
2016-10-20 20:00:35         413794157      114.531783    30.676893     114.532857    30.676115    3.4           306.8         306
2016-10-20 20:01:09         413794157      114.53143     30.67713      114.531783    30.676893    3.4           308.2         308
2016-10-20 20:01:25         413794157      114.530867    30.677522     114.53143     30.67713     3.6           310.4         310
2016-10-20 20:02:14         413794157      114.53021     30.678015     114.530867    30.677522    3.5           310.4         310
2016-10-20 20:03:29         413794157      114.529075    30.678813     114.53021     30.678015    3.6           307.9         307
2016-10-20 20:04:59         413794157      114.527843    30.67963      114.529075    30.678813    3.5           305.5         305
2016-10-20 20:05:21         413794157      114.527365    30.679935     114.527843    30.67963     3.5           305.3         305
2016-10-20 20:07:27         413794157      114.525478    30.681115     114.527365    30.679935    3.6           303.1         303
2016-10-20 20:08:17         413794157      114.524718    30.681532     114.525478    30.681115    3.5           299.9         299
2016-10-20 20:08:41         413794157      114.524192    30.681777     114.524718    30.681532    3.5           299           299
2016-10-20 20:09:08         413794157      114.523683    30.68201      114.524192    30.681777    3.5           295.5         295
2016-10-20 20:11:01         413794157      114.521778    30.682802     114.523683    30.68201     3.5           294.7         294
2016-10-20 20:11:22         413794157      114.521515    30.682902     114.521778    30.682802    3.5           292.3         292
2016-10-20 20:16:04         413794157      114.516322    30.684697     114.521515    30.682902    3.7           294           294
2016-10-20 20:16:58         413794157      114.515492    30.684993     114.516322    30.684697    3.7           291.4         291
2016-10-20 20:20:05         413794157      114.511718    30.686165     114.515492    30.684993    3.9           287.2         287
2016-10-20 20:20:38         413794157      114.511103    30.686332     114.511718    30.686165    4.1           286.6         286
2016-10-20 20:20:53         413794157      114.510787    30.68641      114.511103    30.686332    4.1           285.4         285
2016-10-20 20:21:07         413794157      114.510445    30.686488     114.510787    30.68641     4.1           285.1         285
2016-10-20 20:22:18         413794157      114.509082    30.686805     114.510445    30.686488    4.3           285           285
2016-10-20 20:22:40         413794157      114.508357    30.686965     114.509082    30.686805    4.4           283.2         283
2016-10-20 20:23:02         413794157      114.50801     30.687033     114.508357    30.686965    4.4           282.6         282
2016-10-20 20:24:02         413794157      114.50659     30.687277     114.50801     30.687033    4.5           280.4         280
2016-10-20 20:24:27         413794157      114.50582     30.687395     114.50659     30.687277    4.5           279.4         279
2016-10-20 20:24:44         413794157      114.505455    30.687447     114.50582     30.687395    4.6           279.4         279
2016-10-20 20:25:59         413794157      114.503933    30.687555     114.505455    30.687447    4.6           272           272
2016-10-20 20:26:23         413794157      114.50319     30.687567     114.503933    30.687555    4.6           269.5         269
2016-10-20 20:26:56         413794157      114.502398    30.687563     114.50319     30.687567    4.6           269.6         269
2016-10-20 20:27:15         413794157      114.501707    30.687562     114.502398    30.687563    4.5           270.6         270
2016-10-20 20:27:38         413794157      114.501337    30.687568     114.501707    30.687562    4.5           271.8         271
2016-10-20 20:28:53         413794157      114.499407    30.687622     114.501337    30.687568    4.5           270.5         270
2016-10-20 20:29:24         413794157      114.498632    30.687625     114.499407    30.687622    4.4           269.7         269
2016-10-20 20:30:02         413794157      114.497917    30.687593     114.498632    30.687625    4.4           265.6         265
2016-10-20 20:30:35         413794157      114.496862    30.6875       114.497917    30.687593    4.3           263.4         263
2016-10-20 20:30:53         413794157      114.496488    30.687458     114.496862    30.6875      4.3           262.1         262
2016-10-20 20:31:16         413794157      114.496143    30.687408     114.496488    30.687458    4.3           259.3         259
2016-10-20 20:31:52         413794157      114.495463    30.687293     114.496143    30.687408    4.2           257.8         257
2016-10-20 20:32:07         413794157      114.49475     30.687165     114.495463    30.687293    4.1           258.9         258
2016-10-20 20:34:22         413794157      114.49188     30.686513     114.49475     30.687165    3.9           250.5         250
2016-10-20 20:34:43         413794157      114.491577    30.68642      114.49188     30.686513    3.9           249.9         249
2016-10-20 20:35:13         413794157      114.49092     30.686195     114.491577    30.68642     3.9           248.4         248
2016-10-20 20:36:32         413794157      114.489425    30.685768     114.49092     30.686195    3.6           251.5         251
2016-10-20 20:37:21         413794157      114.488552    30.685493     114.489425    30.685768    3.8           249.2         249
2016-10-20 20:38:11         413794157      114.487632    30.68519      114.488552    30.685493    4             247.8         247
2016-10-20 20:38:58         413794157      114.486687    30.684843     114.487632    30.68519     4             246.3         246
2016-10-20 20:39:15         413794157      114.486103    30.684592     114.486687    30.684843    4             241.3         241
2016-10-20 20:39:48         413794157      114.485505    30.684338     114.486103    30.684592    3.9           247.3         247
2016-10-20 20:40:11         413794157      114.485183    30.684227     114.485505    30.684338    4.1           249           249
2016-10-20 20:41:36         413794157      114.483297    30.683603     114.485183    30.684227    4             254           254
2016-10-20 20:43:35         413794157      114.480742    30.682908     114.483297    30.683603    4             254.3         254
2016-10-20 20:44:03         413794157      114.480403    30.68282      114.480742    30.682908    4.1           252.7         252
2016-10-20 20:44:23         413794157      114.479782    30.68265      114.480403    30.68282     4.1           254.4         254
2016-10-20 20:46:58         413794157      114.47666     30.681632     114.479782    30.68265     4             236           236
2016-10-20 20:47:15         413794157      114.476378    30.681452     114.47666     30.681632    4.1           232.4         232
2016-10-20 20:48:08         413794157      114.475572    30.680922     114.476378    30.681452    4             236           236
2016-10-20 20:49:01         413794157      114.474417    30.680298     114.475572    30.680922    4             239.2         239
2016-10-20 20:49:17         413794157      114.474155    30.68017      114.474417    30.680298    3.9           242.5         242
2016-10-20 20:49:44         413794157      114.473552    30.6799       114.474155    30.68017     3.9           244.2         244
2016-10-20 20:50:17         413794157      114.472978    30.679672     114.473552    30.6799      3.9           247.6         247
2016-10-20 20:51:21         413794157      114.471785    30.679262     114.472978    30.679672    4             249.6         249
2016-10-20 20:51:36         413794157      114.471463    30.679155     114.471785    30.679262    4             248.1         248
2016-10-20 20:52:14         413794157      114.470885    30.678955     114.471463    30.679155    3.9           248.7         248
2016-10-20 20:53:26         413794157      114.469635    30.678508     114.470885    30.678955    4             245.5         245
2016-10-20 20:53:41         413794157      114.469047    30.67824      114.469635    30.678508    3.9           239.5         239
2016-10-20 20:53:55         413794157      114.468755    30.678082     114.469047    30.67824     4             237.2         237
2016-10-20 20:54:11         413794157      114.468487    30.677923     114.468755    30.678082    4             235.5         235
2016-10-20 20:54:28         413794157      114.468217    30.677767     114.468487    30.677923    4             236.9         236
2016-10-20 20:55:47         413794157      114.46677     30.67708      114.468217    30.677767    4             247.8         247
2016-10-20 20:56:35         413794157      114.46585     30.676765     114.46677     30.67708     4.1           246.7         246
2016-10-20 20:57:22         413794157      114.465015    30.676455     114.46585     30.676765    4.1           246.9         246
2016-10-20 20:59:01         413794157      114.462588    30.675878     114.465015    30.676455    4.2           257.3         257
2016-10-20 20:59:32         413794157      114.461892    30.675707     114.462588    30.675878    4.2           251.8         251
2016-10-20 21:00:12         413794157      114.461435    30.675583     114.461892    30.675707    4.2           252.8         252
2016-10-20 21:02:39         413794157      114.457887    30.674508     114.461435    30.675583    4.4           252.8         252
2016-10-20 21:03:35         413794157      114.456505    30.674118     114.457887    30.674508    4.4           251.5         251
2016-10-20 21:05:03         413794157      114.454442    30.673682     114.456505    30.674118    4.2           262.6         262
2016-10-20 21:05:40         413794157      114.453732    30.673615     114.454442    30.673682    4.2           265.4         265
2016-10-20 21:06:31         413794157      114.452683    30.673575     114.453732    30.673615    4.2           270.2         270
2016-10-20 21:07:11         413794157      114.451617    30.673665     114.452683    30.673575    4.2           280           280
2016-10-20 21:07:26         413794157      114.451285    30.673727     114.451617    30.673665    4.2           283.6         283
2016-10-20 21:07:43         413794157      114.450935    30.673813     114.451285    30.673727    4.2           287.5         287
2016-10-20 21:08:03         413794157      114.450635    30.673903     114.450935    30.673813    4.2           290.6         290
2016-10-20 21:10:04         413794157      114.448092    30.674645     114.450635    30.673903    3.8           285.7         285
2016-10-20 21:11:17         413794157      114.446592    30.674942     114.448092    30.674645    3.5           283.8         283
2016-10-20 21:11:37         413794157      114.446307    30.675002     114.446592    30.674942    3.6           284.2         284
2016-10-20 21:11:53         413794157      114.44589     30.675115     114.446307    30.675002    3.7           290.4         290
2016-10-20 21:12:09         413794157      114.445588    30.675213     114.44589     30.675115    3.7           290.8         290
2016-10-20 21:12:23         413794157      114.445303    30.675305     114.445588    30.675213    3.7           289.4         289
2016-10-20 21:12:44         413794157      114.444998    30.675392     114.445303    30.675305    3.6           287.6         287
2016-10-20 21:13:38         413794157      114.44415     30.675577     114.444998    30.675392    3.3           280.2         280
2016-10-20 21:14:12         413794157      114.443358    30.675688     114.44415     30.675577    3.2           277.9         277
2016-10-20 21:14:26         413794157      114.4431      30.675715     114.443358    30.675688    3.2           275.8         275
2016-10-20 21:14:41         413794157      114.442793    30.675748     114.4431      30.675715    3.2           277.1         277
2016-10-20 21:15:03         413794157      114.442558    30.67577      114.442793    30.675748    3.1           274.1         274
2016-10-20 21:15:34         413794157      114.44205     30.675782     114.442558    30.67577     3             268.3         268
2016-10-20 21:16:08         413794157      114.441565    30.675758     114.44205     30.675782    3             268.6         268
2016-10-20 21:16:52         413794157      114.44081     30.675703     114.441565    30.675758    3             259.1         259
2016-10-20 21:17:12         413794157      114.440352    30.675587     114.44081     30.675703    2.9           246.1         246
2016-10-20 21:17:29         413794157      114.440132    30.675485     114.440352    30.675587    2.9           240.5         240
2016-10-20 21:18:22         413794157      114.439503    30.675177     114.440132    30.675485    3             240.6         240
2016-10-20 21:19:37         413794157      114.438325    30.67465      114.439503    30.675177    3.3           247           247
2016-10-20 21:20:11         413794157      114.437802    30.674475     114.438325    30.67465     3.3           250.9         250
2016-10-20 21:20:43         413794157      114.436985    30.674252     114.437802    30.674475    3.5           253.1         253
2016-10-20 21:21:28         413794157      114.436205    30.674043     114.436985    30.674252    3.5           252.6         252
2016-10-20 21:22:56         413794157      114.434773    30.673603     114.436205    30.674043    3.6           251           251
2016-10-20 21:24:08         413794157      114.433307    30.673162     114.434773    30.673603    3.7           245.7         245
2016-10-20 21:24:44         413794157      114.432738    30.672933     114.433307    30.673162    3.7           245.2         245
2016-10-20 21:25:53         413794157      114.431337    30.672328     114.432738    30.672933    3.8           240.6         240
2016-10-20 21:26:09         413794157      114.431047    30.672188     114.431337    30.672328    3.8           241.4         241
2016-10-20 21:26:27         413794157      114.43077     30.67206      114.431047    30.672188    3.9           241.3         241
2016-10-20 21:26:42         413794157      114.430463    30.671903     114.43077     30.67206     3.9           238.1         238
2016-10-20 21:26:58         413794157      114.430197    30.671755     114.430463    30.671903    3.9           236           236
2016-10-20 21:28:01         413794157      114.429095    30.671053     114.430197    30.671755    4             232.9         232
2016-10-20 21:28:13         413794157      114.428835    30.670883     114.429095    30.671053    4             232.3         232
2016-10-20 21:28:51         413794157      114.428312    30.67053      114.428835    30.670883    4.1           233.1         233
2016-10-20 21:29:23         413794157      114.427745    30.670187     114.428312    30.67053     4.1           236.1         236
2016-10-20 21:29:48         413794157      114.427133    30.66985      114.427745    30.670187    4.2           237.7         237
2016-10-20 21:30:21         413794157      114.426567    30.669525     114.427133    30.66985     4.2           234.8         234
2016-10-20 21:30:36         413794157      114.42629     30.669353     114.426567    30.669525    4.2           233.8         233
2016-10-20 21:31:26         413794157      114.425445    30.668798     114.42629     30.669353    4.1           231.8         231
2016-10-20 21:32:04         413794157      114.424908    30.668438     114.425445    30.668798    4.1           233           233
2016-10-20 21:32:20         413794157      114.424347    30.66808      114.424908    30.668438    4.1           234.4         234
2016-10-20 21:32:35         413794157      114.42407     30.667915     114.424347    30.66808     4.1           236.1         236
2016-10-20 21:32:52         413794157      114.423787    30.66776      114.42407     30.667915    4.1           238.9         238
2016-10-20 21:34:04         413794157      114.42265     30.66719      114.423787    30.66776     4.1           240.1         240
2016-10-20 21:34:28         413794157      114.422048    30.666898     114.42265     30.66719     4.1           241           241
2016-10-20 21:35:01         413794157      114.421462    30.66662      114.422048    30.666898    4.1           242.3         242
2016-10-20 21:35:43         413794157      114.420522    30.666222     114.421462    30.66662     4.1           244.8         244
2016-10-20 21:36:16         413794157      114.41992     30.665983     114.420522    30.666222    4             246.1         246
2016-10-20 21:37:26         413794157      114.418313    30.665403     114.41992     30.665983    4             247.8         247
2016-10-20 21:37:42         413794157      114.418012    30.665298     114.418313    30.665403    4             248.1         248
2016-10-20 21:38:32         413794157      114.41709     30.664998     114.418012    30.665298    4             250.3         250
2016-10-20 21:38:47         413794157      114.416737    30.664892     114.41709     30.664998    4             249.7         249
2016-10-20 21:39:42         413794157      114.415553    30.664478     114.416737    30.664892    4             246.7         246
2016-10-20 21:40:20         413794157      114.414932    30.664248     114.415553    30.664478    4             246.4         246
2016-10-20 21:40:56         413794157      114.414335    30.664022     114.414932    30.664248    4             245.8         245
2016-10-20 21:41:41         413794157      114.413477    30.663653     114.414335    30.664022    3.6           245.8         245
2016-10-20 21:42:14         413794157      114.41266     30.663372     114.413477    30.663653    3.3           249.9         249
2016-10-20 21:42:52         413794157      114.412125    30.663218     114.41266     30.663372    3             252.2         252
2016-10-20 21:43:35         413794157      114.411418    30.66302      114.412125    30.663218    2.7           250.9         250
2016-10-20 21:43:55         413794157      114.411212    30.662947     114.411418    30.66302     2.7           246.3         246
2016-10-20 21:44:09         413794157      114.411012    30.662873     114.411212    30.662947    2.6           247.7         247
2016-10-20 21:44:24         413794157      114.410797    30.662803     114.411012    30.662873    2.6           250.5         250
2016-10-20 21:45:03         413794157      114.410378    30.662687     114.410797    30.662803    2.6           254           254
2016-10-20 21:45:32         413794157      114.409977    30.66258      114.410378    30.662687    2.5           249.9         249
2016-10-20 21:46:16         413794157      114.409385    30.662352     114.409977    30.66258     2.6           241.6         241
2016-10-20 21:46:47         413794157      114.409       30.662177     114.409385    30.662352    2.7           243.6         243
2016-10-20 21:47:46         413794157      114.408165    30.661778     114.409       30.662177    2.9           238.8         238
2016-10-20 21:48:02         413794157      114.40794     30.66167      114.408165    30.661778    3             241.8         241
2016-10-20 21:48:38         413794157      114.407485    30.661462     114.40794     30.66167     3             241.9         241
2016-10-20 21:49:48         413794157      114.406507    30.661057     114.407485    30.661462    3.1           248.1         248
2016-10-20 21:50:21         413794157      114.405793    30.660813     114.406507    30.661057    3.2           249.5         249
2016-10-20 21:50:35         413794157      114.405547    30.660735     114.405793    30.660813    3.2           249.1         249
2016-10-20 21:50:59         413794157      114.405305    30.660642     114.405547    30.660735    3.2           244.3         244
2016-10-20 21:51:32         413794157      114.40481     30.660423     114.405305    30.660642    3.2           241.8         241
2016-10-20 21:52:09         413794157      114.404352    30.660177     114.40481     30.660423    3.2           238.7         238
2016-10-20 21:52:25         413794157      114.403912    30.659937     114.404352    30.660177    3.2           238.3         238
2016-10-20 21:52:40         413794157      114.403658    30.659808     114.403912    30.659937    3.2           239.8         239
2016-10-20 21:52:55         413794157      114.403437    30.659693     114.403658    30.659808    3.1           240.5         240
2016-10-20 21:53:16         413794157      114.403193    30.659593     114.403437    30.659693    3             246.9         246
2016-10-20 21:53:49         413794157      114.40273     30.659423     114.403193    30.659593    3.1           249.8         249
2016-10-20 21:54:31         413794157      114.40199     30.659193     114.40273     30.659423    3.1           252.9         252
2016-10-20 21:55:02         413794157      114.401445    30.659068     114.40199     30.659193    3.1           255.7         255
2016-10-20 21:55:19         413794157      114.401205    30.659013     114.401445    30.659068    3             255.9         255
2016-10-20 21:55:44         413794157      114.400968    30.658962     114.401205    30.659013    3             255.3         255
2016-10-20 21:56:13         413794157      114.400447    30.658845     114.400968    30.658962    2.9           259.5         259
2016-10-20 21:56:44         413794157      114.400022    30.658785     114.400447    30.658845    2.3           260           260
2016-10-20 21:57:28         413794157      114.399218    30.658732     114.400022    30.658785    3.1           269.9         269
2016-10-20 21:57:52         413794157      114.398663    30.65877      114.399218    30.658732    3.1           278.1         278
2016-10-20 21:58:28         413794157      114.398112    30.658855     114.398663    30.65877     3.2           282.8         282
2016-10-20 21:59:08         413794157      114.39759     30.65895      114.398112    30.658855    3.2           282.2         282
2016-10-20 21:59:25         413794157      114.397037    30.659048     114.39759     30.65895     3.2           281.4         281
2016-10-20 21:59:41         413794157      114.396777    30.65909      114.397037    30.659048    3.2           279.5         279
2016-10-20 22:00:21         413794157      114.39625     30.659165     114.396777    30.65909     3.3           277.3         277
2016-10-20 22:00:57         413794157      114.39545     30.65917      114.39625     30.659165    3.3           267.4         267
2016-10-20 22:01:36         413794157      114.394783    30.659107     114.39545     30.65917     3.4           260.6         260
2016-10-20 22:01:52         413794157      114.39451     30.659065     114.394783    30.659107    3.4           260           260
2016-10-20 22:02:06         413794157      114.394235    30.659018     114.39451     30.659065    3.5           258.5         258
2016-10-20 22:03:03         413794157      114.393102    30.658692     114.394235    30.659018    3.6           249.2         249
2016-10-20 22:03:19         413794157      114.392822    30.658598     114.393102    30.658692    3.7           248.9         248
2016-10-20 22:03:41         413794157      114.392503    30.658492     114.392822    30.658598    3.7           249.6         249
2016-10-20 22:04:08         413794157      114.391917    30.658335     114.392503    30.658492    3.8           253.1         253
2016-10-20 22:04:25         413794157      114.391582    30.658248     114.391917    30.658335    3.8           253.1         253
2016-10-20 22:04:50         413794157      114.391285    30.658167     114.391582    30.658248    3.8           251.4         251
2016-10-20 22:05:16         413794157      114.390695    30.657988     114.391285    30.658167    3.9           249.4         249
2016-10-20 22:05:52         413794157      114.390065    30.657758     114.390695    30.657988    3.9           243.7         243
2016-10-20 22:06:24         413794157      114.389195    30.657367     114.390065    30.657758    3.9           241.5         241
2016-10-20 22:06:41         413794157      114.38891     30.657237     114.389195    30.657367    3.9           243.2         243
2016-10-20 22:07:19         413794157      114.38829     30.65699      114.38891     30.657237    3.9           245.6         245
2016-10-20 22:07:49         413794157      114.387693    30.656775     114.38829     30.65699     3.9           249           249
2016-10-20 22:08:23         413794157      114.38705     30.656568     114.387693    30.656775    3.9           247.8         247
2016-10-20 22:08:52         413794157      114.38649     30.656338     114.38705     30.656568    3.9           242.5         242
2016-10-20 22:09:34         413794157      114.38589     30.656045     114.38649     30.656338    4             238.8         238
2016-10-20 22:09:48         413794157      114.385308    30.655712     114.38589     30.656045    4             235.1         235
2016-10-20 22:10:03         413794157      114.385035    30.655552     114.385308    30.655712    4             237.1         237
2016-10-20 22:10:44         413794157      114.38444     30.65522      114.385035    30.655552    4.1           236.8         236
2016-10-20 22:11:12         413794157      114.3839      30.654917     114.38444     30.65522     4.1           236.2         236
2016-10-20 22:11:37         413794157      114.383315    30.654567     114.3839      30.654917    4.1           234.9         234
2016-10-20 22:11:53         413794157      114.383043    30.6544       114.383315    30.654567    4.1           235           235
2016-10-20 22:12:09         413794157      114.382753    30.654223     114.383043    30.6544      4.1           234.9         234
2016-10-20 22:12:48         413794157      114.382207    30.653902     114.382753    30.654223    4.1           235.9         235
2016-10-20 22:13:41         413794157      114.381103    30.653228     114.382207    30.653902    4             235.1         235
2016-10-20 22:14:00         413794157      114.380833    30.653065     114.381103    30.653228    4             234.7         234
2016-10-20 22:14:34         413794157      114.38028     30.652765     114.380833    30.653065    4             240.1         240
2016-10-20 22:15:09         413794157      114.379428    30.652292     114.38028     30.652765    3.9           236.9         236
2016-10-20 22:15:26         413794157      114.379178    30.652147     114.379428    30.652292    3.9           233.8         233
2016-10-20 22:15:42         413794157      114.378923    30.651978     114.379178    30.652147    3.9           231.1         231
2016-10-20 22:15:56         413794157      114.378647    30.651777     114.378923    30.651978    3.9           227.7         227
2016-10-20 22:16:38         413794157      114.378215    30.651407     114.378647    30.651777    3.8           222.7         222
2016-10-20 22:16:53         413794157      114.377782    30.650998     114.378215    30.651407    3.8           222.8         222
2016-10-20 22:17:08         413794157      114.377572    30.6508       114.377782    30.650998    3.8           221.9         221
2016-10-20 22:17:29         413794157      114.377375    30.650623     114.377572    30.6508      3.7           226           226
2016-10-20 22:17:45         413794157      114.377113    30.650448     114.377375    30.650623    3.5           239.1         239
2016-10-20 22:18:11         413794157      114.376603    30.650215     114.377113    30.650448    3.4           245.1         245
2016-10-20 22:18:32         413794157      114.376345    30.650125     114.376603    30.650215    3.4           250.4         250
2016-10-20 22:18:45         413794157      114.376077    30.650047     114.376345    30.650125    3.5           251.6         251
2016-10-20 22:18:58         413794157      114.375793    30.649962     114.376077    30.650047    3.5           250.7         250
2016-10-20 22:19:12         413794157      114.375525    30.649885     114.375793    30.649962    3.5           252.2         252
2016-10-20 22:19:37         413794157      114.375273    30.649817     114.375525    30.649885    3.5           253.3         253
2016-10-20 22:20:12         413794157      114.374725    30.649683     114.375273    30.649817    3.5           253           253
2016-10-20 22:20:25         413794157      114.374163    30.649527     114.374725    30.649683    3.5           251.5         251
2016-10-20 22:20:44         413794157      114.373893    30.64944      114.374163    30.649527    3.5           247.8         247
2016-10-20 22:21:00         413794157      114.373648    30.649368     114.373893    30.64944     3.6           245.8         245
2016-10-20 22:21:15         413794157      114.373348    30.649257     114.373648    30.649368    3.7           244.2         244
2016-10-20 22:21:31         413794157      114.373083    30.649148     114.373348    30.649257    3.7           243           243
2016-10-20 22:21:56         413794157      114.3728      30.649022     114.373083    30.649148    3.7           241.9         241
2016-10-20 22:22:27         413794157      114.37228     30.648772     114.3728      30.649022    3.8           239.9         239
2016-10-20 22:23:05         413794157      114.371398    30.648352     114.37228     30.648772    3.9           240.7         240
2016-10-20 22:23:22         413794157      114.371142    30.64822      114.371398    30.648352    4             239           239
2016-10-20 22:23:53         413794157      114.370578    30.647912     114.371142    30.64822     3.9           236.4         236
2016-10-20 22:24:19         413794157      114.37003     30.64758      114.370578    30.647912    4             232.9         232
2016-10-20 22:24:34         413794157      114.369772    30.647405     114.37003     30.64758     4             231.2         231
2016-10-20 22:24:48         413794157      114.369498    30.647213     114.369772    30.647405    4             230.9         230
2016-10-20 22:25:04         413794157      114.369242    30.647035     114.369498    30.647213    4.1           231.4         231
2016-10-20 22:25:27         413794157      114.368965    30.646845     114.369242    30.647035    4.1           231.7         231
2016-10-20 22:26:10         413794157      114.368135    30.646337     114.368965    30.646845    4.1           237.3         237
2016-10-20 22:26:28         413794157      114.367877    30.646193     114.368135    30.646337    4.1           238.2         238
2016-10-20 22:26:57         413794157      114.367278    30.645877     114.367877    30.646193    4             238.9         238
2016-10-20 22:27:40         413794157      114.366455    30.645403     114.367278    30.645877    4             233.1         233
2016-10-20 22:27:56         413794157      114.366193    30.645233     114.366455    30.645403    4             232.7         232
2016-10-20 22:28:09         413794157      114.36592     30.645048     114.366193    30.645233    4             231.8         231
2016-10-20 22:28:24         413794157      114.365685    30.644885     114.36592     30.645048    3.9           230.7         230
2016-10-20 22:28:45         413794157      114.365405    30.644685     114.365685    30.644885    3.9           230.5         230
2016-10-20 22:29:21         413794157      114.364757    30.644243     114.365405    30.644685    3.9           232.3         232
2016-10-20 22:29:38         413794157      114.364512    30.644075     114.364757    30.644243    3.9           231.4         231
2016-10-20 22:30:00         413794157      114.364252    30.643892     114.364512    30.644075    3.9           230.1         230
2016-10-20 22:30:49         413794157      114.3635      30.643373     114.364252    30.643892    3.8           234.3         234
2016-10-20 22:31:09         413794157      114.362963    30.643048     114.3635      30.643373    3.8           236.3         236
2016-10-20 22:31:28         413794157      114.362728    30.642912     114.362963    30.643048    3.7           236.3         236
2016-10-20 22:32:03         413794157      114.362427    30.642737     114.362728    30.642912    3.7           236.1         236
2016-10-20 22:32:24         413794157      114.361772    30.642372     114.362427    30.642737    3.7           236.7         236
2016-10-20 22:32:53         413794157      114.361268    30.642062     114.361772    30.642372    3.7           231.9         231
2016-10-20 22:33:08         413794157      114.361037    30.641898     114.361268    30.642062    3.7           230.3         230
2016-10-20 22:33:33         413794157      114.360773    30.641713     114.361037    30.641898    3.7           232           232
2016-10-20 22:34:07         413794157      114.360038    30.641233     114.360773    30.641713    3.7           232.7         232
2016-10-20 22:34:25         413794157      114.359815    30.641087     114.360038    30.641233    3.7           232.3         232
2016-10-20 22:34:48         413794157      114.359562    30.640913     114.359815    30.641087    3.7           229.3         229
2016-10-20 22:35:08         413794157      114.359225    30.640642     114.359562    30.640913    3.7           226.6         226
2016-10-20 22:35:38         413794157      114.358773    30.640263     114.359225    30.640642    3.8           224.4         224
2016-10-20 22:36:16         413794157      114.358338    30.639862     114.358773    30.640263    3.8           222           222
2016-10-20 22:36:30         413794157      114.357915    30.639442     114.358338    30.639862    3.9           221.1         221
2016-10-20 22:37:07         413794157      114.357712    30.639233     114.357915    30.639442    3.9           219           219
2016-10-20 22:37:24         413794157      114.357328    30.638783     114.357712    30.639233    3.8           214           214
2016-10-20 22:37:56         413794157      114.357127    30.638512     114.357328    30.638783    3.8           212.5         212
2016-10-20 22:38:17         413794157      114.356687    30.63791      114.357127    30.638512    3.8           210.9         210
2016-10-20 22:38:34         413794157      114.356527    30.637687     114.356687    30.63791     3.7           213.2         213
2016-10-20 22:39:28         413794157      114.355948    30.637043     114.356527    30.637687    3.4           221.3         221
2016-10-20 22:40:02         413794157      114.355552    30.636728     114.355948    30.637043    3.2           231.7         231
2016-10-20 22:40:39         413794157      114.354915    30.636332     114.355552    30.636728    3             235.4         235
2016-10-20 22:40:55         413794157      114.354712    30.636213     114.354915    30.636332    3             236.8         236
2016-10-20 22:41:10         413794157      114.3545      30.636087     114.354712    30.636213    2.9           233.7         233
2016-10-20 22:41:23         413794157      114.35431     30.63596      114.3545      30.636087    2.9           231.9         231
2016-10-20 22:41:42         413794157      114.354127    30.635832     114.35431     30.63596     2.9           230.9         230
2016-10-20 22:41:57         413794157      114.35395     30.635703     114.354127    30.635832    2.8           228.7         228
2016-10-20 22:42:12         413794157      114.353765    30.635562     114.35395     30.635703    2.8           227.8         227
2016-10-20 22:42:28         413794157      114.353598    30.635427     114.353765    30.635562    2.7           226.6         226
2016-10-20 22:42:51         413794157      114.353437    30.635293     114.353598    30.635427    2.7           225.8         225
2016-10-20 22:43:26         413794157      114.35297     30.634853     114.353437    30.635293    2.7           221.8         221
2016-10-20 22:43:44         413794157      114.352853    30.63472      114.35297     30.634853    2.6           222.2         222
2016-10-20 22:44:13         413794157      114.3527      30.634563     114.352853    30.63472     2.6           222.4         222
2016-10-20 22:44:30         413794157      114.35243     30.634287     114.3527      30.634563    2.5           222.6         222
2016-10-20 22:46:12         413794157      114.351633    30.633462     114.35243     30.634287    2.4           220.9         220
2016-10-20 22:46:34         413794157      114.351373    30.633207     114.351633    30.633462    2.4           222.5         222
2016-10-20 22:46:52         413794157      114.351222    30.633067     114.351373    30.633207    2.3           223.4         223
2016-10-20 22:47:27         413794157      114.350947    30.632828     114.351222    30.633067    2.3           225.5         225
2016-10-20 22:47:52         413794157      114.350672    30.632583     114.350947    30.632828    2.3           223.6         223
2016-10-20 22:49:06         413794157      114.349997    30.63199      114.350672    30.632583    2.3           219           219
2016-10-20 22:49:24         413794157      114.349878    30.631863     114.349997    30.63199     2.3           219.5         219
2016-10-20 22:49:41         413794157      114.349757    30.631737     114.349878    30.631863    2.3           219.3         219
2016-10-20 22:50:18         413794157      114.349512    30.631467     114.349757    30.631737    2.4           217.6         217
2016-10-20 22:50:35         413794157      114.349265    30.631188     114.349512    30.631467    2.3           219.6         219
2016-10-20 22:50:51         413794157      114.349155    30.631082     114.349265    30.631188    2.3           223           223
2016-10-20 22:52:21         413794157      114.348328    30.630358     114.349155    30.631082    2.3           225.7         225
2016-10-20 22:52:44         413794157      114.348192    30.630245     114.348328    30.630358    2.3           226.7         226
2016-10-20 22:53:16         413794157      114.347887    30.630003     114.348192    30.630245    2.4           227.2         227
2016-10-20 22:53:55         413794157      114.347423    30.629665     114.347887    30.630003    2.6           229.2         229
2016-10-20 22:54:11         413794157      114.347247    30.629533     114.347423    30.629665    2.7           227.9         227
2016-10-20 22:54:31         413794157      114.347067    30.629393     114.347247    30.629533    2.8           228           228
2016-10-20 22:55:13         413794157      114.346518    30.628993     114.347067    30.629393    3             231.3         231
2016-10-20 22:55:31         413794157      114.346312    30.628847     114.346518    30.628993    3.1           230.3         230
2016-10-20 22:55:47         413794157      114.346113    30.628708     114.346312    30.628847    3.1           231.6         231
2016-10-20 22:56:26         413794157      114.345683    30.628423     114.346113    30.628708    3.3           232           232
2016-10-20 22:56:42         413794157      114.345252    30.628145     114.345683    30.628423    3.3           235.2         235
2016-10-20 22:58:08         413794157      114.344002    30.627538     114.345252    30.628145    3.5           244.4         244
2016-10-20 22:58:49         413794157      114.34324     30.627217     114.344002    30.627538    3.5           244.1         244
2016-10-20 22:59:05         413794157      114.342963    30.627098     114.34324     30.627217    3.7           243           243
2016-10-20 22:59:20         413794157      114.342678    30.626952     114.342963    30.627098    3.4           238.2         238
2016-10-20 22:59:35         413794157      114.342425    30.626812     114.342678    30.626952    3.6           235.9         235
2016-10-20 23:00:12         413794157      114.341955    30.626495     114.342425    30.626812    3.6           226.8         226
2016-10-20 23:00:45         413794157      114.341557    30.626095     114.341955    30.626495    3.6           215.8         215
2016-10-20 23:01:10         413794157      114.341237    30.625673     114.341557    30.626095    3.6           211.8         211
2016-10-20 23:01:42         413794157      114.340908    30.625237     114.341237    30.625673    3.5           215.4         215
2016-10-20 23:02:19         413794157      114.340333    30.624745     114.340908    30.625237    3.1           234.2         234
2016-10-20 23:02:35         413794157      114.340113    30.624622     114.340333    30.624745    2.9           238.3         238
2016-10-20 23:02:53         413794157      114.339913    30.624522     114.340113    30.624622    2.8           241.7         241
2016-10-20 23:03:12         413794157      114.339718    30.624435     114.339913    30.624522    2.6           244.1         244
2016-10-20 23:03:37         413794157      114.339338    30.624265     114.339718    30.624435    2.6           242.1         242
2016-10-20 23:03:53         413794157      114.339145    30.624178     114.339338    30.624265    2.7           241.4         241
2016-10-20 23:04:11         413794157      114.338932    30.624073     114.339145    30.624178    2.9           238.8         238
2016-10-20 23:04:27         413794157      114.338687    30.62396      114.338932    30.624073    3.1           243.9         243
2016-10-20 23:05:03         413794157      114.338228    30.62375      114.338687    30.62396     3.2           242.1         242
2016-10-20 23:05:36         413794157      114.337742    30.623542     114.338228    30.62375     3.2           247.1         247
2016-10-20 23:06:00         413794157      114.337222    30.623355     114.337742    30.623542    3.4           250.3         250
2016-10-20 23:06:31         413794157      114.336703    30.623173     114.337222    30.623355    3.4           245.5         245
2016-10-20 23:07:13         413794157      114.335897    30.622925     114.336703    30.623173    3.4           254           254
2016-10-20 23:07:30         413794157      114.335628    30.622855     114.335897    30.622925    3.4           251.3         251
2016-10-20 23:07:47         413794157      114.33537     30.62277      114.335628    30.622855    3.4           247.3         247
2016-10-20 23:08:29         413794157      114.33465     30.622473     114.33537     30.62277     3.3           241.7         241
2016-10-20 23:08:48         413794157      114.334407    30.622353     114.33465     30.622473    3.2           239.4         239
2016-10-20 23:09:22         413794157      114.333967    30.622097     114.334407    30.622353    3.1           232.9         232
2016-10-20 23:09:45         413794157      114.333558    30.621822     114.333967    30.622097    3             230.3         230
2016-10-20 23:10:03         413794157      114.33337     30.621678     114.333558    30.621822    3.1           227.8         227
2016-10-20 23:10:37         413794157      114.333007    30.62138      114.33337     30.621678    3.1           225           225
2016-10-20 23:10:58         413794157      114.332637    30.621062     114.333007    30.62138     3.1           224           224
2016-10-20 23:11:16         413794157      114.332462    30.620907     114.332637    30.621062    3.1           224.4         224
2016-10-20 23:11:34         413794157      114.332273    30.620742     114.332462    30.620907    3.1           224.3         224
2016-10-20 23:11:51         413794157      114.33211     30.620597     114.332273    30.620742    3.1           223.7         223
2016-10-20 23:12:33         413794157      114.331562    30.620127     114.33211     30.620597    3.1           225           225
2016-10-20 23:12:49         413794157      114.331383    30.619972     114.331562    30.620127    3.1           225           225
2016-10-20 23:13:06         413794157      114.331192    30.619807     114.331383    30.619972    3.1           224.7         224
2016-10-20 23:13:43         413794157      114.330638    30.619325     114.331192    30.619807    3.2           224.3         224
2016-10-20 23:14:01         413794157      114.330463    30.619162     114.330638    30.619325    3.2           220.4         220
2016-10-20 23:15:28         413794157      114.329623    30.618287     114.330463    30.619162    3.2           221.4         221
2016-10-20 23:15:48         413794157      114.329282    30.617927     114.329623    30.618287    3.2           219.4         219
2016-10-20 23:16:03         413794157      114.329117    30.617753     114.329282    30.617927    3.2           218.5         218
2016-10-20 23:16:17         413794157      114.328965    30.617585     114.329117    30.617753    3.2           218.6         218
2016-10-20 23:16:34         413794157      114.328795    30.617408     114.328965    30.617585    3.3           220.1         220
2016-10-20 23:16:59         413794157      114.328597    30.617203     114.328795    30.617408    3.4           219.7         219
2016-10-20 23:18:21         413794157      114.327528    30.616053     114.328597    30.617203    3.6           214.1         214
2016-10-20 23:18:37         413794157      114.327375    30.615853     114.327528    30.616053    3.6           213.5         213
2016-10-20 23:18:55         413794157      114.327213    30.61564      114.327375    30.615853    3.6           212.7         212
2016-10-20 23:19:40         413794157      114.32671     30.614992     114.327213    30.61564     3.6           214.8         214
2016-10-20 23:20:15         413794157      114.326355    30.614557     114.32671     30.614992    3.7           215.3         215
2016-10-20 23:20:54         413794157      114.325835    30.613915     114.326355    30.614557    3.7           215.2         215
2016-10-20 23:21:26         413794157      114.32548     30.613483     114.325835    30.613915    3.8           215.7         215
2016-10-20 23:22:10         413794157      114.324915    30.61279      114.32548     30.613483    3.9           214.9         214
2016-10-20 23:22:29         413794157      114.324733    30.612565     114.324915    30.61279     3.9           214.9         214
2016-10-20 23:22:58         413794157      114.324353    30.612097     114.324733    30.612565    3.9           215.4         215
2016-10-20 23:23:23         413794157      114.32399     30.611663     114.324353    30.612097    4             215.3         215
2016-10-20 23:23:56         413794157      114.323612    30.611193     114.32399     30.611663    3.9           215.9         215
2016-10-20 23:24:14         413794157      114.323422    30.61097      114.323612    30.611193    3.9           216.1         216
2016-10-20 23:24:43         413794157      114.323045    30.610498     114.323422    30.61097     3.9           213.1         213
2016-10-20 23:25:22         413794157      114.322693    30.610037     114.323045    30.610498    3.9           213.4         213
2016-10-20 23:25:39         413794157      114.322372    30.609578     114.322693    30.610037    3.9           209.3         209
2016-10-20 23:26:02         413794157      114.322202    30.609322     114.322372    30.609578    3.9           210.8         210
2016-10-20 23:26:41         413794157      114.321643    30.608628     114.322202    30.609322    3.9           214           214
2016-10-20 23:27:00         413794157      114.321457    30.608383     114.321643    30.608628    3.9           215.2         215
2016-10-20 23:27:25         413794157      114.321262    30.608167     114.321457    30.608383    3.9           219.2         219
2016-10-20 23:27:40         413794157      114.32085     30.607722     114.321262    30.608167    3.9           218.9         218
2016-10-20 23:27:57         413794157      114.320663    30.607517     114.32085     30.607722    4             216.5         216
2016-10-20 23:28:12         413794157      114.320473    30.60729      114.320663    30.607517    3.9           216.2         216
2016-10-20 23:28:34         413794157      114.320287    30.607063     114.320473    30.60729     3.9           215.8         215
2016-10-20 23:29:49         413794157      114.319278    30.60592      114.320287    30.607063    4             222.6         222
2016-10-20 23:30:25         413794157      114.31882     30.605527     114.319278    30.60592     4             226.1         226
2016-10-20 23:30:41         413794157      114.318317    30.605162     114.31882     30.605527    4             229.7         229
2016-10-20 23:31:07         413794157      114.318068    30.604972     114.318317    30.605162    4             225.9         225
2016-10-20 23:31:40         413794157      114.317655    30.604545     114.318068    30.604972    3.9           217.7         217
2016-10-20 23:32:21         413794157      114.317142    30.603862     114.317655    30.604545    3.9           209.8         209
2016-10-20 23:32:53         413794157      114.316842    30.603365     114.317142    30.603862    3.9           206.9         206
2016-10-20 23:33:35         413794157      114.316548    30.60284      114.316842    30.603365    3.9           203.3         203
2016-10-20 23:35:16         413794157      114.31486     30.601385     114.316548    30.60284     3.9           242.8         242
2016-10-20 23:35:45         413794157      114.314293    30.601133     114.31486     30.601385    4             245.8         245
2016-10-20 23:36:08         413794157      114.313953    30.601007     114.314293    30.601133    4             246.6         246
2016-10-20 23:37:37         413794157      114.31221     30.60012      114.313953    30.601007    4.1           233.1         233
2016-10-20 23:37:53         413794157      114.311948    30.599937     114.31221     30.60012     4.1           229.7         229
2016-10-20 23:38:28         413794157      114.311437    30.599543     114.311948    30.599937    4.3           225.5         225
2016-10-20 23:38:57         413794157      114.310953    30.599102     114.311437    30.599543    4.4           221.6         221
2016-10-20 23:39:39         413794157      114.310297    30.598335     114.310953    30.599102    4.5           210.4         210
2016-10-20 23:39:56         413794157      114.310117    30.598063     114.310297    30.598335    4.4           210.6         210
2016-10-20 23:40:28         413794157      114.30977     30.597508     114.310117    30.598063    4.5           206.1         206
2016-10-20 23:40:54         413794157      114.309407    30.596907     114.30977     30.597508    4.5           209.6         209
2016-10-20 23:41:13         413794157      114.309222    30.596628     114.309407    30.596907    4.6           208.6         208
2016-10-20 23:41:45         413794157      114.308875    30.596055     114.309222    30.596628    4.6           208.7         208
2016-10-20 23:42:22         413794157      114.308262    30.595243     114.308875    30.596055    4.6           217           217
2016-10-20 23:42:41         413794157      114.30803     30.59499      114.308262    30.595243    4.6           220.4         220
2016-10-20 23:42:59         413794157      114.307775    30.594757     114.30803     30.59499     4.5           225.4         225
2016-10-20 23:43:45         413794157      114.306983    30.594077     114.307775    30.594757    4.4           221.2         221
2016-10-20 23:44:20         413794157      114.306538    30.593618     114.306983    30.594077    4.4           216.7         216
2016-10-20 23:44:43         413794157      114.306117    30.593103     114.306538    30.593618    4.3           213.3         213
2016-10-20 23:44:59         413794157      114.30593     30.592847     114.306117    30.593103    4.3           210.8         210
2016-10-20 23:46:00         413794157      114.305203    30.591767     114.30593     30.592847    4.3           212.3         212
2016-10-20 23:46:18         413794157      114.305008    30.591512     114.305203    30.591767    4.4           212.8         212
2016-10-20 23:46:52         413794157      114.304608    30.590998     114.305008    30.591512    4.5           215.2         215
2016-10-20 23:47:16         413794157      114.304187    30.590478     114.304608    30.590998    4.6           216.7         216
2016-10-20 23:47:32         413794157      114.303967    30.590218     114.304187    30.590478    4.7           214.6         214
2016-10-20 23:48:05         413794157      114.303545    30.58962      114.303967    30.590218    4.8           211.6         211
2016-10-20 23:48:26         413794157      114.303167    30.58903      114.303545    30.58962     4.9           209.3         209
2016-10-20 23:49:13         413794157      114.302575    30.588087     114.303167    30.58903     5.1           208.6         208
2016-10-20 23:49:39         413794157      114.302482    30.587938     114.302575    30.588087    5.2           208.2         208
2016-10-20 23:49:59         413794157      114.301972    30.587142     114.302482    30.587938    5.4           210.1         210
2016-10-20 23:50:19         413794157      114.30172     30.586773     114.301972    30.587142    5.4           210.8         210
2016-10-20 23:51:01         413794157      114.301063    30.585807     114.30172     30.586773    5.5           212.3         212
2016-10-20 23:51:19         413794157      114.300828    30.585478     114.301063    30.585807    5.5           211.1         211
2016-10-20 23:51:53         413794157      114.300373    30.584755     114.300828    30.585478    5.5           207.1         207
2016-10-20 23:53:09         413794157      114.299328    30.583127     114.300373    30.584755    5.4           210.2         210
2016-10-20 23:53:32         413794157      114.29888     30.58248      114.299328    30.583127    5.3           209           209
2016-10-20 23:53:51         413794157      114.298677    30.58216      114.29888     30.58248     5.1           207.9         207
2016-10-20 23:54:08         413794157      114.298488    30.581848     114.298677    30.58216     5             207.6         207
2016-10-20 23:56:01         413794157      114.29724     30.57978      114.298488    30.581848    4.4           209           209
2016-10-20 23:56:22         413794157      114.296858    30.579237     114.29724     30.57978     4.3           211           211
2016-10-20 23:56:56         413794157      114.296485    30.578723     114.296858    30.579237    4.3           213.7         213
2016-10-20 23:58:14         413794157      114.295537    30.57749      114.296485    30.578723    4.1           215.2         215
2016-10-20 23:58:42         413794157      114.295147    30.57702      114.295537    30.57749     4.1           215.7         215
2016-10-20 23:59:20         413794157      114.294543    30.576283     114.295147    30.57702     4.1           214.7         214
