2016-10-19 7:34:06          413802701      114.637347    30.565523     114.637347    30.565523    5             210.1         0
2016-10-19 7:37:08          413802701      114.63356     30.56082      114.637347    30.565523    4             215.4         1
2016-10-19 7:39:20          413802701      114.63208     30.55917      114.63356     30.56082     3.4           214           1
2016-10-19 7:42:43          413802701      114.62984     30.556937     114.63208     30.55917     2.5           230.2         1
2016-10-19 7:53:53          413802701      114.62064     30.556117     114.621467    30.55611     2.6           272.4         1
2016-10-19 8:10:31          413802701      114.606227    30.5587       114.606707    30.558497    3             296.4         1
2016-10-19 9:12:36          413802701      114.56612     30.604087     114.567053    30.601893    4.2           344.1         1
2016-10-19 9:33:54          413802701      114.559347    30.62725      114.55964     30.62641     3.3           339.9         1
2016-10-19 9:34:31          413802701      114.55916     30.62771      114.559347    30.62725     3.3           340.7         1
2016-10-19 9:36:02          413802701      114.558667    30.62903      114.55916     30.62771     3.3           342.4         1
2016-10-19 9:38:42          413802701      114.557827    30.631173     114.558667    30.62903     3.3           339.4         1
2016-10-19 9:40:49          413802701      114.557093    30.632993     114.557827    30.631173    3.5           337.5         1
2016-10-19 9:41:49          413802701      114.556427    30.63434      114.557093    30.632993    3.4           336.6         1
2016-10-19 9:43:25          413802701      114.55576     30.635717     114.556427    30.63434     3.5           337.9         1
2016-10-19 9:43:55          413802701      114.55556     30.636173     114.55576     30.635717    3.5           337           1
2016-10-19 9:45:23          413802701      114.554947    30.63756      114.55556     30.636173    3.6           338.3         1
2016-10-19 9:46:58          413802701      114.55436     30.639023     114.554947    30.63756     3.7           339.2         1
2016-10-19 9:47:27          413802701      114.554147    30.63951      114.55436     30.639023    3.8           337.4         1
2016-10-19 9:47:58          413802701      114.55388     30.640013     114.554147    30.63951     3.9           334.4         1
2016-10-19 9:51:10          413802701      114.55388     30.640013     114.55388     30.640013    3.9           334.4         1
2016-10-19 9:52:09          413802701      114.55164     30.644103     114.55388     30.640013    4.1           334.6         1
2016-10-19 9:53:17          413802701      114.551053    30.645177     114.55164     30.644103    4.1           333.6         1
2016-10-19 9:54:45          413802701      114.550053    30.647277     114.551053    30.645177    4.2           343.2         1
2016-10-19 9:56:18          413802701      114.549373    30.648987     114.550053    30.647277    4.2           335.8         1
2016-10-19 9:57:18          413802701      114.548787    30.650043     114.549373    30.648987    4.2           332.3         1
2016-10-19 9:58:11          413802701      114.548787    30.650043     114.548787    30.650043    4.2           332.3         1
2016-10-19 10:07:56         413802701      114.54292     30.661463     114.544093    30.658977    3.6           336.5         1
2016-10-19 10:09:24         413802701      114.54224     30.66284      114.54292     30.661463    3.5           336.9         0
2016-10-19 10:10:16         413802701      114.54224     30.66284      114.54224     30.66284     3.5           336.9         0
2016-10-19 10:13:22         413802701      114.54048     30.666517     114.54224     30.66284     3.3           334.9         0
2016-10-19 10:16:02         413802701      114.5392      30.668587     114.54048     30.666517    3.5           329.7         1
2016-10-19 10:16:37         413802701      114.538933    30.66897      114.5392      30.668587    3.5           329           1
2016-10-19 10:17:33         413802701      114.538373    30.66982      114.538933    30.66897     3.4           328.1         1
2016-10-19 10:18:29         413802701      114.537747    30.670683     114.538373    30.66982     3.4           330.6         0
2016-10-19 10:20:43         413802701      114.536587    30.672327     114.537747    30.670683    3.4           324.8         0
2016-10-19 10:21:30         413802701      114.53588     30.673047     114.536587    30.672327    3.3           316.1         0
2016-10-19 10:22:04         413802701      114.53588     30.673047     114.53588     30.673047    3.3           316.1         0
2016-10-19 10:22:54         413802701      114.5348      30.674107     114.53588     30.673047    3.3           319.2         1
2016-10-19 10:24:55         413802701      114.53324     30.675533     114.5348      30.674107    3.5           315.1         1
2016-10-19 10:27:06         413802701      114.53168     30.676897     114.53324     30.675533    3.5           309.1         1
2016-10-19 10:28:10         413802701      114.530853    30.67759      114.53168     30.676897    3.4           312.5         1
2016-10-19 10:29:41         413802701      114.529627    30.678563     114.530853    30.67759     3.5           307.9         0
2016-10-19 10:30:29         413802701      114.52872     30.6792       114.529627    30.678563    3.5           308.7         0
2016-10-19 10:30:55         413802701      114.52828     30.67953      114.52872     30.6792      3.5           310           1
2016-10-19 10:31:24         413802701      114.52784     30.679847     114.52828     30.67953     3.5           307.4         0
2016-10-19 10:33:24         413802701      114.525947    30.68099      114.52784     30.679847    3.6           300.5         0
2016-10-19 10:33:54         413802701      114.52544     30.681263     114.525947    30.68099     3.5           300.4         1
2016-10-19 10:34:17         413802701      114.524987    30.681467     114.52544     30.681263    3.5           299.6         0
2016-10-19 10:35:18         413802701      114.524453    30.681737     114.524987    30.681467    3.5           300           1
2016-10-19 10:36:12         413802701      114.523427    30.682213     114.524453    30.681737    3.5           296.5         1
2016-10-19 10:37:13         413802701      114.52236     30.682637     114.523427    30.682213    3.6           294           1
2016-10-19 10:38:25         413802701      114.52076     30.6832       114.52236     30.682637    3.6           297.1         0
2016-10-19 10:39:31         413802701      114.519693    30.683613     114.52076     30.6832      3.6           290.1         0
2016-10-19 10:40:28         413802701      114.519693    30.683613     114.519693    30.683613    3.6           290.1         0
2016-10-19 10:41:37         413802701      114.517413    30.68433      114.519693    30.683613    3.7           291.7         0
2016-10-19 10:42:02         413802701      114.516853    30.684517     114.517413    30.68433     3.7           287.7         1
2016-10-19 10:42:28         413802701      114.516293    30.684667     114.516853    30.684517    3.7           286.1         0
2016-10-19 10:43:01         413802701      114.515733    30.68481      114.516293    30.684667    3.7           287.8         1
2016-10-19 10:44:25         413802701      114.514053    30.685297     114.515733    30.68481     3.7           291.3         0
2016-10-19 10:45:28         413802701      114.51288     30.68559      114.514053    30.685297    3.7           283.7         0
2016-10-19 10:45:54         413802701      114.51232     30.6857       114.51288     30.68559     4.3           285           1
2016-10-19 10:46:26         413802701      114.511707    30.68585      114.51232     30.6857      3.7           287           0
2016-10-19 10:47:32         413802701      114.51056     30.686157     114.511707    30.68585     3.7           286           0
2016-10-19 10:47:59         413802701      114.51        30.686307     114.51056     30.686157    3.7           291.1         1
2016-10-19 10:48:28         413802701      114.509387    30.686523     114.51        30.686307    3.7           289.7         0
2016-10-19 10:50:01         413802701      114.507667    30.687        114.509387    30.686523    3.7           284.3         1
2016-10-19 10:51:03         413802701      114.506493    30.68722      114.507667    30.687       3.8           279.9         1
2016-10-19 10:51:32         413802701      114.505973    30.687357     114.506493    30.68722     3.8           290.6         0
2016-10-19 10:52:26         413802701      114.504773    30.687657     114.505973    30.687357    3.7           276.5         0
2016-10-19 10:53:29         413802701      114.50356     30.687697     114.504773    30.687657    3.7           270.6         0
2016-10-19 10:53:54         413802701      114.502947    30.687713     114.50356     30.687697    3.6           270.8         1
2016-10-19 10:54:20         413802701      114.5024      30.687737     114.502947    30.687713    3.6           270.9         0
2016-10-19 10:54:56         413802701      114.501787    30.68772      114.5024      30.687737    3.6           266.3         1
2016-10-19 10:56:53         413802701      114.500013    30.68757      114.501787    30.68772     3.6           264           0
2016-10-19 10:58:13         413802701      114.499427    30.687513     114.500013    30.68757     3.5           265.1         1
2016-10-19 10:59:40         413802701      114.496627    30.687337     114.499427    30.687513    3.4           265.7         0
2016-10-19 11:00:49         413802701      114.495453    30.68722      114.496627    30.687337    3.4           263.3         0
2016-10-19 11:01:45         413802701      114.4944      30.687103     114.495453    30.68722     3.4           260.2         0
2016-10-19 11:02:43         413802701      114.493307    30.686913     114.4944      30.687103    3.4           258.1         0
2016-10-19 11:03:36         413802701      114.492227    30.68669      114.493307    30.686913    3.4           255           0
2016-10-19 11:04:37         413802701      114.49116     30.68646      114.492227    30.68669     3.3           254           0
2016-10-19 11:05:07         413802701      114.49068     30.68635      114.49116     30.68646     3.2           254.8         1
2016-10-19 11:05:35         413802701      114.490133    30.686193     114.49068     30.68635     3.2           251.7         0
2016-10-19 11:06:01         413802701      114.489653    30.686077     114.490133    30.686193    3             252.5         1
2016-10-19 11:07:10         413802701      114.48872     30.68578      114.489653    30.686077    3.2           249.6         1
2016-10-19 11:07:35         413802701      114.488187    30.685603     114.48872     30.68578     3.3           249.9         0
2016-10-19 11:08:04         413802701      114.48768     30.685433     114.488187    30.685603    3.3           250.6         1
2016-10-19 11:08:35         413802701      114.4872      30.685293     114.48768     30.685433    3.3           253.1         0
2016-10-19 11:09:03         413802701      114.48672     30.685163     114.4872      30.685293    3.2           251.8         1
2016-10-19 11:09:30         413802701      114.48624     30.685043     114.48672     30.685163    3.2           255.3         0
2016-10-19 11:09:58         413802701      114.485693    30.68489      114.48624     30.685043    3.2           251.8         1
2016-10-19 11:11:32         413802701      114.484227    30.684443     114.485693    30.68489     3.2           250.4         0
2016-10-19 11:11:57         413802701      114.483693    30.68428      114.484227    30.684443    3.3           248.5         1
2016-10-19 11:12:32         413802701      114.483227    30.684123     114.483693    30.68428     3.4           249.7         0
2016-10-19 11:12:59         413802701      114.482653    30.68394      114.483227    30.684123    3.4           250.8         1
2016-10-19 11:14:32         413802701      114.4812      30.683523     114.482653    30.68394     3.2           247.7         0
2016-10-19 11:15:30         413802701      114.480173    30.683187     114.4812      30.683523    3.3           253.4         0
2016-10-19 11:16:37         413802701      114.479187    30.682963     114.480173    30.683187    3.2           256.2         0
2016-10-19 11:17:32         413802701      114.478187    30.682703     114.479187    30.682963    3.3           250.5         0
2016-10-19 11:19:31         413802701      114.476027    30.682067     114.478187    30.682703    3.5           248.7         0
2016-10-19 11:20:35         413802701      114.474987    30.681677     114.476027    30.682067    3.5           246.6         0
2016-10-19 11:21:03         413802701      114.474467    30.68151      114.474987    30.681677    3.3           252.6         1
2016-10-19 11:21:33         413802701      114.47396     30.681373     114.474467    30.68151     3.4           250.5         0
2016-10-19 11:22:01         413802701      114.47344     30.68119      114.47396     30.681373    3.5           244.6         1
2016-10-19 11:23:25         413802701      114.471813    30.680533     114.47344     30.68119     3.7           244.6         0
2016-10-19 11:24:52         413802701      114.4702      30.67997      114.471813    30.680533    3.6           252.3         1
2016-10-19 11:26:46         413802701      114.468507    30.679423     114.4702      30.67997     3.6           251.6         0
2016-10-19 11:27:10         413802701      114.468507    30.679423     114.468507    30.679423    3.6           251.6         0
2016-10-19 11:27:37         413802701      114.467387    30.67904      114.468507    30.679423    3.6           240           0
2016-10-19 11:28:12         413802701      114.467387    30.67904      114.467387    30.67904     3.6           240           0
2016-10-19 11:29:32         413802701      114.4654      30.677923     114.467387    30.67904     3.8           227.9         0
2016-10-19 11:30:08         413802701      114.464907    30.67754      114.4654      30.677923    3.8           227.3         1
2016-10-19 11:31:00         413802701      114.463973    30.676857     114.464907    30.67754     3.8           230.6         1
2016-10-19 11:32:06         413802701      114.463       30.676213     114.463973    30.676857    3.8           233.7         1
2016-10-19 11:33:26         413802701      114.461373    30.675467     114.463       30.676213    3.9           247.1         0
2016-10-19 11:34:25         413802701      114.460147    30.675063     114.461373    30.675467    4             250.9         0
2016-10-19 11:35:41         413802701      114.458933    30.674717     114.460147    30.675063    4             250.2         0
2016-10-19 11:37:08         413802701      114.457027    30.674077     114.458933    30.674717    4.1           247.2         1
2016-10-19 11:39:20         413802701      114.457027    30.674077     114.457027    30.674077    4.1           247.2         1
2016-10-19 11:40:14         413802701      114.453267    30.672883     114.457027    30.674077    4.2           244.3         1
2016-10-19 11:41:11         413802701      114.452053    30.672443     114.453267    30.672883    4             248           1
2016-10-19 11:41:41         413802701      114.451413    30.67222      114.452053    30.672443    4             249.4         0
2016-10-19 11:42:09         413802701      114.450787    30.672007     114.451413    30.67222     4.1           248.4         1
2016-10-19 11:42:36         413802701      114.45016     30.671823     114.450787    30.672007    4             256.8         0
2016-10-19 11:43:34         413802701      114.44888     30.67155      114.45016     30.671823    4             253.4         0
2016-10-19 11:45:00         413802701      114.447093    30.671097     114.44888     30.67155     3.9           254.1         1
2016-10-19 11:45:28         413802701      114.446427    30.670967     114.447093    30.671097    3.9           256.1         0
2016-10-19 11:46:22         413802701      114.446427    30.670967     114.446427    30.670967    3.9           256.1         0
2016-10-19 11:48:09         413802701      114.44352     30.670657     114.446427    30.670967    3.2           267.5         1
2016-10-19 11:48:41         413802701      114.442933    30.670627     114.44352     30.670657    3.3           266.2         0
2016-10-19 11:49:10         413802701      114.44244     30.67061      114.442933    30.670627    3.4           266.9         1
2016-10-19 11:50:03         413802701      114.44128     30.670547     114.44244     30.67061     3.6           273.3         1
2016-10-19 11:50:33         413802701      114.440707    30.6707       114.44128     30.670547    3.7           294.3         0
2016-10-19 11:50:57         413802701      114.440173    30.67098      114.440707    30.6707      3.8           304.1         1
2016-10-19 11:52:14         413802701      114.439093    30.671327     114.440173    30.67098     3.6           286.8         1
2016-10-19 11:54:06         413802701      114.436813    30.671727     114.439093    30.671327    3.4           266.2         1
2016-10-19 11:54:30         413802701      114.436293    30.671703     114.436813    30.671727    3.5           266.7         0
2016-10-19 11:56:15         413802701      114.434587    30.671447     114.436293    30.671703    3.6           254.8         1
2016-10-19 11:56:39         413802701      114.43396     30.671297     114.434587    30.671447    3.7           253.9         0
2016-10-19 11:57:39         413802701      114.43288     30.670997     114.43396     30.671297    3.7           246.8         0
2016-10-19 11:58:08         413802701      114.432253    30.67082      114.43288     30.670997    3.7           250.5         1
2016-10-19 11:58:56         413802701      114.431093    30.670453     114.432253    30.67082     3.9           248.7         1
2016-10-19 11:59:58         413802701      114.429933    30.670067     114.431093    30.670453    3.9           246.6         1
2016-10-19 12:00:45         413802701      114.42932     30.669843     114.429933    30.670067    3.9           245.6         0
2016-10-19 12:01:16         413802701      114.428733    30.66962      114.42932     30.669843    3.9           244.3         1
2016-10-19 12:02:04         413802701      114.427613    30.66914      114.428733    30.66962     4             241.8         1
2016-10-19 12:02:54         413802701      114.426973    30.668837     114.427613    30.66914     4             242.5         0
2016-10-19 12:03:45         413802701      114.425867    30.66834      114.426973    30.668837    4.1           241.8         0
2016-10-19 12:04:09         413802701      114.425227    30.66807      114.425867    30.66834     4             243.7         1
2016-10-19 12:05:08         413802701      114.42404     30.66757      114.425227    30.66807     4.1           243.4         1
2016-10-19 12:05:32         413802701      114.423467    30.667313     114.42404     30.66757     4.1           243.6         0
2016-10-19 12:06:31         413802701      114.42224     30.66678      114.423467    30.667313    4.1           242.6         0
2016-10-19 12:08:23         413802701      114.420427    30.666037     114.42224     30.66678     4.1           240.9         1
2016-10-19 12:09:18         413802701      114.41928     30.665593     114.420427    30.666037    4             248.6         1
2016-10-19 12:10:14         413802701      114.418053    30.66511      114.41928     30.665593    4             244.3         1
2016-10-19 12:11:06         413802701      114.416787    30.664717     114.418053    30.66511     4.1           251           1
2016-10-19 12:11:29         413802701      114.416213    30.66455      114.416787    30.664717    4.1           251.4         0
2016-10-19 12:12:30         413802701      114.41496     30.664123     114.416213    30.66455     4.1           248.8         0
2016-10-19 12:13:01         413802701      114.414307    30.663907     114.41496     30.664123    4.1           251.2         1
2016-10-19 12:13:50         413802701      114.413667    30.663733     114.414307    30.663907    4.1           250.6         0
2016-10-19 12:14:36         413802701      114.412413    30.663283     114.413667    30.663733    4.1           246.9         0
2016-10-19 12:14:59         413802701      114.41184     30.66307      114.412413    30.663283    4             248           1
2016-10-19 12:15:56         413802701      114.411187    30.662847     114.41184     30.66307     4             249.5         0
2016-10-19 12:17:20         413802701      114.409373    30.66225      114.411187    30.662847    4             248.4         1
2016-10-19 12:18:19         413802701      114.408187    30.661867     114.409373    30.66225     4             249           1
2016-10-19 12:19:17         413802701      114.407       30.661403     114.408187    30.661867    4             243.5         1
2016-10-19 12:20:11         413802701      114.405773    30.66094      114.407       30.661403    4             247.9         1
2016-10-19 12:20:34         413802701      114.40524     30.660747     114.405773    30.66094     4             245.5         0
2016-10-19 12:21:05         413802701      114.4046      30.660507     114.40524     30.660747    4             245.4         1
2016-10-19 12:21:31         413802701      114.404053    30.660283     114.4046      30.660507    3.9           247.3         0
2016-10-19 12:22:26         413802701      114.403427    30.660063     114.404053    30.660283    3.9           248.4         1
2016-10-19 12:24:22         413802701      114.401107    30.659307     114.403427    30.660063    3.8           246.1         1
2016-10-19 12:25:23         413802701      114.40004     30.65891      114.401107    30.659307    3.7           246.5         1
2016-10-19 12:26:42         413802701      114.398373    30.658313     114.40004     30.65891     3.6           250.4         0
2016-10-19 12:27:08         413802701      114.397787    30.658163     114.398373    30.658313    3.6           253.9         1
2016-10-19 12:27:33         413802701      114.397213    30.65804      114.397787    30.658163    3.6           255.7         0
2016-10-19 12:28:04         413802701      114.39668     30.657943     114.397213    30.65804     3.7           257.7         1
2016-10-19 12:28:41         413802701      114.39604     30.657823     114.39668     30.657943    3.7           259.4         0
2016-10-19 12:29:30         413802701      114.39484     30.657657     114.39604     30.657823    3.7           259.8         0
2016-10-19 12:30:27         413802701      114.394293    30.657583     114.39484     30.657657    3.8           261.3         1
2016-10-19 12:31:20         413802701      114.393053    30.65734      114.394293    30.657583    3.8           256.6         1
2016-10-19 12:32:42         413802701      114.39128     30.65685      114.393053    30.65734     3.8           248.7         0
2016-10-19 12:33:06         413802701      114.390733    30.65666      114.39128     30.65685     3.9           248.2         1
2016-10-19 12:33:30         413802701      114.390147    30.656463     114.390733    30.65666     3.9           249.6         0
2016-10-19 12:34:02         413802701      114.389533    30.656237     114.390147    30.656463    3.9           246.2         1
2016-10-19 12:34:44         413802701      114.388987    30.65606      114.389533    30.656237    3.9           252.1         0
2016-10-19 12:35:08         413802701      114.388347    30.655943     114.388987    30.65606     3.9           262.7         1
2016-10-19 12:35:38         413802701      114.387707    30.655853     114.388347    30.655943    3.9           257.2         0
2016-10-19 12:36:04         413802701      114.38704     30.655677     114.387707    30.655853    3.9           249.5         1
2016-10-19 12:36:53         413802701      114.38648     30.6555       114.38704     30.655677    3.9           249.5         0
2016-10-19 12:37:55         413802701      114.385267    30.655073     114.38648     30.6555      4             242.4         0
2016-10-19 12:38:44         413802701      114.384133    30.65451      114.385267    30.655073    4             240.3         0
2016-10-19 12:39:12         413802701      114.383547    30.65423      114.384133    30.65451     4             242.5         1
2016-10-19 12:40:03         413802701      114.3824      30.653673     114.383547    30.65423     4.2           239.7         1
2016-10-19 12:41:19         413802701      114.3812      30.653097     114.3824      30.653673    4.2           241.9         1
2016-10-19 12:42:09         413802701      114.380027    30.65251      114.3812      30.653097    4.2           238.9         1
2016-10-19 12:42:42         413802701      114.379413    30.652183     114.380027    30.65251     4.2           236.9         1
2016-10-19 12:43:11         413802701      114.378867    30.65189      114.379413    30.652183    4.2           237.9         1
2016-10-19 12:43:36         413802701      114.378307    30.65158      114.378867    30.65189     4.2           237.3         0
2016-10-19 12:44:32         413802701      114.377667    30.651243     114.378307    30.65158     4.2           240.5         1
2016-10-19 12:45:19         413802701      114.37652     30.650713     114.377667    30.651243    4.2           238.8         1
2016-10-19 12:46:13         413802701      114.37536     30.65009      114.37652     30.650713    4.2           240.8         1
2016-10-19 12:46:36         413802701      114.374747    30.649807     114.37536     30.65009     4.1           242           1
2016-10-19 12:47:21         413802701      114.37412     30.649533     114.374747    30.649807    4.2           242.9         1
2016-10-19 12:48:17         413802701      114.372973    30.648993     114.37412     30.649533    4.1           241.9         1
2016-10-19 12:49:09         413802701      114.3718      30.648417     114.372973    30.648993    4.1           239           1
2016-10-19 12:49:43         413802701      114.371213    30.648107     114.3718      30.648417    4.1           237.8         0
2016-10-19 12:50:08         413802701      114.370693    30.64782      114.371213    30.648107    4.1           236.1         1
2016-10-19 12:50:32         413802701      114.37012     30.647463     114.370693    30.64782     4.1           232.8         0
2016-10-19 12:51:24         413802701      114.369547    30.6471       114.37012     30.647463    4.1           234.6         1
2016-10-19 12:52:13         413802701      114.368493    30.646423     114.369547    30.6471      4             234.2         1
2016-10-19 12:52:37         413802701      114.367973    30.6461       114.368493    30.646423    4             233.1         1
2016-10-19 12:53:11         413802701      114.367467    30.645763     114.367973    30.6461      3.9           233.1         1
2016-10-19 12:53:38         413802701      114.366987    30.645457     114.367467    30.645763    3.9           232.4         0
2016-10-19 12:54:01         413802701      114.366507    30.645137     114.366987    30.645457    3.9           233           1
2016-10-19 12:55:27         413802701      114.365493    30.644457     114.366507    30.645137    3.8           231.3         1
2016-10-19 12:56:14         413802701      114.36452     30.643807     114.365493    30.644457    3.7           235.3         1
2016-10-19 12:57:11         413802701      114.363507    30.643197     114.36452     30.643807    3.6           231.7         1
2016-10-19 12:57:36         413802701      114.36304     30.642887     114.363507    30.643197    3.6           232.2         1
2016-10-19 12:58:38         413802701      114.362133    30.642237     114.36304     30.642887    3.5           228.5         1
2016-10-19 12:59:07         413802701      114.361733    30.64193      114.362133    30.642237    3.5           230.2         1
2016-10-19 12:59:34         413802701      114.361307    30.641633     114.361733    30.64193     3.5           231.7         0
2016-10-19 13:00:33         413802701      114.360827    30.64129      114.361307    30.641633    3.3           229           1
2016-10-19 13:01:26         413802701      114.36004     30.640677     114.360827    30.64129     3.3           228.9         1
2016-10-19 13:02:23         413802701      114.359213    30.640023     114.36004     30.640677    3.4           226.9         1
2016-10-19 13:03:16         413802701      114.358813    30.63969      114.359213    30.640023    3.5           227.8         1
2016-10-19 13:03:43         413802701      114.357947    30.639053     114.358813    30.63969     3.6           233.5         1
2016-10-19 13:04:16         413802701      114.3574      30.638723     114.357947    30.639053    3.6           235.4         1
2016-10-19 13:04:45         413802701      114.356973    30.638463     114.3574      30.638723    3.7           234.2         1
2016-10-19 13:05:17         413802701      114.356493    30.63816      114.356973    30.638463    3.7           234.6         1
2016-10-19 13:05:44         413802701      114.356027    30.637867     114.356493    30.63816     3.7           232.6         0
2016-10-19 13:06:17         413802701      114.355533    30.637493     114.356027    30.637867    3.7           227.3         1
2016-10-19 13:06:43         413802701      114.355093    30.63715      114.355533    30.637493    3.7           227.1         1
2016-10-19 13:07:09         413802701      114.354667    30.636793     114.355093    30.63715     3.7           226.5         1
2016-10-19 13:07:35         413802701      114.35424     30.63644      114.354667    30.636793    3.7           222.9         1
2016-10-19 13:08:04         413802701      114.353827    30.63606      114.35424     30.63644     3.7           222.2         1
2016-10-19 13:08:53         413802701      114.3534      30.63566      114.353827    30.63606     3.7           224.5         1
2016-10-19 13:09:50         413802701      114.352547    30.63492      114.3534      30.63566     3.7           225           1
2016-10-19 13:10:17         413802701      114.352093    30.634527     114.352547    30.63492     3.6           225.8         1
2016-10-19 13:10:41         413802701      114.351693    30.634197     114.352093    30.634527    3.6           226.3         1
2016-10-19 13:11:09         413802701      114.351267    30.633837     114.351693    30.634197    3.6           226.6         1
2016-10-19 13:11:48         413802701      114.350853    30.633473     114.351267    30.633837    3.6           223.7         1
2016-10-19 13:12:16         413802701      114.35048     30.63315      114.350853    30.633473    3.6           224.4         1
2016-10-19 13:12:40         413802701      114.350053    30.632763     114.35048     30.63315     3.6           222.5         1
2016-10-19 13:13:04         413802701      114.349667    30.632393     114.350053    30.632763    3.5           225           1
2016-10-19 13:13:37         413802701      114.349267    30.63205      114.349667    30.632393    3.5           223.3         1
2016-10-19 13:14:05         413802701      114.34888     30.63168      114.349267    30.63205     3.5           222.1         1
2016-10-19 13:14:48         413802701      114.348467    30.631287     114.34888     30.63168     3.5           221.9         1
2016-10-19 13:15:22         413802701      114.348027    30.63087      114.348467    30.631287    3.5           221.6         1
2016-10-19 13:16:08         413802701      114.347293    30.630157     114.348027    30.63087     3.5           223           1
2016-10-19 13:16:35         413802701      114.346947    30.629857     114.347293    30.630157    3.4           226.1         1
2016-10-19 13:17:14         413802701      114.346533    30.629523     114.346947    30.629857    3.4           227.6         1
2016-10-19 13:17:42         413802701      114.346093    30.62915      114.346533    30.629523    3.4           226.6         1
2016-10-19 13:18:10         413802701      114.345707    30.628827     114.346093    30.62915     3.3           229           1
2016-10-19 13:19:08         413802701      114.344893    30.628217     114.345707    30.628827    3.2           229.9         1
2016-10-19 13:19:56         413802701      114.344533    30.627937     114.344893    30.628217    3.2           227.9         1
2016-10-19 13:20:54         413802701      114.343733    30.62733      114.344533    30.627937    3.2           231.3         1
2016-10-19 13:21:43         413802701      114.342907    30.626757     114.343733    30.62733     3.3           230.5         1
2016-10-19 13:22:07         413802701      114.34248     30.62647      114.342907    30.626757    3.3           230.7         1
2016-10-19 13:22:37         413802701      114.342067    30.626187     114.34248     30.62647     3.3           232.8         1
2016-10-19 13:23:24         413802701      114.341627    30.625903     114.342067    30.626187    3.3           232.6         1
2016-10-19 13:24:15         413802701      114.340747    30.62529      114.341627    30.625903    3.2           229.7         1
2016-10-19 13:24:41         413802701      114.340373    30.625007     114.340747    30.62529     3.2           229           1
2016-10-19 13:25:26         413802701      114.339947    30.62469      114.340373    30.625007    3.2           229.1         1
2016-10-19 13:26:28         413802701      114.3392      30.624093     114.339947    30.62469     3.2           232           1
2016-10-19 13:27:14         413802701      114.338293    30.623563     114.3392      30.624093    3.2           230.7         1
2016-10-19 13:28:11         413802701      114.337427    30.622943     114.338293    30.623563    3.3           231.1         1
2016-10-19 13:28:59         413802701      114.33704     30.622677     114.337427    30.622943    3.3           230.8         1
2016-10-19 13:29:57         413802701      114.336293    30.622057     114.33704     30.622677    3.4           222.7         1
2016-10-19 13:30:48         413802701      114.33556     30.621317     114.336293    30.622057    3.5           221.6         1
2016-10-19 13:31:48         413802701      114.334787    30.620573     114.33556     30.621317    3.5           221.8         1
2016-10-19 13:32:14         413802701      114.334427    30.620217     114.334787    30.620573    3.5           223.4         1
2016-10-19 13:32:42         413802701      114.334       30.619857     114.334427    30.620217    3.5           225.2         1
2016-10-19 13:33:13         413802701      114.3336      30.619477     114.334       30.619857    3.5           224           1
2016-10-19 13:33:37         413802701      114.333187    30.619123     114.3336      30.619477    3.6           225.5         1
2016-10-19 13:34:02         413802701      114.333187    30.619123     114.333187    30.619123    3.6           225.5         1
2016-10-19 13:35:04         413802701      114.332373    30.618407     114.333187    30.619123    3.6           226.6         1
2016-10-19 13:35:57         413802701      114.331507    30.617683     114.332373    30.618407    3.6           226           1
2016-10-19 13:36:59         413802701      114.330667    30.61697      114.331507    30.617683    3.7           224.4         1
2016-10-19 13:37:55         413802701      114.329787    30.616193     114.330667    30.61697     3.8           224.4         1
2016-10-19 13:38:26         413802701      114.329373    30.615813     114.329787    30.616193    3.8           224.3         1
2016-10-19 13:39:21         413802701      114.32856     30.61504      114.329373    30.615813    3.8           221.7         1
2016-10-19 13:39:42         413802701      114.32816     30.614643     114.32856     30.61504     3.9           221.9         1
2016-10-19 13:40:05         413802701      114.327733    30.61426      114.32816     30.614643    0.3           224.1         1
2016-10-19 13:41:05         413802701      114.327253    30.61382      114.327733    30.61426     4             222.8         1
2016-10-19 13:42:02         413802701      114.326427    30.61302      114.327253    30.61382     4             221.5         1
2016-10-19 13:42:40         413802701      114.32552     30.612193     114.326427    30.61302     4             222.9         1
2016-10-19 13:43:11         413802701      114.325053    30.61174      114.32552     30.612193    4.1           222.2         1
2016-10-19 13:43:38         413802701      114.324627    30.61133      114.325053    30.61174     4.1           221.6         1
2016-10-19 13:44:31         413802701      114.324213    30.610907     114.324627    30.61133     4.1           220.2         1
2016-10-19 13:45:19         413802701      114.323253    30.609967     114.324213    30.610907    4.1           220.7         1
2016-10-19 13:45:44         413802701      114.32284     30.609557     114.323253    30.609967    4.1           221           1
2016-10-19 13:46:19         413802701      114.322413    30.60913      114.32284     30.609557    4.1           219.1         1
2016-10-19 13:46:47         413802701      114.322       30.608703     114.322413    30.60913     4.2           221.7         1
2016-10-19 13:47:17         413802701      114.321573    30.608273     114.322       30.608703    4.1           219.8         1
2016-10-19 13:47:42         413802701      114.32116     30.607823     114.321573    30.608273    4.1           217.7         1
2016-10-19 13:48:14         413802701      114.32072     30.60733      114.32116     30.607823    4.2           218.5         1
2016-10-19 13:49:25         413802701      114.319853    30.606433     114.32072     30.60733     4.2           220.8         1
2016-10-19 13:50:24         413802701      114.31892     30.605543     114.319853    30.606433    4.2           223.1         1
2016-10-19 13:50:50         413802701      114.318427    30.6051       114.31892     30.605543    4.2           222.9         1
2016-10-19 13:51:14         413802701      114.317973    30.60466      114.318427    30.6051      4.1           219.3         1
2016-10-19 13:51:45         413802701      114.31756     30.60424      114.317973    30.60466     4.1           220.3         1
2016-10-19 13:52:13         413802701      114.31712     30.60376      114.31756     30.60424     4.1           218.6         1
2016-10-19 13:53:04         413802701      114.31668     30.6033       114.31712     30.60376     4.2           218.5         1
2016-10-19 13:54:05         413802701      114.31584     30.60239      114.31668     30.6033      4.2           218.6         1
2016-10-19 13:54:59         413802701      114.315       30.601507     114.31584     30.60239     4.1           219.1         1
2016-10-19 13:55:49         413802701      114.314187    30.600607     114.315       30.601507    4.1           217.4         1
2016-10-19 13:57:03         413802701      114.31336     30.59964      114.314187    30.600607    4.2           217.7         1
2016-10-19 13:57:50         413802701      114.312573    30.598697     114.31336     30.59964     4.1           213.6         1
2016-10-19 13:58:13         413802701      114.312227    30.598243     114.312573    30.598697    4             213.4         1
2016-10-19 13:58:44         413802701      114.311827    30.597753     114.312227    30.598243    3.9           215.3         1
2016-10-19 13:59:11         413802701      114.31148     30.597347     114.311827    30.597753    3.9           218.1         1
2016-10-19 13:59:59         413802701      114.311067    30.59689      114.31148     30.597347    3.9           218.6         1
2016-10-19 14:00:57         413802701      114.31028     30.596013     114.311067    30.59689     4.1           212.9         1
2016-10-19 14:01:19         413802701      114.309867    30.595503     114.31028     30.596013    4.2           216.3         1
2016-10-19 14:01:40         413802701      114.309467    30.59503      114.309867    30.595503    4.2           216.6         1
2016-10-19 14:02:08         413802701      114.30912     30.59459      114.309467    30.59503     4.2           211.9         1
2016-10-19 14:02:56         413802701      114.308733    30.594067     114.30912     30.59459     4.1           212.6         1
2016-10-19 14:03:50         413802701      114.308013    30.59307      114.308733    30.594067    4             211.7         1
2016-10-19 14:04:16         413802701      114.30768     30.592607     114.308013    30.59307     4             211.7         1
2016-10-19 14:04:37         413802701      114.30732     30.592113     114.30768     30.592607    4             211.9         1
2016-10-19 14:05:29         413802701      114.306987    30.591643     114.30732     30.592113    4             213.2         1
2016-10-19 14:06:16         413802701      114.306253    30.590723     114.306987    30.591643    4.1           211.3         1
2016-10-19 14:06:40         413802701      114.305907    30.59024      114.306253    30.590723    4.1           212.8         1
2016-10-19 14:07:16         413802701      114.305533    30.58974      114.305907    30.59024     4.1           213.4         1
2016-10-19 14:07:42         413802701      114.3052      30.589303     114.305533    30.58974     4.1           212.2         1
2016-10-19 14:08:27         413802701      114.304813    30.588783     114.3052      30.589303    4.1           210.6         1
2016-10-19 14:09:19         413802701      114.304173    30.587793     114.304813    30.588783    4.1           211.3         1
2016-10-19 14:09:40         413802701      114.303773    30.587263     114.304173    30.587793    4.1           213.5         1
2016-10-19 14:10:05         413802701      114.303773    30.587263     114.303773    30.587263    4.1           213.5         1
2016-10-19 14:11:00         413802701      114.303027    30.586297     114.303773    30.587263    4.2           212.6         1
2016-10-19 14:11:50         413802701      114.30224     30.58536      114.303027    30.586297    4.2           219.2         1
2016-10-19 14:12:19         413802701      114.301827    30.58492      114.30224     30.58536     4.2           219.9         1
2016-10-19 14:12:43         413802701      114.301413    30.584463     114.301827    30.58492     4.2           217.1         1
2016-10-19 14:13:31         413802701      114.300973    30.583953     114.301413    30.584463    4.3           216.9         1
2016-10-19 14:14:30         413802701      114.300107    30.582993     114.300973    30.583953    4.2           217.6         1
2016-10-19 14:15:16         413802701      114.299347    30.58201      114.300107    30.582993    4.1           214.7         1
2016-10-19 14:15:46         413802701      114.29896     30.58152      114.299347    30.58201     4.1           215.9         1
2016-10-19 14:16:15         413802701      114.298573    30.58108      114.29896     30.58152     4.1           216.7         1
2016-10-19 14:16:40         413802701      114.298187    30.580597     114.298573    30.58108     4.1           215.3         1
2016-10-19 14:17:36         413802701      114.297813    30.58015      114.298187    30.580597    4.1           214.5         1
2016-10-19 14:18:46         413802701      114.2968      30.578603     114.297813    30.58015     4.1           208.1         1
2016-10-19 14:19:47         413802701      114.29608     30.577677     114.2968      30.578603    4             212.3         1
2016-10-19 14:20:15         413802701      114.295747    30.577167     114.29608     30.577677    4             212           1
2016-10-19 14:20:40         413802701      114.295413    30.576687     114.295747    30.577167    4.1           210.3         1
2016-10-19 14:21:07         413802701      114.295413    30.576687     114.295413    30.576687    4.1           210.3         1
2016-10-19 14:21:53         413802701      114.294773    30.575713     114.295413    30.576687    4.1           210.4         1
2016-10-19 14:22:19         413802701      114.294387    30.57516      114.294773    30.575713    4.2           211.5         1
2016-10-19 14:22:51         413802701      114.29404     30.574667     114.294387    30.57516     4.2           211.6         1
2016-10-19 14:23:19         413802701      114.29368     30.574173     114.29404     30.574667    4.3           210.9         1
2016-10-19 14:23:43         413802701      114.293293    30.573637     114.29368     30.574173    4.3           212           1
2016-10-19 14:24:39         413802701      114.292587    30.57259      114.293293    30.573637    4.4           208.5         1
2016-10-19 14:25:28         413802701      114.29224     30.572013     114.292587    30.57259     4.4           206.3         1
2016-10-19 14:26:18         413802701      114.291613    30.570903     114.29224     30.572013    4.6           205.3         1
2016-10-19 14:26:41         413802701      114.291267    30.570307     114.291613    30.570903    4.5           207.5         1
2016-10-19 14:27:03         413802701      114.291267    30.570307     114.291267    30.570307    4.5           207.5         1
2016-10-19 14:27:55         413802701      114.2906      30.56919      114.291267    30.570307    4.5           205.7         1
2016-10-19 14:28:23         413802701      114.290293    30.56862      114.2906      30.56919     4.4           205.2         1
2016-10-19 14:29:38         413802701      114.2896      30.5675       114.290293    30.56862     4.4           210.3         1
2016-10-19 14:30:27         413802701      114.288867    30.56643      114.2896      30.5675      4.5           211           1
2016-10-19 14:30:52         413802701      114.288507    30.565907     114.288867    30.56643     4.5           210.3         1
2016-10-19 14:31:26         413802701      114.288147    30.565387     114.288507    30.565907    4.5           212           1
2016-10-19 14:31:50         413802701      114.287773    30.564853     114.288147    30.565387    4.5           209           1
2016-10-19 14:32:15         413802701      114.2874      30.564263     114.287773    30.564853    4.5           209.2         1
2016-10-19 14:33:06         413802701      114.28708     30.563747     114.2874      30.564263    4.5           207.2         1
2016-10-19 14:33:54         413802701      114.28636     30.56259      114.28708     30.563747    4.5           208.8         1
2016-10-19 14:34:16         413802701      114.286053    30.56207      114.28636     30.56259     4.5           205.5         1
2016-10-19 14:34:47         413802701      114.285747    30.561477     114.286053    30.56207     4.5           204           1
2016-10-19 14:36:54         413802701      114.2846      30.559147     114.285747    30.561477    4.5           203.3         1
2016-10-19 14:37:17         413802701      114.284253    30.558507     114.2846      30.559147    4.5           205           1
2016-10-19 14:38:10         413802701      114.28396     30.557927     114.284253    30.558507    4.5           206.3         1
2016-10-19 14:39:22         413802701      114.282973    30.55622      114.28396     30.557927    4.5           205.9         1
2016-10-19 14:40:21         413802701      114.282293    30.555033     114.282973    30.55622     4.6           205           1
2016-10-19 14:41:40         413802701      114.28176     30.55386      114.282293    30.555033    4.5           202.8         1
2016-10-19 14:42:30         413802701      114.281147    30.552707     114.28176     30.55386     4.4           204.8         1
2016-10-19 14:43:33         413802701      114.280573    30.551597     114.281147    30.552707    4.3           204.5         1
2016-10-19 14:44:49         413802701      114.279773    30.54994      114.280573    30.551597    4.2           204.2         1
2016-10-19 14:45:24         413802701      114.27948     30.549393     114.279773    30.54994     4.2           204.9         1
2016-10-19 14:45:47         413802701      114.279213    30.54887      114.27948     30.549393    4.2           203.9         1
2016-10-19 14:46:11         413802701      114.278933    30.548353     114.279213    30.54887     4.2           203.9         1
2016-10-19 14:47:33         413802701      114.278413    30.547257     114.278933    30.548353    4.2           203.7         1
2016-10-19 14:48:57         413802701      114.277587    30.54564      114.278413    30.547257    4.2           202.9         1
2016-10-19 14:49:24         413802701      114.27732     30.545127     114.277587    30.54564     4.2           204.9         1
2016-10-19 14:51:02         413802701      114.276413    30.543527     114.27732     30.545127    4.1           206.5         1
2016-10-19 14:51:44         413802701      114.275867    30.542513     114.276413    30.543527    4             202.5         1
2016-10-19 14:55:06         413802701      114.274187    30.539703     114.275867    30.542513    3.4           213.6         1
2016-10-19 14:55:53         413802701      114.27352     30.53883      114.274187    30.539703    3.5           210.2         1
2016-10-19 14:57:08         413802701      114.272933    30.537977     114.27352     30.53883     3.5           212.9         1
2016-10-19 15:00:05         413802701      114.271107    30.535517     114.272933    30.537977    3.6           215           1
2016-10-19 15:01:30         413802701      114.270053    30.534393     114.271107    30.535517    3             204.8         1
2016-10-19 15:03:07         413802701      114.269453    30.53323      114.270053    30.534393    2.9           208.4         1
2016-10-19 15:04:02         413802701      114.26904     30.532533     114.269453    30.53323     2.8           210.3         1
2016-10-19 15:04:54         413802701      114.268507    30.531873     114.26904     30.532533    2.8           218.8         1
2016-10-19 15:05:21         413802701      114.268213    30.53155      114.268507    30.531873    2.9           214.6         1
2016-10-19 15:05:53         413802701      114.267907    30.53119      114.268213    30.53155     3.1           216.9         1
2016-10-19 15:07:06         413802701      114.26732     30.530503     114.267907    30.53119     2.9           213.1         1
2016-10-19 15:08:54         413802701      114.266227    30.52912      114.26732     30.530503    3.2           213.2         1
2016-10-19 15:09:26         413802701      114.265907    30.52876      114.266227    30.52912     3.2           216.9         1
2016-10-19 15:11:53         413802701      114.26428     30.526897     114.265907    30.52876     3.3           219.1         1
2016-10-19 15:14:54         413802701      114.262373    30.5246       114.26428     30.526897    3.4           217.4         1
2016-10-19 15:15:20         413802701      114.262027    30.524217     114.262373    30.5246      3.4           218.2         1
2016-10-19 15:16:19         413802701      114.26136     30.523463     114.262027    30.524217    3.4           218.2         1
2016-10-19 15:17:33         413802701      114.260653    30.52268      114.26136     30.523463    3.3           218.5         0
2016-10-19 15:21:47         413802701      114.257587    30.519493     114.260653    30.52268     3.3           223.6         1
2016-10-19 15:22:09         413802701      114.257587    30.519493     114.257587    30.519493    3.3           223.6         1
2016-10-19 15:23:51         413802701      114.256387    30.518043     114.257587    30.519493    3.2           199.7         1
2016-10-19 15:27:09         413802701      114.256387    30.518043     114.256387    30.518043    3.2           199.7         1
2016-10-19 15:28:05         413802701      114.256387    30.518043     114.256387    30.518043    3.2           199.7         1
2016-10-19 15:28:28         413802701      114.25412     30.514583     114.256387    30.518043    3.3           213.1         0
2016-10-19 15:31:21         413802701      114.25244     30.512207     114.25412     30.514583    3.4           208.2         1
2016-10-19 15:31:46         413802701      114.25212     30.51176      114.25244     30.512207    3.4           210.7         1
2016-10-19 15:33:26         413802701      114.25212     30.51176      114.25212     30.51176     3.4           210.7         1
2016-10-19 15:35:19         413802701      114.250027    30.508817     114.25212     30.51176     3.7           214.9         1
2016-10-19 15:36:12         413802701      114.24968     30.50831      114.250027    30.508817    3.6           209.6         1
2016-10-19 15:36:56         413802701      114.24904     30.50746      114.24968     30.50831     3.7           216           1
2016-10-19 15:38:26         413802701      114.247933    30.506257     114.24904     30.50746     3.8           218.1         1
2016-10-19 15:39:10         413802701      114.247933    30.506257     114.247933    30.506257    3.8           218.1         1
2016-10-19 15:40:19         413802701      114.246453    30.504513     114.247933    30.506257    3.8           217.1         1
2016-10-19 15:41:20         413802701      114.245707    30.50366      114.246453    30.504513    3.8           215.1         1
2016-10-19 15:44:07         413802701      114.243853    30.501473     114.245707    30.50366     3.7           215.4         1
2016-10-19 15:46:07         413802701      114.243853    30.501473     114.243853    30.501473    3.7           215.4         1
2016-10-19 15:47:23         413802701      114.24148     30.498423     114.243853    30.501473    3.6           214.8         0
2016-10-19 15:51:16         413802701      114.24148     30.498423     114.24148     30.498423    3.6           214.8         0
2016-10-19 15:57:04         413802701      114.236293    30.49078      114.24148     30.498423    3.1           209.9         1
2016-10-19 15:58:10         413802701      114.236293    30.49078      114.236293    30.49078     3.1           209.9         1
2016-10-19 16:01:05         413802701      114.233973    30.487987     114.236293    30.49078     3             215.3         1
2016-10-19 16:01:26         413802701      114.233693    30.487673     114.233973    30.487987    3             221.2         0
2016-10-19 16:01:56         413802701      114.233333    30.48738      114.233693    30.487673    3             225.6         1
2016-10-19 16:02:19         413802701      114.232987    30.487047     114.233333    30.48738     3             221.6         0
2016-10-19 16:03:04         413802701      114.232667    30.48676      114.232987    30.487047    3.1           226.5         1
2016-10-19 16:03:57         413802701      114.23188     30.486183     114.232667    30.48676     2.9           222.4         1
2016-10-19 16:05:38         413802701      114.231053    30.485213     114.23188     30.486183    2.9           213.1         0
2016-10-19 16:20:09         413802701      114.222187    30.47562      114.223013    30.47656     2.9           219.3         1
2016-10-19 16:20:30         413802701      114.221813    30.47531      114.222187    30.47562     2.8           229.1         0
2016-10-19 16:22:06         413802701      114.221813    30.47531      114.221813    30.47531     2.8           229.1         0
2016-10-19 16:34:05         413802701      114.214227    30.46892      114.214227    30.46892     3.4           230.3         0
2016-10-19 16:47:29         413802701      114.204293    30.459147     114.20572     30.460993    2.1           218.4         0
2016-10-19 16:50:20         413802701      114.202893    30.45746      114.204293    30.459147    2.6           222.2         0
2016-10-19 16:51:15         413802701      114.202893    30.45746      114.202893    30.45746     2.6           222.2         0
2016-10-19 16:52:23         413802701      114.202893    30.45746      114.202893    30.45746     2.6           222.2         0
