2016-10-17 15:34:11         413831205      114.540742    30.666897     114.541788    30.663897    3.6           344.7         344
2016-10-17 15:35:21         413831205      114.540413    30.667892     114.540742    30.666897    3.8           341.3         341
2016-10-17 15:52:46         413831205      114.525837    30.681405     114.528188    30.679925    4.2           304           304
2016-10-17 15:56:55         413831205      114.519642    30.683402     114.525837    30.681405    5.8           282.1         282
2016-10-17 15:59:02         413831205      114.51572     30.684127     114.519642    30.683402    6.3           281.6         281
2016-10-17 15:59:40         413831205      114.514707    30.684293     114.51572     30.684127    6.4           281.6         281
2016-10-17 16:01:15         413831205      114.511827    30.684688     114.514707    30.684293    5.5           278.7         278
2016-10-17 16:01:52         413831205      114.51078     30.684833     114.511827    30.684688    4.4           278.8         278
2016-10-17 16:03:24         413831205      114.508992    30.685077     114.51078     30.684833    3.6           278.9         278
2016-10-17 16:04:32         413831205      114.507732    30.685245     114.508992    30.685077    4             279.3         279
2016-10-17 16:06:16         413831205      114.505073    30.685745     114.507732    30.685245    4.2           284.1         284
2016-10-17 16:06:47         413831205      114.504498    30.685865     114.505073    30.685745    3.7           285.3         285
2016-10-17 16:08:23         413831205      114.50299     30.686117     114.504498    30.685865    3.1           286.4         286
2016-10-17 16:08:54         413831205      114.502482    30.686343     114.50299     30.686117    3.4           298.3         298
2016-10-17 16:09:19         413831205      114.50197     30.686612     114.502482    30.686343    3.8           301.4         301
2016-10-17 16:09:50         413831205      114.501453    30.686927     114.50197     30.686612    4.1           306.2         306
2016-10-17 16:10:31         413831205      114.500898    30.687308     114.501453    30.686927    4.4           308.6         308
2016-10-17 16:12:04         413831205      114.498782    30.688075     114.500898    30.687308    4.2           278.9         278
2016-10-17 16:12:40         413831205      114.498072    30.688107     114.498782    30.688075    4.5           271.8         271
2016-10-17 16:13:45         413831205      114.496557    30.68804      114.498072    30.688107    4.7           267           267
2016-10-17 16:14:55         413831205      114.49433     30.687852     114.496557    30.68804     4.5           262.3         262
2016-10-17 16:16:25         413831205      114.492342    30.687557     114.49433     30.687852    3.9           258.1         258
2016-10-17 16:17:30         413831205      114.491138    30.687328     114.492342    30.687557    3.7           258.7         258
2016-10-17 16:18:31         413831205      114.490015    30.687055     114.491138    30.687328    3.7           253.2         253
2016-10-17 16:19:10         413831205      114.489448    30.68691      114.490015    30.687055    3.6           253.7         253
2016-10-17 16:20:48         413831205      114.48779     30.686473     114.489448    30.68691     3.7           251.8         251
2016-10-17 16:21:29         413831205      114.486607    30.686098     114.48779     30.686473    3.8           248.9         248
2016-10-17 16:22:00         413831205      114.485823    30.685835     114.486607    30.686098    3.8           248.6         248
2016-10-17 16:22:59         413831205      114.485243    30.685648     114.485823    30.685835    3.8           249.5         249
2016-10-17 16:23:31         413831205      114.484093    30.685267     114.485243    30.685648    3.9           248.5         248
2016-10-17 16:24:01         413831205      114.483508    30.685057     114.484093    30.685267    4             247.6         247
2016-10-17 16:25:04         413831205      114.482332    30.684598     114.483508    30.685057    3.9           245.4         245
2016-10-17 16:26:15         413831205      114.481207    30.684178     114.482332    30.684598    3.9           247.1         247
2016-10-17 16:26:48         413831205      114.480622    30.683985     114.481207    30.684178    3.9           249.3         249
2016-10-17 16:27:19         413831205      114.480053    30.683795     114.480622    30.683985    3.9           248.9         248
2016-10-17 16:27:53         413831205      114.47943     30.683588     114.480053    30.683795    3.9           248.4         248
2016-10-17 16:28:55         413831205      114.478252    30.68319      114.47943     30.683588    4             248.6         248
2016-10-17 16:30:06         413831205      114.477098    30.682802     114.478252    30.68319     3.9           248.2         248
2016-10-17 16:32:14         413831205      114.477098    30.682802     114.477098    30.682802    3.9           248.2         248
2016-10-17 16:32:48         413831205      114.473372    30.681468     114.477098    30.682802    3.8           249.8         249
2016-10-17 16:33:18         413831205      114.472803    30.681283     114.473372    30.681468    3.9           249.2         249
2016-10-17 16:33:49         413831205      114.472177    30.681073     114.472803    30.681283    3.9           248.8         248
2016-10-17 16:36:09         413831205      114.469843    30.680302     114.472177    30.681073    3.8           249.5         249
2016-10-17 16:37:48         413831205      114.467537    30.679575     114.469843    30.680302    3.8           249.9         249
2016-10-17 16:38:18         413831205      114.466978    30.679357     114.467537    30.679575    3.8           243.8         243
2016-10-17 16:47:27         413831205      114.455148    30.67684      114.459565    30.675772    5.2           300.6         300
2016-10-17 16:48:30         413831205      114.45373     30.677597     114.455148    30.67684     5.1           297.5         297
2016-10-17 16:48:59         413831205      114.453015    30.677805     114.45373     30.677597    4.8           287.5         287
2016-10-17 16:50:34         413831205      114.450752    30.67772      114.453015    30.677805    4.8           260.7         260
2016-10-17 16:51:01         413831205      114.45003     30.677472     114.450752    30.67772     4.7           245.5         245
2016-10-17 16:51:30         413831205      114.44929     30.67712      114.45003     30.677472    5.2           241           241
2016-10-17 16:52:00         413831205      114.448513    30.676745     114.44929     30.67712     5.8           240.7         240
2016-10-17 16:52:53         413831205      114.447417    30.676288     114.448513    30.676745    6             245.4         245
2016-10-17 16:54:47         413831205      114.443852    30.674805     114.447417    30.676288    5.9           240           240
2016-10-17 16:55:50         413831205      114.44221     30.674005     114.443852    30.674805    5.7           240.8         240
2016-10-17 16:56:20         413831205      114.441382    30.673578     114.44221     30.674005    5.8           238.5         238
2016-10-17 16:57:24         413831205      114.43972     30.672885     114.441382    30.673578    5.6           247.1         247
2016-10-17 16:57:52         413831205      114.438948    30.672668     114.43972     30.672885    5.4           253.4         253
2016-10-17 16:59:49         413831205      114.43554     30.672188     114.438948    30.672668    5.2           265.5         265
2016-10-17 17:00:14         413831205      114.434753    30.67209      114.43554     30.672188    5.1           262.4         262
2016-10-17 17:00:41         413831205      114.433952    30.671938     114.434753    30.67209     4.9           254.6         254
2016-10-17 17:01:16         413831205      114.433225    30.671717     114.433952    30.671938    5             250.9         250
2016-10-17 17:02:37         413831205      114.433225    30.671717     114.433225    30.671717    5             250.9         250
2016-10-17 17:04:01         413831205      114.429287    30.670143     114.433225    30.671717    5             243.6         243
2016-10-17 17:04:26         413831205      114.428593    30.669837     114.429287    30.670143    5             242.5         242
2016-10-17 17:05:01         413831205      114.427867    30.669498     114.428593    30.669837    5             241.2         241
2016-10-17 17:05:33         413831205      114.427172    30.669163     114.427867    30.669498    4.9           240.7         240
2016-10-17 17:05:58         413831205      114.426488    30.668813     114.427172    30.669163    4.9           238.9         238
2016-10-17 17:06:54         413831205      114.42515     30.66812      114.426488    30.668813    4.8           238.6         238
2016-10-17 17:07:49         413831205      114.423872    30.66743      114.42515     30.66812     4.6           238.5         238
2016-10-17 17:09:49         413831205      114.42139     30.666258     114.423872    30.66743     4.3           244.2         244
2016-10-17 17:10:49         413831205      114.42076     30.665983     114.42139     30.666258    4.2           243.3         243
2016-10-17 17:11:48         413831205      114.41895     30.665223     114.42076     30.665983    4.1           244.9         244
2016-10-17 17:12:43         413831205      114.418355    30.664998     114.41895     30.665223    4.2           246.3         246
2016-10-17 17:13:39         413831205      114.41689     30.664495     114.418355    30.664998    4.1           248.8         248
2016-10-17 17:15:08         413831205      114.41504     30.663917     114.41689     30.664495    4             252.4         252
2016-10-17 17:15:34         413831205      114.414455    30.663745     114.41504     30.663917    4             250.1         250
2016-10-17 17:17:20         413831205      114.412585    30.66313      114.414455    30.663745    4.2           247.9         247
2016-10-17 17:18:51         413831205      114.41071     30.662412     114.412585    30.66313     4.2           245.7         245
2016-10-17 17:20:37         413831205      114.40828     30.661515     114.41071     30.662412    4             248.3         248
2016-10-17 17:22:03         413831205      114.406562    30.660912     114.40828     30.661515    3.8           248.1         248
2016-10-17 17:22:32         413831205      114.405972    30.66072      114.406562    30.660912    3.8           249.5         249
2016-10-17 17:22:56         413831205      114.405972    30.66072      114.405972    30.66072     3.8           249.5         249
2016-10-17 17:23:21         413831205      114.405173    30.660443     114.405972    30.66072     3.9           247.9         247
2016-10-17 17:23:56         413831205      114.40456     30.660228     114.405173    30.660443    4             247.6         247
2016-10-17 17:24:24         413831205      114.403987    30.660023     114.40456     30.660228    4             247.3         247
2016-10-17 17:25:15         413831205      114.402782    30.659622     114.403987    30.660023    3.9           250.5         250
2016-10-17 17:25:51         413831205      114.402212    30.659433     114.402782    30.659622    3.9           249           249
2016-10-17 17:26:18         413831205      114.401625    30.659238     114.402212    30.659433    3.9           248.8         248
2016-10-17 17:26:41         413831205      114.401008    30.65904      114.401625    30.659238    4             249.9         249
2016-10-17 17:27:34         413831205      114.400442    30.658857     114.401008    30.65904     3.9           249.3         249
2016-10-17 17:28:25         413831205      114.399227    30.658518     114.400442    30.658857    3.9           255.2         255
2016-10-17 17:28:51         413831205      114.398622    30.658403     114.399227    30.658518    4             257.5         257
2016-10-17 17:29:22         413831205      114.39797     30.658265     114.398622    30.658403    4             256.5         256
2016-10-17 17:29:51         413831205      114.397368    30.658153     114.39797     30.658265    4             258           258
2016-10-17 17:30:14         413831205      114.396748    30.657993     114.397368    30.658153    4             253.3         253
2016-10-17 17:31:11         413831205      114.395448    30.657622     114.396748    30.657993    4.4           251.1         251
2016-10-17 17:31:42         413831205      114.39476     30.657422     114.395448    30.657622    4.5           251.1         251
2016-10-17 17:33:06         413831205      114.39332     30.657012     114.39476     30.657422    4.6           252.1         252
2016-10-17 17:33:31         413831205      114.39237     30.656767     114.39332     30.657012    4.6           253.3         253
2016-10-17 17:35:11         413831205      114.390203    30.656155     114.39237     30.656767    4.7           251.3         251
2016-10-17 17:35:54         413831205      114.388752    30.65576      114.390203    30.656155    4.6           251.9         251
2016-10-17 17:36:21         413831205      114.388057    30.655555     114.388752    30.65576     4.7           251.4         251
2016-10-17 17:37:25         413831205      114.386643    30.65511      114.388057    30.655555    4.6           249.4         249
2016-10-17 17:38:24         413831205      114.385277    30.654628     114.386643    30.65511     4.5           247           247
2016-10-17 17:39:14         413831205      114.384628    30.654388     114.385277    30.654628    4.5           246.8         246
2016-10-17 17:40:06         413831205      114.383262    30.65385      114.384628    30.654388    4.6           245           245
2016-10-17 17:41:22         413831205      114.381213    30.653063     114.383262    30.65385     4.8           250.7         250
2016-10-17 17:42:12         413831205      114.380447    30.652825     114.381213    30.653063    4.7           250.7         250
2016-10-17 17:43:00         413831205      114.378992    30.652417     114.380447    30.652825    4.9           252.1         252
2016-10-17 17:43:43         413831205      114.377972    30.65209      114.378992    30.652417    5             247.5         247
2016-10-17 17:44:35         413831205      114.376483    30.65149      114.377972    30.65209     5.1           244.5         244
2016-10-17 17:45:23         413831205      114.375748    30.651175     114.376483    30.65149     5.1           243.9         243
2016-10-17 17:46:15         413831205      114.374313    30.650507     114.375748    30.651175    4.9           239.8         239
2016-10-17 17:46:38         413831205      114.37366     30.650168     114.374313    30.650507    4.9           238.8         238
2016-10-17 17:47:04         413831205      114.37301     30.649807     114.37366     30.650168    4.8           236.3         236
2016-10-17 17:49:06         413831205      114.370445    30.648272     114.37301     30.649807    4.8           234.3         234
2016-10-17 17:50:48         413831205      114.368592    30.647133     114.370445    30.648272    4.7           233.9         233
2016-10-17 17:51:16         413831205      114.368018    30.646765     114.368592    30.647133    4.6           233.1         233
2016-10-17 17:51:42         413831205      114.367407    30.646367     114.368018    30.646765    4.6           232.6         232
2016-10-17 17:52:02         413831205      114.366845    30.645982     114.367407    30.646367    4.6           231.6         231
2016-10-17 17:52:56         413831205      114.36626     30.645593     114.366845    30.645982    4.6           232.4         232
2016-10-17 17:53:47         413831205      114.364967    30.644702     114.36626     30.645593    4.5           231.9         231
2016-10-17 17:54:38         413831205      114.364355    30.644273     114.364967    30.644702    4.4           230.1         230
2016-10-17 17:55:24         413831205      114.363303    30.643483     114.364355    30.644273    4.3           229.4         229
2016-10-17 17:56:54         413831205      114.361723    30.64232      114.363303    30.643483    4.4           231.1         231
2016-10-17 17:57:45         413831205      114.360598    30.641547     114.361723    30.64232     4.5           230.3         230
2016-10-17 17:58:34         413831205      114.36001     30.641132     114.360598    30.641547    4.6           230.9         230
2016-10-17 17:58:55         413831205      114.359463    30.64072      114.36001     30.641132    4.7           228.7         228
2016-10-17 17:59:52         413831205      114.358323    30.63984      114.359463    30.64072     4.7           227.4         227
2016-10-17 18:00:59         413831205      114.357163    30.63892      114.358323    30.63984     4.8           226.2         226
2016-10-17 18:02:15         413831205      114.355538    30.637525     114.357163    30.63892     4.9           224.3         224
2016-10-17 18:03:27         413831205      114.354428    30.636545     114.355538    30.637525    4.9           224           224
2016-10-17 18:03:49         413831205      114.354428    30.636545     114.354428    30.636545    4.9           224           224
2016-10-17 18:05:04         413831205      114.352723    30.634932     114.354428    30.636545    4.5           220.9         220
2016-10-17 18:05:27         413831205      114.352277    30.63447      114.352723    30.634932    4.5           219.6         219
2016-10-17 18:05:54         413831205      114.351822    30.634012     114.352277    30.63447     4.3           220.7         220
2016-10-17 18:06:57         413831205      114.350907    30.633142     114.351822    30.634012    4.1           223.6         223
2016-10-17 18:08:18         413831205      114.349995    30.632332     114.350907    30.633142    4.1           224.7         224
2016-10-17 18:09:11         413831205      114.34903     30.631512     114.349995    30.632332    4.1           226.2         226
2016-10-17 18:09:34         413831205      114.348542    30.631093     114.34903     30.631512    4.1           226.4         226
2016-10-17 18:09:55         413831205      114.348082    30.630722     114.348542    30.631093    4             226.2         226
2016-10-17 18:11:05         413831205      114.347118    30.629978     114.348082    30.630722    4             228.3         228
2016-10-17 18:11:27         413831205      114.346623    30.629607     114.347118    30.629978    3.9           229.5         229
2016-10-17 18:12:45         413831205      114.345623    30.628893     114.346623    30.629607    3.9           230.4         230
2016-10-17 18:13:05         413831205      114.345148    30.628555     114.345623    30.628893    3.9           230.4         230
2016-10-17 18:13:28         413831205      114.344678    30.628215     114.345148    30.628555    3.9           229.8         229
2016-10-17 18:13:59         413831205      114.344678    30.628215     114.344678    30.628215    3.9           229.8         229
2016-10-17 18:14:50         413831205      114.343522    30.627345     114.344678    30.628215    4             228.9         228
2016-10-17 18:15:11         413831205      114.343048    30.626972     114.343522    30.627345    4             227.3         227
2016-10-17 18:15:39         413831205      114.342548    30.62657      114.343048    30.626972    4.1           227.2         227
2016-10-17 18:16:44         413831205      114.341588    30.625847     114.342548    30.62657     4             229.1         229
2016-10-17 18:17:12         413831205      114.341075    30.625473     114.341588    30.625847    4.1           229.8         229
2016-10-17 18:17:37         413831205      114.3406      30.625113     114.341075    30.625473    4.1           228.2         228
2016-10-17 18:18:19         413831205      114.340113    30.624748     114.3406      30.625113    4             228.8         228
2016-10-17 18:18:49         413831205      114.339597    30.624377     114.340113    30.624748    4.1           230.6         230
2016-10-17 18:19:13         413831205      114.339092    30.62405      114.339597    30.624377    4             233.1         233
2016-10-17 18:20:00         413831205      114.33859     30.62374      114.339092    30.62405     3.9           234.8         234
2016-10-17 18:20:53         413831205      114.337533    30.6231       114.33859     30.62374     4             234.6         234
2016-10-17 18:21:13         413831205      114.337003    30.622785     114.337533    30.6231      4             235.4         235
2016-10-17 18:21:58         413831205      114.336448    30.62246      114.337003    30.622785    4             235.2         235
2016-10-17 18:22:18         413831205      114.335915    30.622142     114.336448    30.62246     4             235.5         235
2016-10-17 18:22:39         413831205      114.335377    30.621828     114.335915    30.622142    4             235.9         235
2016-10-17 18:23:31         413831205      114.334833    30.6215       114.335377    30.621828    4.1           235.2         235
2016-10-17 18:24:15         413831205      114.333645    30.620723     114.334833    30.6215      4.1           230.9         230
2016-10-17 18:25:03         413831205      114.33307     30.62031      114.333645    30.620723    4.1           229.5         229
2016-10-17 18:25:27         413831205      114.332605    30.619928     114.33307     30.62031     4.1           226.1         226
2016-10-17 18:25:46         413831205      114.332118    30.619523     114.332605    30.619928    4.2           225.8         225
2016-10-17 18:26:32         413831205      114.331637    30.619117     114.332118    30.619523    4.2           225.4         225
2016-10-17 18:26:54         413831205      114.331165    30.6187       114.331637    30.619117    4.2           224.6         224
2016-10-17 18:27:37         413831205      114.330698    30.618278     114.331165    30.6187      4.2           223.6         223
2016-10-17 18:28:26         413831205      114.329765    30.617432     114.330698    30.618278    4.2           224.3         224
2016-10-17 18:28:50         413831205      114.329275    30.617025     114.329765    30.617432    4.2           226           226
2016-10-17 18:29:47         413831205      114.328772    30.616628     114.329275    30.617025    4.2           226.7         226
2016-10-17 18:30:33         413831205      114.327797    30.615792     114.328772    30.616628    4.3           224.2         224
2016-10-17 18:30:54         413831205      114.327335    30.615387     114.327797    30.615792    4.2           224.6         224
2016-10-17 18:31:20         413831205      114.32687     30.614952     114.327335    30.615387    4.3           222.4         222
2016-10-17 18:32:05         413831205      114.326418    30.6145       114.32687     30.614952    4.3           220           220
2016-10-17 18:32:27         413831205      114.326017    30.614012     114.326418    30.6145      4.3           215.3         215
2016-10-17 18:33:36         413831205      114.325208    30.612952     114.326017    30.614012    4.5           212.1         212
2016-10-17 18:33:59         413831205      114.324832    30.61242      114.325208    30.612952    4.5           211.2         211
2016-10-17 18:34:27         413831205      114.324383    30.61176      114.324832    30.61242     4.5           210.7         210
2016-10-17 18:35:08         413831205      114.323975    30.611152     114.324383    30.61176     4.5           210.2         210
2016-10-17 18:35:32         413831205      114.323617    30.610638     114.323975    30.611152    4.5           211           211
2016-10-17 18:36:00         413831205      114.323215    30.610083     114.323617    30.610638    4.4           211.5         211
2016-10-17 18:36:50         413831205      114.322827    30.60957      114.323215    30.610083    4.4           213.5         213
2016-10-17 18:37:16         413831205      114.32244     30.609075     114.322827    30.60957     4.5           214.2         214
2016-10-17 18:37:41         413831205      114.322025    30.608573     114.32244     30.609075    4.4           215.8         215
2016-10-17 18:38:07         413831205      114.321587    30.60807      114.322025    30.608573    4.6           217.2         217
2016-10-17 18:38:49         413831205      114.321112    30.607558     114.321587    30.60807     4.8           218.9         218
2016-10-17 18:39:18         413831205      114.320618    30.607033     114.321112    30.607558    4.9           219.7         219
2016-10-17 18:39:42         413831205      114.32007     30.60648      114.320618    30.607033    5.1           220.9         220
2016-10-17 18:40:04         413831205      114.319525    30.605955     114.32007     30.60648     5.3           221.8         221
2016-10-17 18:41:41         413831205      114.317713    30.604287     114.319525    30.605955    5.7           222.9         222
2016-10-17 18:42:06         413831205      114.317077    30.603683     114.317713    30.604287    5.7           222           222
2016-10-17 18:42:35         413831205      114.316492    30.603107     114.317077    30.603683    5.7           221.5         221
2016-10-17 18:43:49         413831205      114.315268    30.601912     114.316492    30.603107    6             222.9         222
2016-10-17 18:44:39         413831205      114.313588    30.600537     114.315268    30.601912    6.2           227.5         227
2016-10-17 18:45:19         413831205      114.312793    30.59991      114.313588    30.600537    6.3           227.4         227
2016-10-17 18:45:45         413831205      114.312035    30.599267     114.312793    30.59991     6.4           225.3         225
2016-10-17 18:46:48         413831205      114.31068     30.59792      114.312035    30.599267    6.6           219           219
2016-10-17 18:47:31         413831205      114.310035    30.59714      114.31068     30.59792     6.7           214.4         214
2016-10-17 18:47:51         413831205      114.309483    30.596367     114.310035    30.59714     6.8           211.1         211
2016-10-17 18:48:11         413831205      114.308833    30.595488     114.309483    30.596367    7.4           212.9         212
2016-10-17 18:48:56         413831205      114.308078    30.594582     114.308833    30.595488    7.8           216.2         216
2016-10-17 18:49:17         413831205      114.30733     30.593758     114.308078    30.594582    8.1           218.5         218
2016-10-17 18:50:49         413831205      114.304777    30.59102      114.30733     30.593758    8.2           216.6         216
2016-10-17 18:51:31         413831205      114.30409     30.590167     114.304777    30.59102     7             214.6         214
2016-10-17 18:51:53         413831205      114.303537    30.589437     114.30409     30.590167    6.2           213.3         213
2016-10-17 18:52:16         413831205      114.303028    30.588742     114.303537    30.589437    5.9           212           212
2016-10-17 18:53:06         413831205      114.302582    30.588087     114.303028    30.588742    5.9           210.2         210
2016-10-17 18:54:13         413831205      114.301227    30.585953     114.302582    30.588087    5.7           209           209
2016-10-17 18:55:04         413831205      114.300627    30.585037     114.301227    30.585953    5.7           209.2         209
2016-10-17 18:56:14         413831205      114.299757    30.583677     114.300627    30.585037    5.4           208           208
2016-10-17 18:56:38         413831205      114.299352    30.58304      114.299757    30.583677    5.2           208.3         208
2016-10-17 18:56:58         413831205      114.298965    30.582443     114.299352    30.58304     4.9           209.1         209
2016-10-17 18:58:08         413831205      114.298242    30.58134      114.298965    30.582443    4.4           209.6         209
2016-10-17 18:59:36         413831205      114.297193    30.579803     114.298242    30.58134     4.2           211.9         211
2016-10-17 19:01:30         413831205      114.295783    30.577685     114.297193    30.579803    4.4           209.2         209
2016-10-17 19:02:16         413831205      114.295428    30.577147     114.295783    30.577685    4.4           210           210
2016-10-17 19:02:40         413831205      114.295035    30.576608     114.295428    30.577147    4.4           212           212
2016-10-17 19:03:23         413831205      114.294277    30.575585     114.295035    30.576608    4.3           212.6         212
2016-10-17 19:04:13         413831205      114.293932    30.575123     114.294277    30.575585    4.2           212.2         212
2016-10-17 19:04:57         413831205      114.293932    30.575123     114.293932    30.575123    4.2           212.2         212
2016-10-17 19:05:43         413831205      114.292793    30.57346      114.293932    30.575123    4             209.4         209
2016-10-17 19:06:55         413831205      114.292152    30.572507     114.292793    30.57346     4             211           211
2016-10-17 19:07:17         413831205      114.291868    30.572032     114.292152    30.572507    4             206.4         206
2016-10-17 19:08:45         413831205      114.290972    30.570305     114.291868    30.572032    5.6           203.4         203
2016-10-17 19:09:53         413831205      114.290073    30.568522     114.290972    30.570305    7.4           204.3         204
2016-10-17 19:10:37         413831205      114.288975    30.5666       114.290073    30.568522    8             206.7         206
2016-10-17 19:13:10         413831205      114.286       30.56169      114.288975    30.5666      7.3           207.9         207
2016-10-17 19:14:13         413831205      114.285015    30.559997     114.286       30.56169     6.5           205.8         205
2016-10-17 19:15:53         413831205      114.283657    30.557468     114.285015    30.559997    5.6           204.1         204
2016-10-17 19:16:59         413831205      114.282927    30.556112     114.283657    30.557468    5.4           205.2         205
2016-10-17 19:19:54         413831205      114.280958    30.552565     114.282927    30.556112    4.2           203           203
