2016-10-19 0:00:15          413778467      114.36622     30.638382     114.366212    30.638373    0             146.4         146
2016-10-19 0:03:21          413778467      114.366208    30.638455     114.36622     30.638382    0             163.2         163
2016-10-19 0:06:32          413778467      114.36619     30.638475     114.366208    30.638455    0             130.4         130
2016-10-19 0:09:40          413778467      114.366207    30.63844      114.36619     30.638475    0             127.5         127
2016-10-19 0:12:46          413778467      114.366197    30.638442     114.366207    30.63844     0             136.3         136
2016-10-19 0:16:51          413778467      114.366203    30.638422     114.366197    30.638442    0             146.6         146
2016-10-19 0:19:44          413778467      114.366225    30.638363     114.366203    30.638422    0.1           145.2         145
2016-10-19 0:46:17          413778467      114.366238    30.638362     114.366238    30.638362    0             143           143
2016-10-19 0:49:19          413778467      114.366225    30.638383     114.366238    30.638362    0             77            77
2016-10-19 0:52:14          413778467      114.366205    30.638398     114.366225    30.638383    0             66.5          66
2016-10-19 1:07:38          413778467      114.366225    30.638388     114.366222    30.638393    0             82.2          82
2016-10-19 1:10:38          413778467      114.3662      30.638397     114.366225    30.638388    0             303.2         303
2016-10-19 1:14:34          413778467      114.366208    30.638387     114.3662      30.638397    0             14.9          14
2016-10-19 1:17:44          413778467      114.366203    30.638382     114.366208    30.638387    0             66.4          66
2016-10-19 1:20:46          413778467      114.366208    30.638388     114.366203    30.638382    0             40.7          40
2016-10-19 1:23:46          413778467      114.366207    30.638375     114.366208    30.638388    0             96.8          96
2016-10-19 1:26:57          413778467      114.366192    30.63837      114.366207    30.638375    0             326           326
2016-10-19 1:45:16          413778467      114.366205    30.638395     114.366202    30.638405    0             105.7         105
2016-10-19 1:48:23          413778467      114.366207    30.638388     114.366205    30.638395    0             75.7          75
2016-10-19 2:02:29          413778467      114.366207    30.638395     114.366208    30.63838     0             34.8          34
2016-10-19 2:05:34          413778467      114.366173    30.638415     114.366207    30.638395    0             35.5          35
2016-10-19 2:14:50          413778467      114.366197    30.638382     114.366193    30.638407    0             62.1          62
2016-10-19 2:24:07          413778467      114.366182    30.638393     114.366173    30.638392    0             226.8         226
2016-10-19 2:40:11          413778467      114.366188    30.638383     114.366192    30.638378    0             125.7         125
2016-10-19 3:00:13          413778467      114.366178    30.638395     114.36618     30.638395    0             127.7         127
2016-10-19 3:02:46          413778467      114.366185    30.638393     114.366178    30.638395    0             139.6         139
2016-10-19 3:05:37          413778467      114.366182    30.638377     114.366185    30.638393    0             268.5         268
2016-10-19 3:07:58          413778467      114.366178    30.638378     114.366182    30.638377    0             160.8         160
2016-10-19 3:10:31          413778467      114.36617     30.638382     114.366178    30.638378    0             121.4         121
2016-10-19 3:18:25          413778467      114.366185    30.638383     114.366187    30.638385    0             213.3         213
2016-10-19 3:21:09          413778467      114.366185    30.638383     114.366185    30.638383    0             213           213
2016-10-19 3:23:42          413778467      114.366193    30.63837      114.366185    30.638383    0             169.6         169
2016-10-19 3:26:14          413778467      114.366207    30.638365     114.366193    30.63837     0             164.7         164
2016-10-19 3:28:45          413778467      114.366212    30.63837      114.366207    30.638365    0             256.9         256
2016-10-19 3:46:08          413778467      114.366143    30.638423     114.366162    30.638413    0             161.1         161
2016-10-19 3:58:28          413778467      114.366192    30.638365     114.366182    30.638387    0             157.6         157
2016-10-19 4:44:06          413778467      114.366205    30.638397     114.366223    30.638387    0             132.2         132
2016-10-19 4:59:33          413778467      114.366202    30.638398     114.366205    30.63841     0             106.8         106
2016-10-19 5:02:39          413778467      114.366223    30.638393     114.366202    30.638398    0             30.4          30
2016-10-19 5:05:32          413778467      114.366217    30.638403     114.366223    30.638393    0             23            23
2016-10-19 5:08:41          413778467      114.366222    30.638407     114.366217    30.638403    0             58.4          58
2016-10-19 5:11:48          413778467      114.366205    30.638405     114.366222    30.638407    0             332.7         332
2016-10-19 5:13:54          413778467      114.366202    30.638413     114.366205    30.638405    0             63.1          63
2016-10-19 5:17:09          413778467      114.366213    30.638415     114.366202    30.638413    0             106.6         106
2016-10-19 5:26:09          413778467      114.366203    30.638408     114.366205    30.638408    0             81.7          81
2016-10-19 5:29:10          413778467      114.366202    30.63841      114.366203    30.638408    0             74.6          74
2016-10-19 5:32:15          413778467      114.366222    30.638418     114.366202    30.63841     0             96.2          96
2016-10-19 6:13:05          413778467      114.366195    30.638415     114.366192    30.638405    0             140           140
2016-10-19 6:22:17          413778467      114.366187    30.6384       114.366185    30.63841     0             172.7         172
2016-10-19 6:25:04          413778467      114.36619     30.638402     114.366187    30.6384      0             155.3         155
2016-10-19 7:54:53          413778467      114.365463    30.638608     114.366097    30.63841     0.5           338.5         338
2016-10-19 7:57:41          413778467      114.365772    30.639202     114.365463    30.638608    1.1           35.1          35
2016-10-19 8:50:54          413778467      114.368122    30.639908     114.368133    30.639898    0.1           124           124
2016-10-19 8:53:51          413778467      114.368132    30.6399       114.368122    30.639908    0.1           121.8         121
2016-10-19 9:03:01          413778467      114.36814     30.639898     114.368133    30.63989     0.1           119.2         119
2016-10-19 9:24:33          413778467      114.368143    30.63989      114.36816     30.639888    0.1           130.2         130
2016-10-19 9:27:48          413778467      114.36814     30.639875     114.368143    30.63989     0.1           122.3         122
2016-10-19 9:50:10          413778467      114.368148    30.639913     114.368165    30.639905    0             103.6         103
2016-10-19 9:53:24          413778467      114.368143    30.639915     114.368148    30.639913    0             102.1         102
2016-10-19 12:12:08         413778467      114.368125    30.6399       114.368107    30.639905    0             168.5         16
2016-10-19 12:21:11         413778467      114.36812     30.639918     114.368113    30.639918    0             167.1         167
2016-10-19 12:25:27         413778467      114.368118    30.639927     114.36812     30.639918    0             137.6         137
2016-10-19 12:41:25         413778467      114.368105    30.63995      114.368098    30.639935    0             144.2         144
2016-10-19 14:08:58         413778467      114.366215    30.638195     114.366165    30.638257    0             351           351
2016-10-19 14:11:54         413778467      114.366203    30.638182     114.366215    30.638195    0             51.8          51
2016-10-19 14:14:56         413778467      114.366223    30.638205     114.366203    30.638182    0             67.3          67
2016-10-19 14:18:04         413778467      114.366228    30.638207     114.366223    30.638205    0             77.6          77
2016-10-19 14:21:10         413778467      114.366233    30.638223     114.366228    30.638207    0             61.7          61
2016-10-19 14:24:10         413778467      114.36623     30.63822      114.366233    30.638223    0             60.3          60
2016-10-19 14:28:00         413778467      114.366222    30.638193     114.36623     30.63822     0             73.1          73
2016-10-19 14:31:30         413778467      114.366207    30.638167     114.366222    30.638193    0             77.5          77
2016-10-19 14:34:21         413778467      114.36621     30.638163     114.366207    30.638167    0             81            81
2016-10-19 14:56:42         413778467      114.366218    30.63818      114.366217    30.63817     0             102.4         102
2016-10-19 14:59:44         413778467      114.366212    30.638172     114.366218    30.63818     0             112.9         112
2016-10-19 15:24:48         413778467      114.366245    30.638273     114.366212    30.63818     0.2           144.2         144
2016-10-19 15:40:23         413778467      114.366248    30.638257     114.36626     30.638243    0.1           143.2         143
2016-10-19 16:10:46         413778467      114.366255    30.638258     114.366243    30.638267    0             140.7         140
2016-10-19 16:30:59         413778467      114.365295    30.639235     114.365677    30.638083    3.8           9.1           9
2016-10-19 16:31:40         413778467      114.365825    30.640402     114.365295    30.639235    4.9           29.8          29
2016-10-19 16:32:32         413778467      114.366472    30.641227     114.365825    30.640402    5.4           39.6          39
2016-10-19 16:32:52         413778467      114.367117    30.641812     114.366472    30.641227    5.7           47.6          47
2016-10-19 16:33:43         413778467      114.367838    30.642347     114.367117    30.641812    5.9           51.2          51
2016-10-19 16:34:30         413778467      114.369473    30.643393     114.367838    30.642347    6.2           56.2          56
2016-10-19 16:34:48         413778467      114.370237    30.643812     114.369473    30.643393    6.2           57.9          57
2016-10-19 16:35:35         413778467      114.371447    30.644458     114.370237    30.643812    6.3           58.1          58
2016-10-19 16:36:17         413778467      114.372322    30.644923     114.371447    30.644458    6.3           60.1          60
2016-10-19 16:37:08         413778467      114.374108    30.645832     114.372322    30.644923    6.5           58.3          58
2016-10-19 16:37:52         413778467      114.374993    30.646323     114.374108    30.645832    6.5           57            57
2016-10-19 16:38:22         413778467      114.376198    30.647008     114.374993    30.646323    6.5           56.8          56
2016-10-19 16:39:58         413778467      114.379158    30.648595     114.376198    30.647008    6.6           60.2          60
2016-10-19 16:40:18         413778467      114.38003     30.64902      114.379158    30.648595    6.6           61.3          61
2016-10-19 16:43:11         413778467      114.384767    30.651207     114.38003     30.64902     6.6           62            62
2016-10-19 16:43:34         413778467      114.386127    30.651818     114.384767    30.651207    6.6           64.1          64
2016-10-19 16:44:21         413778467      114.38709     30.652213     114.386127    30.651818    6.6           65.5          65
2016-10-19 16:45:35         413778467      114.389958    30.65338      114.38709     30.652213    6.6           64.3          64
2016-10-19 16:46:25         413778467      114.391337    30.653952     114.389958    30.65338     6.6           65.4          65
2016-10-19 16:46:47         413778467      114.392267    30.654313     114.391337    30.653952    6.5           66.3          66
2016-10-19 16:47:33         413778467      114.393323    30.654708     114.392267    30.654313    6.4           67.3          67
2016-10-19 16:48:28         413778467      114.395168    30.655353     114.393323    30.654708    6.3           69            69
2016-10-19 16:48:51         413778467      114.396123    30.655665     114.395168    30.655353    6.3           70.4          70
2016-10-19 16:49:40         413778467      114.397463    30.656072     114.396123    30.655665    6.3           70.9          70
2016-10-19 16:50:04         413778467      114.398193    30.656298     114.397463    30.656072    6.3           69.8          69
2016-10-19 16:50:49         413778467      114.399887    30.656862     114.398193    30.656298    6.2           68.9          68
2016-10-19 16:52:26         413778467      114.402582    30.657718     114.399887    30.656862    6.2           71.1          71
2016-10-19 16:53:21         413778467      114.404583    30.658325     114.402582    30.657718    6.2           70.4          70
2016-10-19 16:54:58         413778467      114.40726     30.65922      114.404583    30.658325    6.1           68.5          68
2016-10-19 16:56:53         413778467      114.41109     30.660477     114.40726     30.65922     5.4           72.8          72
2016-10-19 16:57:44         413778467      114.411873    30.660695     114.41109     30.660477    5.2           72.3          72
2016-10-19 16:59:10         413778467      114.41419     30.661412     114.411873    30.660695    4.8           70.6          70
2016-10-19 17:00:12         413778467      114.415848    30.662002     114.41419     30.661412    4.5           59.9          59
2016-10-19 17:01:25         413778467      114.416943    30.662775     114.415848    30.662002    4             42            42
2016-10-19 17:02:53         413778467      114.417912    30.664297     114.416943    30.662775    3             11.1          11
2016-10-19 20:20:00         413778467      114.415082    30.665738     114.415083    30.665702    0.1           42.7          42
2016-10-19 21:27:24         413778467      114.41508     30.665753     114.41509     30.665732    0.1           127.3         127
