2016-10-23 18:45:03         413816438      114.292417    30.56582      114.290053    30.56227     4.9           30.6          30
2016-10-23 18:46:38         413816438      114.293618    30.567592     114.292417    30.56582     4.9           30.6          30
2016-10-23 18:47:12         413816438      114.294047    30.568198     114.293618    30.567592    4.9           31.9          32
2016-10-23 18:48:50         413816438      114.29534     30.569988     114.294047    30.568198    4.9           31.8          32
2016-10-23 18:49:41         413816438      114.296165    30.571168     114.29534     30.569988    4.9           30.5          30
2016-10-23 18:50:04         413816438      114.29657     30.571758     114.296165    30.571168    4.9           31.6          31
2016-10-23 18:52:53         413816438      114.298633    30.574768     114.29657     30.571758    4.9           32            31
2016-10-23 18:53:11         413816438      114.299062    30.57536      114.298633    30.574768    4.9           31.4          31
2016-10-23 18:54:29         413816438      114.300163    30.576907     114.299062    30.57536     5             31.5          31
2016-10-23 18:55:17         413816438      114.300757    30.57774      114.300163    30.576907    5             32.1          32
2016-10-23 18:55:48         413816438      114.301192    30.57833      114.300757    30.57774     5             33.3          33
2016-10-23 18:57:51         413816438      114.30295     30.580725     114.301192    30.57833     5.1           31.4          31
2016-10-23 18:59:10         413816438      114.304253    30.58256      114.30295     30.580725    5.1           30.7          31
2016-10-23 18:59:40         413816438      114.304667    30.583167     114.304253    30.58256     5.1           30.7          30
2016-10-23 19:01:18         413816438      114.306005    30.585042     114.304667    30.583167    5.1           31.8          31
2016-10-23 19:01:48         413816438      114.30641     30.585615     114.306005    30.585042    5.1           30.6          30
2016-10-23 19:02:30         413816438      114.306858    30.586265     114.30641     30.585615    5             31.3          31
2016-10-23 19:03:13         413816438      114.307717    30.587507     114.306858    30.586265    5.1           31.1          31
2016-10-23 19:03:40         413816438      114.308127    30.588102     114.307717    30.587507    5.1           31            31
2016-10-23 19:04:10         413816438      114.308548    30.588713     114.308127    30.588102    5.1           30.8          30
2016-10-23 19:04:47         413816438      114.308977    30.58932      114.308548    30.588713    5.1           31.1          31
2016-10-23 19:05:17         413816438      114.30941     30.589932     114.308977    30.58932     5.1           31.1          31
2016-10-23 19:05:53         413816438      114.309832    30.590548     114.30941     30.589932    5.1           30.7          30
2016-10-23 19:06:11         413816438      114.31027     30.591163     114.309832    30.590548    5.1           32            31
2016-10-23 19:06:28         413816438      114.31054     30.591545     114.31027     30.591163    5.1           31.1          31
2016-10-23 19:07:27         413816438      114.311127    30.592402     114.31054     30.591545    5.1           31            30
2016-10-23 19:08:10         413816438      114.311992    30.593678     114.311127    30.592402    5.1           30.2          30
2016-10-23 19:09:19         413816438      114.31284     30.5949       114.311992    30.593678    5.1           30.9          30
2016-10-23 19:09:49         413816438      114.31325     30.595498     114.31284     30.5949      5             31.2          31
2016-10-23 19:10:29         413816438      114.313688    30.596113     114.31325     30.595498    5.1           30.6          30
2016-10-23 19:10:46         413816438      114.314125    30.596748     114.313688    30.596113    5.1           31.5          31
2016-10-23 19:11:18         413816438      114.314523    30.597323     114.314125    30.596748    5.1           30.6          30
2016-10-23 19:12:00         413816438      114.314942    30.597932     114.314523    30.597323    5.1           30.4          30
2016-10-23 19:12:34         413816438      114.315637    30.59896      114.314942    30.597932    5             31.1          30
2016-10-23 19:13:15         413816438      114.316202    30.599762     114.315637    30.59896     5             32.5          32
2016-10-23 19:13:46         413816438      114.31666     30.600385     114.316202    30.599762    5             32.8          32
2016-10-23 19:14:18         413816438      114.317142    30.601013     114.31666     30.600385    5             34.4          34
2016-10-23 19:14:46         413816438      114.317595    30.601578     114.317142    30.601013    5             34.3          34
2016-10-23 19:15:24         413816438      114.318065    30.60218      114.317595    30.601578    5.1           33.5          33
2016-10-23 19:15:56         413816438      114.318503    30.602758     114.318065    30.60218     5.1           33.5          33
2016-10-23 19:16:22         413816438      114.318995    30.603368     114.318503    30.602758    5             36.3          36
2016-10-23 19:16:55         413816438      114.319483    30.603927     114.318995    30.603368    5             37.8          37
2016-10-23 19:17:38         413816438      114.319983    30.604482     114.319483    30.603927    5             38            38
2016-10-23 19:18:28         413816438      114.320995    30.605588     114.319983    30.604482    5             38.8          38
2016-10-23 19:18:56         413816438      114.321525    30.606145     114.320995    30.605588    5             38.7          38
2016-10-23 19:19:28         413816438      114.322028    30.606687     114.321525    30.606145    5             39.5          39
2016-10-23 19:20:10         413816438      114.322537    30.607197     114.322028    30.606687    5             40.6          40
2016-10-23 19:20:56         413816438      114.323605    30.608258     114.322537    30.607197    5             42            42
2016-10-23 19:21:17         413816438      114.324167    30.608805     114.323605    30.608258    5             43.2          42
2016-10-23 19:21:49         413816438      114.324717    30.609298     114.324167    30.608805    5             42.3          42
2016-10-23 19:22:27         413816438      114.325283    30.609832     114.324717    30.609298    5             42.1          42
2016-10-23 19:22:59         413816438      114.325805    30.610343     114.325283    30.609832    5             42.9          42
2016-10-23 19:23:13         413816438      114.32637     30.610872     114.325805    30.610343    5             43.2          43
2016-10-23 19:23:51         413816438      114.326933    30.611368     114.32637     30.610872    5             43.2          43
2016-10-23 19:24:50         413816438      114.328042    30.612365     114.326933    30.611368    5             44.2          44
2016-10-23 19:25:20         413816438      114.328655    30.612918     114.328042    30.612365    5.1           44.2          44
2016-10-23 19:25:53         413816438      114.32922     30.613437     114.328655    30.612918    5.1           43.5          43
2016-10-23 19:27:07         413816438      114.330398    30.614448     114.32922     30.613437    5.1           46.6          46
2016-10-23 19:28:23         413816438      114.332322    30.61598      114.330398    30.614448    5.2           47.3          47
2016-10-23 19:28:53         413816438      114.332928    30.616477     114.332322    30.61598     5.1           46.6          46
2016-10-23 19:29:31         413816438      114.333542    30.616968     114.332928    30.616477    5.1           47.5          47
2016-10-23 19:30:45         413816438      114.335248    30.618298     114.333542    30.616968    5.2           48.1          48
2016-10-23 19:31:30         413816438      114.336063    30.618923     114.335248    30.618298    5.2           48.8          48
2016-10-23 19:31:53         413816438      114.33673     30.619438     114.336063    30.618923    5.2           48.5          48
2016-10-23 19:32:27         413816438      114.337337    30.619902     114.33673     30.619438    5.2           48.1          48
2016-10-23 19:33:59         413816438      114.339342    30.621437     114.337337    30.619902    5.3           48.5          48
2016-10-23 19:34:40         413816438      114.33998     30.621932     114.339342    30.621437    5.3           48.5          48
2016-10-23 19:35:33         413816438      114.341295    30.622945     114.33998     30.621932    5.4           48.3          48
2016-10-23 19:36:09         413816438      114.34194     30.623435     114.341295    30.622945    5.4           50.4          50
2016-10-23 19:36:53         413816438      114.343087    30.624287     114.34194     30.623435    5.4           48.1          48
2016-10-23 19:37:46         413816438      114.343952    30.624967     114.343087    30.624287    5.4           47.5          47
2016-10-23 19:38:06         413816438      114.344558    30.625427     114.343952    30.624967    5.4           47.7          47
2016-10-23 19:38:40         413816438      114.345262    30.626027     114.344558    30.625427    5.5           48.3          48
2016-10-23 19:39:18         413816438      114.345952    30.6265       114.345262    30.626027    5.5           48.9          48
2016-10-23 19:39:35         413816438      114.346613    30.627003     114.345952    30.6265      5.5           48.3          48
2016-10-23 19:40:04         413816438      114.347257    30.627495     114.346613    30.627003    5.5           48.7          48
2016-10-23 19:40:47         413816438      114.347972    30.628008     114.347257    30.627495    5.5           50.4          50
2016-10-23 19:41:04         413816438      114.348632    30.628487     114.347972    30.628008    5.5           49.4          49
2016-10-23 19:41:47         413816438      114.34933     30.629008     114.348632    30.628487    5.5           50.4          50
2016-10-23 19:43:07         413816438      114.351425    30.63051      114.34933     30.629008    5.6           50            50
2016-10-23 19:43:39         413816438      114.35213     30.631012     114.351425    30.63051     5.6           50.5          50
2016-10-23 19:44:19         413816438      114.352843    30.631507     114.35213     30.631012    5.6           51.7          51
2016-10-23 19:44:37         413816438      114.353558    30.631993     114.352843    30.631507    5.6           51            51
2016-10-23 19:45:05         413816438      114.354295    30.63251      114.353558    30.631993    5.6           50.9          51
2016-10-23 19:46:04         413816438      114.355748    30.633505     114.354295    30.63251     5.7           51.8          51
2016-10-23 19:47:13         413816438      114.357237    30.634533     114.355748    30.633505    5.7           50.4          50
2016-10-23 19:47:47         413816438      114.357832    30.634953     114.357237    30.634533    5.7           50.2          50
2016-10-23 19:48:58         413816438      114.359938    30.636442     114.357832    30.634953    5.7           50.7          50
2016-10-23 19:49:43         413816438      114.360848    30.637083     114.359938    30.636442    5.7           50.7          50
2016-10-23 19:50:08         413816438      114.361592    30.637602     114.360848    30.637083    5.7           51.1          51
2016-10-23 19:51:51         413816438      114.363782    30.639093     114.361592    30.637602    5.7           52            52
2016-10-23 19:53:05         413816438      114.36599     30.640598     114.363782    30.639093    5.8           50.2          50
2016-10-23 19:53:46         413816438      114.36669     30.64109      114.36599     30.640598    5.8           51.1          51
2016-10-23 19:54:12         413816438      114.367422    30.64159      114.36669     30.64109     5.7           51.5          51
2016-10-23 19:54:50         413816438      114.368127    30.642077     114.367422    30.64159     5.8           51.6          51
2016-10-23 19:57:52         413816438      114.372843    30.64511      114.368127    30.642077    5.8           55.5          55
2016-10-23 19:58:22         413816438      114.373623    30.645542     114.372843    30.64511     5.8           57.6          57
2016-10-23 19:59:46         413816438      114.375963    30.646833     114.373623    30.645542    5.7           57.7          57
2016-10-23 20:00:54         413816438      114.377575    30.647655     114.375963    30.646833    5.6           58.8          58
2016-10-23 20:01:53         413816438      114.379202    30.648522     114.377575    30.647655    5.6           59.8          59
2016-10-23 20:02:58         413816438      114.380813    30.64932      114.379202    30.648522    5.6           61.4          61
2016-10-23 20:04:18         413816438      114.383267    30.650475     114.380813    30.64932     5.6           63            63
2016-10-23 20:04:47         413816438      114.384108    30.650835     114.383267    30.650475    5.6           62.5          62
2016-10-23 20:09:10         413816438      114.390782    30.653828     114.384108    30.650835    5.7           64.2          64
2016-10-23 20:10:11         413816438      114.392405    30.65452      114.390782    30.653828    5.7           63.5          63
2016-10-23 20:10:27         413816438      114.393363    30.65489      114.392405    30.65452     5.7           66.7          66
2016-10-23 20:12:08         413816438      114.395887    30.655813     114.393363    30.65489     5.7           68.4          68
2016-10-23 20:14:00         413816438      114.39935     30.657022     114.395887    30.655813    5.7           69.2          69
2016-10-23 20:15:01         413816438      114.401163    30.657645     114.39935     30.657022    5.7           69.8          69
2016-10-23 20:15:39         413816438      114.402065    30.6579       114.401163    30.657645    5.7           70            70
2016-10-23 20:16:42         413816438      114.40385     30.658442     114.402065    30.6579      5.8           68.8          68
2016-10-23 20:35:47         413816438      114.436137    30.669092     114.432872    30.667918    5.4           67.4          67
