2016-10-23 13:30:50         413832381      114.215515    30.466367     114.2129      30.46427     6             46            46
2016-10-23 13:31:16         413832381      114.215812    30.466623     114.215515    30.466367    6             45.2          45
2016-10-23 13:31:40         413832381      114.216533    30.467258     114.215812    30.466623    6             44.6          44
2016-10-23 13:48:41         413832381      114.235853    30.488427     114.235338    30.487813    5.6           35.6          35
2016-10-23 13:56:31         413832381      114.243555    30.498617     114.241472    30.49571     5.5           32.7          32
2016-10-23 13:59:48         413832381      114.246502    30.502782     114.243555    30.498617    5.7           31            31
2016-10-23 14:07:29         413832381      114.253723    30.513342     114.25318     30.51261     6.3           32.4          32
2016-10-23 14:08:28         413832381      114.255395    30.5156       114.253723    30.513342    6.3           32.8          32
2016-10-23 14:08:59         413832381      114.25567     30.515963     114.255395    30.5156      6.3           33.1          33
2016-10-23 14:09:24         413832381      114.256247    30.516738     114.25567     30.515963    6.2           32.4          32
2016-10-23 14:12:18         413832381      114.25944     30.520785     114.256247    30.516738    6.2           35.2          35
2016-10-23 14:13:08         413832381      114.260378    30.521845     114.25944     30.520785    6.3           38.3          38
2016-10-23 14:13:31         413832381      114.261003    30.522537     114.260378    30.521845    6.3           37.7          37
2016-10-23 14:16:12         413832381      114.264437    30.526245     114.261003    30.522537    6.4           39.1          39
2016-10-23 14:18:23         413832381      114.267212    30.529202     114.264437    30.526245    6.5           38.5          38
2016-10-23 14:20:40         413832381      114.269733    30.531915     114.267212    30.529202    6.6           37.1          37
2016-10-23 14:21:07         413832381      114.270683    30.533052     114.269733    30.531915    6.6           35.6          35
2016-10-23 14:21:53         413832381      114.271627    30.5342       114.270683    30.533052    6.6           35.1          35
2016-10-23 14:22:51         413832381      114.27266     30.535583     114.271627    30.5342      6.6           32.1          32
2016-10-23 14:25:29         413832381      114.275772    30.539647     114.27266     30.535583    6.6           33.4          33
2016-10-23 14:26:16         413832381      114.276957    30.541245     114.275772    30.539647    6.6           32.4          32
2016-10-23 14:26:37         413832381      114.277223    30.541605     114.276957    30.541245    6.6           32.5          32
2016-10-23 14:27:32         413832381      114.27774     30.542327     114.277223    30.541605    6.5           31.7          31
2016-10-23 14:28:16         413832381      114.278872    30.54392      114.27774     30.542327    6.5           30.5          30
2016-10-23 14:29:35         413832381      114.280288    30.546235     114.278872    30.54392     6.4           25.8          25
2016-10-23 14:30:58         413832381      114.281438    30.548295     114.280288    30.546235    6.3           25.7          25
2016-10-23 14:31:20         413832381      114.281873    30.54909      114.281438    30.548295    6.3           25.2          25
2016-10-23 14:31:40         413832381      114.282072    30.54946      114.281873    30.54909     6.3           24.9          24
2016-10-23 14:32:48         413832381      114.283288    30.551532     114.282072    30.54946     6.3           28.7          28
2016-10-23 14:33:03         413832381      114.283515    30.551883     114.283288    30.551532    6.2           29.1          29
2016-10-23 14:33:43         413832381      114.283762    30.552292     114.283515    30.551883    6.2           27.7          27
2016-10-23 14:34:26         413832381      114.284405    30.553493     114.283762    30.552292    6             23.4          23
2016-10-23 14:35:28         413832381      114.285255    30.555165     114.284405    30.553493    5.8           25.4          25
2016-10-23 14:35:50         413832381      114.285655    30.555882     114.285255    30.555165    5.7           25.4          25
2016-10-23 14:36:31         413832381      114.286295    30.556953     114.285655    30.555882    5.6           28.1          28
2016-10-23 14:37:12         413832381      114.286757    30.55765      114.286295    30.556953    5.6           30            30
2016-10-23 14:38:16         413832381      114.287913    30.559257     114.286757    30.55765     5.5           32.2          32
2016-10-23 14:38:53         413832381      114.288135    30.559553     114.287913    30.559257    5.5           32.6          32
2016-10-23 14:39:36         413832381      114.289152    30.56082      114.288135    30.559553    5.3           36.2          36
2016-10-23 14:40:37         413832381      114.289938    30.561653     114.289152    30.56082     5.2           40            40
2016-10-23 14:41:02         413832381      114.290778    30.56245      114.289938    30.561653    5.1           43.1          43
2016-10-23 14:41:23         413832381      114.291045    30.562692     114.290778    30.56245     5.2           43.4          43
2016-10-23 14:42:08         413832381      114.291928    30.563507     114.291045    30.562692    5.1           42.1          42
2016-10-23 14:42:29         413832381      114.292403    30.563993     114.291928    30.563507    5.1           39.8          39
2016-10-23 14:42:48         413832381      114.29269     30.564307     114.292403    30.563993    5.1           38.5          38
2016-10-23 14:43:10         413832381      114.292922    30.564565     114.29269     30.564307    5             37.8          37
2016-10-23 14:43:41         413832381      114.293407    30.565125     114.292922    30.564565    5             36.6          36
2016-10-23 14:44:07         413832381      114.293898    30.565708     114.293407    30.565125    5             35.8          35
2016-10-23 15:09:37         413832381      114.314258    30.59687      114.312048    30.5935      5.2           31            31
2016-10-23 15:12:52         413832381      114.316983    30.600757     114.314258    30.59687     5.2           32.5          32
2016-10-23 15:55:30         413832381      114.37153     30.644913     114.367035    30.641928    5.7           51.2          51
2016-10-23 15:58:29         413832381      114.376442    30.64794      114.37153     30.644913    5.7           58.3          58
2016-10-23 16:01:45         413832381      114.38154     30.650407     114.376442    30.64794     5.7           61            61
2016-10-23 16:30:03         413832381      114.42905     30.667082     114.42861     30.666925    5.5           67.6          67
2016-10-23 16:30:33         413832381      114.429902    30.667383     114.42905     30.667082    5.5           67.4          67
2016-10-23 16:30:53         413832381      114.430778    30.667697     114.429902    30.667383    5.5           67.5          67
2016-10-23 16:32:15         413832381      114.432713    30.668387     114.430778    30.667697    5.5           67.4          67
2016-10-23 16:33:29         413832381      114.434368    30.668993     114.432713    30.668387    5.5           66.7          66
2016-10-23 16:33:50         413832381      114.435662    30.669482     114.434368    30.668993    5.5           66.1          66
2016-10-23 16:35:46         413832381      114.438738    30.670677     114.435662    30.669482    5.4           66.4          66
2016-10-23 16:36:35         413832381      114.439958    30.67111      114.438738    30.670677    5.5           67.8          67
2016-10-23 16:36:58         413832381      114.440392    30.671262     114.439958    30.67111     5.5           67.8          67
2016-10-23 16:37:22         413832381      114.441203    30.671547     114.440392    30.671262    5.4           67.9          67
2016-10-23 16:38:45         413832381      114.44364     30.672412     114.441203    30.671547    5.5           67.4          67
2016-10-23 16:39:07         413832381      114.444028    30.672548     114.44364     30.672412    5.6           67.5          67
2016-10-23 16:40:03         413832381      114.445377    30.67298      114.444028    30.672548    5.7           71.3          71
2016-10-23 16:40:24         413832381      114.446242    30.673232     114.445377    30.67298     5.7           71.1          71
2016-10-23 16:41:07         413832381      114.447573    30.673657     114.446242    30.673232    5.6           68.9          68
2016-10-23 16:41:40         413832381      114.448233    30.67389      114.447573    30.673657    5.5           67.6          67
2016-10-23 16:42:04         413832381      114.449077    30.674212     114.448233    30.67389     5.5           65.9          65
2016-10-23 16:43:22         413832381      114.45072     30.674887     114.449077    30.674212    5.4           64.2          64
2016-10-23 16:44:02         413832381      114.452345    30.675555     114.45072     30.674887    5.4           65            65
2016-10-23 16:44:21         413832381      114.452717    30.675702     114.452345    30.675555    5.4           65.2          65
2016-10-23 16:46:09         413832381      114.455443    30.676798     114.452717    30.675702    5.3           65.3          65
2016-10-23 16:46:40         413832381      114.456215    30.677095     114.455443    30.676798    5.2           66.3          66
2016-10-23 16:47:44         413832381      114.457808    30.677642     114.456215    30.677095    5.1           68.9          68
2016-10-23 16:49:59         413832381      114.461092    30.678715     114.457808    30.677642    4.8           68.9          68
2016-10-23 16:50:59         413832381      114.462597    30.679207     114.461092    30.678715    4.7           68.9          68
2016-10-23 16:52:12         413832381      114.464623    30.679892     114.462597    30.679207    4.6           68.8          68
2016-10-23 16:53:08         413832381      114.465308    30.68012      114.464623    30.679892    4.6           68.9          68
2016-10-23 16:54:12         413832381      114.467047    30.680718     114.465308    30.68012     4.5           67.2          67
2016-10-23 16:54:49         413832381      114.467982    30.681052     114.467047    30.680718    4.6           67.7          67
2016-10-23 16:55:14         413832381      114.468718    30.681308     114.467982    30.681052    4.6           68.1          68
2016-10-23 16:55:34         413832381      114.469042    30.681417     114.468718    30.681308    4.6           68.5          68
2016-10-23 16:56:28         413832381      114.470143    30.681785     114.469042    30.681417    4.7           68.6          68
2016-10-23 16:57:07         413832381      114.47123     30.682152     114.470143    30.681785    4.7           68.6          68
2016-10-23 16:57:23         413832381      114.471583    30.682272     114.47123     30.682152    4.7           68.4          68
2016-10-23 16:58:25         413832381      114.47302     30.682748     114.471583    30.682272    4.8           69.2          69
2016-10-23 16:58:47         413832381      114.473747    30.682985     114.47302     30.682748    4.8           69.4          69
2016-10-23 16:59:07         413832381      114.474112    30.683103     114.473747    30.682985    4.8           69.3          69
2016-10-23 16:59:40         413832381      114.47489     30.683355     114.474112    30.683103    4.8           69.5          69
2016-10-23 17:00:37         413832381      114.47643     30.683863     114.47489     30.683355    4.9           67.2          67
2016-10-23 17:01:08         413832381      114.476767    30.683988     114.47643     30.683863    4.9           66.8          66
2016-10-23 17:01:49         413832381      114.478032    30.684448     114.476767    30.683988    4.9           66.9          66
2016-10-23 17:02:35         413832381      114.47918     30.68487      114.478032    30.684448    4.9           67.2          67
2016-10-23 17:03:00         413832381      114.479962    30.685152     114.47918     30.68487     4.9           67.3          67
2016-10-23 17:03:42         413832381      114.480677    30.68541      114.479962    30.685152    5             67.2          67
2016-10-23 17:04:10         413832381      114.481472    30.685697     114.480677    30.68541     5             67.2          67
2016-10-23 17:04:32         413832381      114.48209     30.685925     114.481472    30.685697    5             66.9          66
2016-10-23 17:04:57         413832381      114.482485    30.686068     114.48209     30.685925    5             67.1          67
2016-10-23 17:05:20         413832381      114.483208    30.68633      114.482485    30.686068    5             67.3          67
2016-10-23 17:05:50         413832381      114.484013    30.68661      114.483208    30.68633     5             68.1          68
2016-10-23 17:06:30         413832381      114.485185    30.686992     114.484013    30.68661     5.1           69.5          69
2016-10-23 17:07:24         413832381      114.486392    30.687383     114.485185    30.686992    5.1           69.2          69
2016-10-23 17:07:45         413832381      114.487037    30.687592     114.486392    30.687383    5.1           69.5          69
2016-10-23 17:08:56         413832381      114.488648    30.688067     114.487037    30.687592    5.1           71.8          71
2016-10-23 17:09:24         413832381      114.48946     30.688285     114.488648    30.688067    5.1           73            73
2016-10-23 17:10:04         413832381      114.490692    30.688572     114.48946     30.688285    5.1           75.2          75
2016-10-23 17:10:38         413832381      114.491122    30.688663     114.490692    30.688572    5.1           76            76
2016-10-23 17:11:41         413832381      114.493023    30.688968     114.491122    30.688663    5.1           81.5          81
2016-10-23 17:12:33         413832381      114.494728    30.68914      114.493023    30.688968    5.1           84.2          84
2016-10-23 17:12:52         413832381      114.495195    30.689173     114.494728    30.68914     5.1           85.3          85
2016-10-23 17:13:38         413832381      114.496465    30.689237     114.495195    30.689173    5.2           87            87
2016-10-23 17:15:09         413832381      114.498825    30.689283     114.496465    30.689237    5.1           89.5          89
2016-10-23 17:15:50         413832381      114.500095    30.689285     114.498825    30.689283    5.1           90.3          90
2016-10-23 17:16:10         413832381      114.500538    30.689277     114.500095    30.689285    5.1           91.2          91
2016-10-23 17:16:58         413832381      114.501837    30.689202     114.500538    30.689277    5.1           94.7          94
2016-10-23 17:18:06         413832381      114.503763    30.688992     114.501837    30.689202    5.1           98.8          98
2016-10-23 17:18:45         413832381      114.505005    30.688795     114.503763    30.688992    5.1           101.1         101
2016-10-23 17:19:01         413832381      114.505433    30.688715     114.505005    30.688795    5.1           102           102
2016-10-23 17:19:30         413832381      114.50586     30.688632     114.505433    30.688715    5.1           102.8         102
2016-10-23 17:19:54         413832381      114.50666     30.688463     114.50586     30.688632    5.1           103.8         103
2016-10-23 17:21:06         413832381      114.508212    30.688115     114.50666     30.688463    5.2           104.9         104
2016-10-23 17:21:50         413832381      114.50991     30.687717     114.508212    30.688115    5.2           105.5         105
2016-10-23 17:22:11         413832381      114.510345    30.687612     114.50991     30.687717    5.2           105.6         105
2016-10-23 17:23:19         413832381      114.512405    30.68709      114.510345    30.687612    5.3           107           107
2016-10-23 17:24:52         413832381      114.514713    30.686433     114.512405    30.68709     5.3           109.4         109
2016-10-23 17:26:00         413832381      114.516545    30.68586      114.514713    30.686433    5.3           110.3         110
2016-10-23 17:26:44         413832381      114.51776     30.685463     114.516545    30.68586     5.4           110.9         110
2016-10-23 17:27:35         413832381      114.519057    30.685017     114.51776     30.685463    5.4           112.2         112
2016-10-23 17:29:20         413832381      114.522013    30.683867     114.519057    30.685017    5.4           115.1         115
2016-10-23 17:29:39         413832381      114.52244     30.683697     114.522013    30.683867    5.4           114.9         114
2016-10-23 17:30:14         413832381      114.52321     30.683388     114.52244     30.683697    5.4           115.1         115
2016-10-23 17:31:21         413832381      114.525277    30.682477     114.52321     30.683388    5.5           118           118
2016-10-23 17:32:06         413832381      114.525903    30.682187     114.525277    30.682477    5.5           118.2         118
2016-10-23 17:32:24         413832381      114.52674     30.6818       114.525903    30.682187    5.5           118.3         118
2016-10-23 17:32:56         413832381      114.527548    30.681418     114.52674     30.6818      5.5           119.1         119
2016-10-23 17:33:24         413832381      114.528302    30.68105      114.527548    30.681418    5.6           119.8         119
2016-10-23 17:34:16         413832381      114.529513    30.68039      114.528302    30.68105     5.6           123.8         123
2016-10-23 17:35:33         413832381      114.531498    30.678967     114.529513    30.68039     5.5           133.5         133
2016-10-23 17:35:51         413832381      114.531792    30.678717     114.531498    30.678967    5.5           134.5         134
2016-10-23 17:36:21         413832381      114.532433    30.678152     114.531792    30.678717    5.5           135.8         135
2016-10-23 17:36:43         413832381      114.532765    30.677857     114.532433    30.678152    5.5           136.1         136
2016-10-23 17:37:15         413832381      114.533397    30.677275     114.532765    30.677857    5.6           137.1         137
2016-10-23 17:38:11         413832381      114.534497    30.676178     114.533397    30.677275    5.6           140           140
2016-10-23 17:38:56         413832381      114.535372    30.675253     114.534497    30.676178    5.6           141.2         141
2016-10-23 17:39:27         413832381      114.535948    30.674615     114.535372    30.675253    5.6           142.4         142
2016-10-23 17:40:11         413832381      114.536538    30.673942     114.535948    30.674615    5.7           143.2         143
2016-10-23 17:41:57         413832381      114.538615    30.6713       114.536538    30.673942    5.7           147.8         147
2016-10-23 17:42:37         413832381      114.53908     30.670615     114.538615    30.6713      5.7           150.3         150
2016-10-23 17:42:58         413832381      114.539523    30.669888     114.53908     30.670615    5.7           152.7         152
2016-10-23 17:43:30         413832381      114.539927    30.669175     114.539523    30.669888    5.7           154.2         154
2016-10-23 17:44:17         413832381      114.540712    30.667813     114.539927    30.669175    5.8           153.3         153
2016-10-23 17:44:51         413832381      114.54116     30.66705      114.540712    30.667813    5.8           153.2         153
2016-10-23 17:45:23         413832381      114.541352    30.666715     114.54116     30.66705     5.8           153.8         153
2016-10-23 17:45:45         413832381      114.541762    30.665935     114.541352    30.666715    5.8           156.2         156
2016-10-23 17:46:43         413832381      114.542452    30.664413     114.541762    30.665935    5.8           159.6         159
2016-10-23 17:47:41         413832381      114.543118    30.662748     114.542452    30.664413    5.8           161.4         161
2016-10-23 17:48:06         413832381      114.543282    30.662332     114.543118    30.662748    5.9           161.3         161
2016-10-23 17:48:26         413832381      114.543598    30.661557     114.543282    30.662332    5.9           160.4         160
2016-10-23 17:48:44         413832381      114.54378     30.661147     114.543598    30.661557    5.9           159.2         159
2016-10-23 17:49:00         413832381      114.543967    30.660745     114.54378     30.661147    5.9           158.3         158
2016-10-23 17:49:35         413832381      114.544338    30.659995     114.543967    30.660745    5.9           156.7         156
2016-10-23 17:50:32         413832381      114.545188    30.658427     114.544338    30.659995    5.9           154.2         154
2016-10-23 17:51:22         413832381      114.545845    30.657295     114.545188    30.658427    5.9           153.2         153
2016-10-23 17:51:51         413832381      114.546285    30.656558     114.545845    30.657295    6             152.9         152
2016-10-23 17:52:12         413832381      114.546522    30.656165     114.546285    30.656558    6             152.6         152
2016-10-23 17:53:16         413832381      114.54745     30.654617     114.546522    30.656165    6.1           153           153
2016-10-23 17:53:36         413832381      114.547927    30.653817     114.54745     30.654617    6.1           152.7         152
2016-10-23 17:54:32         413832381      114.548622    30.652678     114.547927    30.653817    6             152.2         152
2016-10-23 17:55:20         413832381      114.549332    30.65154      114.548622    30.652678    6.1           152           152
2016-10-23 17:55:46         413832381      114.549815    30.650735     114.549332    30.65154     6.1           152.8         152
2016-10-23 17:56:02         413832381      114.550023    30.650385     114.549815    30.650735    6.1           152.8         152
2016-10-23 17:57:22         413832381      114.551207    30.648337     114.550023    30.650385    6.1           154.2         154
2016-10-23 17:58:48         413832381      114.552515    30.645982     114.551207    30.648337    6.2           154.4         154
2016-10-23 17:59:12         413832381      114.552713    30.645622     114.552515    30.645982    6.2           154.8         154
2016-10-23 18:00:19         413832381      114.553747    30.643517     114.552713    30.645622    6.2           158.5         158
2016-10-23 18:00:36         413832381      114.553912    30.643143     114.553747    30.643517    6.2           158.9         158
2016-10-23 18:00:54         413832381      114.554108    30.64269      114.553912    30.643143    6.2           159.5         159
2016-10-23 18:01:08         413832381      114.554272    30.642315     114.554108    30.64269     6.2           159.5         159
2016-10-23 18:01:41         413832381      114.554633    30.641487     114.554272    30.642315    6.2           159.4         159
2016-10-23 18:02:00         413832381      114.554817    30.641058     114.554633    30.641487    6.2           159.6         159
2016-10-23 18:03:37         413832381      114.555983    30.638473     114.554817    30.641058    6.2           157.8         157
2016-10-23 18:04:52         413832381      114.55695     30.636467     114.555983    30.638473    6.2           157.9         157
2016-10-23 18:05:09         413832381      114.557168    30.636017     114.55695     30.636467    6.2           157.4         157
2016-10-23 18:05:33         413832381      114.557353    30.635647     114.557168    30.636017    6.2           156.9         156
2016-10-23 18:05:50         413832381      114.55779     30.634805     114.557353    30.635647    6.2           155.8         155
2016-10-23 18:06:41         413832381      114.558438    30.633575     114.55779     30.634805    6.2           155.7         155
2016-10-23 18:07:11         413832381      114.55885     30.632762     114.558438    30.633575    6.2           156.8         156
2016-10-23 18:08:07         413832381      114.559397    30.631557     114.55885     30.632762    6.2           159.1         159
2016-10-23 18:09:33         413832381      114.56048     30.629028     114.559397    30.631557    6.1           160.6         160
2016-10-23 18:09:45         413832381      114.560645    30.6286       114.56048     30.629028    6.1           161.5         161
2016-10-23 18:09:59         413832381      114.560785    30.628225     114.560645    30.6286      6.1           162.1         162
2016-10-23 18:10:44         413832381      114.561097    30.627368     114.560785    30.628225    6             162.4         162
2016-10-23 18:11:18         413832381      114.56156     30.626172     114.561097    30.627368    6.1           161.3         161
2016-10-23 18:12:49         413832381      114.56255     30.623788     114.56156     30.626172    6             160.4         160
2016-10-23 18:13:03         413832381      114.56271     30.6234       114.56255     30.623788    6             160.5         160
2016-10-23 18:13:20         413832381      114.562878    30.622982     114.56271     30.6234      6             160.9         160
2016-10-23 18:13:37         413832381      114.563023    30.622615     114.562878    30.622982    6             161           161
2016-10-23 18:14:05         413832381      114.563348    30.6218       114.563023    30.622615    6             161.1         161
2016-10-23 18:15:18         413832381      114.56393     30.620303     114.563348    30.6218      6             161.9         161
2016-10-23 18:15:35         413832381      114.56423     30.619488     114.56393     30.620303    6             162.6         162
2016-10-23 18:15:50         413832381      114.564387    30.61907      114.56423     30.619488    5.9           162           162
2016-10-23 18:16:07         413832381      114.564532    30.61871      114.564387    30.61907     5.9           161.1         161
2016-10-23 18:16:28         413832381      114.564693    30.618325     114.564532    30.61871     5.9           160.4         160
2016-10-23 18:17:58         413832381      114.565785    30.615668     114.564693    30.618325    5.9           161.9         161
2016-10-23 18:18:14         413832381      114.56592     30.615305     114.565785    30.615668    5.9           162.2         162
2016-10-23 18:20:03         413832381      114.56671     30.612847     114.56592     30.615305    5.9           165.8         165
2016-10-23 18:22:17         413832381      114.568137    30.608992     114.56671     30.612847    5.8           160.8         160
2016-10-23 18:24:24         413832381      114.569333    30.606037     114.568137    30.608992    5.7           160.7         160
2016-10-23 18:25:00         413832381      114.569812    30.604872     114.569333    30.606037    5.7           160.5         160
2016-10-23 18:25:18         413832381      114.569975    30.604475     114.569812    30.604872    5.7           160.5         160
2016-10-23 18:25:31         413832381      114.570127    30.604103     114.569975    30.604475    5.7           160.6         160
2016-10-23 18:39:18         413832381      114.578137    30.584097     114.575635    30.589825    5.5           156.5         156
2016-10-23 18:41:38         413832381      114.579878    30.58095      114.578137    30.584097    5.5           154.8         154
2016-10-23 18:41:56         413832381      114.580052    30.580625     114.579878    30.58095     5.5           155.1         155
2016-10-23 18:46:15         413832381      114.583667    30.574968     114.580052    30.580625    5.5           148.2         148
2016-10-23 18:47:35         413832381      114.5851      30.573125     114.583667    30.574968    5.5           145.3         145
2016-10-23 18:49:38         413832381      114.587175    30.570722     114.5851      30.573125    5.5           142.1         142
2016-10-23 19:05:01         413832381      114.609568    30.556198     114.608302    30.556583    6.1           109.2         109
