2016-10-25 19:52:25         413806302      114.636113    30.566743     114.636927    30.567407    7.1           224.1         224
2016-10-25 19:53:17         413806302      114.63506     30.565767     114.636113    30.566743    6.7           220.9         220
2016-10-25 19:53:56         413806302      114.633677    30.564332     114.63506     30.565767    6.7           220.1         220
2016-10-25 19:56:02         413806302      114.631452    30.561967     114.633677    30.564332    6.1           214.3         214
2016-10-25 20:00:05         413806302      114.62741     30.557763     114.631452    30.561967    3.8           261.3         261
2016-10-25 20:01:48         413806302      114.625255    30.55767      114.62741     30.557763    4.1           277.5         277
2016-10-25 20:02:52         413806302      114.623883    30.557798     114.625255    30.55767     4.3           275.1         275
2016-10-25 20:03:11         413806302      114.623212    30.557858     114.623883    30.557798    4.3           277.3         277
2016-10-25 20:04:28         413806302      114.6213      30.558125     114.623212    30.557858    4.6           280.8         280
2016-10-25 20:04:49         413806302      114.620793    30.558187     114.6213      30.558125    4.5           273.6         273
2016-10-25 20:11:40         413806302      114.611593    30.558675     114.611593    30.558675    4.4           283.2         283
2016-10-25 20:12:43         413806302      114.609882    30.559075     114.611593    30.558675    4.2           286.2         286
2016-10-25 20:16:30         413806302      114.60438     30.558902     114.609882    30.559075    4.3           253.4         253
2016-10-25 20:17:47         413806302      114.60279     30.55847      114.60438     30.558902    4.2           252.8         252
2016-10-25 20:18:22         413806302      114.602127    30.558292     114.60279     30.55847     4.2           253.3         253
2016-10-25 20:21:01         413806302      114.598917    30.558033     114.602127    30.558292    3.5           286.5         286
2016-10-25 20:22:04         413806302      114.597828    30.558393     114.598917    30.558033    3.7           295.7         295
2016-10-25 20:39:14         413806302      114.581057    30.573272     114.582205    30.571617    4.6           327.3         327
2016-10-25 20:47:49         413806302      114.574997    30.583545     114.575973    30.581625    4.9           336.8         336
2016-10-25 20:52:09         413806302      114.574997    30.583545     114.574997    30.583545    4.9           336.8         336
2016-10-25 21:01:13         413806302      114.56677     30.600952     114.567293    30.600058    5.4           333.5         333
2016-10-25 21:01:54         413806302      114.565985    30.60234      114.56677     30.600952    5.5           335.5         335
2016-10-25 21:03:03         413806302      114.565268    30.603775     114.565985    30.60234     5.6           339           339
2016-10-25 21:03:36         413806302      114.564825    30.604825     114.565268    30.603775    5.6           341.2         341
2016-10-25 21:04:00         413806302      114.564537    30.605542     114.564825    30.604825    5.6           340.7         340
2016-10-25 21:07:58         413806302      114.56269     30.611132     114.564537    30.605542    5.6           350.3         350
2016-10-25 21:11:25         413806302      114.560848    30.616733     114.56269     30.611132    5.9           341.3         341
2016-10-25 21:12:12         413806302      114.560517    30.617753     114.560848    30.616733    5.6           345.7         345
2016-10-25 21:13:13         413806302      114.56005     30.619298     114.560517    30.617753    5.6           344.6         344
2016-10-25 21:13:48         413806302      114.55984     30.62003      114.56005     30.619298    5.6           346.7         346
2016-10-25 21:14:03         413806302      114.559617    30.620758     114.55984     30.62003     5.6           343.9         343
2016-10-25 21:14:45         413806302      114.559253    30.621817     114.559617    30.620758    5.5           344.6         344
2016-10-25 21:15:36         413806302      114.55899     30.622747     114.559253    30.621817    5.6           347.5         347
2016-10-25 21:15:53         413806302      114.558845    30.623298     114.55899     30.622747    5.6           347.5         347
2016-10-25 21:18:51         413806302      114.55786     30.627427     114.558845    30.623298    5.4           342.8         342
2016-10-25 21:19:06         413806302      114.557565    30.628147     114.55786     30.627427    5.5           339.8         339
2016-10-25 21:20:00         413806302      114.556917    30.629518     114.557565    30.628147    5.4           336.3         336
2016-10-25 21:20:52         413806302      114.556403    30.630423     114.556917    30.629518    5.3           335.6         335
2016-10-25 21:21:48         413806302      114.555763    30.631823     114.556403    30.630423    5.3           340.8         340
2016-10-25 21:22:43         413806302      114.55522     30.63324      114.555763    30.631823    5.4           340.5         340
2016-10-25 21:23:37         413806302      114.554825    30.634178     114.55522     30.63324     5.1           342.9         342
2016-10-25 21:24:32         413806302      114.554218    30.635623     114.554825    30.634178    5.3           338           338
2016-10-25 21:26:07         413806302      114.553217    30.637635     114.554218    30.635623    5.3           335.5         335
2016-10-25 21:26:39         413806302      114.552722    30.63856      114.553217    30.637635    5.2           333.1         333
2016-10-25 21:28:07         413806302      114.551598    30.640518     114.552722    30.63856     5.3           333.7         333
2016-10-25 21:28:35         413806302      114.551198    30.641218     114.551598    30.640518    5.2           334.2         334
2016-10-25 21:29:19         413806302      114.550813    30.641873     114.551198    30.641218    5.3           333.5         333
2016-10-25 21:29:54         413806302      114.55043     30.642533     114.550813    30.641873    5.3           333.8         333
2016-10-25 21:32:09         413806302      114.549263    30.646015     114.55043     30.642533    5.3           349.5         349
2016-10-25 21:34:44         413806302      114.54813     30.64954      114.549263    30.646015    4.8           334.5         334
2016-10-25 21:35:47         413806302      114.54735     30.650745     114.54813     30.64954     4.8           329.5         329
2016-10-25 21:37:30         413806302      114.54735     30.650745     114.54735     30.650745    4.8           329.5         329
2016-10-25 21:39:09         413806302      114.544478    30.654377     114.54735     30.650745    4.9           325           325
2016-10-25 21:39:40         413806302      114.54403     30.65495      114.544478    30.654377    5             327.1         327
2016-10-25 21:40:42         413806302      114.543202    30.6561       114.54403     30.65495     5             328.9         328
2016-10-25 21:41:15         413806302      114.542755    30.656732     114.543202    30.6561      5             329.1         329
2016-10-25 21:41:50         413806302      114.542755    30.656732     114.542755    30.656732    5             329.1         329
2016-10-25 21:42:27         413806302      114.541797    30.658162     114.542755    30.656732    5             331           331
2016-10-25 21:43:11         413806302      114.541373    30.658892     114.541797    30.658162    5             334.3         334
2016-10-25 21:43:29         413806302      114.541062    30.659573     114.541373    30.658892    5             339.4         339
2016-10-25 21:43:46         413806302      114.54086     30.6601       114.541062    30.659573    5             344.1         344
2016-10-25 21:44:30         413806302      114.540568    30.661005     114.54086     30.6601      5.1           344.1         344
2016-10-25 21:45:05         413806302      114.540358    30.661733     114.540568    30.661005    5.2           346.8         346
2016-10-25 21:46:25         413806302      114.539817    30.66396      114.540358    30.661733    5.5           349.2         349
2016-10-25 21:47:12         413806302      114.539817    30.66396      114.539817    30.66396     5.5           349.2         349
2016-10-25 21:47:43         413806302      114.539455    30.66575      114.539817    30.66396     5.2           350.4         350
2016-10-25 21:48:10         413806302      114.539292    30.666402     114.539455    30.66575     5.2           348.4         348
2016-10-25 21:48:41         413806302      114.539097    30.66717      114.539292    30.666402    5.1           345.6         345
2016-10-25 21:51:08         413806302      114.538153    30.669987     114.539097    30.66717     4.6           339           339
2016-10-25 21:51:23         413806302      114.537815    30.67052      114.538153    30.669987    4.4           327.2         327
2016-10-25 22:44:40         413806302      114.461128    30.675253     114.461888    30.675422    4.8           254.3         254
2016-10-25 22:45:28         413806302      114.46038     30.675067     114.461128    30.675253    4.7           253.3         253
2016-10-25 22:46:22         413806302      114.458953    30.674693     114.46038     30.675067    4.8           252.3         252
2016-10-25 22:46:49         413806302      114.458953    30.674693     114.458953    30.674693    4.8           252.3         252
2016-10-25 22:49:24         413806302      114.454415    30.673158     114.458953    30.674693    4.7           246.4         246
2016-10-25 22:50:04         413806302      114.45369     30.672892     114.454415    30.673158    4.7           246.3         246
2016-10-25 22:50:42         413806302      114.452757    30.672545     114.45369     30.672892    4.8           247           247
2016-10-25 22:51:15         413806302      114.452098    30.672272     114.452757    30.672545    4.6           245.1         245
2016-10-25 22:52:14         413806302      114.450717    30.671883     114.452098    30.672272    4.1           264.9         264
