2016-10-23 0:00:57          413825545      114.50108     30.690872     114.501102    30.690993    0.1           202.4         202
2016-10-23 0:04:49          413825545      114.501042    30.690908     114.50108     30.690872    0.1           355           355
2016-10-23 0:08:48          413825545      114.50107     30.690938     114.501042    30.690908    0             357.3         357
2016-10-23 0:12:46          413825545      114.501032    30.691008     114.50107     30.690938    0.2           345.3         345
2016-10-23 0:17:09          413825545      114.501067    30.690992     114.501032    30.691008    0.2           197.8         197
2016-10-23 0:20:47          413825545      114.501063    30.690858     114.501067    30.690992    0.1           163.5         163
2016-10-23 0:24:43          413825545      114.501092    30.690897     114.501063    30.690858    0             357.1         357
2016-10-23 0:28:46          413825545      114.501033    30.690932     114.501092    30.690897    0.3           267.8         267
2016-10-23 0:32:54          413825545      114.501065    30.690902     114.501033    30.690932    0.1           101.1         101
2016-10-23 0:36:21          413825545      114.50109     30.690898     114.501065    30.690902    0.1           62.8          62
2016-10-23 0:40:07          413825545      114.50105     30.69087      114.50109     30.690898    0.1           293.2         293
2016-10-23 0:44:04          413825545      114.50106     30.690943     114.50105     30.69087     0.1           31.7          31
2016-10-23 0:48:04          413825545      114.501085    30.69089      114.50106     30.690943    0.2           200.6         200
2016-10-23 0:52:16          413825545      114.50106     30.690927     114.501085    30.69089     0.1           16.4          16
2016-10-23 0:56:10          413825545      114.501062    30.690947     114.50106     30.690927    0.1           269.9         269
2016-10-23 1:00:17          413825545      114.501073    30.69095      114.501062    30.690947    0.1           52.2          52
2016-10-23 1:09:16          413825545      114.501045    30.690907     114.501088    30.690917    0.1           328.1         328
2016-10-23 1:13:32          413825545      114.501117    30.69101      114.501045    30.690907    0             239.1         222
2016-10-23 1:17:38          413825545      114.501068    30.690873     114.501117    30.69101     0             145.5         145
2016-10-23 1:21:38          413825545      114.501062    30.69094      114.501068    30.690873    0.1           277.7         277
2016-10-23 1:25:36          413825545      114.501038    30.690948     114.501062    30.69094     0             282.6         282
2016-10-23 1:29:33          413825545      114.501045    30.691        114.501038    30.690948    0             29.7          29
2016-10-23 1:33:46          413825545      114.501085    30.69094      114.501045    30.691       0.1           209.7         209
2016-10-23 1:37:55          413825545      114.501078    30.690928     114.501085    30.69094     0             52.3          52
2016-10-23 1:41:58          413825545      114.501065    30.690977     114.501078    30.690928    0.1           312.6         312
2016-10-23 1:45:55          413825545      114.50111     30.69097      114.501065    30.690977    0.1           192.3         192
2016-10-23 1:49:54          413825545      114.501073    30.690898     114.50111     30.69097     0.1           286.8         286
2016-10-23 1:54:07          413825545      114.501103    30.69094      114.501073    30.690898    0             134.6         134
2016-10-23 1:58:09          413825545      114.501085    30.690972     114.501103    30.69094     0             80.1          80
2016-10-23 2:02:04          413825545      114.501113    30.69096      114.501085    30.690972    0             260.2         260
2016-10-23 2:06:07          413825545      114.501088    30.690943     114.501113    30.69096     0             60.2          60
2016-10-23 2:10:14          413825545      114.501102    30.69096      114.501088    30.690943    0             59.5          59
2016-10-23 2:14:25          413825545      114.501103    30.690933     114.501102    30.69096     0.1           197.2         197
2016-10-23 2:18:29          413825545      114.50111     30.690967     114.501103    30.690933    0             316.6         316
2016-10-23 2:22:41          413825545      114.501112    30.690983     114.50111     30.690967    0.1           75.5          75
2016-10-23 2:26:25          413825545      114.501097    30.69091      114.501112    30.690983    0.2           201.8         201
2016-10-23 2:30:24          413825545      114.501065    30.690892     114.501097    30.69091     0.1           0.4           0
2016-10-23 2:34:41          413825545      114.501065    30.690927     114.501065    30.690892    0.1           254.2         254
2016-10-23 2:38:40          413825545      114.50106     30.690923     114.501065    30.690927    0             6.8           6
2016-10-23 2:42:40          413825545      114.501095    30.69103      114.50106     30.690923    0.2           55.6          55
2016-10-23 2:46:39          413825545      114.501118    30.690963     114.501095    30.69103     0.1           181.6         181
2016-10-23 2:50:51          413825545      114.501083    30.690918     114.501118    30.690963    0             357.2         353
2016-10-23 2:54:41          413825545      114.50107     30.69088      114.501083    30.690918    0             233.7         233
2016-10-23 2:58:49          413825545      114.501077    30.690937     114.50107     30.69088     0.1           6.7           6
2016-10-23 3:02:59          413825545      114.501092    30.690882     114.501077    30.690937    0.1           180.3         180
2016-10-23 3:06:52          413825545      114.501073    30.690922     114.501092    30.690882    0.1           33            33
2016-10-23 3:10:07          413825545      114.501072    30.690918     114.501073    30.690922    0.1           34            34
2016-10-23 3:11:45          413825545      114.501082    30.69094      114.501072    30.690918    0.1           5.3           5
2016-10-23 3:15:44          413825545      114.50107     30.691028     114.501082    30.69094     0.1           34.3          34
2016-10-23 3:18:51          413825545      114.501145    30.691012     114.50107     30.691028    0.1           176.3         176
2016-10-23 3:22:47          413825545      114.501052    30.69087      114.501145    30.691012    0.2           184.7         184
2016-10-23 3:23:41          413825545      114.501035    30.690867     114.501052    30.69087     0.1           296.7         296
2016-10-23 3:26:54          413825545      114.501052    30.690937     114.501035    30.690867    0.1           300.6         300
2016-10-23 3:30:44          413825545      114.501047    30.690962     114.501052    30.690937    0.2           283.6         283
2016-10-23 3:33:48          413825545      114.501097    30.690982     114.501047    30.690962    0.1           100.6         100
2016-10-23 3:37:44          413825545      114.501075    30.690905     114.501097    30.690982    0.1           273.9         273
2016-10-23 3:39:50          413825545      114.50108     30.690885     114.501075    30.690905    0             305.2         305
2016-10-23 3:43:40          413825545      114.501068    30.69088      114.50108     30.690885    0             359.1         359
2016-10-23 3:47:43          413825545      114.501087    30.690923     114.501068    30.69088     0.1           63.2          63
2016-10-23 3:52:10          413825545      114.501083    30.690937     114.501087    30.690923    0.1           341.5         341
2016-10-23 3:56:01          413825545      114.50105     30.691057     114.501083    30.690937    0.1           18.5          18
2016-10-23 3:59:51          413825545      114.501095    30.690975     114.50105     30.691057    0.2           196.7         196
2016-10-23 4:03:57          413825545      114.501042    30.690887     114.501095    30.690975    0.1           0.9           0
2016-10-23 4:08:11          413825545      114.50109     30.690962     114.501042    30.690887    0             321.6         321
2016-10-23 4:11:31          413825545      114.501082    30.690935     114.50109     30.690962    0             229.7         229
2016-10-23 4:15:08          413825545      114.501085    30.69094      114.501082    30.690935    0             114.1         114
2016-10-23 4:19:21          413825545      114.501112    30.690928     114.501085    30.69094     0.1           174.3         174
2016-10-23 4:23:23          413825545      114.501075    30.690895     114.501112    30.690928    0.1           330.7         330
2016-10-23 4:32:13          413825545      114.501138    30.691003     114.50111     30.690947    0.1           48.1          48
2016-10-23 4:32:28          413825545      114.501138    30.691003     114.501138    30.691003    0.1           48.1          48
2016-10-23 4:36:35          413825545      114.501092    30.690882     114.501138    30.691003    0.1           218           218
2016-10-23 4:40:48          413825545      114.50109     30.690945     114.501092    30.690882    0             314.7         314
2016-10-23 4:44:27          413825545      114.501112    30.690975     114.50109     30.690945    0.1           27.8          27
2016-10-23 4:49:34          413825545      114.50111     30.690933     114.50111     30.690933    0.2           175.3         175
2016-10-23 4:54:02          413825545      114.501095    30.690935     114.50111     30.690933    0             67.7          67
2016-10-23 4:57:49          413825545      114.501103    30.690987     114.501095    30.690935    0             349.3         349
2016-10-23 5:07:49          413825545      114.501122    30.690972     114.501133    30.691012    0             197.4         147
2016-10-23 5:11:02          413825545      114.501078    30.69094      114.501122    30.690972    0.1           54.1          54
2016-10-23 5:14:27          413825545      114.501077    30.690942     114.501078    30.69094     0.1           168           168
2016-10-23 5:15:47          413825545      114.501093    30.690907     114.501077    30.690942    0             116.2         116
2016-10-23 5:19:49          413825545      114.501095    30.690988     114.501093    30.690907    0.1           356.4         356
2016-10-23 5:24:10          413825545      114.501123    30.69099      114.501095    30.690988    0             272.8         272
2016-10-23 5:27:45          413825545      114.501122    30.690977     114.501123    30.69099     0.2           205.2         205
2016-10-23 5:31:50          413825545      114.501082    30.69095      114.501122    30.690977    0.1           8.3           8
2016-10-23 5:35:00          413825545      114.5011      30.690968     114.501082    30.69095     0             160.3         160
2016-10-23 5:36:37          413825545      114.501113    30.690967     114.5011      30.690968    0             337           337
2016-10-23 5:40:40          413825545      114.50109     30.690958     114.501113    30.690967    0             145.2         145
2016-10-23 5:44:40          413825545      114.501113    30.691003     114.50109     30.690958    0             212.3         212
2016-10-23 5:47:46          413825545      114.501178    30.691047     114.501113    30.691003    0.1           203.3         203
2016-10-23 5:51:50          413825545      114.501107    30.690895     114.501178    30.691047    0             305.2         305
2016-10-23 5:55:48          413825545      114.501097    30.690917     114.501107    30.690895    0             34.2          34
2016-10-23 6:00:08          413825545      114.501067    30.690925     114.501097    30.690917    0.1           335.8         335
2016-10-23 6:03:50          413825545      114.501098    30.690932     114.501067    30.690925    0.1           203.3         203
2016-10-23 6:07:25          413825545      114.501082    30.690958     114.501098    30.690932    0.1           351           351
2016-10-23 6:11:26          413825545      114.50112     30.690952     114.501082    30.690958    0.1           209.6         209
2016-10-23 6:15:12          413825545      114.50109     30.690907     114.50112     30.690952    0             242.8         242
2016-10-23 6:19:08          413825545      114.501097    30.690882     114.50109     30.690907    0.1           247.8         247
2016-10-23 6:28:23          413825545      114.501145    30.69098      114.501077    30.69092     0.1           20.2          20
2016-10-23 6:32:21          413825545      114.5011      30.690877     114.501145    30.69098     0.1           256.8         256
2016-10-23 6:36:41          413825545      114.501093    30.690927     114.5011      30.690877    0             328.1         328
2016-10-23 6:40:28          413825545      114.501085    30.690952     114.501093    30.690927    0.1           298.1         298
2016-10-23 6:44:37          413825545      114.501113    30.690938     114.501085    30.690952    0             276           276
2016-10-23 6:48:31          413825545      114.501093    30.690935     114.501113    30.690938    0.1           11.3          11
2016-10-23 6:52:32          413825545      114.501117    30.690928     114.501093    30.690935    0.1           175.9         175
2016-10-23 6:56:31          413825545      114.50106     30.690922     114.501117    30.690928    0             10.3          10
2016-10-23 7:00:47          413825545      114.501075    30.691        114.50106     30.690922    0.2           78.3          78
2016-10-23 7:04:49          413825545      114.501075    30.691        114.501075    30.691       0.2           78.3          78
2016-10-23 7:09:01          413825545      114.501108    30.690822     114.501075    30.691       0.5           224.3         224
2016-10-23 7:10:41          413825545      114.501108    30.690822     114.501108    30.690822    0.5           224.3         224
2016-10-23 7:11:03          413825545      114.49969     30.690808     114.501108    30.690822    3.3           286.7         286
2016-10-23 7:11:26          413825545      114.499278    30.691073     114.49969     30.690808    2.7           311.5         311
2016-10-23 7:12:01          413825545      114.499102    30.691353     114.499278    30.691073    2.2           334.2         334
2016-10-23 7:12:31          413825545      114.499102    30.691353     114.499102    30.691353    2.2           334.2         334
2016-10-23 7:16:46          413825545      114.498988    30.691897     114.499102    30.691353    0.4           158.4         158
2016-10-23 7:19:38          413825545      114.498832    30.691887     114.498988    30.691897    0.3           227.3         227
2016-10-23 7:23:55          413825545      114.498817    30.691752     114.498832    30.691887    0.1           355           355
2016-10-23 7:27:41          413825545      114.498793    30.691775     114.498817    30.691752    0.1           179.6         179
2016-10-23 7:31:50          413825545      114.498795    30.691803     114.498793    30.691775    0.1           228.6         228
2016-10-23 7:35:46          413825545      114.498837    30.691785     114.498795    30.691803    0.1           142.1         142
2016-10-23 7:44:51          413825545      114.498892    30.691772     114.498782    30.691698    0.1           125.9         125
2016-10-23 7:49:00          413825545      114.498825    30.691875     114.498892    30.691772    0             279.4         279
2016-10-23 7:52:00          413825545      114.498902    30.691843     114.498825    30.691875    0             146.9         146
2016-10-23 7:57:12          413825545      114.4988      30.691773     114.498902    30.691843    0.1           0.6           0
2016-10-23 8:01:14          413825545      114.498902    30.69182      114.4988      30.691773    0.1           356           356
2016-10-23 8:05:26          413825545      114.498855    30.691868     114.498902    30.69182     0             106.6         106
2016-10-23 20:22:46         413825545      114.440063    30.674767     114.44182     30.675297    5.5           248.7         248
2016-10-23 20:23:10         413825545      114.439275    30.674472     114.440063    30.674767    5.5           245.9         245
2016-10-23 20:23:46         413825545      114.438467    30.674123     114.439275    30.674472    5.6           244.3         244
2016-10-23 20:24:22         413825545      114.437365    30.673607     114.438467    30.674123    5.7           238.6         238
2016-10-23 20:25:28         413825545      114.435822    30.67279      114.437365    30.673607    5.7           239           239
2016-10-23 20:25:45         413825545      114.435073    30.67234      114.435822    30.67279     5.6           234.7         234
2016-10-23 20:28:39         413825545      114.430812    30.670202     114.435073    30.67234     5.6           241.8         241
2016-10-23 20:29:37         413825545      114.4292      30.66948      114.430812    30.670202    5.5           240.6         240
2016-10-23 20:31:20         413825545      114.426787    30.668182     114.4292      30.66948     5.5           241.7         241
2016-10-23 20:32:22         413825545      114.425218    30.667545     114.426787    30.668182    5.4           247.2         247
2016-10-23 20:33:24         413825545      114.423305    30.666712     114.425218    30.667545    5.4           242.9         242
2016-10-23 20:34:49         413825545      114.420847    30.665838     114.423305    30.666712    5.4           247.8         247
2016-10-23 20:35:55         413825545      114.420847    30.665838     114.420847    30.665838    5.4           247.8         247
2016-10-23 20:36:09         413825545      114.418978    30.665127     114.420847    30.665838    5.5           245.7         245
2016-10-23 20:36:42         413825545      114.418132    30.664767     114.418978    30.665127    5.5           243.1         243
2016-10-23 20:37:07         413825545      114.417308    30.664438     114.418132    30.664767    5.4           245.3         245
2016-10-23 20:37:41         413825545      114.416563    30.664152     114.417308    30.664438    5.4           246.6         246
2016-10-23 20:38:46         413825545      114.41496     30.66358      114.416563    30.664152    5.4           247.3         247
2016-10-23 20:39:17         413825545      114.41496     30.66358      114.41496     30.66358     5.4           247.3         247
2016-10-23 20:40:19         413825545      114.412253    30.662588     114.41496     30.66358     5.3           247.4         247
2016-10-23 20:40:50         413825545      114.411522    30.662308     114.412253    30.662588    5.3           245.6         245
2016-10-23 20:41:42         413825545      114.411522    30.662308     114.411522    30.662308    5.3           245.6         245
2016-10-23 20:42:31         413825545      114.408875    30.661232     114.411522    30.662308    5.2           244.5         244
2016-10-23 20:44:29         413825545      114.405727    30.660225     114.408875    30.661232    5.2           250.8         250
2016-10-23 20:45:00         413825545      114.404943    30.660032     114.405727    30.660225    5.2           253.4         253
2016-10-23 20:45:38         413825545      114.404943    30.660032     114.404943    30.660032    5.2           253.4         253
2016-10-23 20:47:09         413825545      114.401438    30.659035     114.404943    30.660032    5.1           250.9         250
2016-10-23 20:48:09         413825545      114.399887    30.658575     114.401438    30.659035    5.1           251.7         251
2016-10-23 20:49:34         413825545      114.398097    30.658008     114.399887    30.658575    5             247.3         247
2016-10-23 20:50:17         413825545      114.397337    30.657685     114.398097    30.658008    5.1           244.6         244
2016-10-23 20:50:33         413825545      114.39663     30.657395     114.397337    30.657685    4.8           243.7         243
2016-10-23 20:51:03         413825545      114.395955    30.657125     114.39663     30.657395    4.4           245.9         245
2016-10-23 20:51:26         413825545      114.395955    30.657125     114.395955    30.657125    4.4           245.9         245
2016-10-23 20:51:43         413825545      114.39509     30.656868     114.395955    30.657125    4.2           252.5         252
2016-10-23 20:52:13         413825545      114.394153    30.656687     114.39509     30.656868    4.2           257.6         257
2016-10-23 20:52:35         413825545      114.393758    30.656618     114.394153    30.656687    4.2           258.7         258
2016-10-23 20:53:06         413825545      114.393097    30.656505     114.393758    30.656618    4.2           258.7         258
2016-10-23 20:53:40         413825545      114.392415    30.656368     114.393097    30.656505    4.2           256.2         256
2016-10-23 20:54:07         413825545      114.392415    30.656368     114.392415    30.656368    4.2           256.2         256
2016-10-23 20:54:23         413825545      114.39154     30.656175     114.392415    30.656368    4.2           255.8         255
2016-10-23 20:54:44         413825545      114.391055    30.65607      114.39154     30.656175    4.2           255.8         147
2016-10-23 20:55:16         413825545      114.390393    30.65592      114.391055    30.65607     4.2           254.8         254
2016-10-23 20:55:49         413825545      114.389738    30.655758     114.390393    30.65592     4.2           254           254
2016-10-23 20:56:07         413825545      114.389108    30.655597     114.389738    30.655758    4.2           253.4         253
2016-10-23 20:56:36         413825545      114.388458    30.655428     114.389108    30.655597    4.2           253.2         253
2016-10-23 20:57:14         413825545      114.388458    30.655428     114.388458    30.655428    4.2           253.2         253
2016-10-23 20:58:26         413825545      114.386272    30.654882     114.388458    30.655428    4.1           257.1         257
2016-10-23 20:59:02         413825545      114.385608    30.654743     114.386272    30.654882    4.2           256.1         256
2016-10-23 20:59:17         413825545      114.384953    30.654607     114.385608    30.654743    4.3           256.3         256
2016-10-23 21:00:06         413825545      114.383982    30.654407     114.384953    30.654607    4.5           256.7         256
2016-10-23 21:00:43         413825545      114.383267    30.654255     114.383982    30.654407    4.6           256.2         256
2016-10-23 21:01:45         413825545      114.381622    30.653868     114.383267    30.654255    4.8           250           250
2016-10-23 21:02:22         413825545      114.380907    30.653622     114.381622    30.653868    5             247.7         247
2016-10-23 21:02:38         413825545      114.380168    30.65332      114.380907    30.653622    5.1           243.9         243
2016-10-23 21:03:08         413825545      114.379407    30.652933     114.380168    30.65332     5.2           239.9         239
2016-10-23 21:03:36         413825545      114.378685    30.652615     114.379407    30.652933    5.2           242.9         242
2016-10-23 21:04:07         413825545      114.378685    30.652615     114.378685    30.652615    5.2           242.9         242
2016-10-23 21:04:23         413825545      114.377685    30.652137     114.378685    30.652615    5.2           239.8         239
2016-10-23 21:04:46         413825545      114.376977    30.651737     114.377685    30.652137    5.2           236           236
2016-10-23 21:05:24         413825545      114.3763      30.651325     114.376977    30.651737    5.1           234.6         234
2016-10-23 21:06:00         413825545      114.375587    30.650878     114.3763      30.651325    5.1           233.9         233
2016-10-23 21:06:31         413825545      114.374913    30.650453     114.375587    30.650878    5.2           233.7         233
2016-10-23 21:06:46         413825545      114.374913    30.650453     114.374913    30.650453    5.2           233.7         233
2016-10-23 21:07:06         413825545      114.37397     30.649852     114.374913    30.650453    5.2           233.3         233
2016-10-23 21:07:37         413825545      114.373283    30.649408     114.37397     30.649852    5.3           233           233
2016-10-23 21:08:10         413825545      114.372653    30.648992     114.373283    30.649408    5.3           232.4         232
2016-10-23 21:08:40         413825545      114.371947    30.64851      114.372653    30.648992    5.2           231.3         231
2016-10-23 21:09:15         413825545      114.371317    30.648073     114.371947    30.64851     5.2           231.2         231
2016-10-23 21:09:32         413825545      114.370685    30.647635     114.371317    30.648073    5             231.2         231
2016-10-23 21:10:26         413825545      114.370685    30.647635     114.370685    30.647635    5             231.2         231
2016-10-23 21:11:12         413825545      114.368617    30.646187     114.370685    30.647635    4.6           232.8         232
2016-10-23 21:11:48         413825545      114.368047    30.645848     114.368617    30.646187    4.4           236           236
2016-10-23 21:12:14         413825545      114.367435    30.64554      114.368047    30.645848    4.4           240.1         240
2016-10-23 21:12:57         413825545      114.366798    30.645233     114.367435    30.64554     4.4           240.9         240
2016-10-23 21:13:12         413825545      114.366165    30.64496      114.366798    30.645233    4.4           244.1         244
2016-10-23 21:13:46         413825545      114.366165    30.64496      114.366165    30.64496     4.4           244.1         244
2016-10-23 21:14:00         413825545      114.365267    30.644568     114.366165    30.64496     4.6           241.8         241
2016-10-23 21:14:30         413825545      114.364648    30.644252     114.365267    30.644568    4.6           238.9         238
2016-10-23 21:15:04         413825545      114.363965    30.643877     114.364648    30.644252    4.7           236.8         236
2016-10-23 21:16:03         413825545      114.362775    30.643142     114.363965    30.643877    4.6           233           233
2016-10-23 21:16:36         413825545      114.361987    30.642565     114.362775    30.643142    4.6           228.7         228
2016-10-23 21:17:14         413825545      114.361442    30.642132     114.361987    30.642565    4.6           226.9         226
2016-10-23 21:17:47         413825545      114.360933    30.64164      114.361442    30.642132    4.6           220.2         220
2016-10-23 21:18:22         413825545      114.360427    30.641188     114.360933    30.64164     4.5           227           227
2016-10-23 21:18:41         413825545      114.359858    30.640825     114.360427    30.641188    4.6           233.2         233
2016-10-23 21:20:19         413825545      114.358068    30.639618     114.359858    30.640825    4.8           230           230
2016-10-23 21:20:42         413825545      114.358068    30.639618     114.358068    30.639618    4.8           230           230
2016-10-23 21:20:58         413825545      114.357253    30.639048     114.358068    30.639618    4.7           230.9         230
2016-10-23 21:21:27         413825545      114.356647    30.638575     114.357253    30.639048    4.8           227.1         227
2016-10-23 21:21:50         413825545      114.356133    30.638125     114.356647    30.638575    4.7           223.8         223
2016-10-23 21:22:21         413825545      114.355603    30.637597     114.356133    30.638125    4.7           220.4         220
2016-10-23 21:23:03         413825545      114.355135    30.637088     114.355603    30.637597    4.7           218.2         218
2016-10-23 21:23:34         413825545      114.354498    30.636395     114.355135    30.637088    4.6           218.3         218
2016-10-23 21:24:08         413825545      114.354078    30.635915     114.354498    30.636395    4.5           216.6         216
2016-10-23 21:24:40         413825545      114.353657    30.635417     114.354078    30.635915    4.4           216.3         216
2016-10-23 21:25:58         413825545      114.352502    30.633942     114.353657    30.635417    4.1           215           215
2016-10-23 21:26:41         413825545      114.352113    30.633475     114.352502    30.633942    4             216.4         216
2016-10-23 21:27:17         413825545      114.351547    30.632938     114.352113    30.633475    3.8           222           222
2016-10-23 21:27:46         413825545      114.351145    30.632548     114.351547    30.632938    3.7           221.7         221
2016-10-23 21:28:22         413825545      114.35075     30.632177     114.351145    30.632548    3.6           223           223
2016-10-23 21:28:53         413825545      114.350318    30.631833     114.35075     30.632177    3.5           227.5         227
2016-10-23 21:29:26         413825545      114.34994     30.631505     114.350318    30.631833    3.5           223.9         223
2016-10-23 21:29:42         413825545      114.34954     30.63115      114.34994     30.631505    3.3           225.1         225
2016-10-23 21:30:32         413825545      114.348982    30.630752     114.34954     30.63115     3.3           232           232
2016-10-23 21:31:08         413825545      114.348535    30.630488     114.348982    30.630752    3.3           234.4         234
2016-10-23 21:31:40         413825545      114.348097    30.630217     114.348535    30.630488    3.2           234.6         234
2016-10-23 21:31:54         413825545      114.34772     30.629955     114.348097    30.630217    3.4           230.9         230
2016-10-23 21:32:39         413825545      114.347245    30.629635     114.34772     30.629955    3.6           232           232
2016-10-23 21:32:53         413825545      114.347245    30.629635     114.347245    30.629635    3.6           232           232
2016-10-23 21:33:07         413825545      114.346603    30.629185     114.347245    30.629635    3.8           229.6         229
2016-10-23 21:33:40         413825545      114.346113    30.628798     114.346603    30.629185    3.9           227.7         227
2016-10-23 21:34:06         413825545      114.345643    30.628458     114.346113    30.628798    4             230.2         230
2016-10-23 21:34:38         413825545      114.345165    30.628115     114.345643    30.628458    4             229.9         229
2016-10-23 21:35:05         413825545      114.344685    30.62777      114.345165    30.628115    4             230.4         230
2016-10-23 21:35:40         413825545      114.344685    30.62777      114.344685    30.62777     4             230.4         230
2016-10-23 21:35:58         413825545      114.343943    30.627278     114.344685    30.62777     4.1           234           234
2016-10-23 21:36:29         413825545      114.343245    30.626843     114.343943    30.627278    4.1           233.7         233
2016-10-23 21:36:55         413825545      114.342815    30.626565     114.343245    30.626843    4.2           232.8         232
2016-10-23 21:37:28         413825545      114.34228     30.626223     114.342815    30.626565    4.3           233.5         233
2016-10-23 21:38:05         413825545      114.341745    30.625892     114.34228     30.626223    4.2           234.5         234
2016-10-23 21:38:19         413825545      114.341175    30.625535     114.341745    30.625892    4.1           234           234
2016-10-23 21:39:03         413825545      114.34047     30.625097     114.341175    30.625535    3.9           234.2         234
2016-10-23 21:39:51         413825545      114.33984     30.624693     114.34047     30.625097    3.8           233.2         233
2016-10-23 21:41:34         413825545      114.337985    30.623478     114.33984     30.624693    3.8           236.3         236
2016-10-23 21:42:04         413825545      114.337457    30.623193     114.337985    30.623478    3.9           238.5         237
2016-10-23 21:42:40         413825545      114.337457    30.623193     114.337457    30.623193    3.9           238.5         237
2016-10-23 21:43:26         413825545      114.336185    30.62252      114.337457    30.623193    3.8           237.6         237
2016-10-23 21:44:33         413825545      114.335173    30.621905     114.336185    30.62252     3.8           233.9         233
2016-10-23 21:44:53         413825545      114.33468     30.621587     114.335173    30.621905    3.8           232.9         232
2016-10-23 21:45:24         413825545      114.33468     30.621587     114.33468     30.621587    3.8           232.9         232
2016-10-23 21:46:01         413825545      114.333565    30.620792     114.33468     30.621587    3.8           229           229
2016-10-23 21:46:30         413825545      114.333092    30.620422     114.333565    30.620792    3.8           227.4         227
2016-10-23 21:47:10         413825545      114.332663    30.62007      114.333092    30.620422    3.8           226.1         226
2016-10-23 21:47:29         413825545      114.332187    30.61966      114.332663    30.62007     4             224.9         224
2016-10-23 21:48:04         413825545      114.331743    30.619263     114.332187    30.61966     3.9           223.9         223
2016-10-23 21:48:32         413825545      114.331743    30.619263     114.331743    30.619263    3.9           223.9         223
2016-10-23 21:48:46         413825545      114.331143    30.618723     114.331743    30.619263    3.9           223.3         223
2016-10-23 21:49:24         413825545      114.33072     30.618328     114.331143    30.618723    4             222.5         222
2016-10-23 21:49:38         413825545      114.330283    30.61789      114.33072     30.618328    4             220.4         220
2016-10-23 21:50:12         413825545      114.329853    30.617465     114.330283    30.61789     4.1           221.2         221
2016-10-23 21:50:42         413825545      114.329392    30.617017     114.329853    30.617465    4             221.8         221
2016-10-23 21:51:17         413825545      114.329392    30.617017     114.329392    30.617017    4             221.8         221
2016-10-23 21:51:58         413825545      114.328325    30.616062     114.329392    30.617017    4.2           226.6         226
2016-10-23 21:52:22         413825545      114.327843    30.61566      114.328325    30.616062    4.2           225.2         225
2016-10-23 21:52:54         413825545      114.327377    30.615227     114.327843    30.61566     4.3           222.5         222
2016-10-23 21:53:26         413825545      114.326937    30.614795     114.327377    30.615227    4.3           220.9         220
2016-10-23 21:53:57         413825545      114.326937    30.614795     114.326937    30.614795    4.3           220.9         220
2016-10-23 21:54:14         413825545      114.326292    30.614137     114.326937    30.614795    4.3           220.1         220
2016-10-23 21:54:42         413825545      114.325863    30.613692     114.326292    30.614137    4.3           219.2         219
2016-10-23 21:55:13         413825545      114.325417    30.613208     114.325863    30.613692    4.3           218.3         218
2016-10-23 21:55:51         413825545      114.324978    30.61272      114.325417    30.613208    4.3           217           217
2016-10-23 21:56:06         413825545      114.324588    30.61225      114.324978    30.61272     4.3           215.1         215
2016-10-23 21:56:36         413825545      114.324223    30.611747     114.324588    30.61225     4.3           211.2         211
2016-10-23 21:57:12         413825545      114.324223    30.611747     114.324223    30.611747    4.3           211.2         211
2016-10-23 21:58:07         413825545      114.32347     30.610508     114.324223    30.611747    4.2           210.3         210
2016-10-23 21:58:26         413825545      114.323147    30.609982     114.32347     30.610508    4.1           207.9         207
2016-10-23 21:58:58         413825545      114.32279     30.609478     114.323147    30.609982    4.1           212.4         212
2016-10-23 21:59:22         413825545      114.322422    30.609023     114.32279     30.609478    4.1           215.2         215
2016-10-23 21:59:58         413825545      114.321855    30.608398     114.322422    30.609023    4.2           218.9         218
2016-10-23 22:00:28         413825545      114.321422    30.607922     114.321855    30.608398    4.2           217.6         217
2016-10-23 22:00:57         413825545      114.321017    30.607467     114.321422    30.607922    4.3           217.5         217
2016-10-23 22:02:45         413825545      114.319665    30.606093     114.321017    30.607467    4.3           221.3         221
2016-10-23 22:03:00         413825545      114.319183    30.60566      114.319665    30.606093    4.4           224.3         224
2016-10-23 22:03:33         413825545      114.319183    30.60566      114.319183    30.60566     4.4           224.3         224
2016-10-23 22:03:56         413825545      114.318473    30.605053     114.319183    30.60566     4.3           225.4         225
2016-10-23 22:04:10         413825545      114.317995    30.604628     114.318473    30.605053    4.2           223.6         223
2016-10-23 22:04:40         413825545      114.31755     30.604205     114.317995    30.604628    4.3           221.9         221
2016-10-23 22:05:19         413825545      114.317097    30.603753     114.31755     30.604205    4.3           220.6         220
2016-10-23 22:06:41         413825545      114.317097    30.603753     114.317097    30.603753    4.3           220.6         220
2016-10-23 22:06:54         413825545      114.315593    30.602187     114.317097    30.603753    4.3           219.6         219
2016-10-23 22:07:34         413825545      114.315185    30.601747     114.315593    30.602187    4.2           218.6         218
2016-10-23 22:07:50         413825545      114.314753    30.601283     114.315185    30.601747    4.3           218.9         218
2016-10-23 22:08:23         413825545      114.31432     30.600798     114.314753    30.601283    4.1           217.4         217
2016-10-23 22:08:52         413825545      114.313925    30.60037      114.31432     30.600798    4.3           218.6         218
2016-10-23 22:09:33         413825545      114.313338    30.599737     114.313925    30.60037     4.2           219.9         219
2016-10-23 22:10:04         413825545      114.312913    30.59927      114.313338    30.599737    4.1           216.3         216
2016-10-23 22:10:39         413825545      114.312582    30.598773     114.312913    30.59927     4.1           210           210
2016-10-23 22:11:13         413825545      114.312258    30.598297     114.312582    30.598773    4.1           210.7         210
2016-10-23 22:11:53         413825545      114.311917    30.597802     114.312258    30.598297    4.2           211.1         211
2016-10-23 22:12:10         413825545      114.311917    30.597802     114.311917    30.597802    4.2           211.1         211
2016-10-23 22:12:24         413825545      114.311458    30.597105     114.311917    30.597802    4.1           211           211
2016-10-23 22:12:59         413825545      114.311013    30.596663     114.311458    30.597105    4.1           223.7         223
2016-10-23 22:13:18         413825545      114.310523    30.596282     114.311013    30.596663    4.1           227.7         227
2016-10-23 22:13:51         413825545      114.310015    30.595873     114.310523    30.596282    4.2           227           227
2016-10-23 22:14:52         413825545      114.308985    30.595128     114.310015    30.595873    4.3           231.4         231
2016-10-23 22:15:30         413825545      114.308167    30.594682     114.308985    30.595128    4.4           238.3         238
2016-10-23 22:16:08         413825545      114.307498    30.594347     114.308167    30.594682    4.5           240.1         240
2016-10-23 22:16:48         413825545      114.306862    30.59403      114.307498    30.594347    4.5           239.4         239
2016-10-23 22:17:09         413825545      114.306298    30.593673     114.306862    30.59403     4.5           232.1         232
2016-10-23 22:17:28         413825545      114.305797    30.59323      114.306298    30.593673    4.4           222.7         222
2016-10-23 22:18:08         413825545      114.305797    30.59323      114.305797    30.59323     4.4           222.7         222
2016-10-23 22:19:02         413825545      114.305797    30.59323      114.305797    30.59323     4.4           222.7         222
2016-10-23 22:19:27         413825545      114.304352    30.591428     114.305797    30.59323     4.6           209.7         209
2016-10-23 22:19:47         413825545      114.30401     30.590907     114.304352    30.591428    4.6           209.3         209
2016-10-23 22:20:19         413825545      114.303632    30.590345     114.30401     30.590907    4.7           210.5         210
2016-10-23 22:20:42         413825545      114.30323     30.589767     114.303632    30.590345    4.7           210.5         210
2016-10-23 22:21:15         413825545      114.302862    30.589165     114.30323     30.589767    4.8           207.4         207
2016-10-23 22:21:59         413825545      114.3024      30.588365     114.302862    30.589165    4.8           205.5         205
2016-10-23 22:22:40         413825545      114.30206     30.587757     114.3024      30.588365    4.9           206           206
2016-10-23 22:22:59         413825545      114.301693    30.587173     114.30206     30.587757    4.8           208.5         208
2016-10-23 22:23:35         413825545      114.301315    30.586577     114.301693    30.587173    4.7           208.7         208
2016-10-23 22:25:42         413825545      114.299843    30.584282     114.301315    30.586577    4.7           210.2         210
2016-10-23 22:26:00         413825545      114.299843    30.584282     114.299843    30.584282    4.7           210.2         210
2016-10-23 22:26:15         413825545      114.299208    30.583308     114.299843    30.584282    4.7           209           209
2016-10-23 22:26:58         413825545      114.29895     30.582912     114.299208    30.583308    4.7           209.6         209
2016-10-23 22:27:17         413825545      114.298565    30.58239      114.29895     30.582912    4.6           212.6         212
2016-10-23 22:27:46         413825545      114.2982      30.581837     114.298565    30.58239     4.4           209.1         209
2016-10-23 22:28:11         413825545      114.297858    30.581307     114.2982      30.581837    4.5           209.5         209
2016-10-23 22:29:47         413825545      114.297858    30.581307     114.297858    30.581307    4.5           209.5         209
2016-10-23 22:30:21         413825545      114.29636     30.57887      114.297858    30.581307    4.5           207.1         207
2016-10-23 22:30:47         413825545      114.29602     30.578348     114.29636     30.57887     4.4           209.9         209
2016-10-23 22:31:22         413825545      114.29563     30.577795     114.29602     30.578348    4.3           211.7         211
2016-10-23 22:32:07         413825545      114.29526     30.577312     114.29563     30.577795    4.3           213.7         213
2016-10-23 22:32:24         413825545      114.29526     30.577312     114.29526     30.577312    4.3           213.7         213
2016-10-23 22:33:10         413825545      114.294345    30.576085     114.29526     30.577312    4.4           212.1         212
2016-10-23 22:33:27         413825545      114.293963    30.575548     114.294345    30.576085    4.4           211.3         211
2016-10-23 22:33:57         413825545      114.2936      30.575023     114.293963    30.575548    4.4           210.7         210
2016-10-23 22:34:34         413825545      114.293248    30.574493     114.2936      30.575023    4.4           209.8         209
2016-10-23 22:35:07         413825545      114.292908    30.57398      114.293248    30.574493    4.4           209.7         209
2016-10-23 22:35:33         413825545      114.292908    30.57398      114.292908    30.57398     4.4           209.7         209
2016-10-23 22:35:55         413825545      114.29242     30.57322      114.292908    30.57398     4.5           208.5         208
2016-10-23 22:36:56         413825545      114.291743    30.57211      114.29242     30.57322     4.5           207.4         207
2016-10-23 22:37:15         413825545      114.291383    30.571505     114.291743    30.57211     4.6           206.6         206
2016-10-23 22:37:46         413825545      114.291075    30.570958     114.291383    30.571505    4.5           206.8         206
2016-10-23 22:38:28         413825545      114.290527    30.57022      114.291075    30.570958    4.5           212.9         212
2016-10-23 22:38:58         413825545      114.290168    30.569668     114.290527    30.57022     4.4           208.8         208
2016-10-23 22:39:39         413825545      114.289825    30.569123     114.290168    30.569668    4.5           208.6         208
2016-10-23 22:39:52         413825545      114.289503    30.568605     114.289825    30.569123    4.5           208.1         208
2016-10-23 22:40:28         413825545      114.289162    30.56805      114.289503    30.568605    4.6           208.2         208
2016-10-23 22:41:04         413825545      114.28866     30.567257     114.289162    30.56805     4.5           208.6         208
2016-10-23 22:41:46         413825545      114.288315    30.566697     114.28866     30.567257    4.5           208           208
2016-10-23 22:42:04         413825545      114.287952    30.566165     114.288315    30.566697    4.5           211.1         211
2016-10-23 22:42:37         413825545      114.287522    30.565662     114.287952    30.566165    4.5           216.6         216
2016-10-23 22:43:19         413825545      114.287108    30.565155     114.287522    30.565662    4.5           215           215
2016-10-23 22:43:36         413825545      114.286783    30.564743     114.287108    30.565155    4.5           213.7         213
2016-10-23 22:43:50         413825545      114.286783    30.564743     114.286783    30.564743    4.5           213.7         213
2016-10-23 22:44:51         413825545      114.285892    30.56337      114.286783    30.564743    4.4           208.2         208
2016-10-23 22:45:30         413825545      114.285565    30.562827     114.285892    30.56337     4.4           207.3         207
2016-10-23 22:45:50         413825545      114.28523     30.56223      114.285565    30.562827    4.5           205.8         205
2016-10-23 22:46:54         413825545      114.284787    30.561372     114.28523     30.56223     4.5           203.5         203
2016-10-23 22:48:08         413825545      114.283997    30.55968      114.284787    30.561372    4.6           201.2         201
2016-10-23 22:48:44         413825545      114.283748    30.55907      114.283997    30.55968     4.6           198.5         198
2016-10-23 22:49:02         413825545      114.283517    30.558448     114.283748    30.55907     4.7           196.7         196
2016-10-23 22:49:45         413825545      114.283335    30.557807     114.283517    30.558448    4.8           193.3         193
2016-10-23 22:50:01         413825545      114.28322     30.557153     114.283335    30.557807    4.7           187.2         187
2016-10-23 22:50:41         413825545      114.282953    30.556288     114.28322     30.557153    4.5           197           197
2016-10-23 22:51:15         413825545      114.282748    30.555715     114.282953    30.556288    4.3           198.4         198
2016-10-23 22:52:11         413825545      114.28224     30.55463      114.282748    30.555715    4.1           202.3         202
2016-10-23 22:52:47         413825545      114.281963    30.554103     114.28224     30.55463     4.2           204.7         204
2016-10-23 22:53:13         413825545      114.281662    30.553602     114.281963    30.554103    4.1           208.4         208
2016-10-23 22:53:47         413825545      114.281662    30.553602     114.281662    30.553602    4.1           208.4         208
2016-10-23 22:54:03         413825545      114.281157    30.552962     114.281662    30.553602    4.1           216.5         216
2016-10-23 22:54:31         413825545      114.280698    30.552472     114.281157    30.552962    4.2           217.7         217
2016-10-23 22:55:09         413825545      114.280277    30.55199      114.280698    30.552472    4.2           217.5         217
2016-10-23 22:55:29         413825545      114.279823    30.55159      114.280277    30.55199     4.3           225.5         225
2016-10-23 22:55:56         413825545      114.279402    30.551132     114.279823    30.55159     4.2           214.6         214
2016-10-23 22:56:33         413825545      114.278908    30.550442     114.279402    30.551132    4.2           214           214
2016-10-23 22:56:46         413825545      114.278752    30.550277     114.278908    30.550442    4.2           217.7         217
2016-10-23 22:57:31         413825545      114.278365    30.549802     114.278752    30.550277    4.2           212.7         212
2016-10-23 22:58:20         413825545      114.277892    30.548978     114.278365    30.549802    4.1           206.8         206
2016-10-23 22:58:37         413825545      114.277567    30.54843      114.277892    30.548978    4.2           207           207
2016-10-23 22:59:11         413825545      114.277567    30.54843      114.277567    30.54843     4.2           207           207
2016-10-23 22:59:38         413825545      114.277193    30.547673     114.277567    30.54843     4.1           201.7         201
2016-10-23 23:00:34         413825545      114.276692    30.546647     114.277193    30.547673    4             202.9         202
2016-10-23 23:00:58         413825545      114.27648     30.546132     114.276692    30.546647    3.9           198.7         198
2016-10-23 23:01:19         413825545      114.27626     30.545635     114.27648     30.546132    3.8           202.2         202
2016-10-23 23:01:53         413825545      114.275992    30.54512      114.27626     30.545635    3.8           203.7         203
2016-10-23 23:02:35         413825545      114.275663    30.544473     114.275992    30.54512     3.8           203           203
2016-10-23 23:03:37         413825545      114.275143    30.543557     114.275663    30.544473    3.7           209.4         209
2016-10-23 23:04:11         413825545      114.274838    30.543093     114.275143    30.543557    3.7           208.7         208
2016-10-23 23:05:46         413825545      114.273972    30.541742     114.274838    30.543093    3.6           210.3         210
2016-10-23 23:06:10         413825545      114.273972    30.541742     114.273972    30.541742    3.6           210.3         210
2016-10-23 23:06:28         413825545      114.273585    30.541128     114.273972    30.541742    3.5           207.9         207
2016-10-23 23:06:47         413825545      114.273273    30.540702     114.273585    30.541128    3.5           212.8         212
2016-10-23 23:07:31         413825545      114.273003    30.540298     114.273273    30.540702    3.3           209           209
2016-10-23 23:07:50         413825545      114.272768    30.539885     114.273003    30.540298    3.3           206           206
2016-10-23 23:08:26         413825545      114.27253     30.539473     114.272768    30.539885    3.3           206.8         206
2016-10-23 23:08:49         413825545      114.27253     30.539473     114.27253     30.539473    3.3           206.8         206
2016-10-23 23:09:06         413825545      114.27253     30.539473     114.27253     30.539473    3.3           206.8         206
2016-10-23 23:10:08         413825545      114.271653    30.538087     114.27253     30.539473    3.3           210.8         210
2016-10-23 23:10:29         413825545      114.27136     30.53769      114.271653    30.538087    3.4           212.6         212
2016-10-23 23:11:07         413825545      114.271115    30.537285     114.27136     30.53769     3.3           206           206
2016-10-23 23:11:34         413825545      114.270837    30.536848     114.271115    30.537285    3.3           209.3         209
2016-10-23 23:13:16         413825545      114.269933    30.535587     114.270837    30.536848    3.1           213.3         213
2016-10-23 23:13:57         413825545      114.26963     30.53522      114.269933    30.535587    3.3           215.5         215
2016-10-23 23:14:21         413825545      114.269342    30.534875     114.26963     30.53522     3             215.3         215
2016-10-23 23:14:56         413825545      114.268985    30.534433     114.269342    30.534875    2.7           214.9         214
2016-10-23 23:15:38         413825545      114.268745    30.534103     114.268985    30.534433    2.9           211.4         211
2016-10-23 23:16:01         413825545      114.268475    30.533762     114.268745    30.534103    2.9           215.3         215
2016-10-23 23:16:36         413825545      114.268182    30.533442     114.268475    30.533762    3.1           218.8         218
2016-10-23 23:17:01         413825545      114.267855    30.533087     114.268182    30.533442    3             217.8         217
2016-10-23 23:17:25         413825545      114.267855    30.533087     114.267855    30.533087    3             217.8         217
2016-10-23 23:17:48         413825545      114.267418    30.532633     114.267855    30.533087    3.2           220.3         220
2016-10-23 23:18:56         413825545      114.2668      30.531902     114.267418    30.532633    3.3           214.3         214
2016-10-23 23:22:02         413825545      114.264967    30.529498     114.2668      30.531902    3.2           213.3         213
2016-10-23 23:22:21         413825545      114.264678    30.529102     114.264967    30.529498    3.3           212.3         212
2016-10-23 23:22:50         413825545      114.26442     30.528727     114.264678    30.529102    3.3           210.1         210
2016-10-23 23:24:33         413825545      114.26442     30.528727     114.26442     30.528727    3.3           210.1         210
2016-10-23 23:25:41         413825545      114.262958    30.526573     114.26442     30.528727    3.4           214.2         214
2016-10-23 23:26:44         413825545      114.262385    30.525787     114.262958    30.526573    3.5           210.2         210
2016-10-23 23:27:09         413825545      114.262385    30.525787     114.262385    30.525787    3.5           210.2         210
2016-10-23 23:27:48         413825545      114.261658    30.524825     114.262385    30.525787    3.5           214.2         214
2016-10-23 23:29:51         413825545      114.260332    30.523128     114.261658    30.524825    3.7           214           214
2016-10-23 23:30:28         413825545      114.259833    30.52256      114.260332    30.523128    3.7           217.7         217
2016-10-23 23:31:17         413825545      114.259447    30.522137     114.259833    30.52256     3.7           218.6         218
2016-10-23 23:32:11         413825545      114.258735    30.521278     114.259447    30.522137    3.8           214.5         214
2016-10-23 23:32:33         413825545      114.258378    30.520837     114.258735    30.521278    3.9           215.1         215
2016-10-23 23:33:11         413825545      114.258378    30.520837     114.258378    30.520837    3.9           215.1         215
2016-10-23 23:33:48         413825545      114.257493    30.519802     114.258378    30.520837    3.9           216.2         216
2016-10-23 23:34:06         413825545      114.257132    30.519348     114.257493    30.519802    4             214.4         214
2016-10-23 23:34:43         413825545      114.256785    30.518898     114.257132    30.519348    3.9           213.9         213
2016-10-23 23:35:25         413825545      114.256513    30.518552     114.256785    30.518898    3.9           214.2         214
2016-10-23 23:35:44         413825545      114.256513    30.518552     114.256513    30.518552    3.9           214.2         214
2016-10-23 23:36:03         413825545      114.255875    30.517842     114.256513    30.518552    3.9           218.1         218
2016-10-23 23:37:32         413825545      114.254672    30.516555     114.255875    30.517842    3.9           218.9         218
2016-10-23 23:37:59         413825545      114.25429     30.516138     114.254672    30.516555    4             218           218
2016-10-23 23:38:36         413825545      114.253863    30.515688     114.25429     30.516138    3.9           219.5         219
2016-10-23 23:39:51         413825545      114.25304     30.514608     114.253863    30.515688    4             210.8         210
2016-10-23 23:40:32         413825545      114.252377    30.51364      114.25304     30.514608    3.9           211           211
2016-10-23 23:41:20         413825545      114.252055    30.513218     114.252377    30.51364     3.9           213.8         213
2016-10-23 23:41:55         413825545      114.25154     30.512578     114.252055    30.513218    3.9           215.3         215
2016-10-23 23:43:02         413825545      114.250775    30.511732     114.25154     30.512578    3.9           219.5         219
2016-10-23 23:43:23         413825545      114.250345    30.511285     114.250775    30.511732    4.1           219.3         219
2016-10-23 23:43:50         413825545      114.249948    30.510835     114.250345    30.511285    4.1           216.1         216
2016-10-23 23:44:14         413825545      114.249948    30.510835     114.249948    30.510835    4.1           216.1         216
2016-10-23 23:44:29         413825545      114.249447    30.510212     114.249948    30.510835    4             215.4         215
2016-10-23 23:45:13         413825545      114.249053    30.509787     114.249447    30.510212    4.1           220           220
2016-10-23 23:47:05         413825545      114.247592    30.508112     114.249053    30.509787    4             214.5         214
2016-10-23 23:48:26         413825545      114.247592    30.508112     114.247592    30.508112    4             214.5         214
2016-10-23 23:48:43         413825545      114.246158    30.506373     114.247592    30.508112    4.2           213.5         213
2016-10-23 23:49:31         413825545      114.245793    30.505888     114.246158    30.506373    4.3           213.3         213
2016-10-23 23:49:56         413825545      114.245373    30.505385     114.245793    30.505888    4.2           216.2         216
2016-10-23 23:50:57         413825545      114.244598    30.50448      114.245373    30.505385    4.2           216.2         216
2016-10-23 23:53:03         413825545      114.242683    30.502453     114.244598    30.50448     4.2           221.4         221
2016-10-23 23:53:44         413825545      114.242252    30.501985     114.242683    30.502453    4.2           217.6         217
2016-10-23 23:54:05         413825545      114.241737    30.501325     114.242252    30.501985    4.2           211.5         211
2016-10-23 23:57:07         413825545      114.240042    30.49819      114.241737    30.501325    4.1           197.8         197
2016-10-23 23:59:07         413825545      114.239408    30.49632      114.240042    30.49819     3.9           195.5         195
2016-10-23 23:59:27         413825545      114.239218    30.495857     114.239408    30.49632     3.6           200.5         200
2016-10-23 23:59:45         413825545      114.238987    30.495452     114.239218    30.495857    3.5           207.5         207
