2016-10-21 12:58:39         413802117      114.55077     30.644755     114.5523      30.640493    4.7           340.4         340
2016-10-21 13:16:02         413802117      114.540208    30.665982     114.54093     30.663818    4.3           347.3         347
2016-10-21 13:18:27         413802117      114.539395    30.668548     114.540208    30.665982    4.3           332.3         332
2016-10-21 13:20:20         413802117      114.537765    30.670833     114.539395    30.668548    4.4           331.1         331
2016-10-21 13:28:53         413802117      114.529942    30.677672     114.533073    30.675853    4.3           302.4         302
2016-10-21 13:30:10         413802117      114.52869     30.678632     114.529942    30.677672    4.5           317.6         317
2016-10-21 13:31:14         413802117      114.527688    30.679483     114.52869     30.678632    4.5           309.8         309
2016-10-21 13:33:59         413802117      114.524473    30.681517     114.527688    30.679483    4.4           310           310
2016-10-21 13:34:33         413802117      114.52387     30.68193      114.524473    30.681517    4.4           308.8         308
2016-10-21 13:36:34         413802117      114.521853    30.682915     114.52387     30.68193     4.2           293.1         293
2016-10-21 13:38:32         413802117      114.518527    30.683853     114.521853    30.682915    4.4           292.1         292
2016-10-21 13:39:49         413802117      114.516975    30.684417     114.518527    30.683853    4.4           292.4         292
2016-10-21 13:41:57         413802117      114.514343    30.685462     114.516975    30.684417    4.5           294.7         294
2016-10-21 13:43:00         413802117      114.512582    30.68597      114.514343    30.685462    4.6           289.4         289
2016-10-21 13:43:27         413802117      114.511912    30.686118     114.512582    30.68597     4.6           283.4         283
2016-10-21 13:43:54         413802117      114.511183    30.686268     114.511912    30.686118    4.6           284.6         284
2016-10-21 13:44:30         413802117      114.510448    30.686432     114.511183    30.686268    4.7           284.8         284
2016-10-21 13:44:57         413802117      114.509707    30.686592     114.510448    30.686432    4.8           284.2         284
2016-10-21 13:45:46         413802117      114.508388    30.686855     114.509707    30.686592    4.7           281.9         281
2016-10-21 13:46:33         413802117      114.507582    30.68694      114.508388    30.686855    4.7           276.2         276
2016-10-21 13:48:28         413802117      114.504937    30.687157     114.507582    30.68694     4.7           268.5         268
2016-10-21 13:49:23         413802117      114.503063    30.687152     114.504937    30.687157    5             268.4         268
2016-10-21 13:49:47         413802117      114.502285    30.68714      114.503063    30.687152    4.8           268.6         268
2016-10-21 13:50:51         413802117      114.500713    30.687135     114.502285    30.68714     4.9           266.3         266
2016-10-21 13:52:24         413802117      114.498968    30.687132     114.500713    30.687135    4.9           269           269
2016-10-21 13:53:19         413802117      114.497305    30.68703      114.498968    30.687132    4.8           266.2         266
2016-10-21 13:55:23         413802117      114.49379     30.686637     114.497305    30.68703     5.2           261.2         261
2016-10-21 13:55:55         413802117      114.492975    30.68649      114.49379     30.686637    5             258.2         258
2016-10-21 13:57:06         413802117      114.49128     30.686243     114.492975    30.68649     5.4           258.5         258
2016-10-21 13:57:57         413802117      114.489338    30.685775     114.49128     30.686243    5.4           251.8         251
2016-10-21 13:58:38         413802117      114.48835     30.685518     114.489338    30.685775    5.6           252.9         252
2016-10-21 14:00:02         413802117      114.486025    30.684608     114.48835     30.685518    5.4           244.7         244
2016-10-21 14:00:46         413802117      114.485183    30.684318     114.486025    30.684608    5.5           249.6         249
2016-10-21 14:01:40         413802117      114.483265    30.683763     114.485183    30.684318    5.5           248.9         248
2016-10-21 14:02:11         413802117      114.482387    30.683448     114.483265    30.683763    5.7           247.3         247
2016-10-21 14:03:52         413802117      114.479478    30.682447     114.482387    30.683448    5.8           246.3         246
2016-10-21 14:04:19         413802117      114.478403    30.682118     114.479478    30.682447    6.3           251.5         251
2016-10-21 14:05:34         413802117      114.476508    30.681365     114.478403    30.682118    6.1           241.6         241
2016-10-21 14:06:00         413802117      114.47569     30.68098      114.476508    30.681365    5.9           241.1         241
2016-10-21 14:07:08         413802117      114.473948    30.68019      114.47569     30.68098     6             242.5         242
2016-10-21 14:08:02         413802117      114.471832    30.679458     114.473948    30.68019     5.9           249.8         249
2016-10-21 14:09:14         413802117      114.470902    30.679132     114.471832    30.679458    6             247.5         247
2016-10-21 14:10:38         413802117      114.470902    30.679132     114.470902    30.679132    6             247.5         247
2016-10-21 14:17:43         413802117      114.455257    30.673727     114.45837     30.674622    6.1           245.1         245
2016-10-21 14:21:10         413802117      114.44863     30.670848     114.455257    30.673727    5.4           245.4         245
2016-10-21 14:22:22         413802117      114.447233    30.670225     114.44863     30.670848    4.5           246.8         246
2016-10-21 14:22:49         413802117      114.446278    30.669895     114.447233    30.670225    4.2           251.5         251
2016-10-21 14:23:18         413802117      114.445588    30.66972      114.446278    30.669895    4.4           251.6         251
2016-10-21 14:24:01         413802117      114.444992    30.669532     114.445588    30.66972     4             251.6         251
2016-10-21 14:25:26         413802117      114.442807    30.669233     114.444992    30.669532    3.9           265.9         265
2016-10-21 14:26:42         413802117      114.441485    30.669232     114.442807    30.669233    4.1           272.4         272
2016-10-21 14:28:21         413802117      114.438907    30.669375     114.441485    30.669232    5.3           284.6         284
2016-10-21 14:29:18         413802117      114.437132    30.669818     114.438907    30.669375    5.4           286.7         286
2016-10-21 14:30:24         413802117      114.435718    30.670228     114.437132    30.669818    4.6           281.7         281
2016-10-21 14:31:18         413802117      114.434105    30.67015      114.435718    30.670228    5.2           264.4         264
2016-10-21 14:32:24         413802117      114.432208    30.669915     114.434105    30.67015     5.7           258.3         258
2016-10-21 14:33:16         413802117      114.430065    30.669608     114.432208    30.669915    5.1           261.5         261
2016-10-21 14:33:46         413802117      114.429322    30.66945      114.430065    30.669608    4.8           256.4         256
2016-10-21 14:34:24         413802117      114.428452    30.669187     114.429322    30.66945     4.6           247.8         247
2016-10-21 14:34:55         413802117      114.427798    30.668967     114.428452    30.669187    4.5           248.5         248
2016-10-21 14:36:59         413802117      114.425       30.66798      114.427798    30.668967    4.5           246           246
2016-10-21 14:37:54         413802117      114.424182    30.66769      114.425       30.66798     4             247.9         247
2016-10-21 14:38:33         413802117      114.423127    30.66716      114.424182    30.66769     4.6           242.2         242
2016-10-21 14:39:29         413802117      114.423127    30.66716      114.423127    30.66716     4.6           242.2         242
2016-10-21 14:40:37         413802117      114.420665    30.666267     114.423127    30.66716     4.8           247.7         247
2016-10-21 14:41:42         413802117      114.41927     30.665792     114.420665    30.666267    4.5           250.7         250
2016-10-21 14:42:50         413802117      114.41927     30.665792     114.41927     30.665792    4.5           250.7         250
2016-10-21 14:43:53         413802117      114.416443    30.664905     114.41927     30.665792    4.5           247           247
2016-10-21 14:44:23         413802117      114.415148    30.664397     114.416443    30.664905    4.3           247.3         247
2016-10-21 14:45:13         413802117      114.414453    30.664153     114.415148    30.664397    4.6           246.6         246
2016-10-21 14:45:45         413802117      114.413527    30.66378      114.414453    30.664153    4.4           244.6         244
2016-10-21 14:46:12         413802117      114.412662    30.663475     114.413527    30.66378     4.6           247.9         247
2016-10-21 14:46:38         413802117      114.412245    30.663315     114.412662    30.663475    4.3           245.8         245
2016-10-21 14:47:56         413802117      114.410938    30.66271      114.412245    30.663315    4.2           240.3         240
2016-10-21 14:48:49         413802117      114.409555    30.662222     114.410938    30.66271     4.1           248           248
2016-10-21 14:49:33         413802117      114.408888    30.661957     114.409555    30.662222    4.3           244.8         244
2016-10-21 14:50:59         413802117      114.407065    30.661257     114.408888    30.661957    4.1           239.6         239
2016-10-21 14:51:32         413802117      114.406317    30.660927     114.407065    30.661257    4             241.6         241
2016-10-21 14:52:29         413802117      114.405202    30.660503     114.406317    30.660927    3.5           252.4         252
2016-10-21 14:52:55         413802117      114.404707    30.6603       114.405202    30.660503    3.5           242.2         242
2016-10-21 14:53:40         413802117      114.404148    30.660088     114.404707    30.6603      3.6           246.7         246
2016-10-21 14:54:38         413802117      114.402782    30.659582     114.404148    30.660088    3.7           253.5         253
2016-10-21 14:55:06         413802117      114.402243    30.65949      114.402782    30.659582    3.3           258.5         258
2016-10-21 14:55:43         413802117      114.401777    30.65934      114.402243    30.65949     3             249.2         249
2016-10-21 14:56:13         413802117      114.401298    30.659193     114.401777    30.65934     3.2           253.2         253
2016-10-21 14:56:38         413802117      114.401298    30.659193     114.401298    30.659193    3.2           253.2         253
2016-10-21 14:57:40         413802117      114.399982    30.65888      114.401298    30.659193    3.8           247.2         247
2016-10-21 14:59:40         413802117      114.397563    30.658537     114.399982    30.65888     4.2           267.9         267
2016-10-21 15:01:05         413802117      114.395423    30.658528     114.397563    30.658537    4.5           267.4         267
2016-10-21 15:02:06         413802117      114.393873    30.658495     114.395423    30.658528    4.5           266.1         266
2016-10-21 15:02:34         413802117      114.39315     30.65842      114.393873    30.658495    4.4           263           263
2016-10-21 15:03:02         413802117      114.392437    30.65831      114.39315     30.65842     4.7           259.4         259
2016-10-21 15:03:39         413802117      114.39163     30.658142     114.392437    30.65831     4.6           255.7         255
2016-10-21 15:04:08         413802117      114.390687    30.657865     114.39163     30.658142    4.9           248.3         248
2016-10-21 15:04:34         413802117      114.389923    30.657635     114.390687    30.657865    4.8           250.4         250
2016-10-21 15:05:04         413802117      114.389213    30.657388     114.389923    30.657635    4.8           249           249
2016-10-21 15:05:50         413802117      114.38847     30.657095     114.389213    30.657388    5             244.7         244
2016-10-21 15:07:10         413802117      114.386282    30.656175     114.38847     30.657095    5             244.7         244
2016-10-21 15:07:54         413802117      114.385277    30.655733     114.386282    30.656175    5.2           242.3         242
2016-10-21 15:08:26         413802117      114.384553    30.655423     114.385277    30.655733    5.1           243.1         243
2016-10-21 15:08:56         413802117      114.383753    30.655085     114.384553    30.655423    5.3           244.8         244
2016-10-21 15:09:24         413802117      114.382953    30.654815     114.383753    30.655085    5.3           247.2         247
2016-10-21 15:10:08         413802117      114.38218     30.654497     114.382953    30.654815    5.3           243.9         243
2016-10-21 15:11:09         413802117      114.380513    30.653537     114.38218     30.654497    5.3           231.4         231
2016-10-21 15:11:37         413802117      114.379808    30.653138     114.380513    30.653537    5.5           237.1         237
2016-10-21 15:12:20         413802117      114.379008    30.652648     114.379808    30.653138    5.6           236.5         236
2016-10-21 15:13:16         413802117      114.377645    30.6519       114.379008    30.652648    5             238.9         238
2016-10-21 15:13:45         413802117      114.376578    30.65131      114.377645    30.6519      5.6           237.2         237
2016-10-21 15:14:28         413802117      114.375845    30.65099      114.376578    30.65131     5             246.2         246
2016-10-21 15:15:28         413802117      114.374213    30.650375     114.375845    30.65099     5.6           244.4         244
2016-10-21 15:16:36         413802117      114.372362    30.649633     114.374213    30.650375    5.4           244.7         244
2016-10-21 15:17:03         413802117      114.371613    30.64928      114.372362    30.649633    5.4           241.3         241
2016-10-21 15:17:28         413802117      114.370925    30.648945     114.371613    30.64928     4.9           241.2         241
2016-10-21 15:17:57         413802117      114.370183    30.648575     114.370925    30.648945    5.4           239.9         239
2016-10-21 15:18:38         413802117      114.36934     30.64813      114.370183    30.648575    5.4           239.1         239
2016-10-21 15:19:31         413802117      114.368683    30.647787     114.36934     30.64813     5.3           238           238
2016-10-21 15:20:34         413802117      114.366957    30.646732     114.368683    30.647787    5.3           232.4         232
2016-10-21 15:21:24         413802117      114.365602    30.645798     114.366957    30.646732    5.4           230.6         230
2016-10-21 15:22:28         413802117      114.364042    30.6447       114.365602    30.645798    5.1           231.2         231
2016-10-21 15:22:58         413802117      114.363427    30.644262     114.364042    30.6447      5             229.8         229
2016-10-21 15:23:26         413802117      114.36278     30.643812     114.363427    30.644262    5.3           232.5         232
2016-10-21 15:25:03         413802117      114.36093     30.642582     114.36278     30.643812    4.5           232.5         232
2016-10-21 15:25:53         413802117      114.35947     30.641552     114.36093     30.642582    5.5           231.9         231
2016-10-21 15:26:38         413802117      114.35861     30.640942     114.35947     30.641552    5.9           229.1         229
2016-10-21 15:27:12         413802117      114.358045    30.640457     114.35861     30.640942    4.9           225.9         225
2016-10-21 15:27:36         413802117      114.357438    30.63998      114.358045    30.640457    5.1           228.2         228
2016-10-21 15:27:59         413802117      114.356835    30.639455     114.357438    30.63998     5             224.3         224
2016-10-21 15:28:36         413802117      114.356277    30.638957     114.356835    30.639455    5             223.1         223
2016-10-21 15:29:07         413802117      114.356277    30.638957     114.356277    30.638957    5             223.1         223
2016-10-21 15:30:44         413802117      114.354433    30.637292     114.356277    30.638957    4.8           224.1         224
2016-10-21 15:31:15         413802117      114.353333    30.63615      114.354433    30.637292    5.1           220.4         220
2016-10-21 15:32:02         413802117      114.352633    30.635468     114.353333    30.63615     5.1           219.4         219
2016-10-21 15:33:42         413802117      114.35117     30.634007     114.352633    30.635468    4.8           219.7         219
2016-10-21 15:34:45         413802117      114.35        30.632927     114.35117     30.634007    4.4           226.1         226
2016-10-21 15:35:19         413802117      114.349483    30.6325       114.35        30.632927    4.3           225.7         225
2016-10-21 15:35:50         413802117      114.349017    30.632072     114.349483    30.6325      4.7           222.6         222
2016-10-21 15:36:59         413802117      114.348067    30.631272     114.349017    30.632072    3.8           228.5         228
2016-10-21 15:37:59         413802117      114.346848    30.630263     114.348067    30.631272    4.5           226.4         226
2016-10-21 15:38:27         413802117      114.346333    30.629833     114.346848    30.630263    4.5           225.3         225
2016-10-21 15:39:08         413802117      114.34583     30.62939      114.346333    30.629833    4.5           224.1         224
2016-10-21 15:40:03         413802117      114.344837    30.628472     114.34583     30.62939     4.6           225.8         225
2016-10-21 15:40:36         413802117      114.344022    30.627862     114.344837    30.628472    4.8           228.9         228
2016-10-21 15:41:24         413802117      114.343483    30.627477     114.344022    30.627862    4.6           230.2         230
2016-10-21 15:42:22         413802117      114.342402    30.62665      114.343483    30.627477    4.7           228.4         228
2016-10-21 15:44:00         413802117      114.340713    30.625405     114.342402    30.62665     4.1           229.1         229
2016-10-21 15:44:52         413802117      114.339335    30.624452     114.340713    30.625405    4.9           231.6         231
2016-10-21 15:45:35         413802117      114.33846     30.623907     114.339335    30.624452    4.5           235.4         235
2016-10-21 15:46:03         413802117      114.337818    30.623565     114.33846     30.623907    4.7           238.2         238
2016-10-21 15:47:38         413802117      114.33604     30.622635     114.337818    30.623565    5.1           238.6         238
2016-10-21 15:48:37         413802117      114.334562    30.621745     114.33604     30.622635    4.7           232.2         232
2016-10-21 15:49:04         413802117      114.334015    30.621318     114.334562    30.621745    5             226.6         226
2016-10-21 15:49:43         413802117      114.333422    30.62081      114.334015    30.621318    5             225.3         225
2016-10-21 15:51:10         413802117      114.33156     30.61916      114.333422    30.62081     5.3           223           223
2016-10-21 15:52:18         413802117      114.330308    30.618007     114.33156     30.61916     5.2           222.6         222
2016-10-21 15:52:45         413802117      114.329747    30.61748      114.330308    30.618007    4.8           222.7         222
2016-10-21 15:53:11         413802117      114.329188    30.616983     114.329747    30.61748     5.2           224           224
2016-10-21 15:53:51         413802117      114.328617    30.616462     114.329188    30.616983    5.1           223.1         223
2016-10-21 15:54:49         413802117      114.32738     30.61538      114.328617    30.616462    4.4           224.3         224
2016-10-21 15:55:58         413802117      114.326872    30.614905     114.32738     30.61538     4.3           221.8         221
2016-10-21 15:56:49         413802117      114.325553    30.613463     114.326872    30.614905    4.4           215.7         215
2016-10-21 15:57:53         413802117      114.324623    30.612517     114.325553    30.613463    4.4           223.1         223
2016-10-21 15:58:22         413802117      114.32416     30.6121       114.324623    30.612517    4.1           224.4         224
2016-10-21 15:59:15         413802117      114.323523    30.611485     114.32416     30.6121      4.3           223           223
2016-10-21 16:00:31         413802117      114.322758    30.610542     114.323523    30.611485    4.2           212.7         212
2016-10-21 16:01:19         413802117      114.322138    30.609533     114.322758    30.610542    4.1           205.4         205
2016-10-21 16:01:55         413802117      114.321665    30.608813     114.322138    30.609533    4.3           208.8         208
2016-10-21 16:02:26         413802117      114.321275    30.608277     114.321665    30.608813    4.5           212.4         212
2016-10-21 16:02:51         413802117      114.320865    30.607743     114.321275    30.608277    4.5           213.9         213
2016-10-21 16:03:16         413802117      114.320468    30.607315     114.320865    30.607743    4.3           218           218
2016-10-21 16:03:57         413802117      114.320002    30.606852     114.320468    30.607315    4.4           221.7         221
2016-10-21 16:04:26         413802117      114.319443    30.606292     114.320002    30.606852    4.3           220.1         220
2016-10-21 16:05:24         413802117      114.318877    30.605715     114.319443    30.606292    4.5           218.1         218
2016-10-21 16:06:07         413802117      114.317948    30.604822     114.318877    30.605715    4.4           223.8         223
2016-10-21 16:06:33         413802117      114.317528    30.604303     114.317948    30.604822    4.3           213.9         213
2016-10-21 16:07:15         413802117      114.317168    30.603837     114.317528    30.604303    4.3           213.9         213
2016-10-21 16:07:51         413802117      114.31664     30.603157     114.317168    30.603837    4.1           213.5         213
2016-10-21 16:08:13         413802117      114.316298    30.602702     114.31664     30.603157    3.8           212.1         212
2016-10-21 16:08:59         413802117      114.31596     30.602262     114.316298    30.602702    4.2           213.5         213
2016-10-21 16:10:04         413802117      114.314952    30.601348     114.31596     30.602262    4.4           227.1         227
2016-10-21 16:10:30         413802117      114.314102    30.600807     114.314952    30.601348    4.8           237.1         237
2016-10-21 16:10:52         413802117      114.313538    30.600542     114.314102    30.600807    4             241.7         241
2016-10-21 16:11:33         413802117      114.312955    30.600217     114.313538    30.600542    4.3           235.2         235
2016-10-21 16:11:59         413802117      114.312417    30.599822     114.312955    30.600217    4.4           228           228
2016-10-21 16:12:24         413802117      114.311907    30.59928      114.312417    30.599822    4.9           219.1         219
2016-10-21 16:13:25         413802117      114.311213    30.598615     114.311907    30.59928     4.7           222.5         222
2016-10-21 16:14:20         413802117      114.310277    30.597568     114.311213    30.598615    4.8           216.2         216
2016-10-21 16:14:44         413802117      114.309828    30.597032     114.310277    30.597568    4.9           215.7         215
2016-10-21 16:15:18         413802117      114.309338    30.596452     114.309828    30.597032    4.8           215.4         215
2016-10-21 16:15:45         413802117      114.308877    30.595937     114.309338    30.596452    5.1           217.8         217
2016-10-21 16:16:06         413802117      114.308877    30.595937     114.308877    30.595937    5.1           217.8         217
2016-10-21 16:17:07         413802117      114.30778     30.594613     114.308877    30.595937    4.7           217.9         217
2016-10-21 16:17:56         413802117      114.306708    30.593593     114.30778     30.594613    5             224.5         224
2016-10-21 16:18:16         413802117      114.30611     30.593108     114.306708    30.593593    5.1           227.5         227
2016-10-21 16:18:54         413802117      114.30611     30.593108     114.30611     30.593108    5.1           227.5         227
2016-10-21 16:19:41         413802117      114.304812    30.591917     114.30611     30.593108    4.6           217.5         217
2016-10-21 16:20:03         413802117      114.30432     30.591345     114.304812    30.591917    5.1           214.5         214
2016-10-21 16:20:40         413802117      114.303868    30.590743     114.30432     30.591345    5.1           213.6         213
2016-10-21 16:21:02         413802117      114.303505    30.590132     114.303868    30.590743    4.9           205.1         205
2016-10-21 16:21:44         413802117      114.303112    30.58932      114.303505    30.590132    5.2           203.8         203
2016-10-21 16:22:25         413802117      114.302662    30.588553     114.303112    30.58932     5.3           206.3         206
2016-10-21 16:22:56         413802117      114.302252    30.587875     114.302662    30.588553    5.3           207.1         207
2016-10-21 16:23:21         413802117      114.301885    30.587267     114.302252    30.587875    5.3           207.6         207
2016-10-21 16:23:42         413802117      114.301457    30.586638     114.301885    30.587267    5.1           210.5         210
2016-10-21 16:24:19         413802117      114.30106     30.586023     114.301457    30.586638    5.1           208.1         208
2016-10-21 16:25:06         413802117      114.300517    30.585047     114.30106     30.586023    5.5           205.1         205
2016-10-21 16:25:31         413802117      114.30017     30.584388     114.300517    30.585047    5.2           204.8         204
2016-10-21 16:26:01         413802117      114.299783    30.583763     114.30017     30.584388    5.4           208           208
2016-10-21 16:26:22         413802117      114.299357    30.583112     114.299783    30.583763    5.3           209.7         209
2016-10-21 16:27:06         413802117      114.298867    30.58249      114.299357    30.583112    5.3           214.3         214
2016-10-21 16:27:39         413802117      114.298218    30.58164      114.298867    30.58249     5.1           212.8         212
2016-10-21 16:28:05         413802117      114.297797    30.581048     114.298218    30.58164     5.2           211.5         211
2016-10-21 16:28:46         413802117      114.297332    30.580413     114.297797    30.581048    5.2           212.9         212
2016-10-21 16:29:20         413802117      114.296885    30.579833     114.297332    30.580413    4.9           215.3         215
2016-10-21 16:29:44         413802117      114.296435    30.579197     114.296885    30.579833    5             211.3         211
2016-10-21 16:30:04         413802117      114.296435    30.579197     114.296435    30.579197    5             211.3         211
2016-10-21 16:31:03         413802117      114.295335    30.577878     114.296435    30.579197    5.1           215.5         215
2016-10-21 16:31:25         413802117      114.294937    30.577353     114.295335    30.577878    4.5           214.3         214
2016-10-21 16:31:45         413802117      114.294508    30.576772     114.294937    30.577353    4.8           212.8         212
2016-10-21 16:32:37         413802117      114.294083    30.576198     114.294508    30.576772    4.6           213.1         213
2016-10-21 16:34:24         413802117      114.292757    30.574292     114.294083    30.576198    4.9           207.8         207
2016-10-21 16:35:31         413802117      114.291652    30.572397     114.292757    30.574292    5.1           209.1         209
2016-10-21 16:36:25         413802117      114.291082    30.571577     114.291652    30.572397    5             210.6         210
2016-10-21 16:38:13         413802117      114.289855    30.569335     114.291082    30.571577    4.2           206.3         206
2016-10-21 16:38:53         413802117      114.289635    30.568773     114.289855    30.569335    4.1           197.7         197
2016-10-21 16:39:28         413802117      114.28938     30.568195     114.289635    30.568773    4.1           201.7         201
2016-10-21 16:39:54         413802117      114.28938     30.568195     114.28938     30.568195    4.1           201.7         201
2016-10-21 16:41:13         413802117      114.288595    30.566585     114.28938     30.568195    3.4           203.5         203
2016-10-21 16:43:10         413802117      114.287648    30.565087     114.288595    30.566585    3.1           216.4         216
2016-10-21 16:43:30         413802117      114.287383    30.564672     114.287648    30.565087    3.6           208.7         208
2016-10-21 16:43:52         413802117      114.287092    30.564182     114.287383    30.564672    3.8           207.2         207
2016-10-21 16:45:02         413802117      114.286457    30.562948     114.287092    30.564182    4.3           206           206
2016-10-21 16:45:54         413802117      114.28615     30.562393     114.286457    30.562948    4.5           205.5         205
2016-10-21 16:46:35         413802117      114.285467    30.561312     114.28615     30.562393    4.1           210.3         210
2016-10-21 16:47:28         413802117      114.285147    30.560835     114.285467    30.561312    4.2           208.7         208
2016-10-21 16:47:52         413802117      114.284712    30.560097     114.285147    30.560835    4.3           205.2         205
2016-10-21 16:48:16         413802117      114.284335    30.559578     114.284712    30.560097    4.1           216.1         216
2016-10-21 16:49:26         413802117      114.283732    30.558505     114.284335    30.559578    4.5           203.3         203
2016-10-21 16:49:48         413802117      114.283457    30.55794      114.283732    30.558505    4.6           200.8         200
2016-10-21 16:50:40         413802117      114.28316     30.557095     114.283457    30.55794     4.5           195.9         195
2016-10-21 16:51:01         413802117      114.282943    30.556497     114.28316     30.557095    4.3           198.3         198
2016-10-21 16:51:32         413802117      114.282723    30.555955     114.282943    30.556497    4.1           199.1         199
2016-10-21 16:52:42         413802117      114.282303    30.554902     114.282723    30.555955    4             201.4         201
2016-10-21 16:53:39         413802117      114.282303    30.554902     114.282303    30.554902    4             201.4         201
2016-10-21 16:54:17         413802117      114.281413    30.55305      114.282303    30.554902    4.4           210.8         210
2016-10-21 16:55:10         413802117      114.280842    30.552472     114.281413    30.55305     5.8           221.7         221
2016-10-21 16:55:49         413802117      114.279965    30.551415     114.280842    30.552472    4.9           211.6         211
2016-10-21 16:56:41         413802117      114.279422    30.550597     114.279965    30.551415    4.9           210.1         210
2016-10-21 16:57:21         413802117      114.27874     30.54938      114.279422    30.550597    5             205.6         205
2016-10-21 16:58:23         413802117      114.278035    30.548162     114.27874     30.54938     4.5           208.3         208
2016-10-21 16:58:58         413802117      114.278035    30.548162     114.278035    30.548162    4.5           208.3         208
2016-10-21 16:59:54         413802117      114.277178    30.546655     114.278035    30.548162    4.9           206.5         206
2016-10-21 17:00:13         413802117      114.276757    30.546092     114.277178    30.546655    4.7           213.7         213
2016-10-21 17:01:27         413802117      114.276028    30.545017     114.276757    30.546092    4.4           208.4         208
2016-10-21 17:04:48         413802117      114.2757      30.544505     114.276028    30.545017    3.9           206.6         206
2016-10-21 17:05:35         413802117      114.27333     30.540567     114.2757      30.544505    4.3           210.4         210
2016-10-21 17:06:31         413802117      114.272633    30.53962      114.27333     30.540567    3.8           208.4         208
