2016-10-18 19:29:32         413775217      114.283318    30.55127      114.28114     30.547293    6.5           25.3          25
2016-10-18 19:30:07         413775217      114.283708    30.551977     114.283318    30.55127     5.5           25.7          25
2016-10-18 19:31:53         413775217      114.285177    30.55445      114.283708    30.551977    5             26.1          26
2016-10-18 19:33:33         413775217      114.286515    30.55654      114.285177    30.55445     5.6           26.7          26
2016-10-18 19:34:07         413775217      114.286803    30.557297     114.286515    30.55654     5.2           9             9
2016-10-18 19:34:23         413775217      114.286803    30.557297     114.286803    30.557297    5.2           9             9
2016-10-18 19:34:43         413775217      114.2868      30.558182     114.286803    30.557297    3.9           346.7         346
2016-10-18 19:35:00         413775217      114.286648    30.55859      114.2868      30.558182    2.5           340.2         340
2016-10-18 19:35:38         413775217      114.286648    30.55859      114.286648    30.55859     2.5           340.2         340
2016-10-18 19:36:41         413775217      114.286102    30.559378     114.286648    30.55859     2.7           322.4         322
2016-10-18 19:37:14         413775217      114.285798    30.559697     114.286102    30.559378    3.1           318.8         318
2016-10-18 19:37:52         413775217      114.285452    30.560033     114.285798    30.559697    3.1           318.6         318
2016-10-18 19:38:10         413775217      114.285155    30.560363     114.285452    30.560033    2.7           321.8         321
2016-10-18 19:39:14         413775217      114.284598    30.56095      114.285155    30.560363    2.3           321.3         321
2016-10-18 19:39:48         413775217      114.284598    30.56095      114.284598    30.56095     2.3           321.3         321
2016-10-18 19:43:40         413775217      114.283473    30.561712     114.284598    30.56095     0.1           0             0
2016-10-18 19:48:21         413775217      114.285742    30.5592       114.28499     30.55896     5             57.8          57
2016-10-18 19:49:23         413775217      114.286957    30.560262     114.285742    30.5592      5.9           34.1          34
2016-10-18 19:50:23         413775217      114.288102    30.561807     114.286957    30.560262    6.8           32.1          32
2016-10-18 19:50:56         413775217      114.288712    30.562615     114.288102    30.561807    6.9           33.2          33
2016-10-18 19:52:55         413775217      114.291257    30.565795     114.288712    30.562615    6.8           35.1          35
2016-10-18 19:53:23         413775217      114.291893    30.566577     114.291257    30.565795    6.8           35.4          35
2016-10-18 19:54:25         413775217      114.293162    30.568135     114.291893    30.566577    6.8           35.1          35
2016-10-18 19:54:56         413775217      114.2938      30.568917     114.293162    30.568135    6.9           35.9          35
2016-10-18 19:56:55         413775217      114.2938      30.568917     114.2938      30.568917    6.9           35.9          35
2016-10-18 19:58:15         413775217      114.297922    30.574023     114.2938      30.568917    7.1           34.6          34
2016-10-18 19:59:31         413775217      114.299917    30.576525     114.297922    30.574023    7.2           34.2          34
2016-10-18 20:00:01         413775217      114.3006      30.577392     114.299917    30.576525    7.2           34            34
2016-10-18 20:00:33         413775217      114.301258    30.57823      114.3006      30.577392    7.2           34            34
2016-10-18 20:01:06         413775217      114.301917    30.579082     114.301258    30.57823     7.3           32.9          32
2016-10-18 20:01:35         413775217      114.302567    30.579945     114.301917    30.579082    7.4           32            32
2016-10-18 20:02:05         413775217      114.303208    30.58082      114.302567    30.579945    7.4           32.3          32
2016-10-18 20:02:34         413775217      114.303848    30.581697     114.303208    30.58082     7.4           31.8          31
2016-10-18 20:03:09         413775217      114.304492    30.582575     114.303848    30.581697    7.4           32            32
2016-10-18 20:03:42         413775217      114.305145    30.583492     114.304492    30.582575    7.5           31.3          31
2016-10-18 20:04:14         413775217      114.305753    30.584348     114.305145    30.583492    7.4           31.5          31
2016-10-18 20:04:53         413775217      114.306385    30.585235     114.305753    30.584348    7.5           31.7          31
2016-10-18 20:05:09         413775217      114.307017    30.586125     114.306385    30.585235    7.5           31.6          31
2016-10-18 20:05:43         413775217      114.307657    30.587017     114.307017    30.586125    7.4           31.4          31
2016-10-18 20:06:13         413775217      114.308298    30.587908     114.307657    30.587017    7.5           31.2          31
2016-10-18 20:06:47         413775217      114.308932    30.588808     114.308298    30.587908    7.5           31            31
2016-10-18 20:07:19         413775217      114.3098      30.590045     114.308932    30.588808    7.5           30.9          30
2016-10-18 20:07:53         413775217      114.310425    30.590957     114.3098      30.590045    7.5           30.4          30
2016-10-18 20:08:21         413775217      114.311048    30.591867     114.310425    30.590957    7.5           30.7          30
2016-10-18 20:09:24         413775217      114.312302    30.59372      114.311048    30.591867    7.5           31.6          31
2016-10-18 20:09:57         413775217      114.312945    30.594605     114.312302    30.59372     7.5           32.4          32
2016-10-18 20:10:28         413775217      114.313593    30.59548      114.312945    30.594605    7.4           32.8          32
2016-10-18 20:10:49         413775217      114.31423     30.596362     114.313593    30.59548     7.4           31.5          31
2016-10-18 20:11:25         413775217      114.314847    30.59725      114.31423     30.596362    7.4           31.4          31
2016-10-18 20:11:58         413775217      114.31546     30.598143     114.314847    30.59725     7.4           30.3          30
2016-10-18 20:12:26         413775217      114.316083    30.59903      114.31546     30.598143    7.4           32.2          32
2016-10-18 20:13:01         413775217      114.316725    30.5999       114.316083    30.59903     7.3           33.1          33
2016-10-18 20:13:19         413775217      114.317358    30.600767     114.316725    30.5999      7.4           32.3          32
2016-10-18 20:13:53         413775217      114.318002    30.60164      114.317358    30.600767    7.4           32.5          32
2016-10-18 20:14:29         413775217      114.318648    30.602513     114.318002    30.60164     7.4           32.6          32
2016-10-18 20:14:43         413775217      114.319303    30.603382     114.318648    30.602513    7.4           33.9          33
2016-10-18 20:15:17         413775217      114.319995    30.604228     114.319303    30.603382    7.4           35.8          35
2016-10-18 20:15:52         413775217      114.320703    30.605062     114.319995    30.604228    7.4           36.1          36
2016-10-18 20:16:28         413775217      114.321412    30.605882     114.320703    30.605062    7.4           37.4          37
2016-10-18 20:16:49         413775217      114.322152    30.606697     114.321412    30.605882    7.3           38.1          38
2016-10-18 20:17:25         413775217      114.323087    30.607682     114.322152    30.606697    7.4           40.7          40
2016-10-18 20:17:55         413775217      114.324025    30.608582     114.323087    30.607682    7.4           42.8          42
2016-10-18 20:18:40         413775217      114.324788    30.609282     114.324025    30.608582    7.4           43.2          43
2016-10-18 20:19:28         413775217      114.326432    30.61083      114.324788    30.609282    7.4           42.5          42
2016-10-18 20:20:01         413775217      114.327295    30.611642     114.326432    30.61083     7.4           42.6          42
2016-10-18 20:20:32         413775217      114.32806     30.61234      114.327295    30.611642    7.4           43.9          43
2016-10-18 20:21:10         413775217      114.328957    30.613128     114.32806     30.61234     7.4           44.9          44
2016-10-18 20:21:29         413775217      114.329757    30.613808     114.328957    30.613128    7.5           46.3          46
2016-10-18 20:22:03         413775217      114.330698    30.614575     114.329757    30.613808    7.5           47.2          47
2016-10-18 20:22:37         413775217      114.331535    30.615238     114.330698    30.614575    7.5           47.6          47
2016-10-18 20:23:12         413775217      114.332492    30.616003     114.331535    30.615238    7.6           46.8          46
2016-10-18 20:23:28         413775217      114.333322    30.616692     114.332492    30.616003    7.6           46.1          46
2016-10-18 20:24:00         413775217      114.334203    30.617438     114.333322    30.616692    7.6           45.2          45
2016-10-18 20:24:36         413775217      114.33511     30.618218     114.334203    30.617438    7.7           45.3          45
2016-10-18 20:25:12         413775217      114.335997    30.618972     114.33511     30.618218    7.7           45.4          45
2016-10-18 20:25:32         413775217      114.336898    30.61973      114.335997    30.618972    7.8           45.8          45
2016-10-18 20:26:35         413775217      114.338742    30.621247     114.336898    30.61973     7.9           47.1          47
2016-10-18 20:27:07         413775217      114.339682    30.621988     114.338742    30.621247    7.9           47.2          47
2016-10-18 20:27:40         413775217      114.340987    30.62303      114.339682    30.621988    7.9           46.5          46
2016-10-18 20:28:12         413775217      114.341917    30.623785     114.340987    30.62303     7.9           46.9          46
2016-10-18 20:28:49         413775217      114.34286     30.624545     114.341917    30.623785    8             47.6          47
2016-10-18 20:29:24         413775217      114.343817    30.625295     114.34286     30.624545    8             48.4          48
2016-10-18 20:29:41         413775217      114.344795    30.626043     114.343817    30.625295    8             48.8          48
2016-10-18 20:30:14         413775217      114.345783    30.626782     114.344795    30.626043    8.1           49.9          49
2016-10-18 20:31:19         413775217      114.347808    30.628232     114.345783    30.626782    8.2           50.2          50
2016-10-18 20:31:53         413775217      114.348823    30.62896      114.347808    30.628232    8.1           49.6          49
2016-10-18 20:32:11         413775217      114.349843    30.629688     114.348823    30.62896     8.2           50.7          50
2016-10-18 20:32:40         413775217      114.350863    30.630423     114.349843    30.629688    8.2           49.7          49
2016-10-18 20:33:17         413775217      114.351898    30.631158     114.350863    30.630423    8.3           50.4          50
2016-10-18 20:33:44         413775217      114.352942    30.63189      114.351898    30.631158    8.3           51.4          51
2016-10-18 20:34:10         413775217      114.35404     30.63264      114.352942    30.63189     8.4           51.5          51
2016-10-18 20:34:40         413775217      114.355077    30.633342     114.35404     30.63264     8.4           51.4          51
2016-10-18 20:35:13         413775217      114.356145    30.634063     114.355077    30.633342    8.4           51.6          51
2016-10-18 20:35:43         413775217      114.357225    30.6348       114.356145    30.634063    8.5           51.4          51
2016-10-18 20:36:15         413775217      114.358297    30.635545     114.357225    30.6348      8.5           50.5          50
2016-10-18 20:36:43         413775217      114.359363    30.636298     114.358297    30.635545    8.5           50.5          50
2016-10-18 20:37:17         413775217      114.360435    30.637047     114.359363    30.636298    8.5           51.4          51
2016-10-18 20:37:45         413775217      114.361808    30.637977     114.360435    30.637047    8.4           52            52
2016-10-18 20:38:31         413775217      114.362982    30.638782     114.361808    30.637977    8.4           52.4          52
2016-10-18 20:39:01         413775217      114.364083    30.639533     114.362982    30.638782    8.4           51.5          51
2016-10-18 20:39:35         413775217      114.365072    30.640222     114.364083    30.639533    8.4           51.1          51
2016-10-18 20:39:49         413775217      114.366155    30.64099      114.365072    30.640222    8.3           50.3          50
2016-10-18 20:40:21         413775217      114.367193    30.641727     114.366155    30.64099     8.3           49.2          49
2016-10-18 20:40:54         413775217      114.368193    30.642538     114.367193    30.641727    8.2           45.6          45
2016-10-18 20:41:59         413775217      114.370153    30.644082     114.368193    30.642538    8.4           50.6          50
2016-10-18 20:42:35         413775217      114.37125     30.644818     114.370153    30.644082    8.3           53.3          53
2016-10-18 20:42:49         413775217      114.372255    30.645447     114.37125     30.644818    8.2           54.7          54
2016-10-18 20:43:39         413775217      114.373387    30.646117     114.372255    30.645447    8.1           56.7          56
2016-10-18 20:43:56         413775217      114.374497    30.646725     114.373387    30.646117    8.1           58.4          58
2016-10-18 20:44:24         413775217      114.375667    30.647323     114.374497    30.646725    8.1           59.7          59
2016-10-18 20:44:59         413775217      114.37678     30.647848     114.375667    30.647323    8.1           61.9          61
2016-10-18 20:45:31         413775217      114.377945    30.648368     114.37678     30.647848    8.1           62.7          62
2016-10-18 20:45:51         413775217      114.379153    30.648907     114.377945    30.648368    8.2           63.2          63
2016-10-18 20:46:23         413775217      114.380368    30.64944      114.379153    30.648907    8.1           63.4          63
2016-10-18 20:47:37         413775217      114.38265     30.650422     114.380368    30.64944     8.1           63.8          63
2016-10-18 20:47:49         413775217      114.38265     30.650422     114.38265     30.650422    8.1           63.8          63
2016-10-18 20:48:08         413775217      114.38432     30.651108     114.38265     30.650422    8.1           64.7          64
2016-10-18 20:48:33         413775217      114.385507    30.651587     114.38432     30.651108    8             65.5          65
2016-10-18 20:49:01         413775217      114.38673     30.652065     114.385507    30.651587    8             65.7          65
2016-10-18 20:49:34         413775217      114.387908    30.652525     114.38673     30.652065    7.9           65.6          65
2016-10-18 20:50:06         413775217      114.389042    30.652973     114.387908    30.652525    7.9           64.9          64
2016-10-18 20:50:33         413775217      114.390198    30.65344      114.389042    30.652973    7.9           66            66
2016-10-18 20:51:06         413775217      114.391412    30.65389      114.390198    30.65344     8             67.3          67
2016-10-18 20:51:39         413775217      114.3926      30.654302     114.391412    30.65389     8             68.1          68
2016-10-18 20:52:12         413775217      114.393753    30.654697     114.3926      30.654302    8             68.2          68
2016-10-18 20:52:42         413775217      114.395002    30.65512      114.393753    30.654697    8             68.5          68
2016-10-18 20:53:15         413775217      114.39617     30.655508     114.395002    30.65512     7.9           69.6          69
2016-10-18 20:53:45         413775217      114.3974      30.655933     114.39617     30.655508    7.9           67.1          67
2016-10-18 20:54:19         413775217      114.39853     30.656363     114.3974      30.655933    7.9           66.2          66
2016-10-18 20:54:35         413775217      114.399712    30.656805     114.39853     30.656363    8             67.8          67
2016-10-18 20:55:05         413775217      114.400852    30.657228     114.399712    30.656805    8             68.3          68
2016-10-18 20:56:14         413775217      114.403343    30.658055     114.400852    30.657228    8             68.7          68
2016-10-18 20:56:46         413775217      114.404512    30.658447     114.403343    30.658055    8             68.4          68
2016-10-18 20:57:32         413775217      114.406903    30.659303     114.404512    30.658447    7.9           67.5          67
2016-10-18 20:58:02         413775217      114.406903    30.659303     114.406903    30.659303    7.9           67.5          67
2016-10-18 20:58:18         413775217      114.408423    30.659832     114.406903    30.659303    7.9           68.1          68
2016-10-18 20:58:52         413775217      114.409823    30.660317     114.408423    30.659832    7.9           68.4          68
2016-10-18 20:59:58         413775217      114.412177    30.661133     114.409823    30.660317    7.9           68.5          68
2016-10-18 21:01:29         413775217      114.415732    30.662448     114.412177    30.661133    7.9           64.3          64
2016-10-18 21:02:19         413775217      114.417973    30.663413     114.415732    30.662448    7.9           64.3          64
2016-10-18 21:02:54         413775217      114.419132    30.663885     114.417973    30.663413    7.9           65.5          65
2016-10-18 21:03:24         413775217      114.420355    30.664313     114.419132    30.663885    7.9           68.7          68
2016-10-18 21:03:56         413775217      114.421505    30.664675     114.420355    30.664313    7.8           70.6          70
2016-10-18 21:04:25         413775217      114.422697    30.665025     114.421505    30.664675    7.8           71.7          71
2016-10-18 21:05:14         413775217      114.425105    30.665683     114.422697    30.665025    7.8           72.5          72
2016-10-18 21:05:42         413775217      114.426357    30.666028     114.425105    30.665683    7.8           72.5          72
2016-10-18 21:06:13         413775217      114.427567    30.66637      114.426357    30.666028    7.8           71.1          71
2016-10-18 21:06:44         413775217      114.428772    30.66674      114.427567    30.66637     7.9           69.6          69
2016-10-18 21:07:47         413775217      114.431142    30.667493     114.428772    30.66674     7.9           69.4          69
2016-10-18 21:08:20         413775217      114.432623    30.667955     114.431142    30.667493    7.9           69.7          69
2016-10-18 21:09:06         413775217      114.43402     30.668412     114.432623    30.667955    7.9           69            69
2016-10-18 21:09:37         413775217      114.43522     30.668803     114.43402     30.668412    7.9           69.5          69
2016-10-18 21:10:27         413775217      114.43757     30.669583     114.43522     30.668803    7.9           68.9          68
2016-10-18 21:11:26         413775217      114.440002    30.670407     114.43757     30.669583    7.9           68.7          68
2016-10-18 21:12:00         413775217      114.4412      30.670808     114.440002    30.670407    7.9           68.6          68
2016-10-18 21:12:30         413775217      114.442353    30.671205     114.4412      30.670808    7.9           68            68
2016-10-18 21:12:55         413775217      114.443618    30.671655     114.442353    30.671205    8             67.4          67
2016-10-18 21:14:13         413775217      114.446007    30.672452     114.443618    30.671655    8.2           67            67
2016-10-18 21:14:28         413775217      114.447313    30.67293      114.446007    30.672452    8.2           66.5          66
2016-10-18 21:14:58         413775217      114.44848     30.673378     114.447313    30.67293     8.1           65.8          65
2016-10-18 21:16:00         413775217      114.4508      30.674275     114.44848     30.673378    7.9           65.9          65
2016-10-18 21:16:31         413775217      114.452055    30.674742     114.4508      30.674275    7.9           66.3          66
2016-10-18 21:16:58         413775217      114.453185    30.675163     114.452055    30.674742    7.8           66.7          66
2016-10-18 21:17:32         413775217      114.45434     30.675607     114.453185    30.675163    7.8           66.4          66
2016-10-18 21:18:33         413775217      114.456977    30.676628     114.45434     30.675607    7.9           65.3          65
2016-10-18 21:19:47         413775217      114.459382    30.677612     114.456977    30.676628    7.8           64.6          64
2016-10-18 21:21:22         413775217      114.462795    30.678962     114.459382    30.677612    7.7           66.1          66
2016-10-18 21:21:39         413775217      114.463968    30.679405     114.462795    30.678962    7.7           67.1          67
2016-10-18 21:23:37         413775217      114.468573    30.680985     114.463968    30.679405    7.7           70            70
2016-10-18 21:24:07         413775217      114.469752    30.681357     114.468573    30.680985    7.8           69.4          69
2016-10-18 21:24:37         413775217      114.470967    30.681757     114.469752    30.681357    7.8           68.7          68
2016-10-18 21:26:50         413775217      114.475712    30.683232     114.470967    30.681757    7.7           71.5          71
2016-10-18 21:27:23         413775217      114.47692     30.683595     114.475712    30.683232    7.6           69.6          69
2016-10-18 21:28:53         413775217      114.480692    30.684728     114.47692     30.683595    7.7           73.3          73
2016-10-18 21:29:26         413775217      114.482045    30.68507      114.480692    30.684728    7.7           74.5          74
2016-10-18 21:29:56         413775217      114.483273    30.685368     114.482045    30.68507     7.6           73.3          73
2016-10-18 21:30:26         413775217      114.484442    30.685692     114.483273    30.685368    7.5           70.5          70
2016-10-18 21:31:27         413775217      114.486713    30.686403     114.484442    30.685692    7.6           69.6          69
2016-10-18 21:31:56         413775217      114.487893    30.686755     114.486713    30.686403    7.7           72.5          72
2016-10-18 21:32:52         413775217      114.49033     30.687285     114.487893    30.686755    7.8           79.1          79
2016-10-18 21:33:26         413775217      114.491575    30.687475     114.49033     30.687285    7.7           81.7          81
2016-10-18 21:34:31         413775217      114.49411     30.687773     114.491575    30.687475    7.8           83.4          83
2016-10-18 21:34:52         413775217      114.495353    30.68789      114.49411     30.687773    7.7           83.9          83
2016-10-18 21:35:24         413775217      114.496567    30.687987     114.495353    30.68789     7.8           85            85
2016-10-18 21:37:54         413775217      114.502862    30.688112     114.496567    30.687987    7.8           92.6          92
2016-10-18 21:38:58         413775217      114.502862    30.688112     114.502862    30.688112    7.8           92.6          92
2016-10-18 21:41:09         413775217      114.51069     30.68702      114.502862    30.688112    7.4           104.7         104
2016-10-18 21:44:18         413775217      114.517788    30.68516      114.51069     30.68702     7.8           108.9         108
2016-10-18 21:49:07         413775217      114.529817    30.680577     114.52853     30.681417    8.1           129.1         129
2016-10-18 21:58:21         413775217      114.543813    30.663423     114.537882    30.672705    8.6           159           159
2016-10-18 21:59:56         413775217      114.54563     30.659597     114.543813    30.663423    8.8           155.1         155
2016-10-18 22:01:55         413775217      114.548033    30.655147     114.54563     30.659597    8.7           155           155
2016-10-18 22:03:35         413775217      114.549782    30.651848     114.548033    30.655147    8.5           155.8         155
2016-10-18 22:07:32         413775217      114.554288    30.643195     114.549782    30.651848    8.5           155.1         155
2016-10-18 22:08:28         413775217      114.555403    30.641047     114.554288    30.643195    8.4           156.2         156
2016-10-18 22:09:25         413775217      114.555403    30.641047     114.555403    30.641047    8.4           156.2         156
