2016-10-20 15:35:22         413781327      114.1428      30.37548      114.139147    30.371693    8             43.3          12
2016-10-20 15:35:43         413781327      114.143027    30.375697     114.1428      30.37548     8             43.2          12
2016-10-20 15:36:36         413781327      114.14424     30.376803     114.143027    30.375697    8             43.2          12
2016-10-20 15:39:16         413781327      114.149227    30.381307     114.14424     30.376803    7.8           45.8          12
2016-10-20 15:40:34         413781327      114.151947    30.383563     114.149227    30.381307    7.9           44.4          12
2016-10-20 15:41:22         413781327      114.152813    30.384357     114.151947    30.383563    7.8           42.7          12
2016-10-20 15:42:06         413781327      114.154227    30.385693     114.152813    30.384357    7.8           41.6          12
2016-10-20 15:43:45         413781327      114.157133    30.388603     114.154227    30.385693    7.8           41.3          12
2016-10-20 15:45:00         413781327      114.1594      30.390973     114.157133    30.388603    7.9           39            12
2016-10-20 15:45:22         413781327      114.159867    30.391457     114.1594      30.390973    7.9           39            12
2016-10-20 15:45:45         413781327      114.160373    30.392003     114.159867    30.391457    7.9           38.6          12
2016-10-20 15:46:42         413781327      114.161533    30.393283     114.160373    30.392003    8             37.4          12
2016-10-20 15:47:05         413781327      114.16248     30.394393     114.161533    30.393283    8             37.1          12
2016-10-20 15:49:36         413781327      114.16628     30.399347     114.16248     30.394393    7.9           27.3          12
2016-10-20 15:57:10         413781327      114.174733    30.41444      114.173053    30.410927    8.1           22.2          12
2016-10-20 15:57:32         413781327      114.175067    30.415137     114.174733    30.41444     8             22.2          12
2016-10-20 15:59:22         413781327      114.17684     30.418567     114.175067    30.415137    8.1           23.5          12
2016-10-20 15:59:55         413781327      114.177747    30.420317     114.17684     30.418567    8             25.2          12
2016-10-20 16:02:07         413781327      114.180213    30.424813     114.177747    30.420317    8.1           26.1          12
2016-10-20 16:02:27         413781327      114.180573    30.425457     114.180213    30.424813    8             26.2          12
2016-10-20 16:03:21         413781327      114.181493    30.42705      114.180573    30.425457    8.1           27.7          12
2016-10-20 16:04:31         413781327      114.183147    30.429697     114.181493    30.42705     8.1           28.8          12
2016-10-20 16:05:00         413781327      114.183573    30.4304       114.183147    30.429697    8.1           28.9          12
2016-10-20 16:07:16         413781327      114.18664     30.434983     114.183573    30.4304      8             33.3          12
2016-10-20 16:07:42         413781327      114.187293    30.43582      114.18664     30.434983    8             34.2          12
2016-10-20 16:08:42         413781327      114.188333    30.43716      114.187293    30.43582     8.1           33.2          12
2016-10-20 16:09:53         413781327      114.190453    30.439903     114.188333    30.43716     8.2           35.5          12
2016-10-20 16:10:53         413781327      114.191547    30.441207     114.190453    30.439903    8.2           36.3          12
2016-10-20 16:11:37         413781327      114.19308     30.442997     114.191547    30.441207    8.2           37.1          12
2016-10-20 16:12:05         413781327      114.193893    30.443913     114.19308     30.442997    8.3           37.3          12
2016-10-20 16:14:02         413781327      114.19704     30.447467     114.193893    30.443913    8.2           37.2          12
2016-10-20 16:14:42         413781327      114.198147    30.448747     114.19704     30.447467    8.1           37.6          12
2016-10-20 16:15:16         413781327      114.198933    30.449617     114.198147    30.448747    8.1           38.8          12
2016-10-20 16:15:39         413781327      114.199787    30.450483     114.198933    30.449617    8.1           40            12
2016-10-20 16:15:57         413781327      114.200347    30.451063     114.199787    30.450483    8.1           40.5          12
2016-10-20 16:16:47         413781327      114.201573    30.452267     114.200347    30.451063    8.1           40.8          12
2016-10-20 16:17:13         413781327      114.202053    30.452753     114.201573    30.452267    8.2           41.2          12
2016-10-20 16:18:20         413781327      114.204373    30.455103     114.202053    30.452753    8.2           39.4          12
2016-10-20 16:19:04         413781327      114.205573    30.456277     114.204373    30.455103    8.2           42.6          12
2016-10-20 16:19:25         413781327      114.206147    30.45681      114.205573    30.456277    8.3           43.3          12
2016-10-20 16:20:11         413781327      114.20736     30.457917     114.206147    30.45681     8.4           42.4          12
2016-10-20 16:20:30         413781327      114.208267    30.458783     114.20736     30.457917    8.5           42            12
2016-10-20 16:20:51         413781327      114.208893    30.45937      114.208267    30.458783    8.5           42.5          12
2016-10-20 16:21:17         413781327      114.209293    30.459747     114.208893    30.45937     8.6           42.6          12
2016-10-20 16:21:43         413781327      114.210493    30.460873     114.209293    30.459747    8.7           42.7          12
2016-10-20 16:22:02         413781327      114.211147    30.461457     114.210493    30.460873    8.7           44.1          12
2016-10-20 16:22:28         413781327      114.211947    30.462157     114.211147    30.461457    8.8           44.6          12
2016-10-20 16:23:27         413781327      114.214       30.46401      114.211947    30.462157    8.8           42            12
2016-10-20 16:24:38         413781327      114.21584     30.4658       114.214       30.46401     8.6           40.5          12
2016-10-20 16:25:41         413781327      114.21808     30.46799      114.21584     30.4658      8.6           41            12
2016-10-20 16:26:08         413781327      114.21896     30.46882      114.21808     30.46799     8.6           41.5          12
2016-10-20 16:26:31         413781327      114.21964     30.469483     114.21896     30.46882     8.6           41.2          12
2016-10-20 16:26:51         413781327      114.220147    30.47         114.21964     30.469483    8.6           40.6          12
2016-10-20 16:27:40         413781327      114.221133    30.471013     114.220147    30.47        8.6           40.2          12
2016-10-20 16:28:03         413781327      114.221947    30.471847     114.221133    30.471013    8.6           40.1          12
2016-10-20 16:28:24         413781327      114.222947    30.472853     114.221947    30.471847    8.6           40.4          12
2016-10-20 16:29:35         413781327      114.224667    30.474633     114.222947    30.472853    8.6           39.9          12
2016-10-20 16:29:57         413781327      114.225547    30.475563     114.224667    30.474633    8.6           38.3          12
2016-10-20 16:30:20         413781327      114.226427    30.476587     114.225547    30.475563    8.6           36.5          12
2016-10-20 16:30:48         413781327      114.22664     30.476843     114.226427    30.476587    8.5           36.7          12
2016-10-20 16:31:35         413781327      114.228347    30.478807     114.22664     30.476843    8.6           36.5          12
2016-10-20 16:32:24         413781327      114.22972     30.48039      114.228347    30.478807    8.5           36.8          12
2016-10-20 16:33:05         413781327      114.230773    30.48163      114.22972     30.48039     8.5           36.4          12
2016-10-20 16:33:26         413781327      114.231253    30.482203     114.230773    30.48163     8.5           36            12
2016-10-20 16:33:55         413781327      114.23232     30.483397     114.231253    30.482203    8.4           38.1          12
2016-10-20 16:34:22         413781327      114.23264     30.483767     114.23232     30.483397    8.4           38.3          12
2016-10-20 16:34:48         413781327      114.23376     30.485007     114.23264     30.483767    8.4           37.3          12
2016-10-20 16:36:05         413781327      114.23564     30.487243     114.23376     30.485007    8.4           33.6          12
2016-10-20 16:36:48         413781327      114.236627    30.488547     114.23564     30.487243    8.3           33.8          12
2016-10-20 16:37:40         413781327      114.23784     30.490047     114.236627    30.488547    8.4           35.7          12
2016-10-20 16:37:59         413781327      114.238667    30.491027     114.23784     30.490047    8.4           35.4          12
2016-10-20 16:38:21         413781327      114.238947    30.491377     114.238667    30.491027    8.4           35.3          12
2016-10-20 16:39:09         413781327      114.24048     30.49323      114.238947    30.491377    8.4           37            12
2016-10-20 16:39:28         413781327      114.24108     30.49393      114.24048     30.49323     8.4           35.1          12
2016-10-20 16:39:46         413781327      114.24136     30.494283     114.24108     30.49393     8.4           35.2          12
2016-10-20 16:40:13         413781327      114.242147    30.495243     114.24136     30.494283    8.4           34.9          12
2016-10-20 16:40:36         413781327      114.242867    30.49615      114.242147    30.495243    8.4           34.6          12
2016-10-20 16:40:57         413781327      114.24344     30.496857     114.242867    30.49615     8.4           35            12
2016-10-20 16:41:17         413781327      114.243987    30.497533     114.24344     30.496857    8.4           35.2          12
2016-10-20 16:41:48         413781327      114.244707    30.49839      114.243987    30.497533    8.4           35.5          12
2016-10-20 16:42:16         413781327      114.245547    30.499413     114.244707    30.49839     8.4           36.1          12
2016-10-20 16:42:38         413781327      114.24604     30.499977     114.245547    30.499413    8.4           36.8          12
2016-10-20 16:43:00         413781327      114.246547    30.500567     114.24604     30.499977    8.4           36.8          12
2016-10-20 16:43:27         413781327      114.247347    30.50151      114.246547    30.500567    8.3           35.6          12
2016-10-20 16:43:55         413781327      114.247347    30.50151      114.247347    30.50151     8.3           35.6          12
2016-10-20 16:45:06         413781327      114.24988     30.504577     114.247347    30.50151     8.5           37.2          12
2016-10-20 16:45:30         413781327      114.250747    30.50554      114.24988     30.504577    8.1           38.7          12
2016-10-20 16:45:52         413781327      114.251293    30.50614      114.250747    30.50554     8             38.4          12
2016-10-20 16:46:11         413781327      114.251533    30.506403     114.251293    30.50614     8             38.4          12
2016-10-20 16:46:43         413781327      114.252573    30.507597     114.251533    30.506403    8             35.6          12
2016-10-20 16:47:08         413781327      114.25328     30.508433     114.252573    30.507597    7.9           36.7          12
2016-10-20 16:47:30         413781327      114.253827    30.50906      114.25328     30.508433    8             36.3          12
2016-10-20 16:47:51         413781327      114.254307    30.509633     114.253827    30.50906     8             35.2          12
2016-10-20 16:48:25         413781327      114.255173    30.510687     114.254307    30.509633    7.9           35.3          12
2016-10-20 16:48:52         413781327      114.25584     30.511513     114.255173    30.510687    7.9           34.8          12
2016-10-20 16:49:13         413781327      114.25608     30.511817     114.25584     30.511513    7.9           35            12
2016-10-20 16:49:34         413781327      114.256773    30.512687     114.25608     30.511817    7.9           34.7          12
2016-10-20 16:50:02         413781327      114.25756     30.513657     114.256773    30.512687    7.8           33.8          12
2016-10-20 16:50:25         413781327      114.258       30.51424      114.25756     30.513657    7.8           33.4          12
2016-10-20 16:51:38         413781327      114.259147    30.51573      114.258       30.51424     7.8           33.8          12
2016-10-20 16:52:03         413781327      114.26008     30.516953     114.259147    30.51573     7.8           32.9          12
2016-10-20 16:52:25         413781327      114.260547    30.517573     114.26008     30.516953    7.9           31.8          12
2016-10-20 16:52:46         413781327      114.261227    30.51856      114.260547    30.517573    7.8           30.7          12
2016-10-20 16:53:15         413781327      114.261893    30.519507     114.261227    30.51856     7.9           31            12
2016-10-20 16:53:40         413781327      114.26208     30.51979      114.261893    30.519507    7.8           30.8          12
2016-10-20 16:54:01         413781327      114.262973    30.521033     114.26208     30.51979     7.9           31.1          12
2016-10-20 16:54:26         413781327      114.26332     30.52154      114.262973    30.521033    7.8           30.6          12
2016-10-20 16:54:58         413781327      114.264013    30.522543     114.26332     30.52154     7.8           30.8          12
2016-10-20 16:55:23         413781327      114.264627    30.52341      114.264013    30.522543    7.8           32.5          12
2016-10-20 16:55:46         413781327      114.26536     30.524387     114.264627    30.52341     7.8           33.5          12
2016-10-20 16:56:09         413781327      114.26584     30.524997     114.26536     30.524387    7.8           33.6          12
2016-10-20 16:56:37         413781327      114.26632     30.52561      114.26584     30.524997    7.9           33.6          12
2016-10-20 16:57:00         413781327      114.2668      30.52626      114.26632     30.52561     7.9           32.4          12
2016-10-20 16:57:22         413781327      114.267187    30.526793     114.2668      30.52626     8             32.1          12
2016-10-20 16:58:09         413781327      114.268173    30.528137     114.267187    30.526793    8             33.3          12
2016-10-20 16:58:32         413781327      114.26884     30.52899      114.268173    30.528137    8             34            12
2016-10-20 16:58:56         413781327      114.269773    30.530197     114.26884     30.52899     8.1           33.1          12
2016-10-20 16:59:20         413781327      114.270293    30.530893     114.269773    30.530197    8.1           32.5          12
2016-10-20 16:59:50         413781327      114.270987    30.531833     114.270293    30.530893    8.2           32.2          12
2016-10-20 17:00:16         413781327      114.271507    30.53254      114.270987    30.531833    8.2           32.9          12
2016-10-20 17:00:38         413781327      114.2722      30.533433     114.271507    30.53254     8.3           33.6          12
2016-10-20 17:00:59         413781327      114.272707    30.53412      114.2722      30.533433    8.3           32.7          12
2016-10-20 17:01:27         413781327      114.273413    30.535073     114.272707    30.53412     8.3           31.6          12
2016-10-20 17:01:50         413781327      114.273613    30.535373     114.273413    30.535073    8.3           31.6          12
2016-10-20 17:02:09         413781327      114.274173    30.53613      114.273613    30.535373    8.3           32.9          12
2016-10-20 17:02:27         413781327      114.27488     30.537077     114.274173    30.53613     8.3           32.7          12
2016-10-20 17:02:56         413781327      114.275373    30.537767     114.27488     30.537077    8.2           30.7          12
2016-10-20 17:03:20         413781327      114.275813    30.538433     114.275373    30.537767    8.2           29.3          12
2016-10-20 17:03:42         413781327      114.276427    30.539367     114.275813    30.538433    8.2           28.3          12
2016-10-20 17:04:05         413781327      114.276693    30.539807     114.276427    30.539367    8.2           27.6          12
2016-10-20 17:04:37         413781327      114.277427    30.540983     114.276693    30.539807    8.2           27.9          12
2016-10-20 17:05:04         413781327      114.277893    30.54173      114.277427    30.540983    8.2           27.9          12
2016-10-20 17:05:28         413781327      114.278627    30.542963     114.277893    30.54173     8.2           27.2          12
2016-10-20 17:05:52         413781327      114.279053    30.543687     114.278627    30.542963    8.3           27.8          12
2016-10-20 17:06:23         413781327      114.279307    30.544133     114.279053    30.543687    8.3           26.5          12
2016-10-20 17:06:50         413781327      114.280253    30.545753     114.279307    30.544133    8.2           26.3          12
2016-10-20 17:07:10         413781327      114.280693    30.546513     114.280253    30.545753    8.2           26.1          12
2016-10-20 17:07:32         413781327      114.281213    30.547437     114.280693    30.546513    8.2           26.2          12
2016-10-20 17:08:03         413781327      114.281693    30.548263     114.281213    30.547437    8.2           25.7          12
2016-10-20 17:08:27         413781327      114.282227    30.549223     114.281693    30.548263    8.1           26.3          12
2016-10-20 17:08:51         413781327      114.282587    30.549877     114.282227    30.549223    8.2           26.3          12
2016-10-20 17:09:47         413781327      114.28376     30.55197      114.282587    30.549877    8.3           25.8          12
2016-10-20 17:10:11         413781327      114.284173    30.55269      114.28376     30.55197     8.1           26.1          12
2016-10-20 17:10:34         413781327      114.284747    30.553667     114.284173    30.55269     8.1           27            12
2016-10-20 17:10:59         413781327      114.28516     30.55441      114.284747    30.553667    8             25.1          12
2016-10-20 17:11:32         413781327      114.28532     30.554677     114.28516     30.55441     7.9           25.1          12
2016-10-20 17:11:59         413781327      114.286227    30.5563       114.28532     30.554677    7.8           27.5          12
2016-10-20 17:12:20         413781327      114.286627    30.55695      114.286227    30.5563      7.8           28.3          12
2016-10-20 17:12:41         413781327      114.28708     30.557653     114.286627    30.55695     8             29.5          12
2016-10-20 17:13:09         413781327      114.287773    30.558633     114.28708     30.557653    8.3           32.5          12
2016-10-20 17:13:37         413781327      114.288493    30.559577     114.287773    30.558633    8.6           35.5          12
2016-10-20 17:14:00         413781327      114.289067    30.560277     114.288493    30.559577    8.8           36.8          12
2016-10-20 17:14:19         413781327      114.289267    30.560507     114.289067    30.560277    8.8           37.7          12
2016-10-20 17:14:46         413781327      114.290053    30.561397     114.289267    30.560507    9             39.4          12
2016-10-20 17:15:12         413781327      114.291373    30.56272      114.290053    30.561397    9.3           41.5          12
2016-10-20 17:15:33         413781327      114.292093    30.563447     114.291373    30.56272     9.4           39.8          12
2016-10-20 17:15:54         413781327      114.292667    30.564067     114.292093    30.563447    9.4           37.7          12
2016-10-20 17:16:26         413781327      114.2936      30.56517      114.292667    30.564067    9.5           35.6          12
2016-10-20 17:16:51         413781327      114.294227    30.565927     114.2936      30.56517     9.5           36            12
2016-10-20 17:17:14         413781327      114.29484     30.56664      114.294227    30.565927    9.6           36.4          12
2016-10-20 17:17:38         413781327      114.295813    30.567753     114.29484     30.56664     9.7           37.3          12
2016-10-20 17:18:09         413781327      114.296707    30.568757     114.295813    30.567753    9.8           36.7          12
2016-10-20 17:18:34         413781327      114.29768     30.56996      114.296707    30.568757    9.9           32.9          12
2016-10-20 17:18:55         413781327      114.2982      30.57066      114.29768     30.56996     9.8           31.6          12
2016-10-20 17:19:18         413781327      114.298733    30.571397     114.2982      30.57066     9.8           32            12
2016-10-20 17:19:47         413781327      114.2996      30.572603     114.298733    30.571397    9.9           32.1          12
2016-10-20 17:20:10         413781327      114.300227    30.573447     114.2996      30.572603    9.7           32.4          12
2016-10-20 17:20:28         413781327      114.300707    30.574083     114.300227    30.573447    9.5           32.4          12
2016-10-20 17:20:48         413781327      114.30128     30.574863     114.300707    30.574083    9.4           31.7          12
2016-10-20 17:21:18         413781327      114.302067    30.576007     114.30128     30.574863    9.1           30.2          12
2016-10-20 17:21:41         413781327      114.302507    30.576663     114.302067    30.576007    9             28.8          12
2016-10-20 17:22:01         413781327      114.303227    30.577787     114.302507    30.576663    8.8           29.9          12
2016-10-20 17:22:20         413781327      114.303467    30.57814      114.303227    30.577787    8.7           30.2          12
2016-10-20 17:22:50         413781327      114.304347    30.57952      114.303467    30.57814     8.6           28.2          12
2016-10-20 17:23:18         413781327      114.3048      30.58022      114.304347    30.57952     8.6           28.2          12
2016-10-20 17:23:42         413781327      114.305467    30.58129      114.3048      30.58022     8.5           28.5          12
2016-10-20 17:24:05         413781327      114.30592     30.582013     114.305467    30.58129     8.4           27.3          12
2016-10-20 17:24:38         413781327      114.30632     30.582667     114.30592     30.582013    8.4           27.1          12
2016-10-20 17:25:00         413781327      114.307133    30.584        114.30632     30.582667    8.3           26.9          12
2016-10-20 17:25:22         413781327      114.307507    30.584617     114.307133    30.584       8.3           27.4          12
2016-10-20 17:25:45         413781327      114.30792     30.585293     114.307507    30.584617    8.3           28.5          12
2016-10-20 17:26:15         413781327      114.308547    30.586273     114.30792     30.585293    8.3           28.5          12
2016-10-20 17:26:39         413781327      114.30924     30.587393     114.308547    30.586273    8.3           27.3          12
2016-10-20 17:27:03         413781327      114.309653    30.58807      114.30924     30.587393    8.2           26.6          12
2016-10-20 17:27:25         413781327      114.310187    30.588983     114.309653    30.58807     8.2           26.9          12
2016-10-20 17:27:56         413781327      114.310787    30.590007     114.310187    30.588983    8.2           27.3          12
2016-10-20 17:28:24         413781327      114.3112      30.590723     114.310787    30.590007    8.2           26.8          12
2016-10-20 17:28:46         413781327      114.31164     30.59148      114.3112      30.590723    8.2           26.5          12
2016-10-20 17:29:08         413781327      114.31196     30.592067     114.31164     30.59148     8.2           26.8          12
2016-10-20 17:29:39         413781327      114.312773    30.59352      114.31196     30.592067    8.2           25.3          12
2016-10-20 17:30:03         413781327      114.313173    30.594247     114.312773    30.59352     8.2           25.2          12
2016-10-20 17:30:23         413781327      114.31356     30.59494      114.313173    30.594247    8.2           25.9          12
2016-10-20 17:30:43         413781327      114.313893    30.595527     114.31356     30.59494     8.1           26.7          12
2016-10-20 17:31:10         413781327      114.31452     30.596583     114.313893    30.595527    8.2           28.2          12
2016-10-20 17:31:32         413781327      114.31492     30.597223     114.31452     30.596583    8.2           29.5          12
2016-10-20 17:31:52         413781327      114.315413    30.597947     114.31492     30.597223    8.2           30.6          12
2016-10-20 17:32:11         413781327      114.31584     30.598573     114.315413    30.597947    8.2           30.7          12
2016-10-20 17:32:39         413781327      114.316507    30.599523     114.31584     30.598573    8.2           31.7          12
2016-10-20 17:33:05         413781327      114.316973    30.60017      114.316507    30.599523    8.2           32.1          12
2016-10-20 17:33:25         413781327      114.317707    30.60114      114.316973    30.60017     8.2           33.2          12
2016-10-20 17:33:46         413781327      114.318       30.60152      114.317707    30.60114     8.2           34.7          12
2016-10-20 17:34:10         413781327      114.31876     30.60241      114.318       30.60152     8.1           36.6          12
2016-10-20 17:34:32         413781327      114.319307    30.603043     114.31876     30.60241     8.1           37.2          12
2016-10-20 17:34:53         413781327      114.319547    30.603313     114.319307    30.603043    8.1           37.5          12
2016-10-20 17:35:15         413781327      114.320293    30.604157     114.319547    30.603313    8.1           36.8          12
2016-10-20 17:35:42         413781327      114.321107    30.6051       114.320293    30.604157    8.1           35.7          12
2016-10-20 17:36:05         413781327      114.321547    30.605647     114.321107    30.6051      8.1           35.2          12
2016-10-20 17:36:27         413781327      114.322347    30.60664      114.321547    30.605647    8             37.4          12
2016-10-20 17:36:47         413781327      114.32284     30.607153     114.322347    30.60664     7.9           40.6          12
2016-10-20 17:37:13         413781327      114.32348     30.607777     114.32284     30.607153    7.9           43            12
2016-10-20 17:37:37         413781327      114.32436     30.608573     114.32348     30.607777    7.9           44.8          12
2016-10-20 17:37:58         413781327      114.324973    30.609097     114.32436     30.608573    7.9           45.2          12
2016-10-20 17:38:17         413781327      114.32552     30.609567     114.324973    30.609097    7.9           45.1          12
2016-10-20 17:38:46         413781327      114.326387    30.61033      114.32552     30.609567    7.9           45            12
2016-10-20 17:39:10         413781327      114.327027    30.61088      114.326387    30.61033     7.9           45.3          12
2016-10-20 17:39:30         413781327      114.327653    30.61143      114.327027    30.61088     8             44.7          12
2016-10-20 17:39:50         413781327      114.328267    30.61196      114.327653    30.61143     8             44.7          12
2016-10-20 17:40:19         413781327      114.329213    30.612777     114.328267    30.61196     8             44.9          12
2016-10-20 17:40:45         413781327      114.33004     30.61348      114.329213    30.612777    8             46            12
2016-10-20 17:41:06         413781327      114.330667    30.613993     114.33004     30.61348     8             47.3          12
2016-10-20 17:41:28         413781327      114.331333    30.614533     114.330667    30.613993    8.1           46.6          12
2016-10-20 17:42:01         413781327      114.332347    30.61536      114.331333    30.614533    8             46.9          12
2016-10-20 17:42:25         413781327      114.333267    30.616107     114.332347    30.61536     8             47.1          12
2016-10-20 17:42:47         413781327      114.333907    30.616617     114.333267    30.616107    8.1           47.2          12
2016-10-20 17:43:08         413781327      114.33448     30.61708      114.333907    30.616617    8.1           47.1          12
2016-10-20 17:43:39         413781327      114.33556     30.61793      114.33448     30.61708     8.2           47.9          12
2016-10-20 17:44:04         413781327      114.336173    30.61842      114.33556     30.61793     8.2           47.9          12
2016-10-20 17:44:25         413781327      114.336813    30.61891      114.336173    30.61842     8.2           48.2          12
2016-10-20 17:44:47         413781327      114.337813    30.619683     114.336813    30.61891     8.3           47.2          12
2016-10-20 17:45:43         413781327      114.339787    30.621203     114.337813    30.619683    8.4           48.8          12
2016-10-20 17:46:04         413781327      114.34048     30.621727     114.339787    30.621203    8.4           48            12
2016-10-20 17:46:25         413781327      114.341107    30.622223     114.34048     30.621727    8.4           48.1          12
2016-10-20 17:46:52         413781327      114.342107    30.622987     114.341107    30.622223    8.5           48.1          12
2016-10-20 17:47:16         413781327      114.34244     30.623247     114.342107    30.622987    8.5           48.5          12
2016-10-20 17:47:39         413781327      114.343453    30.624007     114.34244     30.623247    8.6           47.6          12
2016-10-20 17:47:57         413781327      114.34424     30.624623     114.343453    30.624007    8.6           47.5          12
2016-10-20 17:48:20         413781327      114.344933    30.62516      114.34424     30.624623    8.7           48.1          12
2016-10-20 17:48:40         413781327      114.345907    30.6259       114.344933    30.62516     8.7           48.7          12
2016-10-20 17:48:59         413781327      114.34628     30.626193     114.345907    30.6259      8.7           48.9          12
2016-10-20 17:49:17         413781327      114.34692     30.62667      114.34628     30.626193    8.7           48.9          12
2016-10-20 17:49:43         413781327      114.348013    30.6275       114.34692     30.62667     8.7           48.7          12
2016-10-20 17:50:03         413781327      114.348733    30.62804      114.348013    30.6275      8.8           49.1          12
2016-10-20 17:50:22         413781327      114.349493    30.6286       114.348733    30.62804     8.8           50            12
2016-10-20 17:50:41         413781327      114.350213    30.62913      114.349493    30.6286      8.8           49.1          12
2016-10-20 17:51:12         413781327      114.351213    30.629883     114.350213    30.62913     8.8           49.5          12
2016-10-20 17:51:38         413781327      114.352027    30.630467     114.351213    30.629883    8.9           49.8          12
2016-10-20 17:52:00         413781327      114.35276     30.630997     114.352027    30.630467    8.9           49.9          12
2016-10-20 17:52:21         413781327      114.353413    30.63147      114.35276     30.630997    8.9           50.8          12
2016-10-20 17:52:46         413781327      114.354213    30.632023     114.353413    30.63147     8.9           50.2          12
2016-10-20 17:53:08         413781327      114.355387    30.632863     114.354213    30.632023    8.9           49.8          12
2016-10-20 17:53:27         413781327      114.356093    30.633377     114.355387    30.632863    8.9           49.8          12
2016-10-20 17:53:45         413781327      114.356867    30.633937     114.356093    30.633377    8.9           50.3          12
2016-10-20 17:54:22         413781327      114.357947    30.634707     114.356867    30.633937    8.9           50.1          12
2016-10-20 17:54:42         413781327      114.359013    30.635477     114.357947    30.634707    8.9           50.6          12
2016-10-20 17:55:02         413781327      114.35984     30.636067     114.359013    30.635477    8.9           50.1          12
2016-10-20 17:55:32         413781327      114.3608      30.63676      114.35984     30.636067    8.9           49.8          12
2016-10-20 17:55:55         413781327      114.361573    30.637317     114.3608      30.63676     8.9           50.2          12
2016-10-20 17:56:13         413781327      114.361933    30.637583     114.361573    30.637317    8.9           50.3          12
2016-10-20 17:56:32         413781327      114.362973    30.63833      114.361933    30.637583    8.9           49.8          12
2016-10-20 17:56:58         413781327      114.364053    30.639093     114.362973    30.63833     8.9           50.8          12
2016-10-20 17:57:21         413781327      114.364787    30.639613     114.364053    30.639093    8.9           51.6          12
2016-10-20 17:57:42         413781327      114.365653    30.6402       114.364787    30.639613    8.9           52.3          12
2016-10-20 17:58:00         413781327      114.366293    30.64063      114.365653    30.6402      8.9           52.4          12
2016-10-20 17:58:25         413781327      114.367173    30.641213     114.366293    30.64063     8.9           52.3          12
2016-10-20 17:58:49         413781327      114.367853    30.64167      114.367173    30.641213    8.8           52.7          12
2016-10-20 17:59:10         413781327      114.36908     30.642457     114.367853    30.64167     8.9           53.9          12
2016-10-20 17:59:30         413781327      114.369613    30.642797     114.36908     30.642457    8.9           53.7          12
2016-10-20 18:00:00         413781327      114.37064     30.643427     114.369613    30.642797    8.9           53.9          12
2016-10-20 18:00:24         413781327      114.37176     30.644127     114.37064     30.643427    8.9           54            12
2016-10-20 18:00:45         413781327      114.372573    30.644633     114.37176     30.644127    8.8           55.5          12
2016-10-20 18:01:05         413781327      114.37328     30.645037     114.372573    30.644633    8.7           57.3          12
2016-10-20 18:01:34         413781327      114.37448     30.645683     114.37328     30.645037    8.7           58            12
2016-10-20 18:01:59         413781327      114.375707    30.646317     114.37448     30.645683    8.6           59.4          12
2016-10-20 18:02:19         413781327      114.376427    30.646683     114.375707    30.646317    8.5           59.1          12
2016-10-20 18:02:38         413781327      114.37728     30.647137     114.376427    30.646683    8.5           58.8          12
2016-10-20 18:03:02         413781327      114.37808     30.647553     114.37728     30.647137    8.5           58.9          12
2016-10-20 18:03:22         413781327      114.378853    30.647963     114.37808     30.647553    8.4           58.8          12
2016-10-20 18:03:39         413781327      114.37964     30.648367     114.378853    30.647963    8.4           59.3          12
2016-10-20 18:03:55         413781327      114.38        30.648553     114.37964     30.648367    8.4           59.5          12
2016-10-20 18:04:21         413781327      114.38116     30.64915      114.38        30.648553    8.4           59.8          12
2016-10-20 18:04:42         413781327      114.382027    30.649577     114.38116     30.64915     8.4           60.2          12
2016-10-20 18:05:01         413781327      114.382853    30.649983     114.382027    30.649577    8.4           60.2          12
2016-10-20 18:05:19         413781327      114.383533    30.650303     114.382853    30.649983    8.4           61.1          12
2016-10-20 18:05:47         413781327      114.38464     30.650827     114.383533    30.650303    8.4           61.2          12
2016-10-20 18:06:12         413781327      114.385467    30.651217     114.38464     30.650827    8.3           61.1          12
2016-10-20 18:06:32         413781327      114.386213    30.65156      114.385467    30.651217    8.3           62.4          12
2016-10-20 18:06:52         413781327      114.387093    30.651947     114.386213    30.65156     8.3           64.3          12
2016-10-20 18:07:24         413781327      114.388173    30.6524       114.387093    30.651947    8.2           64.5          12
2016-10-20 18:07:48         413781327      114.389493    30.652937     114.388173    30.6524      8.2           65.1          12
2016-10-20 18:08:08         413781327      114.389827    30.653067     114.389493    30.652937    8.2           65            12
2016-10-20 18:08:28         413781327      114.39072     30.65341      114.389827    30.653067    8.2           66.4          12
2016-10-20 18:08:52         413781327      114.391853    30.653813     114.39072     30.65341     8.2           67.5          12
2016-10-20 18:09:13         413781327      114.39272     30.654107     114.391853    30.653813    8.2           68.8          12
2016-10-20 18:09:32         413781327      114.393467    30.654347     114.39272     30.654107    8.2           69.7          12
2016-10-20 18:09:51         413781327      114.394293    30.654603     114.393467    30.654347    8.1           70.4          12
2016-10-20 18:10:20         413781327      114.395587    30.655        114.394293    30.654603    8.2           70.1          12
2016-10-20 18:10:43         413781327      114.396067    30.655153     114.395587    30.655       8.1           70.7          12
2016-10-20 18:11:05         413781327      114.39728     30.655507     114.396067    30.655153    8.1           71.8          12
2016-10-20 18:11:26         413781327      114.398533    30.655857     114.39728     30.655507    8.2           72.7          12
2016-10-20 18:11:53         413781327      114.39936     30.65608      114.398533    30.655857    8.1           73.6          12
2016-10-20 18:12:15         413781327      114.40016     30.656293     114.39936     30.65608     8.1           73            12
2016-10-20 18:12:34         413781327      114.40104     30.656543     114.40016     30.656293    8.2           71.3          12
2016-10-20 18:12:53         413781327      114.401933    30.656807     114.40104     30.656543    8.1           69.2          12
2016-10-20 18:13:20         413781327      114.40304     30.657173     114.401933    30.656807    8.1           68.2          12
2016-10-20 18:13:46         413781327      114.403907    30.65749      114.40304     30.657173    8.1           66.8          12
2016-10-20 18:14:06         413781327      114.40472     30.657793     114.403907    30.65749     8.1           65.5          12
2016-10-20 18:14:25         413781327      114.4058      30.65822      114.40472     30.657793    8.1           65.6          12
2016-10-20 18:14:50         413781327      114.406707    30.658577     114.4058      30.65822     8             65.6          12
2016-10-20 18:15:13         413781327      114.407507    30.658873     114.406707    30.658577    8.1           66            12
2016-10-20 18:15:33         413781327      114.408333    30.659193     114.407507    30.658873    8             65.7          12
2016-10-20 18:15:53         413781327      114.408653    30.659317     114.408333    30.659193    8             65.8          12
2016-10-20 18:26:48         413781327      114.435147    30.669113     114.434333    30.668803    8.3           66.6          12
2016-10-20 18:27:10         413781327      114.43592     30.669403     114.435147    30.669113    8.3           66            12
2016-10-20 18:27:31         413781327      114.437187    30.669883     114.43592     30.669403    8.3           66.6          12
2016-10-20 18:27:50         413781327      114.437973    30.670173     114.437187    30.669883    8.3           67.1          12
2016-10-20 18:28:18         413781327      114.438893    30.670503     114.437973    30.670173    8.3           67.3          12
2016-10-20 18:28:42         413781327      114.440107    30.67092      114.438893    30.670503    8.3           68.6          12
2016-10-20 18:29:04         413781327      114.440933    30.671213     114.440107    30.67092     8.3           65.9          12
2016-10-20 18:29:22         413781327      114.44172     30.67152      114.440933    30.671213    8.3           65.1          12
2016-10-20 18:29:51         413781327      114.443027    30.672003     114.44172     30.67152     8.2           68.5          12
2016-10-20 18:30:17         413781327      114.443773    30.672263     114.443027    30.672003    8.3           67.9          12
2016-10-20 18:30:39         413781327      114.44464     30.672577     114.443773    30.672263    8.4           67.5          12
2016-10-20 18:31:00         413781327      114.445893    30.673        114.44464     30.672577    8.6           68.2          12
2016-10-20 18:31:25         413781327      114.446733    30.673293     114.445893    30.673       8.4           67.3          12
2016-10-20 18:31:47         413781327      114.447693    30.673657     114.446733    30.673293    8.4           65.2          12
2016-10-20 18:32:09         413781327      114.44884     30.674117     114.447693    30.673657    8.4           64.1          12
2016-10-20 18:32:28         413781327      114.449227    30.67429      114.44884     30.674117    8.4           63.7          12
2016-10-20 18:32:55         413781327      114.450533    30.674833     114.449227    30.67429     8.3           64.2          12
2016-10-20 18:33:20         413781327      114.451253    30.675133     114.450533    30.674833    8.2           64.5          12
2016-10-20 18:33:38         413781327      114.452013    30.67545      114.451253    30.675133    8.2           64.6          12
2016-10-20 18:33:58         413781327      114.4528      30.67578      114.452013    30.67545     8.2           64.2          12
2016-10-20 18:34:22         413781327      114.45404     30.676303     114.4528      30.67578     8.1           63.7          12
2016-10-20 18:34:44         413781327      114.454787    30.676617     114.45404     30.676303    8.1           64.7          12
2016-10-20 18:35:05         413781327      114.455707    30.676983     114.454787    30.676617    8.1           65.7          12
2016-10-20 18:35:25         413781327      114.456493    30.677293     114.455707    30.676983    8             66.5          12
2016-10-20 18:35:50         413781327      114.457613    30.677693     114.456493    30.677293    8             67.7          12
2016-10-20 18:36:12         413781327      114.457973    30.677823     114.457613    30.677693    8             67.7          12
2016-10-20 18:36:29         413781327      114.459093    30.678227     114.457973    30.677823    8             68            12
2016-10-20 18:36:47         413781327      114.459853    30.67849      114.459093    30.678227    8             68.3          12
2016-10-20 18:37:16         413781327      114.460693    30.678773     114.459853    30.67849     8             67.7          12
2016-10-20 18:37:39         413781327      114.46144     30.679043     114.460693    30.678773    7.9           67.8          12
2016-10-20 18:38:00         413781327      114.462667    30.679477     114.46144     30.679043    7.9           68.6          12
2016-10-20 18:38:16         413781327      114.463467    30.67976      114.462667    30.679477    7.9           66.5          12
2016-10-20 18:38:38         413781327      114.464213    30.68003      114.463467    30.67976     7.8           67.7          12
2016-10-20 18:38:58         413781327      114.46508     30.68033      114.464213    30.68003     7.9           67.9          12
2016-10-20 18:39:20         413781327      114.465507    30.68048      114.46508     30.68033     7.9           67.4          12
2016-10-20 18:39:41         413781327      114.46664     30.680893     114.465507    30.68048     7.8           67.5          12
2016-10-20 18:40:08         413781327      114.467827    30.681303     114.46664     30.680893    7.8           68.5          12
2016-10-20 18:40:32         413781327      114.468573    30.681567     114.467827    30.681303    7.8           69.6          12
2016-10-20 18:40:53         413781327      114.46932     30.681797     114.468573    30.681567    7.8           70.9          12
2016-10-20 18:41:14         413781327      114.47024     30.682063     114.46932     30.681797    7.8           71.5          12
2016-10-20 18:41:42         413781327      114.47136     30.682377     114.47024     30.682063    7.8           72.3          12
2016-10-20 18:42:24         413781327      114.47296     30.68284      114.47136     30.682377    7.8           70.2          12
2016-10-20 18:42:46         413781327      114.473747    30.683097     114.47296     30.68284     7.8           68.6          12
2016-10-20 18:43:11         413781327      114.47488     30.68349      114.473747    30.683097    7.8           68            12
2016-10-20 18:43:34         413781327      114.475747    30.683797     114.47488     30.68349     7.7           68            12
2016-10-20 18:43:55         413781327      114.47652     30.684063     114.475747    30.683797    7.7           69.3          12
2016-10-20 18:44:11         413781327      114.477293    30.684313     114.47652     30.684063    7.7           69.6          12
2016-10-20 18:44:31         413781327      114.478       30.684537     114.477293    30.684313    7.7           69.5          12
2016-10-20 18:44:49         413781327      114.478853    30.684813     114.478       30.684537    7.7           69.5          12
2016-10-20 18:45:27         413781327      114.4802      30.68525      114.478853    30.684813    7.7           68.4          12
2016-10-20 18:46:01         413781327      114.481587    30.68574      114.4802      30.68525     7.8           67.4          12
2016-10-20 18:46:25         413781327      114.48228     30.68599      114.481587    30.68574     7.8           66.7          12
2016-10-20 18:46:43         413781327      114.48312     30.686313     114.48228     30.68599     7.7           66.6          12
2016-10-20 18:47:01         413781327      114.483813    30.686557     114.48312     30.686313    7.7           68.9          12
2016-10-20 18:47:29         413781327      114.484907    30.686903     114.483813    30.686557    7.7           71.4          12
2016-10-20 18:47:53         413781327      114.485693    30.687113     114.484907    30.686903    7.7           73.6          12
2016-10-20 18:48:12         413781327      114.486467    30.687297     114.485693    30.687113    7.6           74.9          12
2016-10-20 18:48:30         413781327      114.487293    30.687483     114.486467    30.687297    7.7           74.8          12
2016-10-20 18:48:54         413781327      114.488133    30.687673     114.487293    30.687483    7.7           75.4          12
2016-10-20 18:49:16         413781327      114.489293    30.687933     114.488133    30.687673    7.7           76.1          12
2016-10-20 18:49:37         413781327      114.490227    30.68811      114.489293    30.687933    7.7           77.5          12
2016-10-20 18:49:55         413781327      114.49092     30.688233     114.490227    30.68811     7.7           77.5          12
2016-10-20 18:50:24         413781327      114.492147    30.68845      114.49092     30.688233    7.7           79.8          12
2016-10-20 18:50:46         413781327      114.49264     30.688523     114.492147    30.68845     7.7           81            12
2016-10-20 18:51:04         413781327      114.49376     30.68865      114.49264     30.688523    7.7           83.5          12
2016-10-20 18:51:22         413781327      114.49376     30.68865      114.49376     30.68865     7.7           83.5          12
2016-10-20 18:51:43         413781327      114.495133    30.688793     114.49376     30.68865     7.8           83            12
2016-10-20 18:52:05         413781327      114.49592     30.68887      114.495133    30.688793    7.8           83.5          12
2016-10-20 18:52:25         413781327      114.497093    30.688973     114.49592     30.68887     7.8           84.5          12
2016-10-20 18:52:44         413781327      114.497933    30.689033     114.497093    30.688973    7.8           85.9          12
2016-10-20 18:53:12         413781327      114.4988      30.689057     114.497933    30.689033    7.7           89.6          12
2016-10-20 18:53:33         413781327      114.499587    30.689037     114.4988      30.689057    7.6           92.8          12
2016-10-20 18:53:51         413781327      114.5004      30.68898      114.499587    30.689037    7.6           95.2          12
2016-10-20 18:54:34         413781327      114.502093    30.6888       114.5004      30.68898     7.6           98            12
2016-10-20 18:54:55         413781327      114.50332     30.688627     114.502093    30.6888      7.7           99.8          12
2016-10-20 18:55:14         413781327      114.503733    30.688563     114.50332     30.688627    7.7           99.9          12
2016-10-20 18:55:35         413781327      114.50468     30.688417     114.503733    30.688563    7.9           100.1         12
2016-10-20 18:56:04         413781327      114.5054      30.688303     114.50468     30.688417    7.9           100.2         12
2016-10-20 18:56:27         413781327      114.50704     30.68802      114.5054      30.688303    7.9           102.6         12
2016-10-20 18:56:44         413781327      114.507493    30.687927     114.50704     30.68802     8             103.8         12
2016-10-20 18:57:01         413781327      114.508533    30.687693     114.507493    30.687927    8             105           12
2016-10-20 18:57:26         413781327      114.509453    30.687477     114.508533    30.687693    8.1           104.9         12
2016-10-20 18:57:49         413781327      114.510347    30.68727      114.509453    30.687477    8             105.8         12
2016-10-20 18:58:09         413781327      114.511133    30.687077     114.510347    30.68727     8.1           105.6         12
2016-10-20 18:58:24         413781327      114.511987    30.686883     114.511133    30.687077    8.1           104.5         12
2016-10-20 18:58:48         413781327      114.512787    30.686697     114.511987    30.686883    8             105.4         12
2016-10-20 18:59:08         413781327      114.513733    30.686457     114.512787    30.686697    8.1           105.9         12
2016-10-20 18:59:26         413781327      114.514627    30.686237     114.513733    30.686457    8.1           106.5         12
2016-10-20 18:59:44         413781327      114.515293    30.686063     114.514627    30.686237    8.1           107           12
2016-10-20 19:00:52         413781327      114.5178      30.685363     114.515293    30.686063    8.2           108.9         12
2016-10-20 19:01:39         413781327      114.51908     30.684963     114.5178      30.685363    8.2           111           12
2016-10-20 19:02:02         413781327      114.521147    30.684203     114.51908     30.684963    8.2           114.7         12
2016-10-20 19:02:21         413781327      114.52188     30.683907     114.521147    30.684203    8.2           115.8         12
2016-10-20 19:02:42         413781327      114.52272     30.683543     114.52188     30.683907    8.2           117.1         12
2016-10-20 19:03:07         413781327      114.523187    30.68333      114.52272     30.683543    8.2           117.5         12
2016-10-20 19:03:28         413781327      114.524333    30.682803     114.523187    30.68333     8.3           118.6         12
2016-10-20 19:03:45         413781327      114.525187    30.68239      114.524333    30.682803    8.2           120           12
2016-10-20 19:04:31         413781327      114.526587    30.68164      114.525187    30.68239     8.2           122.7         12
2016-10-20 19:05:13         413781327      114.528467    30.680543     114.526587    30.68164     8.2           124.7         12
2016-10-20 19:06:17         413781327      114.530267    30.679343     114.528467    30.680543    8.3           129.1         12
2016-10-20 19:06:34         413781327      114.531293    30.6786       114.530267    30.679343    8.3           130.7         12
2016-10-20 19:06:49         413781327      114.531573    30.678397     114.531293    30.6786      8.3           131.5         12
2016-10-20 19:07:14         413781327      114.531947    30.678113     114.531573    30.678397    8.3           131.7         12
2016-10-20 19:07:38         413781327      114.53316     30.677137     114.531947    30.678113    8.2           134           12
2016-10-20 19:07:57         413781327      114.5338      30.676593     114.53316     30.677137    8.2           134.2         12
2016-10-20 19:08:14         413781327      114.534507    30.676        114.5338      30.676593    8.3           134.3         12
2016-10-20 19:08:40         413781327      114.535053    30.675543     114.534507    30.676       8.3           134.2         12
2016-10-20 19:08:59         413781327      114.535787    30.67492      114.535053    30.675543    8.3           134.6         12
2016-10-20 19:09:33         413781327      114.53696     30.673813     114.535787    30.67492     8.2           139.3         12
2016-10-20 19:09:56         413781327      114.53728     30.673487     114.53696     30.673813    8.2           140.8         12
2016-10-20 19:10:16         413781327      114.538013    30.67267      114.53728     30.673487    8.2           143.6         12
2016-10-20 19:10:35         413781327      114.53832     30.6723       114.538013    30.67267     8.2           144.8         12
2016-10-20 19:10:53         413781327      114.53904     30.67138      114.53832     30.6723      8.2           147.1         12
2016-10-20 19:11:16         413781327      114.53952     30.670733     114.53904     30.67138     8.2           148.1         12
2016-10-20 19:11:36         413781327      114.53996     30.67011      114.53952     30.670733    8.2           149.7         12
2016-10-20 19:12:11         413781327      114.540813    30.668727     114.53996     30.67011     8.2           151.8         12
2016-10-20 19:12:33         413781327      114.541267    30.667987     114.540813    30.668727    8.2           152.6         12
2016-10-20 19:12:53         413781327      114.541613    30.667373     114.541267    30.667987    8.2           154.4         12
2016-10-20 19:13:12         413781327      114.54196     30.66675      114.541613    30.667373    8.3           155           12
2016-10-20 19:13:31         413781327      114.542387    30.665907     114.54196     30.66675     8.2           157.1         12
2016-10-20 19:13:59         413781327      114.542827    30.66494      114.542387    30.665907    8.3           159           12
2016-10-20 19:14:21         413781327      114.543187    30.664147     114.542827    30.66494     8.3           159.2         12
2016-10-20 19:14:53         413781327      114.543507    30.663463     114.543187    30.664147    8.3           156.5         12
2016-10-20 19:15:40         413781327      114.544347    30.661707     114.543507    30.663463    8.4           158.5         12
2016-10-20 19:15:56         413781327      114.544693    30.660983     114.544347    30.661707    8.4           158           12
2016-10-20 19:16:15         413781327      114.544893    30.660543     114.544693    30.660983    8.4           157.3         12
2016-10-20 19:16:40         413781327      114.545627    30.65914      114.544893    30.660543    8.5           155           12
2016-10-20 19:17:03         413781327      114.546067    30.65835      114.545627    30.65914     8.5           155.3         12
2016-10-20 19:17:42         413781327      114.546067    30.65835      114.546067    30.65835     8.5           155.3         12
2016-10-20 19:18:07         413781327      114.547373    30.656033     114.546067    30.65835     8.5           154.4         12
2016-10-20 19:18:25         413781327      114.547747    30.655357     114.547373    30.656033    8.5           154.7         12
2016-10-20 19:18:45         413781327      114.548013    30.654887     114.547747    30.655357    8.5           154.5         12
2016-10-20 19:19:04         413781327      114.548387    30.654163     114.548013    30.654887    8.5           155           12
2016-10-20 19:19:29         413781327      114.548707    30.653583     114.548387    30.654163    8.5           155.4         12
2016-10-20 19:20:12         413781327      114.54976     30.65165      114.548707    30.653583    8.5           154.8         12
2016-10-20 19:20:30         413781327      114.549933    30.651363     114.54976     30.65165     8.5           154.7         12
2016-10-20 19:20:51         413781327      114.550533    30.65026      114.549933    30.651363    8.5           154.7         12
2016-10-20 19:21:09         413781327      114.550747    30.649867     114.550533    30.65026     8.4           154.9         12
2016-10-20 19:21:27         413781327      114.551307    30.64883      114.550747    30.649867    8.5           154.9         12
2016-10-20 19:21:49         413781327      114.551493    30.648503     114.551307    30.64883     8.5           155.3         12
2016-10-20 19:22:42         413781327      114.5526      30.646333     114.551493    30.648503    8.4           156           12
2016-10-20 19:23:00         413781327      114.552973    30.64557      114.5526      30.646333    8.4           156.2         12
2016-10-20 19:23:18         413781327      114.553347    30.644847     114.552973    30.64557     8.5           155.6         12
2016-10-20 19:23:40         413781327      114.553747    30.64408      114.553347    30.644847    8.5           156.1         12
2016-10-20 19:23:58         413781327      114.55408     30.643387     114.553747    30.64408     8.5           156.2         12
2016-10-20 19:24:16         413781327      114.554413    30.642737     114.55408     30.643387    8.5           155.9         12
2016-10-20 19:24:33         413781327      114.554627    30.64234      114.554413    30.642737    8.5           155.9         12
2016-10-20 19:24:57         413781327      114.555187    30.64121      114.554627    30.64234     8.5           157           12
2016-10-20 19:25:17         413781327      114.555507    30.64055      114.555187    30.64121     8.4           158.5         12
2016-10-20 19:25:53         413781327      114.556013    30.639423     114.555507    30.64055     8.5           158.6         12
2016-10-20 19:26:13         413781327      114.55636     30.63869      114.556013    30.639423    8.5           158.7         12
2016-10-20 19:26:32         413781327      114.556733    30.63787      114.55636     30.63869     8.5           159.2         12
2016-10-20 19:26:47         413781327      114.557067    30.637137     114.556733    30.63787     8.5           158.8         12
2016-10-20 19:27:04         413781327      114.557227    30.636767     114.557067    30.637137    8.5           158.5         12
2016-10-20 19:27:25         413781327      114.557507    30.63614      114.557227    30.636767    8.5           159.1         12
2016-10-20 19:27:46         413781327      114.55772     30.635653     114.557507    30.63614     8.5           159.4         12
2016-10-20 19:28:06         413781327      114.558293    30.634317     114.55772     30.635653    8.5           159.9         12
2016-10-20 19:28:24         413781327      114.558427    30.634023     114.558293    30.634317    8.5           159.7         12
2016-10-20 19:29:14         413781327      114.559067    30.63249      114.558427    30.634023    8.5           159.9         12
2016-10-20 19:29:33         413781327      114.559587    30.631313     114.559067    30.63249     8.4           158.9         12
2016-10-20 19:29:49         413781327      114.559867    30.630653     114.559587    30.631313    8.4           161           12
2016-10-20 19:30:10         413781327      114.56016     30.629833     114.559867    30.630653    8.4           162.7         12
2016-10-20 19:30:28         413781327      114.560387    30.629197     114.56016     30.629833    8.3           163.8         12
2016-10-20 19:30:47         413781327      114.560547    30.628753     114.560387    30.629197    8.3           164.5         12
2016-10-20 19:31:28         413781327      114.561133    30.626927     114.560547    30.628753    8.3           165.4         12
2016-10-20 19:31:51         413781327      114.56124     30.626553     114.561133    30.626927    8.2           165.8         12
2016-10-20 19:32:11         413781327      114.56168     30.625103     114.56124     30.626553    8.2           166.1         12
2016-10-20 19:32:30         413781327      114.561827    30.62458      114.56168     30.625103    8.3           166.2         12
2016-10-20 19:33:14         413781327      114.5624      30.62277      114.561827    30.62458     8.1           165           12
2016-10-20 19:33:53         413781327      114.562733    30.621667     114.5624      30.62277     8.1           164.7         12
2016-10-20 19:34:16         413781327      114.563067    30.62069      114.562733    30.621667    8.1           163.5         12
2016-10-20 19:34:36         413781327      114.56336     30.61986      114.563067    30.62069     8             161.9         12
2016-10-20 19:34:55         413781327      114.5636      30.619213     114.56336     30.61986     8             161.8         12
2016-10-20 19:35:55         413781327      114.5644      30.617077     114.5636      30.619213    7.8           163.1         12
2016-10-20 19:36:35         413781327      114.564867    30.615753     114.5644      30.617077    7.8           163.2         12
2016-10-20 19:37:00         413781327      114.565133    30.61499      114.564867    30.615753    7.8           162.6         12
2016-10-20 19:37:19         413781327      114.565253    30.614673     114.565133    30.61499     7.8           162.5         12
2016-10-20 19:38:12         413781327      114.56612     30.612287     114.565253    30.614673    7.8           162.5         12
2016-10-20 19:38:31         413781327      114.56636     30.611627     114.56612     30.612287    7.9           162.3         12
2016-10-20 19:38:47         413781327      114.56648     30.61128      114.56636     30.611627    7.9           162.3         12
2016-10-20 19:39:06         413781327      114.566627    30.6109       114.56648     30.61128     7.8           162.5         12
2016-10-20 19:39:30         413781327      114.566987    30.609887     114.566627    30.6109      7.9           163.4         12
2016-10-20 19:39:51         413781327      114.56732     30.608907     114.566987    30.609887    7.8           162.9         12
2016-10-20 19:40:21         413781327      114.56772     30.607857     114.56732     30.608907    7.9           162.1         12
2016-10-20 19:41:08         413781327      114.56828     30.60638      114.56772     30.607857    7.9           161.2         12
2016-10-20 19:41:40         413781327      114.568653    30.605407     114.56828     30.60638     7.9           162.3         12
2016-10-20 19:42:06         413781327      114.56892     30.604667     114.568653    30.605407    7.8           162.9         12
2016-10-20 19:42:29         413781327      114.569187    30.6039       114.56892     30.604667    7.8           163.5         12
2016-10-20 19:43:23         413781327      114.56988     30.60189      114.569187    30.6039      7.9           163.5         12
2016-10-20 19:43:39         413781327      114.570147    30.601147     114.56988     30.60189     7.9           163           12
2016-10-20 19:44:09         413781327      114.57064     30.59978      114.570147    30.601147    7.9           162.3         12
2016-10-20 19:44:32         413781327      114.5708      30.599363     114.57064     30.59978     7.9           162.6         12
2016-10-20 19:44:49         413781327      114.571053    30.598697     114.5708      30.599363    7.8           162.3         12
2016-10-20 19:47:25         413781327      114.571053    30.598697     114.571053    30.598697    7.8           162.3         12
2016-10-20 19:48:22         413781327      114.573613    30.591527     114.571053    30.598697    7.2           163.1         12
2016-10-20 19:48:38         413781327      114.573947    30.590657     114.573613    30.591527    7.2           160.7         12
2016-10-20 19:49:17         413781327      114.574333    30.58978      114.573947    30.590657    7.2           160.3         12
2016-10-20 19:49:49         413781327      114.57472     30.58882      114.574333    30.58978     7.3           160.6         12
2016-10-20 19:50:23         413781327      114.575107    30.58786      114.57472     30.58882     7.6           160.3         12
2016-10-20 19:50:40         413781327      114.5754      30.58715      114.575107    30.58786     7.8           160.8         12
2016-10-20 19:50:55         413781327      114.5758      30.58618      114.5754      30.58715     8             159.6         12
2016-10-20 19:51:54         413781327      114.57664     30.58434      114.5758      30.58618     8.1           158.5         12
2016-10-20 19:53:18         413781327      114.57848     30.581407     114.57664     30.58434     8.6           146.8         12
2016-10-20 19:53:49         413781327      114.578987    30.58073      114.57848     30.581407    8.7           147.2         12
2016-10-20 19:54:12         413781327      114.579813    30.579657     114.578987    30.58073     9.1           145.7         12
2016-10-20 19:54:28         413781327      114.58012     30.579267     114.579813    30.579657    9.2           145.1         12
2016-10-20 19:54:59         413781327      114.580947    30.57819      114.58012     30.579267    9.4           146           12
2016-10-20 19:55:37         413781327      114.58204     30.576747     114.580947    30.57819     9.6           147.4         12
2016-10-20 19:56:23         413781327      114.58348     30.574793     114.58204     30.576747    9.9           147.2         12
2016-10-20 19:56:40         413781327      114.5838      30.574363     114.58348     30.574793    9.9           146.4         12
2016-10-20 19:57:10         413781327      114.584947    30.572883     114.5838      30.574363    10.1          144.7         12
2016-10-20 19:57:42         413781327      114.58588     30.571733     114.584947    30.572883    10            144.4         12
2016-10-20 19:57:57         413781327      114.586307    30.571237     114.58588     30.571733    10            144.4         12
2016-10-20 19:59:24         413781327      114.58892     30.56804      114.586307    30.571237    9.8           143.6         12
2016-10-20 19:59:43         413781327      114.589587    30.567267     114.58892     30.56804     9.8           143.3         12
2016-10-20 20:00:45         413781327      114.59164     30.56537      114.589587    30.567267    9.3           133.3         12
2016-10-20 20:01:34         413781327      114.593573    30.563917     114.59164     30.56537     9             129.2         12
2016-10-20 20:03:37         413781327      114.598427    30.560693     114.593573    30.563917    8.8           122.7         12
2016-10-20 20:04:17         413781327      114.600013    30.5599       114.598427    30.560693    8.7           117           12
2016-10-20 20:04:34         413781327      114.600427    30.559717     114.600013    30.5599      8.8           115.5         12
2016-10-20 20:04:52         413781327      114.601427    30.559343     114.600427    30.559717    8.7           112.5         12
2016-10-20 20:05:13         413781327      114.6022      30.55907      114.601427    30.559343    8.5           112           12
2016-10-20 20:05:30         413781327      114.603053    30.55877      114.6022      30.55907     8.6           110.7         12
2016-10-20 20:05:44         413781327      114.603573    30.5586       114.603053    30.55877     8.6           110.5         12
2016-10-20 20:06:44         413781327      114.606533    30.55764      114.603573    30.5586      8.6           109.9         12
2016-10-20 20:07:20         413781327      114.607893    30.557227     114.606533    30.55764     8.7           109.2         12
2016-10-20 20:07:37         413781327      114.608253    30.55712      114.607893    30.557227    8.7           108.9         12
2016-10-20 20:08:09         413781327      114.610093    30.556623     114.608253    30.55712     8.7           106.3         12
2016-10-20 20:08:33         413781327      114.610587    30.556503     114.610093    30.556623    8.7           105.6         12
2016-10-20 20:08:50         413781327      114.610587    30.556503     114.610587    30.556503    8.7           105.6         12
2016-10-20 20:11:12         413781327      114.61872     30.555083     114.610587    30.556503    8.8           98.8          12
2016-10-20 20:15:29         413781327      114.629893    30.556943     114.61872     30.555083    8.2           58.7          12
2016-10-20 20:17:57         413781327      114.634653    30.560917     114.629893    30.556943    8.1           36.8          12
2016-10-20 20:21:01         413781327      114.640093    30.5662       114.634653    30.560917    8.1           49.5          12
2016-10-20 20:25:52         413781327      114.65056     30.571897     114.640093    30.5662      7.9           66.1          12
2016-10-20 21:17:22         413781327      114.77608     30.61254      114.774227    30.612547    8             90.7          12
2016-10-20 21:20:20         413781327      114.783907    30.612587     114.77608     30.61254     8.2           91.6          12
2016-10-20 21:21:43         413781327      114.787773    30.612447     114.783907    30.612587    8.4           93            12
2016-10-20 21:25:13         413781327      114.797253    30.611233     114.787773    30.612447    8.5           100.4         12
