2016-10-18 14:08:16         413819256      114.280893    30.547712     114.280117    30.5464      5.5           26.6          26
2016-10-18 14:11:47         413819256      114.283905    30.552517     114.280893    30.547712    5.8           28.9          29
2016-10-18 14:13:45         413819256      114.285768    30.55507      114.283905    30.552517    5.6           30.9          31
2016-10-18 14:15:40         413819256      114.287117    30.557042     114.285768    30.55507     5.8           26.3          26
2016-10-18 14:17:42         413819256      114.28891     30.559685     114.287117    30.557042    5.4           29.3          29
2016-10-18 14:21:39         413819256      114.292385    30.56486      114.28891     30.559685    5.2           30.8          31
2016-10-18 14:24:09         413819256      114.294463    30.567965     114.292385    30.56486     5             29.5          32
2016-10-18 14:26:08         413819256      114.29609     30.570405     114.294463    30.567965    5             30.3          30
2016-10-18 14:27:09         413819256      114.296908    30.571617     114.29609     30.570405    5             31.2          29
2016-10-18 14:29:41         413819256      114.29895     30.574532     114.296908    30.571617    4.7           33.9          32
2016-10-18 14:30:42         413819256      114.299758    30.575742     114.29895     30.574532    4.9           27.9          27
2016-10-18 14:31:48         413819256      114.300913    30.577573     114.299758    30.575742    4.7           29.1          29
2016-10-18 14:32:18         413819256      114.301097    30.57785      114.300913    30.577573    4.4           35.8          34
2016-10-18 14:32:47         413819256      114.301715    30.578755     114.301097    30.57785     5             31.1          31
2016-10-18 14:33:20         413819256      114.302103    30.579295     114.301715    30.578755    5.2           30.9          30
2016-10-18 14:33:49         413819256      114.302527    30.579912     114.302103    30.579295    5.3           32.1          29
2016-10-18 14:34:17         413819256      114.302913    30.580497     114.302527    30.579912    4.6           31.2          30
2016-10-18 14:35:26         413819256      114.303693    30.581628     114.302913    30.580497    4.9           30.9          30
2016-10-18 14:35:56         413819256      114.304085    30.582238     114.303693    30.581628    4.8           25.8          26
2016-10-18 14:36:26         413819256      114.304483    30.582832     114.304085    30.582238    4.7           27.6          28
2016-10-18 14:36:58         413819256      114.304895    30.58345      114.304483    30.582832    5.3           32.1          33
2016-10-18 14:37:36         413819256      114.305287    30.584058     114.304895    30.58345     5             30.9          30
2016-10-18 14:38:10         413819256      114.305892    30.584948     114.305287    30.584058    4.9           27.1          27
2016-10-18 14:39:10         413819256      114.306548    30.585927     114.305892    30.584948    5.1           28.8          31
2016-10-18 14:40:17         413819256      114.307348    30.587138     114.306548    30.585927    4.8           24.3          26
2016-10-18 14:41:59         413819256      114.309055    30.589653     114.307348    30.587138    5.2           32            33
2016-10-18 14:42:31         413819256      114.309502    30.590265     114.309055    30.589653    5.2           30.9          31
2016-10-18 14:43:03         413819256      114.309932    30.590875     114.309502    30.590265    5             28.5          26
2016-10-18 14:43:32         413819256      114.310348    30.591535     114.309932    30.590875    5.3           28.7          28
2016-10-18 14:44:10         413819256      114.310942    30.592513     114.310348    30.591535    5.5           26.6          29
2016-10-18 14:45:12         413819256      114.31151     30.593443     114.310942    30.592513    5.2           27.2          27
2016-10-18 14:46:23         413819256      114.312708    30.595372     114.31151     30.593443    5.3           28.3          28
2016-10-18 14:46:59         413819256      114.313137    30.596018     114.312708    30.595372    5.3           30.9          30
2016-10-18 14:47:32         413819256      114.313585    30.596655     114.313137    30.596018    5.3           31.2          31
2016-10-18 14:48:02         413819256      114.314042    30.597312     114.313585    30.596655    5.3           31.9          32
2016-10-18 14:49:14         413819256      114.314957    30.598515     114.314042    30.597312    5.3           33            32
2016-10-18 14:50:10         413819256      114.31614     30.600102     114.314957    30.598515    5.2           32.1          32
2016-10-18 14:51:16         413819256      114.316783    30.600997     114.31614     30.600102    5.3           30.8          30
2016-10-18 14:52:17         413819256      114.318113    30.602838     114.316783    30.600997    5.1           32            33
2016-10-18 14:52:57         413819256      114.31856     30.603422     114.318113    30.602838    5.1           31.8          31
2016-10-18 14:53:29         413819256      114.318982    30.604032     114.31856     30.603422    5.1           34            34
2016-10-18 14:53:56         413819256      114.319397    30.604637     114.318982    30.604032    5.3           36            32
2016-10-18 14:54:26         413819256      114.319822    30.605202     114.319397    30.604637    5             29.9          25
2016-10-18 14:55:03         413819256      114.320417    30.60583      114.319822    30.605202    4.9           38.5          37
2016-10-18 14:55:32         413819256      114.320875    30.606327     114.320417    30.60583     4.7           43.1          43
2016-10-18 14:56:00         413819256      114.321398    30.606817     114.320875    30.606327    4.8           40.9          41
2016-10-18 14:56:26         413819256      114.321882    30.607322     114.321398    30.606817    4.8           38.7          40
2016-10-18 14:56:58         413819256      114.32237     30.607842     114.321882    30.607322    4.8           39.3          36
2016-10-18 14:57:25         413819256      114.322848    30.608373     114.32237     30.607842    4.7           38.1          37
2016-10-18 14:57:51         413819256      114.323317    30.60888      114.322848    30.608373    4.8           40.8          40
2016-10-18 14:58:20         413819256      114.323867    30.609418     114.323317    30.60888     4.7           39.7          40
2016-10-18 14:59:01         413819256      114.324357    30.609883     114.323867    30.609418    4.7           41.1          42
2016-10-18 15:00:04         413819256      114.325425    30.610887     114.324357    30.609883    4.7           42.2          42
2016-10-18 15:01:07         413819256      114.326453    30.611872     114.325425    30.610887    4.9           39.5          39
2016-10-18 15:02:09         413819256      114.32767     30.613228     114.326453    30.611872    4.4           42.4          42
2016-10-18 15:03:11         413819256      114.328347    30.613955     114.32767     30.613228    4.7           41.8          41
2016-10-18 15:04:07         413819256      114.329453    30.614963     114.328347    30.613955    5             44.9          44
2016-10-18 15:04:34         413819256      114.329998    30.615432     114.329453    30.614963    5.4           44.9          46
2016-10-18 15:05:10         413819256      114.330557    30.6158       114.329998    30.615432    4.7           52.6          52
2016-10-18 15:06:19         413819256      114.331752    30.616762     114.330557    30.6158      5.3           48.3          48
2016-10-18 15:06:50         413819256      114.332898    30.617632     114.331752    30.616762    4.7           50.5          51
2016-10-18 15:07:23         413819256      114.333478    30.6181       114.332898    30.617632    4.9           51.8          49
2016-10-18 15:07:53         413819256      114.334097    30.618558     114.333478    30.6181      4.9           48.3          50
2016-10-18 15:08:21         413819256      114.334712    30.619007     114.334097    30.618558    4.8           51            50
2016-10-18 15:08:49         413819256      114.33534     30.619418     114.334712    30.619007    4.9           53.5          53
2016-10-18 15:09:53         413819256      114.336602    30.62029      114.33534     30.619418    4.9           53.3          53
2016-10-18 15:10:21         413819256      114.337215    30.62071      114.336602    30.62029     4.5           51.4          51
2016-10-18 15:11:23         413819256      114.338513    30.621605     114.337215    30.62071     5             52.9          52
2016-10-18 15:11:51         413819256      114.339137    30.62205      114.338513    30.621605    5.2           51.6          51
2016-10-18 15:12:22         413819256      114.33978     30.622488     114.339137    30.62205     5             53            53
2016-10-18 15:12:53         413819256      114.340413    30.622932     114.33978     30.622488    5.1           53            53
2016-10-18 15:13:25         413819256      114.341037    30.623392     114.340413    30.622932    5.1           49.5          48
2016-10-18 15:13:53         413819256      114.341653    30.62379      114.341037    30.623392    5.1           51.8          51
2016-10-18 15:14:19         413819256      114.342323    30.624288     114.341653    30.62379     5.2           51            51
2016-10-18 15:15:22         413819256      114.343642    30.625202     114.342323    30.624288    5.3           50.6          51
2016-10-18 15:15:55         413819256      114.344307    30.625677     114.343642    30.625202    5.4           45.3          45
2016-10-18 15:16:23         413819256      114.345163    30.62634      114.344307    30.625677    5.5           43.5          40
2016-10-18 15:16:52         413819256      114.345627    30.626725     114.345163    30.62634     5.7           46.9          46
2016-10-18 15:17:56         413819256      114.346913    30.627765     114.345627    30.626725    5.4           49.2          50
2016-10-18 15:18:26         413819256      114.347583    30.62836      114.346913    30.627765    5.5           49.7          50
2016-10-18 15:18:55         413819256      114.34826     30.628787     114.347583    30.62836     5.1           52.8          54
2016-10-18 15:19:29         413819256      114.348907    30.629242     114.34826     30.628787    5.5           49.7          49
2016-10-18 15:19:57         413819256      114.349577    30.629893     114.348907    30.629242    5.5           50.3          48
2016-10-18 15:20:24         413819256      114.350045    30.63009      114.349577    30.629893    4.9           62.5          70
2016-10-18 15:21:21         413819256      114.351005    30.630722     114.350045    30.63009     5.7           49.1          49
2016-10-18 15:22:49         413819256      114.35318     30.632225     114.351005    30.630722    5.6           53.3          53
2016-10-18 15:23:30         413819256      114.35457     30.633158     114.35318     30.632225    5.5           54.8          54
2016-10-18 15:24:00         413819256      114.355313    30.633635     114.35457     30.633158    5.5           52.9          53
2016-10-18 15:24:28         413819256      114.356007    30.634107     114.355313    30.633635    5.5           51.4          54
2016-10-18 15:24:56         413819256      114.35669     30.634608     114.356007    30.634107    5.6           51.3          51
2016-10-18 15:25:28         413819256      114.357383    30.635113     114.35669     30.634608    5.6           50.1          50
2016-10-18 15:25:52         413819256      114.358053    30.63558      114.357383    30.635113    5.7           50.8          50
2016-10-18 15:26:21         413819256      114.358568    30.635928     114.358053    30.63558     5.8           52.8          52
2016-10-18 15:27:19         413819256      114.359515    30.63657      114.358568    30.635928    5.6           53.6          52
2016-10-18 15:28:10         413819256      114.360925    30.63756      114.359515    30.63657     5.6           49.9          50
2016-10-18 15:29:06         413819256      114.362327    30.638545     114.360925    30.63756     5.7           51.3          51
2016-10-18 15:29:34         413819256      114.363045    30.638977     114.362327    30.638545    5.6           52.9          52
2016-10-18 15:30:02         413819256      114.363738    30.639452     114.363045    30.638977    5.6           50.4          50
2016-10-18 15:31:05         413819256      114.36512     30.640462     114.363738    30.639452    5.5           50            51
2016-10-18 15:31:34         413819256      114.365877    30.64097      114.36512     30.640462    5.5           55.8          55
2016-10-18 15:32:01         413819256      114.36656     30.641415     114.365877    30.64097     5.6           50.9          50
2016-10-18 15:32:28         413819256      114.36725     30.64192      114.36656     30.641415    5.6           49.7          51
2016-10-18 15:32:59         413819256      114.367942    30.6424       114.36725     30.64192     5.5           48.6          52
2016-10-18 15:33:27         413819256      114.368643    30.64288      114.367942    30.6424      5.6           49.2          52
2016-10-18 15:33:55         413819256      114.369328    30.643368     114.368643    30.64288     5.6           51.6          51
2016-10-18 15:35:01         413819256      114.370782    30.644337     114.369328    30.643368    5.5           51            51
2016-10-18 15:35:31         413819256      114.371488    30.644805     114.370782    30.644337    5.6           54.3          54
2016-10-18 15:35:57         413819256      114.372233    30.645225     114.371488    30.644805    5.5           53.9          53
2016-10-18 15:36:25         413819256      114.372965    30.645665     114.372233    30.645225    5.6           56.1          58
2016-10-18 15:36:56         413819256      114.373707    30.64606      114.372965    30.645665    5.6           58.2          58
2016-10-18 15:37:20         413819256      114.374462    30.64647      114.373707    30.64606     5.6           54.6          54
2016-10-18 15:38:10         413819256      114.375235    30.646892     114.374462    30.64647     5.5           60.5          60
2016-10-18 15:38:44         413819256      114.375992    30.647232     114.375235    30.646892    5.7           58.6          60
2016-10-18 15:39:38         413819256      114.377478    30.648        114.375992    30.647232    5.7           53.8          53
2016-10-18 15:40:05         413819256      114.378268    30.648392     114.377478    30.648       5.5           57.8          57
2016-10-18 15:41:10         413819256      114.379795    30.64924      114.378268    30.648392    5.5           57.1          55
2016-10-18 15:42:02         413819256      114.381283    30.650042     114.379795    30.64924     5.7           55.1          56
2016-10-18 15:42:34         413819256      114.381978    30.650485     114.381283    30.650042    5.5           55.9          54
2016-10-18 15:43:03         413819256      114.382733    30.650893     114.381978    30.650485    5.5           57.6          57
2016-10-18 15:43:32         413819256      114.383507    30.651265     114.382733    30.650893    5.4           61.2          61
2016-10-18 15:43:54         413819256      114.38429     30.651597     114.383507    30.651265    5.4           64            63
2016-10-18 15:44:26         413819256      114.384998    30.651928     114.38429     30.651597    5.4           64.1          64
2016-10-18 15:44:52         413819256      114.385808    30.652295     114.384998    30.651928    5.4           63.5          61
2016-10-18 15:45:48         413819256      114.38662     30.652615     114.385808    30.652295    5.4           64.1          65
2016-10-18 15:46:22         413819256      114.38811     30.653207     114.38662     30.652615    5.4           62.1          62
2016-10-18 15:46:53         413819256      114.388878    30.653565     114.38811     30.653207    5.3           64.7          64
2016-10-18 15:47:45         413819256      114.38967     30.653897     114.388878    30.653565    5.4           65.6          65
2016-10-18 15:48:50         413819256      114.391227    30.654518     114.38967     30.653897    5.3           68.4          68
2016-10-18 15:50:15         413819256      114.393602    30.655227     114.391227    30.654518    5.2           70.8          71
2016-10-18 15:51:07         413819256      114.395192    30.655663     114.393602    30.655227    5.2           71.4          71
2016-10-18 15:51:33         413819256      114.396003    30.655862     114.395192    30.655663    5.2           76.2          76
2016-10-18 15:52:02         413819256      114.396828    30.656007     114.396003    30.655862    5.2           73.9          73
2016-10-18 15:52:30         413819256      114.397612    30.656187     114.396828    30.656007    5.2           72.5          75
2016-10-18 15:53:47         413819256      114.399242    30.656632     114.397612    30.656187    5.2           68.6          68
2016-10-18 15:54:40         413819256      114.400888    30.657175     114.399242    30.656632    5.3           73.7          73
2016-10-18 15:55:10         413819256      114.401663    30.65745      114.400888    30.657175    5             73.4          70
2016-10-18 15:55:44         413819256      114.402455    30.65766      114.401663    30.65745     5.4           71.6          72
2016-10-18 15:56:36         413819256      114.404027    30.658162     114.402455    30.65766     5.3           70.8          71
2016-10-18 15:56:59         413819256      114.40476     30.658418     114.404027    30.658162    5.2           72.9          72
2016-10-18 15:58:02         413819256      114.406383    30.658922     114.40476     30.658418    5.2           65.9          66
2016-10-18 15:58:31         413819256      114.407148    30.659197     114.406383    30.658922    5.2           71.5          71
2016-10-18 15:58:57         413819256      114.407947    30.659437     114.407148    30.659197    5.2           68            68
2016-10-18 15:59:31         413819256      114.408712    30.659683     114.407947    30.659437    5.2           69.7          69
2016-10-18 16:00:01         413819256      114.409507    30.659965     114.408712    30.659683    5.2           68.6          68
2016-10-18 16:00:23         413819256      114.410285    30.660208     114.409507    30.659965    5.2           67.8          70
2016-10-18 16:01:46         413819256      114.411855    30.660688     114.410285    30.660208    5.1           70.7          70
2016-10-18 16:03:11         413819256      114.414177    30.661363     114.411855    30.660688    5.1           70.9          71
2016-10-18 16:04:03         413819256      114.415717    30.66193      114.414177    30.661363    5.1           69.8          69
2016-10-18 16:04:56         413819256      114.41725     30.662453     114.415717    30.66193     5.1           68            68
2016-10-18 16:05:23         413819256      114.418005    30.662703     114.41725     30.662453    5             68.3          67
2016-10-18 16:06:12         413819256      114.418747    30.662938     114.418005    30.662703    5             70.8          70
2016-10-18 16:07:11         413819256      114.420268    30.663387     114.418747    30.662938    5             70.4          70
2016-10-18 16:07:59         413819256      114.421758    30.663825     114.420268    30.663387    5             70.4          70
2016-10-18 16:08:29         413819256      114.42252     30.66407      114.421758    30.663825    5.1           65.7          65
2016-10-18 16:08:52         413819256      114.423285    30.664298     114.42252     30.66407     4.7           71            69
2016-10-18 16:10:42         413819256      114.425543    30.665018     114.423285    30.664298    5             70.2          70
2016-10-18 16:11:32         413819256      114.426982    30.665535     114.425543    30.665018    5             68.9          69
2016-10-18 16:12:03         413819256      114.42775     30.6658       114.426982    30.665535    5             67.8          67
2016-10-18 16:12:25         413819256      114.428495    30.66607      114.42775     30.6658      5             67.5          67
2016-10-18 16:13:13         413819256      114.429207    30.666345     114.428495    30.66607     5             67            67
2016-10-18 16:14:09         413819256      114.430658    30.666878     114.429207    30.666345    5             65.9          65
2016-10-18 16:14:35         413819256      114.431442    30.667217     114.430658    30.666878    5.2           63.7          63
2016-10-18 16:15:00         413819256      114.432172    30.667487     114.431442    30.667217    5             67.3          67
2016-10-18 16:15:33         413819256      114.432975    30.667742     114.432172    30.667487    5             66.4          66
2016-10-18 16:16:00         413819256      114.433685    30.668043     114.432975    30.667742    5             64.6          64
2016-10-18 16:16:25         413819256      114.434422    30.668343     114.433685    30.668043    5.3           66.7          66
2016-10-18 16:17:22         413819256      114.435993    30.668935     114.434422    30.668343    5             67.1          67
2016-10-18 16:18:12         413819256      114.436695    30.669218     114.435993    30.668935    5.1           64.4          64
2016-10-18 16:19:13         413819256      114.438155    30.669867     114.436695    30.669218    5.2           61.9          62
2016-10-18 16:20:02         413819256      114.439635    30.670537     114.438155    30.669867    5.4           61.3          62
2016-10-18 16:20:23         413819256      114.440337    30.670785     114.439635    30.670537    5.1           69.7          69
2016-10-18 16:20:49         413819256      114.44106     30.67109      114.440337    30.670785    5             64.5          64
2016-10-18 16:21:36         413819256      114.441758    30.671363     114.44106     30.67109     5.1           65.4          65
2016-10-18 16:21:59         413819256      114.442493    30.671683     114.441758    30.671363    5.1           63.4          63
2016-10-18 16:22:26         413819256      114.443267    30.672048     114.442493    30.671683    5.1           61.5          62
2016-10-18 16:22:50         413819256      114.443965    30.672335     114.443267    30.672048    5.1           65.9          65
2016-10-18 16:23:57         413819256      114.445483    30.672855     114.443965    30.672335    5.3           69.8          69
2016-10-18 16:24:19         413819256      114.446375    30.673142     114.445483    30.672855    5.3           66.6          63
2016-10-18 16:24:59         413819256      114.447125    30.673463     114.446375    30.673142    5.2           67.1          64
2016-10-18 16:25:27         413819256      114.44789     30.673752     114.447125    30.673463    5.2           66.5          65
2016-10-18 16:25:54         413819256      114.448637    30.674055     114.44789     30.673752    5.2           63            63
2016-10-18 16:26:39         413819256      114.449392    30.674343     114.448637    30.674055    5.2           63.9          63
2016-10-18 16:27:11         413819256      114.450158    30.674705     114.449392    30.674343    5.1           60.9          59
2016-10-18 16:28:00         413819256      114.45161     30.675378     114.450158    30.674705    5.5           58.3          56
2016-10-18 16:28:24         413819256      114.452317    30.675735     114.45161     30.675378    5.2           61.6          61
2016-10-18 16:29:41         413819256      114.45375     30.67637      114.452317    30.675735    5.1           62.1          62
2016-10-18 16:30:35         413819256      114.455257    30.676963     114.45375     30.67637     5.1           65.5          66
2016-10-18 16:31:00         413819256      114.455982    30.677245     114.455257    30.676963    5             68.6          67
2016-10-18 16:31:22         413819256      114.456727    30.677512     114.455982    30.677245    5.1           69.2          69
2016-10-18 16:32:22         413819256      114.45748     30.677775     114.456727    30.677512    5.1           69.3          69
2016-10-18 16:33:11         413819256      114.459043    30.67831      114.45748     30.677775    5.1           71.1          68
2016-10-18 16:33:33         413819256      114.459795    30.678568     114.459043    30.67831     5             68.1          68
2016-10-18 16:34:04         413819256      114.460552    30.678828     114.459795    30.678568    5             66.7          67
2016-10-18 16:34:28         413819256      114.461277    30.679083     114.460552    30.678828    5             66.6          66
2016-10-18 16:34:54         413819256      114.462045    30.679378     114.461277    30.679083    5             66.1          69
2016-10-18 16:35:43         413819256      114.46279     30.679655     114.462045    30.679378    5             63.2          66
2016-10-18 16:36:28         413819256      114.464233    30.680205     114.46279     30.679655    5             67.2          67
2016-10-18 16:37:19         413819256      114.465715    30.680723     114.464233    30.680205    5             68            68
2016-10-18 16:38:05         413819256      114.466452    30.680967     114.465715    30.680723    4.9           70.3          66
2016-10-18 16:38:27         413819256      114.467208    30.681208     114.466452    30.680967    5             67.9          67
2016-10-18 16:38:58         413819256      114.467982    30.68146      114.467208    30.681208    5             68.1          69
2016-10-18 16:39:26         413819256      114.468673    30.681702     114.467982    30.68146     4.9           68.2          68
2016-10-18 16:40:40         413819256      114.470153    30.68224      114.468673    30.681702    4.9           64.9          64
2016-10-18 16:41:02         413819256      114.470897    30.682518     114.470153    30.68224     4.9           65.8          65
2016-10-18 16:41:26         413819256      114.47159     30.682788     114.470897    30.682518    4.9           66.4          65
2016-10-18 16:42:17         413819256      114.472305    30.683078     114.47159     30.682788    4.9           64.3          64
2016-10-18 16:43:26         413819256      114.474465    30.683832     114.472305    30.683078    4.7           68.6          68
2016-10-18 16:43:58         413819256      114.475215    30.684093     114.474465    30.683832    4.9           68.2          68
2016-10-18 16:45:41         413819256      114.47736     30.684858     114.475215    30.684093    4.9           67.7          67
2016-10-18 16:46:30         413819256      114.478823    30.685347     114.47736     30.684858    4.9           70.2          70
2016-10-18 16:48:34         413819256      114.481843    30.686195     114.478823    30.685347    4.9           72.3          73
2016-10-18 16:49:05         413819256      114.482592    30.686405     114.481843    30.686195    4.9           71.1          71
2016-10-18 16:49:29         413819256      114.48333     30.68665      114.482592    30.686405    4.9           68.9          68
2016-10-18 16:49:54         413819256      114.484033    30.686887     114.48333     30.68665     4.9           68.1          68
2016-10-18 16:50:44         413819256      114.484815    30.687158     114.484033    30.686887    4.9           66.3          67
2016-10-18 16:51:54         413819256      114.487018    30.687883     114.484815    30.687158    4.9           72.2          72
2016-10-18 16:52:27         413819256      114.487817    30.688065     114.487018    30.687883    5             74.6          75
2016-10-18 16:53:39         413819256      114.489347    30.68842      114.487817    30.688065    4.9           76.4          76
2016-10-18 16:54:51         413819256      114.491693    30.688852     114.489347    30.68842     5             77.6          77
2016-10-18 16:56:04         413819256      114.493277    30.689113     114.491693    30.688852    5             79.9          80
2016-10-18 16:56:23         413819256      114.494087    30.689242     114.493277    30.689113    5.3           79.2          79
2016-10-18 16:57:15         413819256      114.49487     30.689338     114.494087    30.689242    5.1           82.3          82
2016-10-18 16:58:21         413819256      114.497223    30.689452     114.49487     30.689338    4.8           89.7          89
2016-10-18 16:58:54         413819256      114.497983    30.689453     114.497223    30.689452    4.8           90.5          89
2016-10-18 16:59:18         413819256      114.498692    30.689447     114.497983    30.689453    4.8           90.3          90
2016-10-18 17:00:02         413819256      114.499555    30.689452     114.498692    30.689447    4.8           88.1          89
2016-10-18 17:00:32         413819256      114.500332    30.689467     114.499555    30.689452    4.8           90.6          91
2016-10-18 17:00:57         413819256      114.501118    30.689452     114.500332    30.689467    4.8           91.4          90
2016-10-18 17:01:18         413819256      114.501903    30.689412     114.501118    30.689452    4.8           92.9          94
2016-10-18 17:02:02         413819256      114.502643    30.689355     114.501903    30.689412    4.8           95.9          95
2016-10-18 17:02:23         413819256      114.50345     30.689272     114.502643    30.689355    4.8           97.9          99
2016-10-18 17:03:05         413819256      114.504168    30.68919      114.50345     30.689272    4.8           97.1          96
2016-10-18 17:03:38         413819256      114.504932    30.689122     114.504168    30.68919     4.8           97.2          96
2016-10-18 17:04:02         413819256      114.50571     30.689047     114.504932    30.689122    4.8           97.3          96
2016-10-18 17:04:25         413819256      114.506475    30.68895      114.50571     30.689047    4.8           98            98
2016-10-18 17:05:33         413819256      114.507983    30.68866      114.506475    30.68895     4.8           103.8         104
2016-10-18 17:05:50         413819256      114.508672    30.688525     114.507983    30.68866     4.8           103.7         103
2016-10-18 17:07:26         413819256      114.510995    30.687915     114.508672    30.688525    4.9           108.1         107
2016-10-18 17:08:30         413819256      114.512507    30.687527     114.510995    30.687915    4.9           105.4         105
2016-10-18 17:08:49         413819256      114.513242    30.687357     114.512507    30.687527    4.9           106.3         104
2016-10-18 17:09:34         413819256      114.514005    30.687178     114.513242    30.687357    4.9           106.5         106
2016-10-18 17:09:56         413819256      114.514773    30.686998     114.514005    30.687178    5             104.1         105
2016-10-18 17:11:18         413819256      114.517093    30.686452     114.514773    30.686998    5             106.5         108
2016-10-18 17:12:05         413819256      114.51788     30.686225     114.517093    30.686452    5             108.8         108
2016-10-18 17:12:29         413819256      114.518605    30.686003     114.51788     30.686225    5             108.7         110
2016-10-18 17:12:50         413819256      114.519408    30.685765     114.518605    30.686003    5.1           109.3         109
2016-10-18 17:13:34         413819256      114.520178    30.685527     114.519408    30.685765    5.1           110.6         113
2016-10-18 17:16:04         413819256      114.523915    30.683908     114.520178    30.685527    5.2           118.4         119
2016-10-18 17:16:54         413819256      114.52537     30.683278     114.523915    30.683908    5.2           117.4         117
2016-10-18 17:17:36         413819256      114.52617     30.682932     114.52537     30.683278    5.2           118.9         119
2016-10-18 17:20:20         413819256      114.530657    30.680663     114.52617     30.682932    5.3           124.2         123
2016-10-18 17:22:10         413819256      114.532448    30.679352     114.530657    30.680663    5.2           134.5         137
2016-10-18 17:26:04         413819256      114.536992    30.674945     114.532448    30.679352    5.4           139.9         139
2016-10-18 17:26:24         413819256      114.537582    30.67427      114.536992    30.674945    5.5           140.1         140
2016-10-18 17:28:04         413819256      114.539107    30.672572     114.537582    30.67427     5.6           147.4         146
2016-10-18 17:28:20         413819256      114.539558    30.67194      114.539107    30.672572    5.5           147           147
2016-10-18 17:29:01         413819256      114.540015    30.671303     114.539558    30.67194     5.6           148.5         148
2016-10-18 17:30:20         413819256      114.541332    30.669277     114.540015    30.671303    5.5           153.4         153
2016-10-18 17:30:56         413819256      114.54176     30.668592     114.541332    30.669277    5.6           151.4         149
2016-10-18 17:32:17         413819256      114.542858    30.66645      114.54176     30.668592    5.7           159.3         159
2016-10-18 17:32:53         413819256      114.543148    30.665662     114.542858    30.66645     6.1           164.5         164
2016-10-18 17:34:30         413819256      114.54408     30.663332     114.543148    30.665662    6.1           158.3         158
2016-10-18 17:34:48         413819256      114.544375    30.66252      114.54408     30.663332    6.1           159.1         159
2016-10-18 17:35:31         413819256      114.544777    30.661747     114.544375    30.66252     6.2           155.9         155
2016-10-18 17:42:22         413819256      114.551513    30.650458     114.550522    30.652173    6.7           152.8         153
2016-10-18 17:42:59         413819256      114.551983    30.649655     114.551513    30.650458    6.7           154.1         154
2016-10-18 17:46:26         413819256      114.555008    30.64371      114.551983    30.649655    6.4           159.7         159
2016-10-18 17:47:53         413819256      114.556155    30.64107      114.555008    30.64371     6.7           160           159
2016-10-18 17:49:49         413819256      114.557763    30.637495     114.556155    30.64107     6.8           161.2         161
2016-10-18 17:50:26         413819256      114.558188    30.636685     114.557763    30.637495    6.8           158           157
