2016-10-19 5:26:58          413826582      114.749867    30.610683     114.752133    30.611723    4.7           242.6         12
2016-10-19 5:34:05          413826582      114.74088     30.606393     114.741547    30.606673    4.6           245.3         12
2016-10-19 6:11:41          413826582      114.697973    30.587357     114.698773    30.587637    4.1           249.5         12
2016-10-19 6:32:26          413826582      114.66952     30.580773     114.67168     30.581247    4.5           253.5         12
2016-10-19 6:38:06          413826582      114.661467    30.578493     114.66244     30.57882     4.6           248.8         12
2016-10-19 6:39:19          413826582      114.65992     30.578007     114.661467    30.578493    4.7           251           12
2016-10-19 6:40:02          413826582      114.659133    30.577773     114.65992     30.578007    4.7           249.8         12
2016-10-19 6:40:19          413826582      114.6584      30.577517     114.659133    30.577773    4.6           245           12
2016-10-19 6:44:38          413826582      114.65272     30.574783     114.6584      30.577517    4.7           241.6         12
2016-10-19 6:45:35          413826582      114.65136     30.574153     114.65272     30.574783    4.7           242.4         12
2016-10-19 6:48:24          413826582      114.64792     30.572287     114.65136     30.574153    4.5           236.5         12
2016-10-19 6:49:12          413826582      114.647107    30.5718       114.64792     30.572287    4.5           234.6         12
2016-10-19 6:50:14          413826582      114.645733    30.57091      114.647107    30.5718      4.5           232.3         12
2016-10-19 6:53:19          413826582      114.64192     30.568587     114.645733    30.57091     4.3           237.8         12
2016-10-19 6:53:56          413826582      114.64124     30.56827      114.64192     30.568587    4.4           242.8         12
2016-10-19 6:54:17          413826582      114.640813    30.56806      114.64124     30.56827     4.4           238.1         12
2016-10-19 6:56:00          413826582      114.638667    30.5667       114.640813    30.56806     4.8           227.4         12
2016-10-19 6:56:22          413826582      114.63848     30.566547     114.638667    30.5667      4.8           226.7         12
2016-10-19 6:56:43          413826582      114.638093    30.566207     114.63848     30.566547    4.9           222.5         12
2016-10-19 6:57:05          413826582      114.637547    30.56566      114.638093    30.566207    5             218.3         12
2016-10-19 6:57:45          413826582      114.636933    30.564963     114.637547    30.56566     5.2           218.2         12
2016-10-19 6:58:47          413826582      114.635867    30.563667     114.636933    30.564963    5.5           214.3         12
2016-10-19 6:59:25          413826582      114.6352      30.562827     114.635867    30.563667    5.4           215           12
2016-10-19 6:59:45          413826582      114.63488     30.562433     114.6352      30.562827    5.3           214.2         12
2016-10-19 7:00:04          413826582      114.634573    30.56197      114.63488     30.562433    5             204.3         12
2016-10-19 7:00:59          413826582      114.63408     30.560767     114.634573    30.56197     4.5           194           12
2016-10-19 7:01:24          413826582      114.634027    30.560583     114.63408     30.560767    4.5           193.1         12
2016-10-19 7:02:25          413826582      114.63328     30.55923      114.634027    30.560583    3.5           216.2         12
2016-10-19 7:04:34          413826582      114.6318      30.557663     114.63328     30.55923     3.7           227.6         12
2016-10-19 7:05:38          413826582      114.630653    30.556863     114.6318      30.557663    3.7           231.8         12
2016-10-19 7:05:59          413826582      114.630373    30.556687     114.630653    30.556863    3.6           235.7         12
2016-10-19 7:07:09          413826582      114.62936     30.55617      114.630373    30.556687    3.4           252.6         12
2016-10-19 7:07:51          413826582      114.62936     30.55617      114.62936     30.55617     3.4           252.6         12
2016-10-19 7:12:05          413826582      114.62348     30.556673     114.62936     30.55617     3.9           269.9         12
2016-10-19 7:12:48          413826582      114.622827    30.556647     114.62348     30.556673    4             266.4         12
2016-10-19 7:13:29          413826582      114.6218      30.55658      114.622827    30.556647    4.1           266.1         12
2016-10-19 7:14:11          413826582      114.620893    30.556553     114.6218      30.55658     4.1           270           12
2016-10-19 7:16:54          413826582      114.617013    30.556413     114.620893    30.556553    4.3           267.6         12
2016-10-19 7:22:28          413826582      114.609413    30.557893     114.609947    30.557787    4.3           283.1         12
2016-10-19 7:22:53          413826582      114.608773    30.55803      114.609413    30.557893    4.3           283.4         12
2016-10-19 7:23:36          413826582      114.608133    30.55817      114.608773    30.55803     4.3           284.4         12
2016-10-19 7:24:39          413826582      114.606307    30.55857      114.608133    30.55817     4.4           286.7         12
2016-10-19 7:25:17          413826582      114.6056      30.558757     114.606307    30.55857     4.4           288           12
2016-10-19 7:34:02          413826582      114.594133    30.562667     114.59616     30.562813    4.9           270.7         12
2016-10-19 7:37:52          413826582      114.58916     30.564843     114.594133    30.562667    4.7           311.4         12
2016-10-19 7:38:31          413826582      114.5884      30.565427     114.58916     30.564843    4.8           311.7         12
2016-10-19 7:39:17          413826582      114.5874      30.566113     114.5884      30.565427    4.8           307.9         12
2016-10-19 7:41:39          413826582      114.58496     30.568237     114.5874      30.566113    4.8           321.1         12
2016-10-19 7:42:40          413826582      114.584107    30.569267     114.58496     30.568237    4.9           324.8         12
2016-10-19 7:43:28          413826582      114.583373    30.570193     114.584107    30.569267    5             325.9         12
2016-10-19 7:44:49          413826582      114.58216     30.57178      114.583373    30.570193    5             326.8         12
2016-10-19 7:45:13          413826582      114.581733    30.572353     114.58216     30.57178     5             326.8         12
2016-10-19 7:48:14          413826582      114.579267    30.57599      114.581733    30.572353    5             331.4         12
2016-10-19 7:49:14          413826582      114.578533    30.57728      114.579267    30.57599     4.9           336.4         12
2016-10-19 7:49:42          413826582      114.578347    30.577687     114.578533    30.57728     5             336.9         12
2016-10-19 7:50:05          413826582      114.578       30.578337     114.578347    30.577687    5             335.4         12
2016-10-19 7:50:29          413826582      114.577667    30.57895      114.578       30.578337    5             335.5         12
2016-10-19 7:51:05          413826582      114.577373    30.57954      114.577667    30.57895     5             335           12
2016-10-19 7:51:31          413826582      114.577027    30.580203     114.577373    30.57954     5             337.1         12
2016-10-19 7:51:55          413826582      114.576813    30.580667     114.577027    30.580203    5             338.8         12
2016-10-19 7:52:19          413826582      114.576547    30.581253     114.576813    30.580667    5             337.1         12
2016-10-19 7:52:55          413826582      114.576187    30.581973     114.576547    30.581253    5.1           336.5         12
2016-10-19 7:53:24          413826582      114.575973    30.582387     114.576187    30.581973    5.1           336.8         12
2016-10-19 7:53:49          413826582      114.575653    30.583043     114.575973    30.582387    5.1           337.4         12
2016-10-19 7:54:44          413826582      114.575187    30.584057     114.575653    30.583043    5.1           338.6         12
2016-10-19 7:55:51          413826582      114.574373    30.585877     114.575187    30.584057    5.1           337           12
2016-10-19 7:58:06          413826582      114.572587    30.5888       114.574373    30.585877    5.2           331.5         12
2016-10-19 7:58:59          413826582      114.572013    30.589753     114.572587    30.5888      5.2           332.6         12
2016-10-19 7:59:22          413826582      114.571573    30.59054      114.572013    30.589753    5.2           335.6         12
2016-10-19 7:59:54          413826582      114.57144     30.590763     114.571573    30.59054     5.3           335.6         12
2016-10-19 8:05:50          413826582      114.56792     30.599573     114.5682      30.598863    5.5           340.8         12
2016-10-19 8:06:12          413826582      114.5676      30.600333     114.56792     30.599573    5.6           340.2         12
2016-10-19 8:06:45          413826582      114.56728     30.601137     114.5676      30.600333    5.5           340.3         12
2016-10-19 8:07:11          413826582      114.567107    30.60158      114.56728     30.601137    5.5           340.6         12
2016-10-19 8:07:40          413826582      114.566813    30.602347     114.567107    30.60158     5.5           341.8         12
2016-10-19 8:08:36          413826582      114.56624     30.603863     114.566813    30.602347    5.6           343.3         12
2016-10-19 8:09:01          413826582      114.56608     30.604353     114.56624     30.603863    5.6           344.3         12
2016-10-19 8:09:26          413826582      114.565853    30.6051       114.56608     30.604353    5.6           345.6         12
2016-10-19 8:10:57          413826582      114.565253    30.607323     114.565853    30.6051      5.6           347.2         12
2016-10-19 8:12:19          413826582      114.564733    30.609403     114.565253    30.607323    5.6           347.3         12
2016-10-19 8:12:49          413826582      114.564533    30.610177     114.564733    30.609403    5.7           347.3         12
2016-10-19 8:13:37          413826582      114.5642      30.61149      114.564533    30.610177    5.7           348.7         12
2016-10-19 8:14:05          413826582      114.56404     30.612253     114.5642      30.61149     5.7           349.1         12
2016-10-19 8:14:29          413826582      114.563933    30.61272      114.56404     30.612253    5.7           347           12
2016-10-19 8:14:49          413826582      114.563867    30.612973     114.563933    30.61272     5.7           345.8         12
2016-10-19 8:26:02          413826582      114.557973    30.62994      114.558547    30.628923    5.9           332.7         12
2016-10-19 8:26:29          413826582      114.557427    30.630933     114.557973    30.62994     6             333.7         12
2016-10-19 8:26:50          413826582      114.55712     30.631463     114.557427    30.630933    6.1           333.7         12
2016-10-19 8:27:10          413826582      114.55684     30.631943     114.55712     30.631463    6.1           334           12
2016-10-19 8:27:39          413826582      114.556427    30.632783     114.55684     30.631943    6.1           338.5         12
2016-10-19 8:28:05          413826582      114.556107    30.633497     114.556427    30.632783    6.1           339.6         12
2016-10-19 8:28:55          413826582      114.55556     30.63483      114.556107    30.633497    5.9           341.3         12
2016-10-19 8:29:29          413826582      114.55536     30.63535      114.55556     30.63483     5.8           340.7         12
2016-10-19 8:29:55          413826582      114.55504     30.636097     114.55536     30.63535     5.6           339.6         12
2016-10-19 8:30:19          413826582      114.55472     30.636803     114.55504     30.636097    5.5           339.3         12
2016-10-19 8:30:43          413826582      114.554507    30.637337     114.55472     30.636803    5.6           340.5         12
2016-10-19 8:31:15          413826582      114.554213    30.638103     114.554507    30.637337    5.5           339.4         12
2016-10-19 8:31:42          413826582      114.553867    30.63885      114.554213    30.638103    5.4           339.6         12
2016-10-19 8:32:05          413826582      114.553707    30.63926      114.553867    30.63885     5.4           340.8         12
2016-10-19 8:32:27          413826582      114.553507    30.639767     114.553707    30.63926     5.3           340.9         12
2016-10-19 8:32:57          413826582      114.55324     30.64045      114.553507    30.639767    5.3           341.7         12
2016-10-19 8:33:19          413826582      114.552973    30.641187     114.55324     30.64045     5.3           344.1         12
2016-10-19 8:33:43          413826582      114.552827    30.641663     114.552973    30.641187    5.3           342.8         12
2016-10-19 8:34:07          413826582      114.552573    30.642337     114.552827    30.641663    5.2           341.5         12
2016-10-19 8:34:42          413826582      114.55228     30.643093     114.552573    30.642337    5.2           341.6         12
2016-10-19 8:35:36          413826582      114.5518      30.6444       114.55228     30.643093    5.1           341.1         12
2016-10-19 8:36:00          413826582      114.551627    30.64481      114.5518      30.6444      5.1           340.5         12
2016-10-19 8:36:34          413826582      114.551453    30.64524      114.551627    30.64481     5             340.5         12
2016-10-19 8:37:01          413826582      114.55108     30.646117     114.551453    30.64524     4.7           339.1         12
2016-10-19 8:37:47          413826582      114.550693    30.647003     114.55108     30.646117    5             337.3         12
2016-10-19 8:38:21          413826582      114.55028     30.64786      114.550693    30.647003    4.9           337.1         12
2016-10-19 8:38:52          413826582      114.54996     30.64849      114.55028     30.64786     4.9           337.3         12
2016-10-19 8:39:15          413826582      114.54964     30.649187     114.54996     30.64849     4.9           336.7         12
2016-10-19 8:39:39          413826582      114.549547    30.649377     114.54964     30.649187    4.8           337.1         12
2016-10-19 8:40:13          413826582      114.549173    30.650173     114.549547    30.649377    4.8           338.9         12
2016-10-19 8:40:43          413826582      114.54888     30.650837     114.549173    30.650173    4.7           337.6         12
2016-10-19 8:41:12          413826582      114.548667    30.65126      114.54888     30.650837    4.7           336.2         12
2016-10-19 8:41:37          413826582      114.54828     30.652067     114.548667    30.65126     4.6           337           12
2016-10-19 8:42:12          413826582      114.547987    30.65266      114.54828     30.652067    4.6           336.3         12
2016-10-19 8:43:06          413826582      114.547453    30.653647     114.547987    30.65266     4.4           334.6         12
2016-10-19 8:43:33          413826582      114.547267    30.653987     114.547453    30.653647    4.5           335.6         12
2016-10-19 8:44:06          413826582      114.546893    30.65469      114.547267    30.653987    4.4           331.2         12
2016-10-19 8:44:32          413826582      114.54652     30.655233     114.546893    30.65469     4.3           327.8         12
2016-10-19 8:44:55          413826582      114.54636     30.655453     114.54652     30.655233    4.3           325.6         12
2016-10-19 8:45:18          413826582      114.546093    30.655763     114.54636     30.655453    4.2           324.9         12
2016-10-19 8:45:52          413826582      114.545507    30.656517     114.546093    30.655763    4             326.8         12
2016-10-19 8:46:20          413826582      114.545133    30.65696      114.545507    30.656517    3.6           320.6         12
2016-10-19 8:46:45          413826582      114.544827    30.65733      114.545133    30.65696     3.2           327.5         12
2016-10-19 8:47:44          413826582      114.544373    30.657883     114.544827    30.65733     2.8           324.2         12
2016-10-19 8:48:33          413826582      114.543933    30.658407     114.544373    30.657883    2.6           325.5         12
2016-10-19 8:49:26          413826582      114.543627    30.658857     114.543933    30.658407    2.1           329.9         12
2016-10-19 8:49:53          413826582      114.543413    30.659187     114.543627    30.658857    1.9           331.1         12
2016-10-19 8:50:19          413826582      114.543307    30.659363     114.543413    30.659187    1.8           330.3         12
2016-10-19 8:50:47          413826582      114.543173    30.659597     114.543307    30.659363    1.6           331.7         12
2016-10-19 8:51:23          413826582      114.543093    30.659727     114.543173    30.659597    1.5           335.3         12
2016-10-19 8:52:37          413826582      114.542827    30.660213     114.543093    30.659727    1             335.8         12
2016-10-19 8:53:12          413826582      114.542787    30.660333     114.542827    30.660213    0.9           335.7         12
2016-10-19 8:53:41          413826582      114.542707    30.66045      114.542787    30.660333    0.8           333.8         12
2016-10-19 8:54:34          413826582      114.542613    30.660637     114.542707    30.66045     0.7           335.6         12
2016-10-19 8:55:37          413826582      114.542547    30.66078      114.542613    30.660637    0.7           337.6         12
2016-10-19 8:56:00          413826582      114.54248     30.66091      114.542547    30.66078     0.8           335.7         12
2016-10-19 8:56:26          413826582      114.542453    30.660973     114.54248     30.66091     0.8           340.8         12
2016-10-19 8:57:04          413826582      114.542373    30.661123     114.542453    30.660973    0.8           337.1         12
2016-10-19 8:57:59          413826582      114.542267    30.6614       114.542373    30.661123    1             340.3         12
2016-10-19 8:58:25          413826582      114.54224     30.6615       114.542267    30.6614      1             339.1         12
2016-10-19 8:59:03          413826582      114.542147    30.661687     114.54224     30.6615      1.1           339           12
2016-10-19 8:59:37          413826582      114.54208     30.661843     114.542147    30.661687    1.2           342.6         12
2016-10-19 9:00:30          413826582      114.542013    30.66216      114.54208     30.661843    1             349.6         12
2016-10-19 9:01:04          413826582      114.541973    30.66228      114.542013    30.66216     0.9           342.5         12
2016-10-19 9:01:54          413826582      114.541933    30.66241      114.541973    30.66228     0.8           337.3         12
2016-10-19 9:02:20          413826582      114.541853    30.662593     114.541933    30.66241     1.1           342.4         12
2016-10-19 9:02:53          413826582      114.541773    30.66279      114.541853    30.662593    1.6           339.8         12
2016-10-19 9:03:22          413826582      114.541693    30.663043     114.541773    30.66279     2.1           342.5         12
2016-10-19 9:03:51          413826582      114.5416      30.66333      114.541693    30.663043    2.3           344.8         12
2016-10-19 9:04:19          413826582      114.541547    30.663473     114.5416      30.66333     2.5           341           12
2016-10-19 9:04:57          413826582      114.541387    30.663957     114.541547    30.663473    2.9           343.6         12
2016-10-19 9:05:28          413826582      114.5412      30.664533     114.541387    30.663957    3.3           345.3         12
2016-10-19 9:05:56          413826582      114.54108     30.665007     114.5412      30.664533    3.6           347.9         12
2016-10-19 9:06:23          413826582      114.541027    30.665243     114.54108     30.665007    3.7           346.5         12
2016-10-19 9:06:58          413826582      114.5408      30.665933     114.541027    30.665243    4.1           343           12
2016-10-19 9:07:25          413826582      114.540627    30.666387     114.5408      30.665933    4.3           343.6         12
2016-10-19 9:07:50          413826582      114.54036     30.667137     114.540627    30.666387    4.6           338.9         12
2016-10-19 9:08:12          413826582      114.5402      30.667493     114.54036     30.667137    4.7           338.5         12
2016-10-19 9:08:47          413826582      114.539973    30.66798      114.5402      30.667493    4.8           335.9         12
2016-10-19 9:09:38          413826582      114.539213    30.669407     114.539973    30.66798     5.1           333.6         12
2016-10-19 9:10:02          413826582      114.538947    30.669837     114.539213    30.669407    5.2           331.2         12
2016-10-19 9:10:39          413826582      114.53852     30.6705       114.538947    30.669837    5.2           331           12
2016-10-19 9:11:31          413826582      114.537627    30.671777     114.53852     30.6705      5.1           326.3         12
2016-10-19 9:11:52          413826582      114.537307    30.67217      114.537627    30.671777    5.1           322.3         12
2016-10-19 9:12:33          413826582      114.5368      30.67268      114.537307    30.67217     5             317           12
2016-10-19 9:13:05          413826582      114.536067    30.673337     114.5368      30.67268     4.8           314.6         12
2016-10-19 9:13:34          413826582      114.535747    30.673597     114.536067    30.673337    4.7           313.4         12
2016-10-19 9:14:00          413826582      114.535       30.674207     114.535747    30.673597    4.7           313.2         12
2016-10-19 9:14:39          413826582      114.534613    30.674523     114.535       30.674207    4.7           314.9         12
2016-10-19 9:15:09          413826582      114.533907    30.675157     114.534613    30.674523    4.6           314.8         12
2016-10-19 9:15:35          413826582      114.533373    30.675637     114.533907    30.675157    4.6           315.9         12
2016-10-19 9:16:01          413826582      114.533027    30.675953     114.533373    30.675637    4.7           316.4         12
2016-10-19 9:27:12          413826582      114.518773    30.68412      114.51928     30.68398     4.7           288.5         12
2016-10-19 9:27:41          413826582      114.518093    30.684323     114.518773    30.68412     4.8           288.5         12
2016-10-19 9:28:16          413826582      114.517107    30.684567     114.518093    30.684323    4.7           286.1         12
2016-10-19 9:28:48          413826582      114.516347    30.684767     114.517107    30.684567    4.7           286.3         12
2016-10-19 9:29:14          413826582      114.51556     30.68496      114.516347    30.684767    4.8           285.6         12
2016-10-19 9:29:41          413826582      114.515307    30.685017     114.51556     30.68496     4.8           285           12
2016-10-19 9:30:18          413826582      114.514133    30.685277     114.515307    30.685017    4.8           286.9         12
2016-10-19 9:30:48          413826582      114.513267    30.685523     114.514133    30.685277    4.8           289.8         12
2016-10-19 9:31:15          413826582      114.512853    30.685653     114.513267    30.685523    4.8           289.2         12
2016-10-19 9:31:43          413826582      114.51188     30.68589      114.512853    30.685653    4.7           283.6         12
2016-10-19 9:32:22          413826582      114.511133    30.686037     114.51188     30.68589     4.8           283           12
2016-10-19 9:32:57          413826582      114.510133    30.686237     114.511133    30.686037    4.8           283.5         12
2016-10-19 9:33:24          413826582      114.5094      30.686397     114.510133    30.686237    4.8           284.2         12
2016-10-19 9:34:28          413826582      114.507867    30.686723     114.5094      30.686397    4.9           284.9         12
2016-10-19 9:34:59          413826582      114.507333    30.686837     114.507867    30.686723    4.9           284           12
2016-10-19 9:35:26          413826582      114.506333    30.687063     114.507333    30.686837    4.9           284.6         12
2016-10-19 9:35:58          413826582      114.50548     30.687273     114.506333    30.687063    5             284.8         12
2016-10-19 9:36:36          413826582      114.505013    30.68737      114.50548     30.687273    5             281.8         12
2016-10-19 9:37:05          413826582      114.503787    30.687553     114.505013    30.68737     5             277.2         12
2016-10-19 9:37:34          413826582      114.502907    30.687647     114.503787    30.687553    4.9           275.6         12
2016-10-19 9:38:03          413826582      114.502107    30.687683     114.502907    30.687647    4.8           271.6         12
2016-10-19 9:38:38          413826582      114.501333    30.687677     114.502107    30.687683    4.7           266.7         12
2016-10-19 9:39:09          413826582      114.500613    30.68763      114.501333    30.687677    4.6           265           12
2016-10-19 9:39:38          413826582      114.50012     30.68757      114.500613    30.68763     4.6           259.8         12
2016-10-19 9:40:05          413826582      114.49908     30.687413     114.50012     30.68757     4.6           259.6         12
2016-10-19 9:40:46          413826582      114.498093    30.687273     114.49908     30.687413    4.5           260.3         12
2016-10-19 9:41:20          413826582      114.497413    30.687167     114.498093    30.687273    4.5           259.5         12
2016-10-19 9:41:47          413826582      114.496973    30.687097     114.497413    30.687167    4.5           259.2         12
2016-10-19 9:42:14          413826582      114.495987    30.68693      114.496973    30.687097    4.5           259.2         12
2016-10-19 9:42:51          413826582      114.495307    30.686833     114.495987    30.68693     4.5           260.3         12
2016-10-19 9:43:21          413826582      114.494333    30.686677     114.495307    30.686833    4.4           259           12
2016-10-19 9:43:51          413826582      114.493627    30.686557     114.494333    30.686677    4.4           258.6         12
2016-10-19 9:44:19          413826582      114.493147    30.686477     114.493627    30.686557    4.4           259.1         12
2016-10-19 9:44:53          413826582      114.492413    30.68636      114.493147    30.686477    4.4           259.5         12
2016-10-19 9:45:50          413826582      114.491       30.68615      114.492413    30.68636     4.4           262.1         12
2016-10-19 9:46:16          413826582      114.490253    30.68607      114.491       30.68615     4.4           264           12
2016-10-19 9:46:53          413826582      114.4898      30.68603      114.490253    30.68607     4.3           263.1         12
2016-10-19 9:47:24          413826582      114.488773    30.68584      114.4898      30.68603     4             254           12
2016-10-19 9:47:54          413826582      114.48816     30.685657     114.488773    30.68584     4             247.7         12
2016-10-19 9:48:23          413826582      114.487547    30.68543      114.48816     30.685657    4.1           245.9         12
2016-10-19 9:49:00          413826582      114.48696     30.68522      114.487547    30.68543     4.2           249           12
2016-10-19 9:49:29          413826582      114.486093    30.685007     114.48696     30.68522     4             256.9         12
2016-10-19 9:50:28          413826582      114.485027    30.68472      114.486093    30.685007    4             250.3         12
2016-10-19 9:51:07          413826582      114.48428     30.684493     114.485027    30.68472     4.1           250.5         12
2016-10-19 9:51:37          413826582      114.483573    30.68428      114.48428     30.684493    4.1           249.4         12
2016-10-19 9:52:06          413826582      114.48296     30.684087     114.483573    30.68428     4.1           250.1         12
2016-10-19 9:52:32          413826582      114.482333    30.68389      114.48296     30.684087    4.2           249.2         12
2016-10-19 9:53:13          413826582      114.48152     30.683623     114.482333    30.68389     4.2           251.5         12
2016-10-19 9:53:46          413826582      114.48104     30.683483     114.48152     30.683623    4.1           250.8         12
2016-10-19 9:54:43          413826582      114.479533    30.683        114.48104     30.683483    4.3           249.9         12
2016-10-19 9:55:17          413826582      114.47892     30.682813     114.479533    30.683       4.3           250.5         12
2016-10-19 9:55:46          413826582      114.478493    30.682677     114.47892     30.682813    4.3           250.3         12
2016-10-19 9:56:14          413826582      114.477773    30.682463     114.478493    30.682677    4.3           251.2         12
2016-10-19 9:56:41          413826582      114.476893    30.682203     114.477773    30.682463    4.3           251.8         12
2016-10-19 9:57:15          413826582      114.476893    30.682203     114.476893    30.682203    4.3           251.8         12
2016-10-19 9:57:45          413826582      114.475587    30.68186      114.476893    30.682203    4.3           250.2         12
2016-10-19 9:58:08          413826582      114.474987    30.681673     114.475587    30.68186     4.3           251.1         12
2016-10-19 9:58:37          413826582      114.474507    30.681533     114.474987    30.681673    4.3           248.6         12
2016-10-19 9:59:13          413826582      114.473907    30.681313     114.474507    30.681533    4.3           247.1         12
2016-10-19 9:59:42          413826582      114.473       30.68101      114.473907    30.681313    4.3           250.2         12
2016-10-19 10:00:09         413826582      114.472387    30.680823     114.473       30.68101     4.3           249.9         12
2016-10-19 10:00:34         413826582      114.471867    30.680657     114.472387    30.680823    4.3           249.6         12
2016-10-19 10:01:07         413826582      114.47104     30.680393     114.471867    30.680657    4.4           250.4         12
2016-10-19 10:01:34         413826582      114.470573    30.680257     114.47104     30.680393    4.4           252.3         12
2016-10-19 10:02:03         413826582      114.470053    30.680117     114.470573    30.680257    4.4           253.6         12
2016-10-19 10:03:05         413826582      114.46896     30.679817     114.470053    30.680117    4.4           251.3         12
2016-10-19 10:03:37         413826582      114.46808     30.679557     114.46896     30.679817    4.4           250.9         12
2016-10-19 10:04:02         413826582      114.467187    30.679303     114.46808     30.679557    4.4           252.5         12
2016-10-19 10:04:30         413826582      114.46672     30.679173     114.467187    30.679303    4.4           250.4         12
2016-10-19 10:05:07         413826582      114.465787    30.67889      114.46672     30.679173    4.4           250.6         12
2016-10-19 10:05:36         413826582      114.464907    30.678613     114.465787    30.67889     4.7           248.9         12
2016-10-19 10:06:01         413826582      114.464627    30.678517     114.464907    30.678613    4.7           248.9         12
2016-10-19 10:06:25         413826582      114.463707    30.678217     114.464627    30.678517    4.6           249           12
2016-10-19 10:07:01         413826582      114.46352     30.678153     114.463707    30.678217    4.6           248.9         12
2016-10-19 10:07:53         413826582      114.46352     30.678153     114.46352     30.678153    4.6           248.9         12
2016-10-19 10:08:53         413826582      114.460573    30.677227     114.46352     30.678153    4.5           249.7         12
2016-10-19 10:09:21         413826582      114.459907    30.67702      114.460573    30.677227    4.5           251.9         12
2016-10-19 10:09:46         413826582      114.459387    30.676883     114.459907    30.67702     4.5           253.7         12
2016-10-19 10:10:14         413826582      114.458707    30.676687     114.459387    30.676883    4.5           247.9         12
2016-10-19 10:10:47         413826582      114.457853    30.676333     114.458707    30.676687    4.4           242.3         12
2016-10-19 10:12:06         413826582      114.456187    30.67539      114.457853    30.676333    4.5           237           12
2016-10-19 10:12:47         413826582      114.455413    30.67493      114.456187    30.67539     4.5           237.3         12
2016-10-19 10:13:19         413826582      114.455187    30.674813     114.455413    30.67493     4.4           239.6         12
2016-10-19 10:13:42         413826582      114.454413    30.67441      114.455187    30.674813    4.5           235.8         12
2016-10-19 10:14:09         413826582      114.453813    30.67406      114.454413    30.67441     4.5           237.5         12
2016-10-19 10:14:45         413826582      114.452987    30.673617     114.453813    30.67406     4.4           239           12
2016-10-19 10:15:12         413826582      114.452573    30.67341      114.452987    30.673617    4.4           239.6         12
2016-10-19 10:15:36         413826582      114.452187    30.67321      114.452573    30.67341     4.4           239.6         12
2016-10-19 10:15:59         413826582      114.451493    30.67289      114.452187    30.67321     4.4           243           12
2016-10-19 10:16:34         413826582      114.450933    30.672627     114.451493    30.67289     4.4           240.3         12
2016-10-19 10:17:05         413826582      114.450053    30.67221      114.450933    30.672627    4.4           241.9         12
2016-10-19 10:17:29         413826582      114.449627    30.672007     114.450053    30.67221     4.4           241.1         12
2016-10-19 10:17:52         413826582      114.449427    30.671903     114.449627    30.672007    4.4           239.9         12
2016-10-19 10:18:26         413826582      114.448413    30.671407     114.449427    30.671903    4.5           241.1         12
2016-10-19 10:18:54         413826582      114.447773    30.671113     114.448413    30.671407    4.4           248.5         12
2016-10-19 10:19:19         413826582      114.447267    30.67102      114.447773    30.671113    4.2           265.4         12
2016-10-19 10:19:41         413826582      114.446653    30.671077     114.447267    30.67102     4             286.7         12
2016-10-19 10:20:13         413826582      114.446027    30.6713       114.446653    30.671077    4.2           297           12
2016-10-19 10:20:41         413826582      114.44544     30.671613     114.446027    30.6713      4.6           303.5         12
2016-10-19 10:21:04         413826582      114.445227    30.671737     114.44544     30.671613    4.7           304.3         12
2016-10-19 10:21:28         413826582      114.44436     30.672257     114.445227    30.671737    4.9           304.5         12
2016-10-19 10:22:01         413826582      114.44368     30.672627     114.44436     30.672257    4.7           299.8         12
2016-10-19 10:22:27         413826582      114.4432      30.672847     114.44368     30.672627    4.7           296           12
2016-10-19 10:22:51         413826582      114.442787    30.673007     114.4432      30.672847    4.6           291.7         12
2016-10-19 10:23:17         413826582      114.44208     30.673207     114.442787    30.673007    4.7           285.9         12
2016-10-19 10:23:53         413826582      114.44124     30.673367     114.44208     30.673207    4.8           281           12
2016-10-19 10:24:24         413826582      114.440533    30.673473     114.44124     30.673367    4.9           278.1         12
2016-10-19 10:24:51         413826582      114.439467    30.673537     114.440533    30.673473    4.7           269.1         12
2016-10-19 10:25:16         413826582      114.438947    30.673517     114.439467    30.673537    4.6           265           12
2016-10-19 10:25:47         413826582      114.438267    30.67345      114.438947    30.673517    4.6           261.5         12
2016-10-19 10:26:40         413826582      114.4368      30.673153     114.438267    30.67345     4.5           254           12
2016-10-19 10:27:03         413826582      114.436307    30.67303      114.4368      30.673153    4.5           252.5         12
2016-10-19 10:27:38         413826582      114.435653    30.67283      114.436307    30.67303     4.5           248.8         12
2016-10-19 10:28:33         413826582      114.4354      30.67274      114.435653    30.67283     4.5           249           12
2016-10-19 10:29:37         413826582      114.432867    30.672067     114.4354      30.67274     4.6           250.6         12
2016-10-19 10:30:03         413826582      114.432187    30.67185      114.432867    30.672067    4.6           249.6         12
2016-10-19 10:30:52         413826582      114.430947    30.67141      114.432187    30.67185     4.7           245.8         12
2016-10-19 10:31:22         413826582      114.430253    30.671133     114.430947    30.67141     4.7           244           12
2016-10-19 10:31:47         413826582      114.429853    30.670953     114.430253    30.671133    4.7           242.8         12
2016-10-19 10:32:14         413826582      114.4292      30.670667     114.429853    30.670953    4.8           242.6         12
2016-10-19 10:32:41         413826582      114.42868     30.67042      114.4292      30.670667    4.8           240.1         12
2016-10-19 10:33:20         413826582      114.427587    30.669847     114.42868     30.67042     4.9           238.3         12
2016-10-19 10:33:50         413826582      114.426893    30.66947      114.427587    30.669847    4.9           237.4         12
2016-10-19 10:34:35         413826582      114.426267    30.66913      114.426893    30.66947     4.9           239.5         12
2016-10-19 10:35:14         413826582      114.42556     30.668787     114.426267    30.66913     4.8           240.8         12
2016-10-19 10:35:45         413826582      114.42464     30.668353     114.42556     30.668787    4.9           242.1         12
2016-10-19 10:36:09         413826582      114.423667    30.667907     114.42464     30.668353    4.9           242.3         12
2016-10-19 10:36:34         413826582      114.423227    30.667717     114.423667    30.667907    4.9           242.9         12
2016-10-19 10:37:09         413826582      114.422547    30.667417     114.423227    30.667717    4.9           242.8         12
2016-10-19 10:37:36         413826582      114.42184     30.6671       114.422547    30.667417    4.9           241.9         12
2016-10-19 10:37:57         413826582      114.42116     30.666763     114.42184     30.6671      4.9           239.9         12
2016-10-19 10:38:58         413826582      114.419827    30.66608      114.42116     30.666763    4.9           239.2         12
2016-10-19 10:39:27         413826582      114.419107    30.665733     114.419827    30.66608     4.9           242.1         12
2016-10-19 10:39:56         413826582      114.418587    30.665507     114.419107    30.665733    4.9           244.4         12
2016-10-19 10:40:24         413826582      114.417907    30.665227     114.418587    30.665507    5.1           244.9         12
2016-10-19 10:41:02         413826582      114.41736     30.66501      114.417907    30.665227    5.2           246           12
2016-10-19 10:41:34         413826582      114.416053    30.66456      114.41736     30.66501     5.5           249.4         12
2016-10-19 10:42:00         413826582      114.415187    30.664267     114.416053    30.66456     5.5           247.6         12
2016-10-19 10:42:24         413826582      114.414627    30.664067     114.415187    30.664267    5.6           247.7         12
2016-10-19 10:42:57         413826582      114.41412     30.663887     114.414627    30.664067    5.7           247.1         12
2016-10-19 10:43:28         413826582      114.41264     30.663333     114.41412     30.663887    5.9           246.6         12
2016-10-19 10:43:58         413826582      114.4118      30.663        114.41264     30.663333    5.9           244.4         12
2016-10-19 10:44:22         413826582      114.411213    30.662763     114.4118      30.663       5.9           244.9         12
2016-10-19 10:44:55         413826582      114.41028     30.66238      114.411213    30.662763    6             243.7         12
2016-10-19 10:45:24         413826582      114.40944     30.662027     114.41028     30.66238     6             245.6         12
2016-10-19 10:45:51         413826582      114.40852     30.66169      114.40944     30.662027    5.9           247.9         12
2016-10-19 10:46:22         413826582      114.40768     30.6614       114.40852     30.66169     5.9           249           12
2016-10-19 10:46:59         413826582      114.406827    30.6611       114.40768     30.6614      5.8           248.5         12
2016-10-19 10:47:29         413826582      114.4056      30.660683     114.406827    30.6611      5.6           248.4         12
2016-10-19 10:47:55         413826582      114.405013    30.660487     114.4056      30.660683    5.5           248.9         12
2016-10-19 10:48:25         413826582      114.404213    30.660223     114.405013    30.660487    5.4           248.8         12
2016-10-19 10:49:02         413826582      114.403253    30.6599       114.404213    30.660223    5.5           249.5         12
2016-10-19 10:49:32         413826582      114.4024      30.65962      114.403253    30.6599      5.5           247.5         12
2016-10-19 10:49:59         413826582      114.401587    30.659317     114.4024      30.65962     5.5           246.6         12
2016-10-19 10:50:25         413826582      114.400787    30.65901      114.401587    30.659317    5.6           245           12
2016-10-19 10:51:00         413826582      114.399867    30.658663     114.400787    30.65901     5.6           247.3         12
2016-10-19 10:51:29         413826582      114.399067    30.658403     114.399867    30.658663    5.6           249.8         12
2016-10-19 10:51:58         413826582      114.398213    30.658157     114.399067    30.658403    5.4           254.7         12
2016-10-19 10:52:24         413826582      114.39736     30.657973     114.398213    30.658157    5.1           255.6         12
2016-10-19 10:52:59         413826582      114.39656     30.657797     114.39736     30.657973    5             256.4         12
2016-10-19 10:53:26         413826582      114.395813    30.657643     114.39656     30.657797    4.9           257.1         12
2016-10-19 10:53:52         413826582      114.395333    30.657543     114.395813    30.657643    4.8           255.5         12
2016-10-19 10:54:18         413826582      114.39456     30.657377     114.395333    30.657543    4.7           256.6         12
2016-10-19 10:54:53         413826582      114.393813    30.657227     114.39456     30.657377    4.7           256.1         12
2016-10-19 10:55:24         413826582      114.392827    30.657017     114.393813    30.657227    4.7           256.3         12
2016-10-19 10:55:50         413826582      114.392293    30.6569       114.392827    30.657017    4.6           254.8         12
2016-10-19 10:56:16         413826582      114.391627    30.65674      114.392293    30.6569      4.6           254           12
2016-10-19 10:56:50         413826582      114.39092     30.65655      114.391627    30.65674     4.6           249.7         12
2016-10-19 10:57:18         413826582      114.390187    30.65629      114.39092     30.65655     4.5           245.7         12
2016-10-19 10:57:44         413826582      114.389813    30.656113     114.390187    30.65629     4.5           241           12
2016-10-19 10:58:10         413826582      114.38916     30.655843     114.389813    30.656113    4.4           244.9         12
2016-10-19 10:58:43         413826582      114.388267    30.655493     114.38916     30.655843    4.4           245.5         12
2016-10-19 10:59:38         413826582      114.387187    30.65508      114.388267    30.655493    4.5           246.2         12
2016-10-19 11:00:04         413826582      114.386587    30.654867     114.387187    30.65508     4.5           247.9         12
2016-10-19 11:00:46         413826582      114.38588     30.654613     114.386587    30.654867    4.5           248.3         12
2016-10-19 11:01:16         413826582      114.38496     30.654293     114.38588     30.654613    4.6           247.4         12
2016-10-19 11:01:40         413826582      114.384267    30.654037     114.38496     30.654293    4.6           247.8         12
2016-10-19 11:02:09         413826582      114.384013    30.653947     114.384267    30.654037    4.6           248.2         12
2016-10-19 11:02:41         413826582      114.38316     30.65365      114.384013    30.653947    4.6           245.9         12
2016-10-19 11:03:08         413826582      114.38244     30.653353     114.38316     30.65365     4.6           244.4         12
2016-10-19 11:03:33         413826582      114.38176     30.65308      114.38244     30.653353    4.6           245.7         12
2016-10-19 11:03:57         413826582      114.381267    30.65289      114.38176     30.65308     4.6           246.5         12
2016-10-19 11:04:34         413826582      114.380613    30.65264      114.381267    30.65289     4.7           244.6         12
2016-10-19 11:05:04         413826582      114.379733    30.652223     114.380613    30.65264     4.7           238.5         12
2016-10-19 11:05:32         413826582      114.37908     30.65186      114.379733    30.652223    4.7           235.3         12
2016-10-19 11:05:58         413826582      114.378693    30.651633     114.37908     30.65186     4.7           234.4         12
2016-10-19 11:06:37         413826582      114.377813    30.651107     114.378693    30.651633    4.8           236.8         12
2016-10-19 11:07:08         413826582      114.37712     30.650723     114.377813    30.651107    4.9           235.9         12
2016-10-19 11:07:32         413826582      114.376507    30.65036      114.37712     30.650723    4.9           236           12
2016-10-19 11:08:00         413826582      114.37604     30.65011      114.376507    30.65036     4.9           240.1         12
2016-10-19 11:08:33         413826582      114.375147    30.649697     114.37604     30.65011     4.8           242.8         12
2016-10-19 11:09:00         413826582      114.37484     30.649567     114.375147    30.649697    4.9           243.6         12
2016-10-19 11:09:55         413826582      114.373227    30.648937     114.37484     30.649567    4.9           244.3         12
2016-10-19 11:10:32         413826582      114.372493    30.648613     114.373227    30.648937    4.9           242.4         12
2016-10-19 11:11:03         413826582      114.371573    30.6482       114.372493    30.648613    5             243           12
2016-10-19 11:11:28         413826582      114.37112     30.647997     114.371573    30.6482      5             243           12
2016-10-19 11:11:55         413826582      114.3704      30.64768      114.37112     30.647997    5             243.5         12
2016-10-19 11:12:29         413826582      114.369427    30.647267     114.3704      30.64768     5.1           243.3         12
2016-10-19 11:12:57         413826582      114.368867    30.647017     114.369427    30.647267    5.1           241.5         12
2016-10-19 11:13:26         413826582      114.36816     30.64666      114.368867    30.647017    5.1           239.5         12
2016-10-19 11:13:49         413826582      114.36748     30.646313     114.36816     30.64666     5.1           239           12
2016-10-19 11:14:29         413826582      114.36704     30.646083     114.36748     30.646313    5.1           238.9         12
2016-10-19 11:14:59         413826582      114.366067    30.645557     114.36704     30.646083    5.1           237.1         12
2016-10-19 11:15:26         413826582      114.365333    30.64514      114.366067    30.645557    5.1           236.4         12
2016-10-19 11:15:56         413826582      114.36464     30.644737     114.365333    30.64514     5.1           235.8         12
2016-10-19 11:16:33         413826582      114.363827    30.64425      114.36464     30.644737    5.1           235           12
2016-10-19 11:17:05         413826582      114.363133    30.64381      114.363827    30.64425     5.1           232.2         12
2016-10-19 11:17:58         413826582      114.362067    30.643043     114.363133    30.64381     5             227.5         12
2016-10-19 11:18:34         413826582      114.361307    30.64242      114.362067    30.643043    5             227.1         12
2016-10-19 11:19:04         413826582      114.36064     30.641907     114.361307    30.64242     5             228.6         12
2016-10-19 11:19:29         413826582      114.36044     30.641753     114.36064     30.641907    5             227.8         12
2016-10-19 11:20:31         413826582      114.358933    30.64058      114.36044     30.641753    5             226.7         12
2016-10-19 11:21:01         413826582      114.358347    30.640097     114.358933    30.64058     5             227.1         12
2016-10-19 11:21:28         413826582      114.35772     30.639587     114.358347    30.640097    5             226.7         12
2016-10-19 11:21:58         413826582      114.35716     30.639143     114.35772     30.639587    5             227.9         12
2016-10-19 11:22:32         413826582      114.35656     30.63868      114.35716     30.639143    5             227.4         12
2016-10-19 11:23:01         413826582      114.355947    30.638177     114.35656     30.63868     5             225.5         12
2016-10-19 11:23:23         413826582      114.355573    30.63785      114.355947    30.638177    5             224.1         12
2016-10-19 11:23:46         413826582      114.35524     30.637547     114.355573    30.63785     4.9           223.5         12
2016-10-19 11:24:20         413826582      114.354627    30.636993     114.35524     30.637547    5             222.5         12
2016-10-19 11:24:50         413826582      114.353933    30.636327     114.354627    30.636993    4.9           222.6         12
2016-10-19 11:25:12         413826582      114.353587    30.636003     114.353933    30.636327    4.9           221.1         12
2016-10-19 11:25:36         413826582      114.35308     30.635507     114.353587    30.636003    4.9           222.4         12
2016-10-19 11:26:15         413826582      114.352533    30.634983     114.35308     30.635507    4.8           222.7         12
2016-10-19 11:26:44         413826582      114.35184     30.634337     114.352533    30.634983    4.8           221.8         12
2016-10-19 11:27:08         413826582      114.35148     30.63401      114.35184     30.634337    4.7           223.6         12
2016-10-19 11:27:35         413826582      114.35112     30.633677     114.35148     30.63401     4.7           225           12
2016-10-19 11:28:09         413826582      114.350373    30.63304      114.35112     30.633677    4.6           227.2         12
2016-10-19 11:28:36         413826582      114.350027    30.632767     114.350373    30.63304     4.5           226.9         12
2016-10-19 11:29:03         413826582      114.349507    30.632333     114.350027    30.632767    4.5           226.2         12
2016-10-19 11:29:30         413826582      114.349       30.631903     114.349507    30.632333    4.5           225.2         12
2016-10-19 11:30:05         413826582      114.348533    30.631503     114.349       30.631903    4.4           224.3         12
2016-10-19 11:30:29         413826582      114.348013    30.631043     114.348533    30.631503    4.4           224.6         12
2016-10-19 11:30:57         413826582      114.347507    30.630587     114.348013    30.631043    4.4           224.7         12
2016-10-19 11:31:24         413826582      114.3472      30.63032      114.347507    30.630587    4.4           224.4         12
2016-10-19 11:32:00         413826582      114.346507    30.629737     114.3472      30.63032     4.4           227.1         12
2016-10-19 11:32:31         413826582      114.345987    30.62932      114.346507    30.629737    4.4           227.1         12
2016-10-19 11:32:57         413826582      114.345467    30.628923     114.345987    30.62932     4.3           228.4         12
2016-10-19 11:33:23         413826582      114.345107    30.628633     114.345467    30.628923    4.4           228.3         12
2016-10-19 11:33:54         413826582      114.344573    30.628237     114.345107    30.628633    4.3           228.7         12
2016-10-19 11:34:47         413826582      114.34352     30.62743      114.344573    30.628237    4.2           227.5         12
2016-10-19 11:35:06         413826582      114.343173    30.627163     114.34352     30.62743     4.1           228.7         12
2016-10-19 11:35:38         413826582      114.342707    30.626807     114.343173    30.627163    4.5           231.8         12
2016-10-19 11:36:09         413826582      114.342147    30.626387     114.342707    30.626807    4.3           229.5         12
2016-10-19 11:36:38         413826582      114.341613    30.62602      114.342147    30.626387    4.2           230.9         12
2016-10-19 11:37:04         413826582      114.34108     30.62565      114.341613    30.62602     4.2           231.4         12
2016-10-19 11:37:35         413826582      114.34076     30.625407     114.34108     30.62565     4.2           229.6         12
2016-10-19 11:38:02         413826582      114.340053    30.624867     114.34076     30.625407    4.2           226.7         12
2016-10-19 11:38:25         413826582      114.339707    30.62458      114.340053    30.624867    4.2           226           12
2016-10-19 11:38:48         413826582      114.33952     30.62443      114.339707    30.62458     4.2           226           12
2016-10-19 11:39:17         413826582      114.338907    30.623933     114.33952     30.62443     4.2           226.2         12
2016-10-19 11:39:45         413826582      114.338387    30.6235       114.338907    30.623933    4.2           226.1         12
2016-10-19 11:40:09         413826582      114.337973    30.623137     114.338387    30.6235      4.2           223.2         12
2016-10-19 11:40:36         413826582      114.337627    30.622813     114.337973    30.623137    4.2           222.7         12
2016-10-19 11:41:07         413826582      114.3372      30.62243      114.337627    30.622813    4.2           225.8         12
2016-10-19 11:41:38         413826582      114.33668     30.622023     114.3372      30.62243     4.2           228.6         12
2016-10-19 11:42:04         413826582      114.336187    30.621667     114.33668     30.622023    4.1           231.6         12
2016-10-19 11:42:33         413826582      114.335627    30.62128      114.336187    30.621667    4.1           230.7         12
2016-10-19 11:43:05         413826582      114.335147    30.620937     114.335627    30.62128     4.1           230.3         12
2016-10-19 11:43:31         413826582      114.33476     30.62067      114.335147    30.620937    4.1           230.2         12
2016-10-19 11:43:59         413826582      114.33424     30.620303     114.33476     30.62067     4.1           231.5         12
2016-10-19 11:44:26         413826582      114.333747    30.619973     114.33424     30.620303    4.1           232.4         12
2016-10-19 11:44:57         413826582      114.3332      30.61961      114.333747    30.619973    4.1           231.7         12
2016-10-19 11:45:25         413826582      114.33264     30.619223     114.3332      30.61961     4.2           230.4         12
2016-10-19 11:45:52         413826582      114.332147    30.61886      114.33264     30.619223    4.2           229           12
2016-10-19 11:46:19         413826582      114.3318      30.618603     114.332147    30.61886     4.2           228.2         12
2016-10-19 11:46:51         413826582      114.331307    30.618223     114.3318      30.618603    4.2           227.7         12
2016-10-19 11:47:20         413826582      114.3308      30.61783      114.331307    30.618223    4.2           226.5         12
2016-10-19 11:47:41         413826582      114.330293    30.61741      114.3308      30.61783     4.3           225.1         12
2016-10-19 11:48:06         413826582      114.329987    30.61714      114.330293    30.61741     4.3           224           12
2016-10-19 11:48:36         413826582      114.329533    30.616717     114.329987    30.61714     4.3           221.6         12
2016-10-19 11:49:07         413826582      114.32904     30.616207     114.329533    30.616717    4.3           219.2         12
2016-10-19 11:49:33         413826582      114.32864     30.615773     114.32904     30.616207    4.3           218.9         12
2016-10-19 11:49:59         413826582      114.328307    30.61541      114.32864     30.615773    4.3           218.7         12
2016-10-19 11:50:31         413826582      114.32776     30.614817     114.328307    30.61541     4.4           218.3         12
2016-10-19 11:50:54         413826582      114.327507    30.614527     114.32776     30.614817    4.4           218.2         12
2016-10-19 11:51:16         413826582      114.3272      30.614203     114.327507    30.614527    4.4           218.7         12
2016-10-19 11:51:40         413826582      114.32672     30.61369      114.3272      30.614203    4.5           218.5         12
2016-10-19 11:52:11         413826582      114.326307    30.613243     114.32672     30.61369     4.5           219.1         12
2016-10-19 11:52:39         413826582      114.3258      30.612713     114.326307    30.613243    4.5           220.6         12
2016-10-19 11:53:04         413826582      114.325453    30.612377     114.3258      30.612713    4.5           221.1         12
2016-10-19 11:53:31         413826582      114.325027    30.611943     114.325453    30.612377    4.6           220.3         12
2016-10-19 11:54:02         413826582      114.324533    30.611427     114.325027    30.611943    4.6           219.3         12
2016-10-19 11:54:27         413826582      114.324227    30.611107     114.324533    30.611427    4.6           218.9         12
2016-10-19 11:54:54         413826582      114.32376     30.610593     114.324227    30.611107    4.6           218.4         12
2016-10-19 11:55:18         413826582      114.32328     30.610073     114.32376     30.610593    4.6           217.9         12
2016-10-19 11:55:45         413826582      114.322933    30.609677     114.32328     30.610073    4.7           217.9         12
2016-10-19 11:56:10         413826582      114.32248     30.609173     114.322933    30.609677    4.7           218.3         12
2016-10-19 11:56:37         413826582      114.322147    30.608817     114.32248     30.609173    4.7           218.5         12
2016-10-19 11:57:03         413826582      114.321667    30.608303     114.322147    30.608817    4.8           219.3         12
2016-10-19 11:57:36         413826582      114.321213    30.6078       114.321667    30.608303    4.8           219.1         12
2016-10-19 11:58:04         413826582      114.320707    30.60726      114.321213    30.6078      4.8           218.4         12
2016-10-19 11:58:30         413826582      114.32024     30.60676      114.320707    30.60726     4.8           218.2         12
2016-10-19 11:58:53         413826582      114.31992     30.60641      114.32024     30.60676     4.8           217.6         12
2016-10-19 11:59:27         413826582      114.31944     30.60588      114.31992     30.60641     4.9           218           12
2016-10-19 11:59:55         413826582      114.318973    30.605393     114.31944     30.60588     4.7           220.6         12
2016-10-19 12:00:17         413826582      114.318573    30.605        114.318973    30.605393    4.8           222.3         12
2016-10-19 12:00:42         413826582      114.31808     30.60455      114.318573    30.605       4.8           223.4         12
2016-10-19 12:01:13         413826582      114.317573    30.60409      114.31808     30.60455     4.8           224.4         12
2016-10-19 12:01:37         413826582      114.317013    30.60357      114.317573    30.60409     4.7           221.3         12
2016-10-19 12:02:01         413826582      114.316707    30.603263     114.317013    30.60357     4.7           217.9         12
2016-10-19 12:02:22         413826582      114.3164      30.602913     114.316707    30.603263    4.7           217.8         12
2016-10-19 12:02:51         413826582      114.315947    30.602363     114.3164      30.602913    4.7           215.3         12
2016-10-19 12:03:17         413826582      114.315493    30.60184      114.315947    30.602363    4.7           218           12
2016-10-19 12:03:42         413826582      114.315173    30.601493     114.315493    30.60184     4.7           217.4         12
2016-10-19 12:04:05         413826582      114.314693    30.60097      114.315173    30.601493    4.7           218.6         12
2016-10-19 12:04:37         413826582      114.314413    30.600663     114.314693    30.60097     4.7           218.2         12
2016-10-19 12:05:04         413826582      114.31388     30.600067     114.314413    30.600663    4.7           217           12
2016-10-19 12:05:29         413826582      114.313427    30.599537     114.31388     30.600067    4.7           216.2         12
2016-10-19 12:05:55         413826582      114.313147    30.599197     114.313427    30.599537    4.7           216.6         12
2016-10-19 12:06:27         413826582      114.31268     30.59867      114.313147    30.599197    4.7           217.7         12
2016-10-19 12:06:58         413826582      114.312267    30.598197     114.31268     30.59867     4.7           216.9         12
2016-10-19 12:07:24         413826582      114.311787    30.597623     114.312267    30.598197    4.7           215           12
2016-10-19 12:07:50         413826582      114.311373    30.597073     114.311787    30.597623    4.7           214.4         12
2016-10-19 12:08:18         413826582      114.31096     30.596523     114.311373    30.597073    4.7           212.1         12
2016-10-19 12:08:49         413826582      114.310693    30.59617      114.31096     30.596523    4.7           213.7         12
2016-10-19 12:09:14         413826582      114.310253    30.595623     114.310693    30.59617     4.7           214.9         12
2016-10-19 12:09:39         413826582      114.309813    30.595093     114.310253    30.595623    4.8           215.9         12
2016-10-19 12:10:11         413826582      114.309293    30.594533     114.309813    30.595093    4.8           221.6         12
2016-10-19 12:10:37         413826582      114.3088      30.594043     114.309293    30.594533    4.8           221.1         12
2016-10-19 12:11:02         413826582      114.308347    30.593587     114.3088      30.594043    4.7           221.1         12
2016-10-19 12:11:25         413826582      114.308013    30.593267     114.308347    30.593587    4.7           220.5         12
2016-10-19 12:11:59         413826582      114.307493    30.59273      114.308013    30.593267    4.6           219.5         12
2016-10-19 12:12:28         413826582      114.30704     30.592273     114.307493    30.59273     4.3           222.2         12
2016-10-19 12:12:57         413826582      114.30652     30.59181      114.30704     30.592273    4.1           224.6         12
2016-10-19 12:13:19         413826582      114.306227    30.59155      114.30652     30.59181     4             223           12
2016-10-19 12:13:47         413826582      114.305853    30.59112      114.306227    30.59155     4             213.7         12
2016-10-19 12:14:10         413826582      114.305613    30.590793     114.305853    30.59112     4.1           212.4         12
2016-10-19 12:14:33         413826582      114.305373    30.590467     114.305613    30.590793    4.3           210.5         12
2016-10-19 12:14:57         413826582      114.304987    30.589867     114.305373    30.590467    4.6           209.5         12
2016-10-19 12:15:26         413826582      114.304627    30.58931      114.304987    30.589867    4.8           208.3         12
2016-10-19 12:15:52         413826582      114.304413    30.588973     114.304627    30.58931     4.8           207.7         12
2016-10-19 12:16:14         413826582      114.30404     30.58835      114.304413    30.588973    4.9           208.4         12
2016-10-19 12:16:40         413826582      114.30376     30.58793      114.30404     30.58835     4.9           210.1         12
2016-10-19 12:17:16         413826582      114.303347    30.58735      114.30376     30.58793     4.9           213.2         12
2016-10-19 12:17:46         413826582      114.302787    30.58656      114.303347    30.58735     4.8           211.4         12
2016-10-19 12:18:14         413826582      114.30244     30.586003     114.302787    30.58656     4.8           205.9         12
2016-10-19 12:19:13         413826582      114.301867    30.584977     114.30244     30.586003    4.8           205.2         12
2016-10-19 12:19:42         413826582      114.3014      30.58421      114.301867    30.584977    4.7           208.5         12
2016-10-19 12:20:07         413826582      114.301147    30.5838       114.3014      30.58421     4.8           208.6         12
2016-10-19 12:20:32         413826582      114.30088     30.583393     114.301147    30.5838      4.7           209.6         12
2016-10-19 12:21:01         413826582      114.300507    30.582833     114.30088     30.583393    4.7           209.7         12
2016-10-19 12:21:27         413826582      114.300053    30.582167     114.300507    30.582833    4.7           211.7         12
2016-10-19 12:21:55         413826582      114.29988     30.581923     114.300053    30.582167    4.7           211.6         12
2016-10-19 12:22:21         413826582      114.29936     30.58116      114.29988     30.581923    4.7           209.7         12
2016-10-19 12:22:55         413826582      114.298987    30.580597     114.29936     30.58116     4.7           211.1         12
2016-10-19 12:23:26         413826582      114.2986      30.580067     114.298987    30.580597    4.6           211.8         12
2016-10-19 12:23:52         413826582      114.298227    30.57954      114.2986      30.580067    4.6           211.6         12
2016-10-19 12:24:17         413826582      114.29792     30.57912      114.298227    30.57954     4.6           212.7         12
2016-10-19 12:24:51         413826582      114.297667    30.57877      114.29792     30.57912     4.7           211.6         12
2016-10-19 12:25:19         413826582      114.29708     30.578067     114.297667    30.57877     4.6           218.8         12
2016-10-19 12:25:44         413826582      114.296613    30.57758      114.29708     30.578067    4.6           220.1         12
2016-10-19 12:26:07         413826582      114.29628     30.57724      114.296613    30.57758     4.6           220.5         12
2016-10-19 12:26:38         413826582      114.295813    30.576793     114.29628     30.57724     4.6           222.2         12
2016-10-19 12:27:05         413826582      114.29528     30.576317     114.295813    30.576793    4.6           224.7         12
2016-10-19 12:27:29         413826582      114.29476     30.575853     114.29528     30.576317    4.6           221.8         12
2016-10-19 12:27:59         413826582      114.294413    30.57551      114.29476     30.575853    4.6           220.4         12
2016-10-19 12:28:37         413826582      114.29408     30.575167     114.294413    30.57551     4.6           220.5         12
2016-10-19 12:29:03         413826582      114.293453    30.574487     114.29408     30.575167    4.7           218.8         12
2016-10-19 12:29:27         413826582      114.293013    30.573987     114.293453    30.574487    4.7           216.2         12
2016-10-19 12:29:51         413826582      114.292573    30.573463     114.293013    30.573987    4.7           214.6         12
2016-10-19 12:30:23         413826582      114.292147    30.572897     114.292573    30.573463    4.7           212           12
2016-10-19 12:30:53         413826582      114.29176     30.57234      114.292147    30.572897    4.7           210.5         12
2016-10-19 12:31:17         413826582      114.29152     30.571973     114.29176     30.57234     4.7           209.4         12
2016-10-19 12:31:40         413826582      114.29136     30.571717     114.29152     30.571973    4.8           208.7         12
2016-10-19 12:32:13         413826582      114.290747    30.57077      114.29136     30.571717    4.9           208.3         12
2016-10-19 12:32:38         413826582      114.2904      30.570197     114.290747    30.57077     4.9           206           12
2016-10-19 12:33:03         413826582      114.290187    30.5698       114.2904      30.570197    5             204.1         12
2016-10-19 12:33:27         413826582      114.289853    30.569177     114.290187    30.5698      4.9           205.4         12
2016-10-19 12:33:58         413826582      114.289613    30.56874      114.289853    30.569177    4.9           206.4         12
2016-10-19 12:34:21         413826582      114.2892      30.568083     114.289613    30.56874     5             209.5         12
2016-10-19 12:35:05         413826582      114.28868     30.567313     114.2892      30.568083    5             211.5         12
2016-10-19 12:35:34         413826582      114.28828     30.566687     114.28868     30.567313    4.9           208.8         12
2016-10-19 12:36:00         413826582      114.288067    30.56632      114.28828     30.566687    4.7           205.6         12
2016-10-19 12:36:50         413826582      114.2874      30.565153     114.288067    30.56632     4.2           205.2         12
2016-10-19 12:37:23         413826582      114.287133    30.564647     114.2874      30.565153    4             204.7         12
2016-10-19 12:38:16         413826582      114.286693    30.563833     114.287133    30.564647    3.7           205.6         12
2016-10-19 12:38:41         413826582      114.286427    30.563357     114.286693    30.563833    3.8           205.9         12
2016-10-19 12:39:09         413826582      114.286147    30.56289      114.286427    30.563357    3.8           205.2         12
2016-10-19 12:39:58         413826582      114.285893    30.5624       114.286147    30.56289     3.9           204.9         12
2016-10-19 12:40:25         413826582      114.285507    30.561693     114.285893    30.5624      4.1           207.3         12
2016-10-19 12:40:52         413826582      114.285227    30.561193     114.285507    30.561693    4.3           204.3         12
2016-10-19 12:41:41         413826582      114.28488     30.560447     114.285227    30.561193    4.4           200.5         12
2016-10-19 12:42:04         413826582      114.284613    30.559853     114.28488     30.560447    4.6           201.3         12
2016-10-19 12:42:38         413826582      114.284267    30.559087     114.284613    30.559853    4.7           201.8         12
2016-10-19 12:43:07         413826582      114.28408     30.558677     114.284267    30.559087    4.8           202.7         12
2016-10-19 12:43:33         413826582      114.28388     30.558263     114.28408     30.558677    4.8           203           12
2016-10-19 12:44:00         413826582      114.28348     30.557453     114.28388     30.558263    4.8           202.9         12
2016-10-19 12:44:29         413826582      114.28316     30.556787     114.28348     30.557453    4.8           202.9         12
2016-10-19 12:44:54         413826582      114.282867    30.556203     114.28316     30.556787    4.8           203.6         12
2016-10-19 12:45:17         413826582      114.282653    30.555783     114.282867    30.556203    4.9           203.5         12
2016-10-19 12:45:38         413826582      114.282413    30.555297     114.282653    30.555783    4.9           203.5         12
2016-10-19 12:46:09         413826582      114.282307    30.555063     114.282413    30.555297    4.9           203.2         12
2016-10-19 12:46:32         413826582      114.281893    30.554253     114.282307    30.555063    5             203.4         12
2016-10-19 12:46:57         413826582      114.281693    30.553827     114.281893    30.554253    5             203.5         12
2016-10-19 12:47:18         413826582      114.281333    30.553177     114.281693    30.553827    4.8           205.3         12
2016-10-19 12:47:46         413826582      114.281       30.552647     114.281333    30.553177    4.9           208.9         12
2016-10-19 12:48:13         413826582      114.280733    30.552223     114.281       30.552647    4.9           208.5         12
2016-10-19 12:48:40         413826582      114.28036     30.551617     114.280733    30.552223    4.9           209.8         12
2016-10-19 12:49:39         413826582      114.27972     30.550563     114.28036     30.551617    4.9           205.3         12
2016-10-19 12:50:05         413826582      114.279413    30.549973     114.27972     30.550563    4.9           202.9         12
2016-10-19 12:50:30         413826582      114.279093    30.549293     114.279413    30.549973    4.9           200.7         12
2016-10-19 12:50:52         413826582      114.27892     30.54889      114.279093    30.549293    4.9           200.5         12
2016-10-19 12:51:19         413826582      114.278667    30.54827      114.27892     30.54889     4.8           199.2         12
2016-10-19 12:52:10         413826582      114.2782      30.547213     114.278667    30.54827     4.8           203.6         12
2016-10-19 12:52:33         413826582      114.278027    30.546867     114.2782      30.547213    4.8           204.1         12
2016-10-19 12:53:07         413826582      114.277587    30.54604      114.278027    30.546867    4.7           205.9         12
2016-10-19 12:53:34         413826582      114.27724     30.54542      114.277587    30.54604     4.7           206           12
2016-10-19 12:53:58         413826582      114.277027    30.545037     114.27724     30.54542     4.7           206.5         12
2016-10-19 12:54:57         413826582      114.276347    30.543783     114.277027    30.545037    4.7           202.1         12
2016-10-19 12:55:45         413826582      114.275933    30.542813     114.276347    30.543783    4.6           200.9         12
2016-10-19 12:56:10         413826582      114.275733    30.54241      114.275933    30.542813    4.6           203.2         12
2016-10-19 12:56:38         413826582      114.2754      30.54177      114.275733    30.54241     4.6           206.2         12
2016-10-19 12:57:05         413826582      114.275053    30.54123      114.2754      30.54177     4.5           209.1         12
2016-10-19 12:58:00         413826582      114.274587    30.540547     114.275053    30.54123     4.4           211.6         12
2016-10-19 12:58:34         413826582      114.274053    30.539803     114.274587    30.540547    4.3           212.7         12
2016-10-19 12:59:57         413826582      114.273107    30.538453     114.274053    30.539803    4.1           207.5         12
2016-10-19 13:00:28         413826582      114.27272     30.537837     114.273107    30.538453    4             208.7         12
2016-10-19 13:00:56         413826582      114.272493    30.537473     114.27272     30.537837    4             208.6         12
2016-10-19 13:01:47         413826582      114.271813    30.53656      114.272493    30.537473    3.9           214.9         12
2016-10-19 13:02:20         413826582      114.271813    30.53656      114.271813    30.53656     3.9           214.9         12
2016-10-19 13:02:47         413826582      114.2712      30.53581      114.271813    30.53656     4             215.9         12
2016-10-19 13:03:39         413826582      114.270413    30.534897     114.2712      30.53581     4.1           219.2         12
2016-10-19 13:04:11         413826582      114.270013    30.534487     114.270413    30.534897    4.1           218.6         12
2016-10-19 13:04:41         413826582      114.269707    30.534167     114.270013    30.534487    4.1           220.6         12
2016-10-19 13:05:13         413826582      114.2692      30.533593     114.269707    30.534167    3.7           219.9         12
2016-10-19 13:06:40         413826582      114.268227    30.53236      114.2692      30.533593    3.5           210.3         12
2016-10-19 13:07:31         413826582      114.267747    30.531607     114.268227    30.53236     3.5           208.8         12
2016-10-19 13:08:25         413826582      114.26716     30.530783     114.267747    30.531607    3.5           217.3         12
2016-10-19 13:08:49         413826582      114.266933    30.530523     114.26716     30.530783    3.6           214.1         12
2016-10-19 13:09:16         413826582      114.2666      30.5301       114.266933    30.530523    3.5           213.3         12
2016-10-19 13:11:42         413826582      114.265147    30.528387     114.2666      30.5301      3.6           216.1         12
2016-10-19 13:12:12         413826582      114.26456     30.52769      114.265147    30.528387    3.7           215.7         12
2016-10-19 13:12:36         413826582      114.26456     30.52769      114.26456     30.52769     3.7           215.7         12
2016-10-19 13:13:01         413826582      114.26392     30.52698      114.26456     30.52769     3.7           221.7         12
2016-10-19 13:14:46         413826582      114.262707    30.52587      114.26392     30.52698     3.7           222.6         12
2016-10-19 13:15:18         413826582      114.262333    30.525487     114.262707    30.52587     3.8           218.6         12
2016-10-19 13:15:45         413826582      114.26176     30.524877     114.262333    30.525487    3.9           220.2         12
2016-10-19 13:16:31         413826582      114.2612      30.52429      114.26176     30.524877    4.1           218.5         12
2016-10-19 13:18:30         413826582      114.25948     30.522203     114.2612      30.52429     4.3           215.3         12
2016-10-19 13:19:26         413826582      114.258827    30.521407     114.25948     30.522203    4.4           214.5         12
2016-10-19 13:20:20         413826582      114.258093    30.52053      114.258827    30.521407    4.5           215.2         12
2016-10-19 13:20:49         413826582      114.257547    30.51988      114.258093    30.52053     4.5           215.9         12
2016-10-19 13:21:39         413826582      114.257093    30.519357     114.257547    30.51988     4.5           216.5         12
2016-10-19 13:22:58         413826582      114.256707    30.5189       114.257093    30.519357    4.6           217.8         12
2016-10-19 13:25:53         413826582      114.252853    30.51438      114.256707    30.5189      5.4           215.8         12
2016-10-19 13:27:11         413826582      114.25148     30.51271      114.252853    30.51438     5.6           216.4         12
2016-10-19 13:28:07         413826582      114.250667    30.511767     114.25148     30.51271     5.6           216.9         12
2016-10-19 13:28:30         413826582      114.250053    30.510987     114.250667    30.511767    5.6           212.5         12
2016-10-19 13:28:56         413826582      114.249733    30.51057      114.250053    30.510987    5.7           212.3         12
2016-10-19 13:30:19         413826582      114.248267    30.50857      114.249733    30.51057     5.8           214.9         12
2016-10-19 13:31:16         413826582      114.24752     30.50762      114.248267    30.50857     5.9           214           12
2016-10-19 13:32:11         413826582      114.246627    30.506417     114.24752     30.50762     6             212.2         12
2016-10-19 13:32:39         413826582      114.245853    30.50526      114.246627    30.506417    6.1           208.5         12
2016-10-19 13:33:10         413826582      114.24564     30.504903     114.245853    30.50526     6.1           205.7         12
2016-10-19 13:33:34         413826582      114.24524     30.504        114.24564     30.504903    6.1           199.3         12
2016-10-19 13:33:58         413826582      114.244987    30.50341      114.24524     30.504       6.1           200.5         12
2016-10-19 13:34:25         413826582      114.244587    30.502377     114.244987    30.50341     6.2           198.4         12
2016-10-19 13:35:00         413826582      114.244187    30.50148      114.244587    30.502377    6.2           201.9         12
2016-10-19 13:35:54         413826582      114.243707    30.500463     114.244187    30.50148     6.2           202           12
2016-10-19 13:36:55         413826582      114.24272     30.498643     114.243707    30.500463    6.2           208.1         12
2016-10-19 13:37:23         413826582      114.242333    30.49803      114.24272     30.498643    6.2           208           12
2016-10-19 13:37:50         413826582      114.241747    30.497077     114.242333    30.49803     6             210.2         12
2016-10-19 13:40:00         413826582      114.238907    30.494427     114.241747    30.497077    5.5           224.5         12
2016-10-19 13:40:31         413826582      114.238373    30.493863     114.238907    30.494427    5.2           217.6         12
2016-10-19 13:41:02         413826582      114.238       30.493443     114.238373    30.493863    5             217           12
2016-10-19 13:41:29         413826582      114.237587    30.49287      114.238       30.493443    4.9           205.2         12
2016-10-19 13:41:58         413826582      114.237187    30.492057     114.237587    30.49287     4.6           202.6         12
2016-10-19 13:42:36         413826582      114.23676     30.491293     114.237187    30.492057    4.5           210.3         12
2016-10-19 13:43:06         413826582      114.236653    30.49113      114.23676     30.491293    4.5           212.8         12
2016-10-19 13:45:41         413826582      114.234267    30.48834      114.236653    30.49113     4.4           217.7         12
2016-10-19 13:46:13         413826582      114.233947    30.48798      114.234267    30.48834     4.4           218.4         12
2016-10-19 13:47:14         413826582      114.233053    30.48704      114.233947    30.48798     4.3           219.2         12
2016-10-19 13:48:10         413826582      114.23188     30.48603      114.233053    30.48704     4.3           228.4         12
2016-10-19 13:49:21         413826582      114.23092     30.485203     114.23188     30.48603     4.2           223.6         12
2016-10-19 13:52:34         413826582      114.228093    30.48202      114.23092     30.485203    4             211.8         12
2016-10-19 13:55:24         413826582      114.226373    30.479367     114.228093    30.48202     4.3           206.7         12
2016-10-19 14:00:26         413826582      114.221587    30.4739       114.226373    30.479367    5.1           221.9         12
2016-10-19 14:03:15         413826582      114.218733    30.47098      114.221587    30.4739      4.4           224.4         12
2016-10-19 14:03:46         413826582      114.218733    30.47098      114.218733    30.47098     4.4           224.4         12
2016-10-19 14:04:59         413826582      114.216973    30.469653     114.218733    30.47098     4.3           238.7         12
2016-10-19 14:06:37         413826582      114.214907    30.469013     114.216973    30.469653    4.1           252           12
2016-10-19 14:07:38         413826582      114.21392     30.46859      114.214907    30.469013    4             233.8         12
2016-10-19 14:22:15         413826582      114.19984     30.45506      114.201733    30.456663    5             227           12
2016-10-19 14:54:11         413826582      114.176413    30.421913     114.17708     30.423213    4.4           202.8         12
2016-10-19 14:55:02         413826582      114.176053    30.42112      114.176413    30.421913    4.5           202.6         12
