2016-10-17 0:01:30          413812472      114.421387    30.667167     114.421382    30.667173    0             57.5          57
2016-10-17 0:04:35          413812472      114.421412    30.667168     114.421387    30.667167    0.1           306.2         306
2016-10-17 0:07:31          413812472      114.421392    30.667193     114.421412    30.667168    0             289           289
2016-10-17 0:10:38          413812472      114.421355    30.667217     114.421392    30.667193    0             15.8          15
2016-10-17 0:13:33          413812472      114.421362    30.667238     114.421355    30.667217    0.1           351.4         351
2016-10-17 0:16:54          413812472      114.421387    30.667218     114.421362    30.667238    0.1           124.6         124
2016-10-17 0:19:54          413812472      114.421387    30.667218     114.421387    30.667218    0.1           124.6         124
2016-10-17 0:22:53          413812472      114.42139     30.66719      114.421387    30.667218    0.1           359.8         359
2016-10-17 0:25:55          413812472      114.421367    30.667227     114.42139     30.66719     0.1           332.7         332
2016-10-17 0:29:06          413812472      114.421365    30.667245     114.421367    30.667227    0             355.4         355
2016-10-17 0:32:04          413812472      114.421392    30.66721      114.421365    30.667245    0.2           147           147
2016-10-17 0:35:04          413812472      114.421395    30.667193     114.421392    30.66721     0             193.9         193
2016-10-17 0:38:11          413812472      114.42138     30.667157     114.421395    30.667193    0             138.8         138
2016-10-17 0:41:05          413812472      114.421372    30.667193     114.42138     30.667157    0             289.5         289
2016-10-17 0:44:15          413812472      114.421372    30.667193     114.421372    30.667193    0             289.5         289
2016-10-17 0:47:25          413812472      114.421408    30.667192     114.421372    30.667193    0             162.9         162
2016-10-17 0:50:19          413812472      114.421377    30.667212     114.421408    30.667192    0.1           307.5         307
2016-10-17 0:53:19          413812472      114.421365    30.667247     114.421377    30.667212    0.2           352.3         352
2016-10-17 0:56:32          413812472      114.421397    30.667233     114.421365    30.667247    0.1           134.4         134
2016-10-17 0:59:29          413812472      114.421355    30.667223     114.421397    30.667233    0.1           277.1         277
2016-10-17 1:02:37          413812472      114.421392    30.66723      114.421355    30.667223    0.1           148.6         148
2016-10-17 1:06:09          413812472      114.4214      30.667205     114.421392    30.66723     0             235.1         235
2016-10-17 1:09:41          413812472      114.421413    30.667188     114.4214      30.667205    0             62.2          62
2016-10-17 1:12:58          413812472      114.42138     30.667195     114.421413    30.667188    0.1           320.5         320
2016-10-17 1:15:43          413812472      114.421382    30.66722      114.42138     30.667195    0.1           355.6         355
2016-10-17 1:18:49          413812472      114.421402    30.667183     114.421382    30.66722     0.1           193.9         193
2016-10-17 1:22:55          413812472      114.421397    30.667198     114.421402    30.667183    0.2           336.5         336
2016-10-17 1:26:03          413812472      114.421363    30.667233     114.421397    30.667198    0             335.3         335
2016-10-17 1:28:57          413812472      114.421377    30.667247     114.421363    30.667233    0.1           87.9          87
2016-10-17 1:32:19          413812472      114.421393    30.667203     114.421377    30.667247    0.1           196           196
2016-10-17 1:35:16          413812472      114.421383    30.667212     114.421393    30.667203    0             184.2         184
2016-10-17 1:38:06          413812472      114.421398    30.667222     114.421383    30.667212    0             138.9         138
2016-10-17 1:41:22          413812472      114.421403    30.667188     114.421398    30.667222    0             164.8         164
2016-10-17 1:44:19          413812472      114.421365    30.667215     114.421403    30.667188    0.1           341           341
2016-10-17 1:47:24          413812472      114.421362    30.667247     114.421365    30.667215    0.1           127.6         127
2016-10-17 1:50:22          413812472      114.421395    30.667228     114.421362    30.667247    0.1           145.7         145
2016-10-17 1:59:35          413812472      114.421402    30.667185     114.42139     30.667203    0             10.8          10
2016-10-17 2:02:33          413812472      114.421365    30.667205     114.421402    30.667185    0.1           288           288
2016-10-17 2:05:42          413812472      114.421367    30.667223     114.421365    30.667205    0.1           52.4          52
2016-10-17 2:08:54          413812472      114.42137     30.66721      114.421367    30.667223    0             197.2         197
2016-10-17 2:11:53          413812472      114.421395    30.667158     114.42137     30.66721     0             359.8         359
2016-10-17 2:15:01          413812472      114.421392    30.667182     114.421395    30.667158    0.1           259.8         259
2016-10-17 2:18:03          413812472      114.421373    30.667212     114.421392    30.667182    0.1           343.5         343
2016-10-17 2:21:02          413812472      114.421365    30.667213     114.421373    30.667212    0.1           213.4         213
2016-10-17 2:24:02          413812472      114.421395    30.667203     114.421365    30.667213    0             114.8         114
2016-10-17 2:27:05          413812472      114.421393    30.66719      114.421395    30.667203    0             7.3           7
2016-10-17 2:30:06          413812472      114.421377    30.667175     114.421393    30.66719     0             275.7         275
2016-10-17 2:33:11          413812472      114.421347    30.667203     114.421377    30.667175    0             171.4         171
2016-10-17 2:36:08          413812472      114.421383    30.667208     114.421347    30.667203    0.1           301.2         301
2016-10-17 2:39:01          413812472      114.421378    30.667182     114.421383    30.667208    0.1           170.3         217
2016-10-17 2:42:53          413812472      114.421373    30.667172     114.421378    30.667182    0.1           300           300
2016-10-17 2:45:59          413812472      114.421352    30.667192     114.421373    30.667172    0             351           351
2016-10-17 2:49:12          413812472      114.421363    30.667202     114.421352    30.667192    0             286.9         286
2016-10-17 2:52:15          413812472      114.421368    30.66717      114.421363    30.667202    0.1           211.4         211
2016-10-17 2:55:14          413812472      114.421407    30.667172     114.421368    30.66717     0.1           59.3          59
2016-10-17 2:58:15          413812472      114.421373    30.667153     114.421407    30.667172    0             146.6         146
2016-10-17 3:01:15          413812472      114.421395    30.667183     114.421373    30.667153    0.1           98            98
2016-10-17 3:01:55          413812472      114.421377    30.667192     114.421395    30.667183    0.1           269.7         269
2016-10-17 3:04:51          413812472      114.421385    30.667195     114.421377    30.667192    0.2           317.9         317
2016-10-17 3:08:12          413812472      114.421398    30.667192     114.421385    30.667195    0             94.8          94
2016-10-17 3:10:59          413812472      114.421412    30.667157     114.421398    30.667192    0             255.7         255
2016-10-17 3:14:10          413812472      114.42136     30.66717      114.421412    30.667157    0             322.6         322
2016-10-17 3:17:08          413812472      114.421365    30.667192     114.42136     30.66717     0             58.1          58
2016-10-17 3:20:13          413812472      114.421357    30.667205     114.421365    30.667192    0.1           146.8         146
2016-10-17 3:23:19          413812472      114.421382    30.667203     114.421357    30.667205    0             173.5         173
2016-10-17 3:26:28          413812472      114.421373    30.667215     114.421382    30.667203    0             346.7         346
2016-10-17 3:29:30          413812472      114.421378    30.667208     114.421373    30.667215    0.1           301.6         301
2016-10-17 3:32:41          413812472      114.421388    30.66719      114.421378    30.667208    0.1           253.8         253
2016-10-17 3:35:36          413812472      114.421368    30.667198     114.421388    30.66719     0.1           303.5         303
2016-10-17 3:38:46          413812472      114.421337    30.667202     114.421368    30.667198    0.1           336.8         336
2016-10-17 3:41:32          413812472      114.421352    30.667222     114.421337    30.667202    0             33.8          33
2016-10-17 3:44:54          413812472      114.421372    30.667195     114.421352    30.667222    0.1           170.7         170
2016-10-17 3:47:42          413812472      114.421417    30.667163     114.421372    30.667195    0.1           111.5         111
2016-10-17 3:50:53          413812472      114.4214      30.667153     114.421417    30.667163    0             190.5         190
2016-10-17 3:53:48          413812472      114.421385    30.667187     114.4214      30.667153    0.1           303.2         303
2016-10-17 4:07:11          413812472      114.421343    30.667168     114.421343    30.667163    0             57.6          57
2016-10-17 4:10:19          413812472      114.421338    30.667202     114.421343    30.667168    0             141.7         141
2016-10-17 4:13:06          413812472      114.421362    30.667185     114.421338    30.667202    0.1           324.2         324
2016-10-17 4:16:16          413812472      114.421375    30.667178     114.421362    30.667185    0             162.2         162
2016-10-17 4:19:31          413812472      114.421375    30.667178     114.421375    30.667178    0             162.2         162
2016-10-17 4:22:23          413812472      114.421387    30.667187     114.421375    30.667178    0             335.1         335
2016-10-17 4:25:33          413812472      114.421363    30.667208     114.421387    30.667187    0             297.3         297
2016-10-17 4:28:23          413812472      114.421355    30.667217     114.421363    30.667208    0             66.2          66
2016-10-17 4:31:32          413812472      114.421375    30.66721      114.421355    30.667217    0.1           141.2         141
2016-10-17 4:40:51          413812472      114.421333    30.667227     114.421365    30.667165    0             354.6         354
2016-10-17 4:43:39          413812472      114.42137     30.66723      114.421333    30.667227    0.1           140.7         140
2016-10-17 4:46:45          413812472      114.42139     30.667177     114.42137     30.66723     0.1           179.9         179
2016-10-17 4:49:56          413812472      114.421363    30.667182     114.42139     30.667177    0             333.7         333
2016-10-17 4:52:56          413812472      114.421357    30.667218     114.421363    30.667182    0.2           0.6           0
2016-10-17 4:56:11          413812472      114.42137     30.667218     114.421357    30.667218    0             88.2          88
2016-10-17 5:00:07          413812472      114.421365    30.66718      114.42137     30.667218    0.1           313.3         313
2016-10-17 5:02:58          413812472      114.421353    30.667163     114.421365    30.66718     0             78.6          78
2016-10-17 5:10:04          413812472      114.421368    30.667167     114.421368    30.667167    0             241.5         241
2016-10-17 5:13:15          413812472      114.421338    30.6672       114.421368    30.667167    0             299.4         299
2016-10-17 5:16:12          413812472      114.421362    30.667195     114.421338    30.6672      0.1           112.9         112
2016-10-17 5:19:33          413812472      114.42136     30.667192     114.421362    30.667195    0             281.4         281
2016-10-17 5:29:50          413812472      114.421358    30.667193     114.421328    30.667182    0.1           253.8         253
2016-10-17 5:33:59          413812472      114.421343    30.667143     114.421358    30.667193    0.1           253.2         254
2016-10-17 5:36:57          413812472      114.421343    30.667143     114.421343    30.667143    0.1           253.2         254
2016-10-17 5:39:49          413812472      114.42135     30.66721      114.421343    30.667143    0.1           118.7         118
2016-10-17 5:42:43          413812472      114.4214      30.667148     114.42135     30.66721     0.1           194.8         194
2016-10-17 5:45:49          413812472      114.421365    30.667147     114.4214      30.667148    0.1           287.8         287
2016-10-17 5:49:01          413812472      114.421347    30.667162     114.421365    30.667147    0             271.5         271
2016-10-17 5:52:08          413812472      114.421408    30.667173     114.421347    30.667162    0.1           50.7          50
2016-10-17 5:55:01          413812472      114.421403    30.667145     114.421408    30.667173    0.1           240.4         240
2016-10-17 5:59:18          413812472      114.42134     30.667188     114.421403    30.667145    0.1           26.2          26
2016-10-17 6:02:08          413812472      114.42137     30.66723      114.42134     30.667188    0.1           30.6          30
2016-10-17 6:05:20          413812472      114.421402    30.667173     114.42137     30.66723     0.1           179.4         179
2016-10-17 6:08:12          413812472      114.421375    30.66717      114.421402    30.667173    0.1           210.7         210
2016-10-17 6:18:02          413812472      114.421385    30.667172     114.421408    30.66717     0.1           351.2         351
2016-10-17 6:21:00          413812472      114.421322    30.667162     114.421385    30.667172    0             95.5          95
2016-10-17 6:24:27          413812472      114.421368    30.667238     114.421322    30.667162    0.3           20.3          20
2016-10-17 6:27:09          413812472      114.421435    30.667225     114.421368    30.667238    0.1           135.3         135
2016-10-17 6:30:15          413812472      114.421395    30.667187     114.421435    30.667225    0.1           253.7         253
2016-10-17 6:33:30          413812472      114.42135     30.667197     114.421395    30.667187    0.1           37.4          37
2016-10-17 6:36:37          413812472      114.42139     30.667203     114.42135     30.667197    0.2           210.4         210
2016-10-17 6:45:32          413812472      114.42136     30.667228     114.421338    30.667192    0             25.3          25
2016-10-17 6:46:44          413812472      114.42136     30.667228     114.42136     30.667228    0             25.3          25
2016-10-17 6:49:33          413812472      114.421402    30.667148     114.42136     30.667228    0.1           136.8         136
2016-10-17 6:52:44          413812472      114.421358    30.667175     114.421402    30.667148    0.1           297.1         297
2016-10-17 6:55:48          413812472      114.42137     30.667182     114.421358    30.667175    0             132.2         132
2016-10-17 6:58:39          413812472      114.421395    30.667168     114.42137     30.667182    0             63.5          63
2016-10-17 7:02:03          413812472      114.421397    30.667152     114.421395    30.667168    0             241.5         241
2016-10-17 7:05:05          413812472      114.421407    30.667157     114.421397    30.667152    0.1           50.6          50
2016-10-17 7:08:05          413812472      114.421397    30.667192     114.421407    30.667157    0.1           107.7         107
2016-10-17 7:11:25          413812472      114.421402    30.667182     114.421397    30.667192    0.1           240.7         240
2016-10-17 7:14:11          413812472      114.421383    30.667195     114.421402    30.667182    0.1           65            65
2016-10-17 7:17:21          413812472      114.42135     30.667215     114.421383    30.667195    0.1           125           125
2016-10-17 7:20:36          413812472      114.421405    30.667198     114.42135     30.667215    0.1           147.1         147
2016-10-17 7:23:18          413812472      114.421378    30.66716      114.421405    30.667198    0.1           292.1         292
2016-10-17 7:26:19          413812472      114.421333    30.66721      114.421378    30.66716     0.2           325.4         325
2016-10-17 7:29:16          413812472      114.421338    30.667242     114.421333    30.66721     0.1           16.6          16
2016-10-17 7:32:29          413812472      114.421372    30.667235     114.421338    30.667242    0.1           212.4         212
2016-10-17 7:35:35          413812472      114.421412    30.667155     114.421372    30.667235    0.1           140.7         140
2016-10-17 7:44:43          413812472      114.421383    30.667223     114.42139     30.667165    0.1           75.5          75
2016-10-17 7:47:35          413812472      114.421412    30.667188     114.421383    30.667223    0.2           134.8         134
2016-10-17 7:50:46          413812472      114.421395    30.667168     114.421412    30.667188    0.1           150.5         150
2016-10-17 7:53:46          413812472      114.421393    30.667162     114.421395    30.667168    0.1           217           217
2016-10-17 7:56:58          413812472      114.421383    30.66717      114.421393    30.667162    0             151.6         151
2016-10-17 7:59:59          413812472      114.421367    30.667193     114.421383    30.66717     0.1           325.4         325
2016-10-17 8:15:04          413812472      114.421388    30.667182     114.421375    30.667197    0             177.8         177
2016-10-17 8:18:20          413812472      114.421392    30.66719      114.421388    30.667182    0.1           165           165
2016-10-17 8:21:37          413812472      114.421388    30.66719      114.421392    30.66719     0             354.4         354
2016-10-17 8:24:48          413812472      114.421388    30.66719      114.421388    30.66719     0             354.4         354
2016-10-17 8:27:22          413812472      114.421375    30.667165     114.421388    30.66719     0             6.1           6
2016-10-17 8:30:45          413812472      114.421368    30.667233     114.421375    30.667165    0.1           323.8         323
2016-10-17 8:33:47          413812472      114.421362    30.667222     114.421368    30.667233    0.1           131.5         131
2016-10-17 8:36:49          413812472      114.421362    30.667222     114.421362    30.667222    0.1           131.5         131
2016-10-17 8:56:11          413812472      114.421392    30.667202     114.421362    30.667222    0.1           38.1          38
2016-10-17 8:59:06          413812472      114.421348    30.667235     114.421392    30.667202    0             271.2         271
2016-10-17 9:13:25          413812472      114.421383    30.66722      114.421348    30.667235    0.1           292.4         292
2016-10-17 9:15:16          413812472      114.421357    30.667193     114.421383    30.66722     0.1           16.2          16
2016-10-17 9:18:20          413812472      114.421373    30.667233     114.421357    30.667193    0.1           316.2         316
2016-10-17 9:21:23          413812472      114.42138     30.667232     114.421373    30.667233    0.1           121.5         121
2016-10-17 9:24:19          413812472      114.421412    30.667193     114.42138     30.667232    0.1           290.2         290
2016-10-17 9:27:44          413812472      114.421412    30.667193     114.421412    30.667193    0.1           290.2         290
2016-10-17 9:30:23          413812472      114.421392    30.66721      114.421412    30.667193    0.1           277.9         277
2016-10-17 9:32:58          413812472      114.421365    30.667198     114.421392    30.66721     0             277.6         277
2016-10-17 9:36:00          413812472      114.421375    30.667203     114.421365    30.667198    0             304.1         304
2016-10-17 9:39:24          413812472      114.42138     30.66723      114.421375    30.667203    0             205.4         205
2016-10-17 9:42:20          413812472      114.421387    30.667187     114.42138     30.66723     0.1           171.6         171
2016-10-17 9:45:13          413812472      114.421412    30.667177     114.421387    30.667187    0             328.9         328
2016-10-17 9:46:10          413812472      114.421412    30.667177     114.421412    30.667177    0             328.9         328
2016-10-17 9:49:30          413812472      114.42135     30.667182     114.421412    30.667177    0             299.5         299
2016-10-17 9:52:18          413812472      114.421367    30.6672       114.42135     30.667182    0.1           94.4          94
2016-10-17 9:55:43          413812472      114.421412    30.667177     114.421367    30.6672      0             155.7         155
2016-10-17 9:58:30          413812472      114.4214      30.667157     114.421412    30.667177    0.1           279.9         279
2016-10-17 10:01:39         413812472      114.421352    30.667182     114.4214      30.667157    0.1           314           314
2016-10-17 10:04:34         413812472      114.42138     30.667218     114.421352    30.667182    0             23.8          23
2016-10-17 10:07:53         413812472      114.421415    30.667173     114.42138     30.667218    0.1           137.1         137
2016-10-17 10:11:43         413812472      114.421415    30.667173     114.421415    30.667173    0.1           137.1         137
2016-10-17 10:14:51         413812472      114.421357    30.667192     114.421415    30.667173    0.1           262.3         262
2016-10-17 10:17:44         413812472      114.421387    30.667205     114.421357    30.667192    0             195.7         195
2016-10-17 10:20:46         413812472      114.421397    30.667148     114.421387    30.667205    0             148.8         148
2016-10-17 10:23:51         413812472      114.421397    30.667148     114.421397    30.667148    0             148.8         148
2016-10-17 10:27:00         413812472      114.421368    30.667187     114.421397    30.667148    0             142.5         142
2016-10-17 10:29:56         413812472      114.421377    30.667185     114.421368    30.667187    0.1           340.3         340
2016-10-17 10:33:10         413812472      114.421397    30.667195     114.421377    30.667185    0             98.7          98
2016-10-17 10:37:03         413812472      114.421418    30.667155     114.421397    30.667195    0             269.3         269
2016-10-17 10:40:22         413812472      114.421387    30.667195     114.421418    30.667155    0.2           329.7         329
2016-10-17 10:42:13         413812472      114.42137     30.667212     114.421387    30.667195    0             33.7          33
2016-10-17 10:45:20         413812472      114.421417    30.667233     114.42137     30.667212    0             81.5          81
2016-10-17 10:48:15         413812472      114.42141     30.667215     114.421417    30.667233    0.1           207.8         207
2016-10-17 10:51:13         413812472      114.421402    30.667215     114.42141     30.667215    0.1           179           179
2016-10-17 11:03:18         413812472      114.421403    30.667178     114.421382    30.667195    0.1           122.6         122
2016-10-17 11:06:24         413812472      114.421407    30.667168     114.421403    30.667178    0.1           184.3         184
2016-10-17 11:09:29         413812472      114.421395    30.667165     114.421407    30.667168    0.1           337.5         337
2016-10-17 11:12:37         413812472      114.421363    30.667192     114.421395    30.667165    0             290.5         290
2016-10-17 11:15:54         413812472      114.421382    30.667217     114.421363    30.667192    0.1           17.3          17
2016-10-17 11:18:44         413812472      114.421385    30.667247     114.421382    30.667217    0.1           160.6         160
2016-10-17 11:21:48         413812472      114.421403    30.66723      114.421385    30.667247    0.1           199.6         199
2016-10-17 11:24:52         413812472      114.421382    30.667195     114.421403    30.66723     0.1           189.3         189
2016-10-17 11:28:04         413812472      114.421365    30.667177     114.421382    30.667195    0             227           227
2016-10-17 11:31:07         413812472      114.42134     30.667217     114.421365    30.667177    0.1           5.7           5
2016-10-17 11:34:05         413812472      114.421368    30.667233     114.42134     30.667217    0.2           11.1          11
2016-10-17 11:37:05         413812472      114.421395    30.66722      114.421368    30.667233    0.1           226.5         226
2016-10-17 11:40:08         413812472      114.421377    30.667187     114.421395    30.66722     0.1           287.2         287
2016-10-17 11:43:11         413812472      114.421357    30.667195     114.421377    30.667187    0.1           264.3         264
2016-10-17 11:46:17         413812472      114.421368    30.667175     114.421357    30.667195    0             286           286
2016-10-17 11:49:30         413812472      114.42137     30.66717      114.421368    30.667175    0             85            85
2016-10-17 11:52:08         413812472      114.421343    30.667197     114.42137     30.66717     0             301.3         301
2016-10-17 11:56:16         413812472      114.421377    30.667233     114.421343    30.667197    0             106.2         106
2016-10-17 11:59:27         413812472      114.421382    30.66719      114.421377    30.667233    0             99.5          99
2016-10-17 12:02:26         413812472      114.421407    30.667163     114.421382    30.66719     0.1           255.9         255
2016-10-17 12:05:35         413812472      114.421377    30.667167     114.421407    30.667163    0.1           324.5         324
2016-10-17 12:14:50         413812472      114.421397    30.667152     114.421423    30.667178    0             239           239
2016-10-17 12:17:43         413812472      114.421378    30.667188     114.421397    30.667152    0             288.1         288
2016-10-17 12:21:03         413812472      114.421405    30.66719      114.421378    30.667188    0             69            69
2016-10-17 12:23:42         413812472      114.421393    30.667183     114.421405    30.66719     0             207.9         207
2016-10-17 12:45:14         413812472      114.421395    30.66721      114.42139     30.667227    0             273.5         273
2016-10-17 12:49:25         413812472      114.42134     30.667235     114.421395    30.66721     0.1           343.1         343
2016-10-17 12:52:18         413812472      114.421387    30.667255     114.42134     30.667235    0.1           121.7         121
2016-10-17 12:55:20         413812472      114.42141     30.66719      114.421387    30.667255    0.1           171.2         171
2016-10-17 12:58:31         413812472      114.421388    30.667213     114.42141     30.66719     0.1           313.1         313
2016-10-17 13:01:20         413812472      114.421357    30.667232     114.421388    30.667213    0             68.7          68
2016-10-17 13:04:47         413812472      114.421385    30.667252     114.421357    30.667232    0             67.2          67
2016-10-17 13:07:54         413812472      114.4214      30.667235     114.421385    30.667252    0.1           171.3         171
2016-10-17 13:10:35         413812472      114.421388    30.667237     114.4214      30.667235    0             359.1         359
2016-10-17 13:13:48         413812472      114.421352    30.667243     114.421388    30.667237    0             11.4          11
2016-10-17 13:16:47         413812472      114.421392    30.667283     114.421352    30.667243    0             102.1         102
2016-10-17 13:19:47         413812472      114.421407    30.667253     114.421392    30.667283    0             150.2         150
2016-10-17 13:23:29         413812472      114.421417    30.667213     114.421407    30.667253    0             128.2         128
2016-10-17 13:26:10         413812472      114.421417    30.667213     114.421417    30.667213    0             128.2         128
2016-10-17 13:29:18         413812472      114.421397    30.667233     114.421417    30.667213    0             357.9         357
2016-10-17 13:32:02         413812472      114.421375    30.667277     114.421397    30.667233    0             31.5          31
2016-10-17 13:35:06         413812472      114.421412    30.667248     114.421375    30.667277    0.1           169.6         169
2016-10-17 13:38:19         413812472      114.42141     30.66722      114.421412    30.667248    0             94            94
2016-10-17 13:41:27         413812472      114.421387    30.667217     114.42141     30.66722     0             265.6         265
2016-10-17 13:44:40         413812472      114.421375    30.667257     114.421387    30.667217    0.1           34.3          34
2016-10-17 13:47:43         413812472      114.421403    30.667263     114.421375    30.667257    0             140.1         140
2016-10-17 13:50:53         413812472      114.421408    30.667243     114.421403    30.667263    0.1           315.8         315
2016-10-17 13:54:36         413812472      114.42135     30.667218     114.421408    30.667243    0.1           199.7         199
2016-10-17 13:57:45         413812472      114.42137     30.667258     114.42135     30.667218    0.1           47.2          47
2016-10-17 13:59:10         413812472      114.421393    30.667263     114.42137     30.667258    0.1           87.8          87
2016-10-17 14:02:01         413812472      114.421377    30.667233     114.421393    30.667263    0.1           116.5         116
2016-10-17 14:14:18         413812472      114.421357    30.667245     114.421372    30.667247    0             248.1         248
2016-10-17 14:17:36         413812472      114.421388    30.667247     114.421357    30.667245    0.1           49.2          49
2016-10-17 14:20:17         413812472      114.421388    30.667247     114.421388    30.667247    0.1           49.2          49
2016-10-17 14:23:51         413812472      114.421432    30.667195     114.421388    30.667247    0.1           331.7         331
2016-10-17 14:33:02         413812472      114.42137     30.667192     114.4214      30.66722     0             201.3         201
2016-10-17 14:35:49         413812472      114.421352    30.667208     114.42137     30.667192    0             235.9         235
2016-10-17 14:38:57         413812472      114.421368    30.667202     114.421352    30.667208    0.1           132.6         132
2016-10-17 14:41:54         413812472      114.421372    30.66716      114.421368    30.667202    0.1           148.3         148
2016-10-17 14:45:00         413812472      114.42135     30.667172     114.421372    30.66716     0.1           291.8         291
2016-10-17 14:47:55         413812472      114.421348    30.667208     114.42135     30.667172    0.1           51.1          51
2016-10-17 14:50:52         413812472      114.42137     30.667227     114.421348    30.667208    0.1           126.7         126
2016-10-17 15:01:05         413812472      114.421403    30.667172     114.421343    30.667213    0.1           157.6         157
2016-10-17 15:04:18         413812472      114.421377    30.667147     114.421403    30.667172    0             340.1         340
2016-10-17 15:07:18         413812472      114.421337    30.667175     114.421377    30.667147    0.1           256.7         256
2016-10-17 15:10:27         413812472      114.421397    30.667192     114.421337    30.667175    0.1           54.6          54
2016-10-17 15:13:29         413812472      114.421337    30.667153     114.421397    30.667192    0.1           148           148
2016-10-17 15:16:37         413812472      114.421375    30.667187     114.421337    30.667153    0.2           334.4         334
2016-10-17 15:19:38         413812472      114.421367    30.667185     114.421375    30.667187    0.1           154.9         154
2016-10-17 15:22:36         413812472      114.421362    30.667212     114.421367    30.667185    0             332.1         332
2016-10-17 15:25:38         413812472      114.421362    30.667207     114.421362    30.667212    0.1           184.7         184
2016-10-17 15:28:45         413812472      114.421363    30.667188     114.421362    30.667207    0.1           338.1         338
2016-10-17 15:39:01         413812472      114.421363    30.667278     114.421342    30.667258    0.1           232.7         232
2016-10-17 15:45:13         413812472      114.42133     30.66725      114.421363    30.667278    0.2           271.7         271
2016-10-17 15:47:56         413812472      114.42137     30.667183     114.42133     30.66725     0.1           128.2         128
2016-10-17 15:51:23         413812472      114.421372    30.667203     114.42137     30.667183    0.2           250.6         250
2016-10-17 15:53:56         413812472      114.421362    30.667143     114.421372    30.667203    0             167.8         167
2016-10-17 16:03:27         413812472      114.421382    30.667183     114.421388    30.667195    0             26.7          26
2016-10-17 16:06:20         413812472      114.421387    30.667193     114.421382    30.667183    0.1           333.7         333
2016-10-17 16:09:23         413812472      114.421392    30.667222     114.421387    30.667193    0.1           225.9         225
2016-10-17 16:12:44         413812472      114.4214      30.66719      114.421392    30.667222    0             272.4         272
2016-10-17 16:15:28         413812472      114.42139     30.667175     114.4214      30.66719     0             303.9         303
2016-10-17 16:18:35         413812472      114.42139     30.667175     114.42139     30.667175    0             303.9         303
2016-10-17 16:22:35         413812472      114.421402    30.667175     114.42139     30.667175    0.1           141           141
2016-10-17 16:25:45         413812472      114.421412    30.667162     114.421402    30.667175    0             71            71
2016-10-17 16:28:58         413812472      114.421385    30.667172     114.421412    30.667162    0             326.1         326
2016-10-17 16:31:37         413812472      114.421395    30.667207     114.421385    30.667172    0.1           100.2         100
2016-10-17 16:41:03         413812472      114.421352    30.667168     114.421403    30.667188    0.1           206.4         206
2016-10-17 16:43:51         413812472      114.421382    30.667193     114.421352    30.667168    0.1           62            62
2016-10-17 16:48:03         413812472      114.421417    30.667153     114.421382    30.667193    0             173.8         173
2016-10-17 16:53:29         413812472      114.421417    30.667153     114.421417    30.667153    0             173.8         173
2016-10-17 16:59:21         413812472      114.421393    30.667162     114.421417    30.667153    0.1           166.2         166
2016-10-17 17:02:10         413812472      114.421405    30.667192     114.421393    30.667162    0.1           79            79
2016-10-17 17:05:36         413812472      114.421395    30.667155     114.421405    30.667192    0.1           201.1         201
2016-10-17 17:08:20         413812472      114.421435    30.667177     114.421395    30.667155    0.1           112.8         112
2016-10-17 17:12:16         413812472      114.421397    30.66718      114.421435    30.667177    0.1           52.4          52
2016-10-17 17:15:37         413812472      114.42138     30.667192     114.421397    30.66718     0             72.5          72
2016-10-17 17:18:28         413812472      114.421447    30.667163     114.42138     30.667192    0.2           227.7         227
2016-10-17 17:27:37         413812472      114.421417    30.667158     114.421407    30.667173    0.1           142.3         142
2016-10-17 17:30:41         413812472      114.421405    30.667143     114.421417    30.667158    0.1           322.1         322
2016-10-17 17:39:46         413812472      114.421418    30.667167     114.421437    30.667207    0.2           138.8         138
2016-10-17 17:43:02         413812472      114.421418    30.667167     114.421418    30.667167    0.2           138.8         138
2016-10-17 17:52:06         413812472      114.421427    30.667172     114.421408    30.66719     0.1           248.5         248
2016-10-17 17:55:06         413812472      114.421397    30.667138     114.421427    30.667172    0.1           359.9         359
2016-10-17 17:58:14         413812472      114.421362    30.667217     114.421397    30.667138    0             43.7          43
2016-10-17 18:01:28         413812472      114.421397    30.667185     114.421362    30.667217    0             84.6          84
2016-10-17 18:04:21         413812472      114.42141     30.667158     114.421397    30.667185    0             191.9         191
2016-10-17 18:23:58         413812472      114.421418    30.667218     114.42138     30.667157    0             339.9         339
2016-10-17 18:36:03         413812472      114.421442    30.667202     114.421385    30.667195    0.1           150.5         150
2016-10-17 18:38:53         413812472      114.421408    30.667148     114.421442    30.667202    0.1           193           193
2016-10-17 18:48:13         413812472      114.421437    30.667105     114.421418    30.667137    0.1           110.5         110
2016-10-17 18:51:10         413812472      114.421437    30.667105     114.421437    30.667105    0.1           110.5         110
2016-10-17 19:00:22         413812472      114.421385    30.667167     114.42138     30.667143    0             290.9         290
2016-10-17 19:03:25         413812472      114.421408    30.667172     114.421385    30.667167    0.1           36.9          36
2016-10-17 19:07:18         413812472      114.421453    30.667155     114.421408    30.667172    0.1           133.4         133
2016-10-17 19:10:20         413812472      114.421472    30.667097     114.421453    30.667155    0.1           240.2         240
2016-10-17 19:13:30         413812472      114.421433    30.667085     114.421472    30.667097    0.1           338.1         338
2016-10-17 19:16:36         413812472      114.42139     30.667152     114.421433    30.667085    0.1           6.6           6
2016-10-17 19:19:15         413812472      114.421405    30.6672       114.42139     30.667152    0.1           26.8          26
2016-10-17 19:21:59         413812472      114.421418    30.667162     114.421405    30.6672      0.1           180.5         180
2016-10-17 19:37:02         413812472      114.421423    30.66712      114.42138     30.667148    0.1           61            61
2016-10-17 19:40:12         413812472      114.42141     30.667108     114.421423    30.66712     0.1           309.1         309
2016-10-17 19:43:02         413812472      114.42144     30.667137     114.42141     30.667108    0             3.7           3
2016-10-17 19:46:06         413812472      114.42144     30.667137     114.42144     30.667137    0             3.7           3
2016-10-17 19:52:28         413812472      114.421443    30.66712      114.421443    30.66712     0             67            67
