2016-10-19 0:00:28          413812472      114.417542    30.659972     114.417527    30.659972    0.1           98.1          98
2016-10-19 0:03:20          413812472      114.41756     30.659982     114.417542    30.659972    0             15.6          15
2016-10-19 0:06:13          413812472      114.417522    30.659975     114.41756     30.659982    0.1           268.6         268
2016-10-19 0:09:54          413812472      114.417523    30.659973     114.417522    30.659975    0             358.5         358
2016-10-19 0:12:45          413812472      114.417498    30.659982     114.417523    30.659973    0.1           34.6          34
2016-10-19 0:15:51          413812472      114.417507    30.66         114.417498    30.659982    0             48.5          48
2016-10-19 0:18:55          413812472      114.417552    30.659988     114.417507    30.66        0.1           200.4         200
2016-10-19 0:21:53          413812472      114.417525    30.659998     114.417552    30.659988    0.1           131.5         131
2016-10-19 0:24:57          413812472      114.417537    30.659975     114.417525    30.659998    0.1           356.4         356
2016-10-19 0:28:03          413812472      114.417532    30.659973     114.417537    30.659975    0             342.7         342
2016-10-19 0:31:02          413812472      114.41754     30.659988     114.417532    30.659973    0.1           62.9          62
2016-10-19 0:34:07          413812472      114.417525    30.65998      114.41754     30.659988    0             278.5         278
2016-10-19 0:37:10          413812472      114.41754     30.659982     114.417525    30.65998     0.1           106.8         106
2016-10-19 0:40:17          413812472      114.417528    30.659985     114.41754     30.659982    0.1           209.3         209
2016-10-19 0:43:25          413812472      114.417533    30.659953     114.417528    30.659985    0             3.3           3
2016-10-19 0:46:30          413812472      114.417523    30.659977     114.417533    30.659953    0.1           272.6         272
2016-10-19 0:49:31          413812472      114.417532    30.659957     114.417523    30.659977    0             213.5         213
2016-10-19 0:52:40          413812472      114.417598    30.659997     114.417532    30.659957    0.1           28.7          28
2016-10-19 0:55:31          413812472      114.417575    30.659983     114.417598    30.659997    0.1           244.5         244
2016-10-19 0:58:42          413812472      114.417538    30.659972     114.417575    30.659983    0             266           266
2016-10-19 1:01:42          413812472      114.41753     30.659967     114.417538    30.659972    0             315.6         315
2016-10-19 1:04:49          413812472      114.417507    30.65997      114.41753     30.659967    0             307.9         307
2016-10-19 1:07:50          413812472      114.417525    30.659947     114.417507    30.65997     0             186           186
2016-10-19 1:08:49          413812472      114.417505    30.659955     114.417525    30.659947    0.1           286.2         286
2016-10-19 1:11:50          413812472      114.417505    30.659963     114.417505    30.659955    0             350.4         350
2016-10-19 1:15:06          413812472      114.417528    30.659958     114.417505    30.659963    0             254.7         254
2016-10-19 1:17:56          413812472      114.417518    30.659972     114.417528    30.659958    0             184.7         184
2016-10-19 1:21:10          413812472      114.417528    30.65996      114.417518    30.659972    0             180           180
2016-10-19 1:24:12          413812472      114.417512    30.659957     114.417528    30.65996     0.1           265.9         265
2016-10-19 1:27:11          413812472      114.417522    30.659955     114.417512    30.659957    0             315.2         315
2016-10-19 1:30:14          413812472      114.417522    30.659955     114.417522    30.659955    0.1           92.6          92
2016-10-19 1:33:16          413812472      114.41753     30.659953     114.417522    30.659955    0.1           136.9         136
2016-10-19 1:36:19          413812472      114.417513    30.659957     114.41753     30.659953    0             274.9         274
2016-10-19 1:39:31          413812472      114.417507    30.659948     114.417513    30.659957    0.1           184           184
2016-10-19 1:42:32          413812472      114.417508    30.659952     114.417507    30.659948    0             35.1          35
2016-10-19 1:43:40          413812472      114.417508    30.659952     114.417508    30.659952    0             35.1          35
2016-10-19 1:46:33          413812472      114.417493    30.659962     114.417508    30.659952    0.1           340.4         340
2016-10-19 1:49:40          413812472      114.417482    30.659967     114.417493    30.659962    0.1           257.9         257
2016-10-19 1:52:37          413812472      114.417465    30.659995     114.417482    30.659967    0             321.9         321
2016-10-19 1:56:50          413812472      114.417497    30.659975     114.417465    30.659995    0             170.1         170
2016-10-19 1:59:56          413812472      114.417502    30.659937     114.417497    30.659975    0             208.2         208
2016-10-19 2:02:02          413812472      114.417505    30.659948     114.417502    30.659937    0             44.1          44
2016-10-19 2:04:50          413812472      114.417502    30.659952     114.417505    30.659948    0.1           25.1          25
2016-10-19 2:07:55          413812472      114.417507    30.659963     114.417502    30.659952    0.1           211.8         211
2016-10-19 2:11:08          413812472      114.41751     30.65996      114.417507    30.659963    0             41.1          41
2016-10-19 2:14:16          413812472      114.417508    30.659955     114.41751     30.65996     0             47.9          47
2016-10-19 2:17:12          413812472      114.417502    30.659972     114.417508    30.659955    0.1           329.3         329
2016-10-19 2:20:26          413812472      114.417508    30.659953     114.417502    30.659972    0.1           159.4         159
2016-10-19 2:23:13          413812472      114.417508    30.65995      114.417508    30.659953    0             259           259
2016-10-19 2:26:18          413812472      114.41751     30.659957     114.417508    30.65995     0.1           137.9         137
2016-10-19 2:29:25          413812472      114.417513    30.659962     114.41751     30.659957    0             159.6         159
2016-10-19 2:32:24          413812472      114.417518    30.659962     114.417513    30.659962    0             53.8          53
2016-10-19 2:35:33          413812472      114.417512    30.65996      114.417518    30.659962    0             271.3         271
2016-10-19 2:38:26          413812472      114.417515    30.659957     114.417512    30.65996     0             92.5          92
2016-10-19 2:41:46          413812472      114.417545    30.659968     114.417515    30.659957    0             342.1         342
2016-10-19 2:44:53          413812472      114.41753     30.659973     114.417545    30.659968    0             302.7         302
2016-10-19 2:47:42          413812472      114.41755     30.659955     114.41753     30.659973    0             226.7         226
2016-10-19 2:50:56          413812472      114.417543    30.659953     114.41755     30.659955    0             325.4         325
2016-10-19 2:53:47          413812472      114.417545    30.659972     114.417543    30.659953    0             121.8         121
2016-10-19 2:57:06          413812472      114.417562    30.659975     114.417545    30.659972    0.1           162.1         162
2016-10-19 2:58:05          413812472      114.417563    30.659972     114.417562    30.659975    0             92.4          92
2016-10-19 3:00:59          413812472      114.41758     30.659972     114.417563    30.659972    0             131.7         131
2016-10-19 3:04:07          413812472      114.417575    30.659977     114.41758     30.659972    0             149.7         149
2016-10-19 3:07:13          413812472      114.417573    30.659973     114.417575    30.659977    0.1           317           317
2016-10-19 3:10:04          413812472      114.41757     30.659968     114.417573    30.659973    0.1           220.6         220
2016-10-19 3:13:10          413812472      114.41757     30.659968     114.41757     30.659968    0.1           220.6         220
2016-10-19 3:16:16          413812472      114.417558    30.659975     114.41757     30.659968    0.1           85.4          85
2016-10-19 3:19:21          413812472      114.417558    30.659975     114.417558    30.659975    0.1           85.4          85
2016-10-19 3:22:20          413812472      114.417567    30.659988     114.417558    30.659975    0.1           283.8         283
2016-10-19 3:25:25          413812472      114.417555    30.660002     114.417567    30.659988    0.1           292.2         292
2016-10-19 3:26:26          413812472      114.417553    30.660002     114.417555    30.660002    0             297.3         297
2016-10-19 3:29:28          413812472      114.41752     30.660015     114.417553    30.660002    0.1           274.5         274
2016-10-19 3:32:26          413812472      114.417558    30.659988     114.41752     30.660015    0             24.4          24
2016-10-19 3:35:36          413812472      114.417583    30.65999      114.417558    30.659988    0             55.3          55
2016-10-19 3:38:38          413812472      114.417572    30.659988     114.417583    30.65999     0             287.7         287
2016-10-19 3:41:44          413812472      114.417573    30.65996      114.417572    30.659988    0.1           165.9         165
2016-10-19 3:44:49          413812472      114.417573    30.65996      114.417573    30.65996     0.1           165.9         165
2016-10-19 3:47:55          413812472      114.417575    30.659965     114.417573    30.65996     0             37.9          37
2016-10-19 3:50:52          413812472      114.417548    30.659997     114.417575    30.659965    0             343.8         343
2016-10-19 3:53:53          413812472      114.417553    30.65999      114.417548    30.659997    0             26.1          26
2016-10-19 3:57:56          413812472      114.417527    30.659997     114.417553    30.65999     0             292.9         292
2016-10-19 4:01:02          413812472      114.417533    30.660007     114.417527    30.659997    0.1           122.4         122
2016-10-19 4:04:11          413812472      114.417542    30.660003     114.417533    30.660007    0             109.1         109
2016-10-19 4:07:14          413812472      114.417572    30.659998     114.417542    30.660003    0             70.7          70
2016-10-19 4:11:06          413812472      114.41759     30.660053     114.417572    30.659998    0.2           23.8          23
2016-10-19 4:14:19          413812472      114.417588    30.660075     114.41759     30.660053    0             183.8         183
2016-10-19 4:17:19          413812472      114.417623    30.660047     114.417588    30.660075    0.1           197.1         197
2016-10-19 4:20:20          413812472      114.417533    30.659998     114.417623    30.660047    0.3           282.1         282
2016-10-19 4:23:30          413812472      114.417522    30.65998      114.417533    30.659998    0             158.5         158
2016-10-19 4:26:37          413812472      114.417523    30.659982     114.417522    30.65998     0             129           129
2016-10-19 4:29:29          413812472      114.417522    30.659993     114.417523    30.659982    0.1           20.4          20
2016-10-19 4:30:27          413812472      114.417522    30.659993     114.417522    30.659993    0.1           20.4          20
2016-10-19 4:33:31          413812472      114.417505    30.659982     114.417522    30.659993    0             141.5         141
2016-10-19 4:36:43          413812472      114.417507    30.65998      114.417505    30.659982    0.1           137.4         137
2016-10-19 4:39:33          413812472      114.417502    30.659977     114.417507    30.65998     0.1           128.5         128
2016-10-19 4:42:11          413812472      114.41752     30.659968     114.417502    30.659977    0             222.4         222
2016-10-19 4:45:47          413812472      114.41755     30.659978     114.41752     30.659968    0.1           177.1         177
2016-10-19 4:48:48          413812472      114.417512    30.659997     114.41755     30.659978    0.2           243.4         243
2016-10-19 4:51:53          413812472      114.41752     30.659963     114.417512    30.659997    0.1           54.4          54
2016-10-19 4:54:58          413812472      114.417493    30.659963     114.41752     30.659963    0             214.1         214
2016-10-19 4:58:57          413812472      114.417488    30.659968     114.417493    30.659963    0.1           318.2         318
2016-10-19 5:02:03          413812472      114.417472    30.659967     114.417488    30.659968    0             306.2         306
2016-10-19 5:05:17          413812472      114.41749     30.659938     114.417472    30.659967    0             136           136
2016-10-19 5:08:14          413812472      114.417493    30.659967     114.41749     30.659938    0.1           356.4         356
2016-10-19 5:18:24          413812472      114.417483    30.659957     114.417502    30.659945    0             299.7         299
2016-10-19 5:21:29          413812472      114.417485    30.659958     114.417483    30.659957    0             149.4         149
2016-10-19 5:24:36          413812472      114.417458    30.659975     114.417485    30.659958    0.1           75            75
2016-10-19 5:27:33          413812472      114.417472    30.65996      114.417458    30.659975    0             334.5         334
2016-10-19 5:30:24          413812472      114.417492    30.659967     114.417472    30.65996     0             124.6         124
2016-10-19 5:33:48          413812472      114.417502    30.659955     114.417492    30.659967    0             155.4         155
2016-10-19 5:36:57          413812472      114.41749     30.659947     114.417502    30.659955    0             324.5         324
2016-10-19 5:39:46          413812472      114.41748     30.659948     114.41749     30.659947    0             179           179
2016-10-19 5:43:00          413812472      114.417502    30.659948     114.41748     30.659948    0.1           154.5         154
2016-10-19 5:45:52          413812472      114.417502    30.659947     114.417502    30.659948    0.1           313           313
2016-10-19 5:48:51          413812472      114.417525    30.659945     114.417502    30.659947    0.1           5.7           5
2016-10-19 5:52:13          413812472      114.417522    30.659968     114.417525    30.659945    0.1           189.3         189
2016-10-19 5:53:06          413812472      114.417522    30.659968     114.417522    30.659968    0.1           189.3         189
2016-10-19 5:56:24          413812472      114.417513    30.65997      114.417522    30.659968    0.1           347.1         347
2016-10-19 5:59:18          413812472      114.417513    30.65997      114.417513    30.65997     0.1           347.1         347
2016-10-19 6:02:29          413812472      114.417495    30.65999      114.417513    30.65997     0.1           157.3         157
2016-10-19 6:04:58          413812472      114.417498    30.659957     114.417495    30.65999     0.1           217.6         217
2016-10-19 6:08:26          413812472      114.41748     30.659958     114.417498    30.659957    0             104.6         104
2016-10-19 6:11:25          413812472      114.41751     30.659953     114.41748     30.659958    0             126.4         126
2016-10-19 6:14:35          413812472      114.417523    30.659955     114.41751     30.659953    0             233.5         233
2016-10-19 6:17:29          413812472      114.417495    30.659972     114.417523    30.659955    0.1           354.8         354
2016-10-19 6:20:38          413812472      114.417492    30.659977     114.417495    30.659972    0.1           18.5          18
2016-10-19 6:23:29          413812472      114.417548    30.659997     114.417492    30.659977    0             13.3          13
2016-10-19 6:26:41          413812472      114.417538    30.660013     114.417548    30.659997    0.1           322.6         322
2016-10-19 6:29:45          413812472      114.417512    30.659975     114.417538    30.660013    0             178           178
2016-10-19 6:32:45          413812472      114.417498    30.659995     114.417512    30.659975    0             198.2         198
2016-10-19 6:35:51          413812472      114.417493    30.659968     114.417498    30.659995    0             133.6         133
2016-10-19 6:39:02          413812472      114.41752     30.659985     114.417493    30.659968    0             48.2          48
2016-10-19 6:42:01          413812472      114.417503    30.659987     114.41752     30.659985    0             299.2         299
2016-10-19 6:45:01          413812472      114.417503    30.659977     114.417503    30.659987    0             302.5         302
2016-10-19 6:47:48          413812472      114.417517    30.659982     114.417503    30.659977    0             137.7         137
2016-10-19 6:51:17          413812472      114.417538    30.65998      114.417517    30.659982    0             167.6         167
2016-10-19 6:54:19          413812472      114.417537    30.659968     114.417538    30.65998     0             252.9         252
2016-10-19 6:57:29          413812472      114.417543    30.65998      114.417537    30.659968    0.1           61.3          61
2016-10-19 7:00:25          413812472      114.417543    30.65998      114.417543    30.65998     0.1           61.3          61
2016-10-19 7:09:18          413812472      114.417522    30.659987     114.417523    30.660002    0             314.9         314
2016-10-19 7:12:27          413812472      114.417518    30.659967     114.417522    30.659987    0.2           197.3         197
2016-10-19 7:15:43          413812472      114.417503    30.659978     114.417518    30.659967    0.1           199.9         199
2016-10-19 7:18:49          413812472      114.417513    30.659977     114.417503    30.659978    0.1           36.4          36
2016-10-19 7:21:53          413812472      114.417488    30.65998      114.417513    30.659977    0.1           207.8         207
2016-10-19 7:24:42          413812472      114.417495    30.659985     114.417488    30.65998     0.1           335.6         335
2016-10-19 7:27:47          413812472      114.417508    30.659983     114.417495    30.659985    0             331.4         331
2016-10-19 7:37:09          413812472      114.417517    30.659987     114.417493    30.66        0.1           83.3          83
2016-10-19 7:40:02          413812472      114.417535    30.659962     114.417517    30.659987    0.1           119           119
2016-10-19 7:43:06          413812472      114.417535    30.659962     114.417535    30.659962    0.1           124.8         124
2016-10-19 7:46:12          413812472      114.417492    30.659928     114.417535    30.659962    0.3           208.3         208
2016-10-19 7:49:19          413812472      114.415607    30.659963     114.417492    30.659928    4             272.4         272
2016-10-19 7:51:09          413812472      114.413455    30.660277     114.415607    30.659963    4.7           284           284
2016-10-19 7:51:35          413812472      114.413455    30.660277     114.413455    30.660277    4.7           284           284
2016-10-19 7:52:00          413812472      114.411733    30.660817     114.413455    30.660277    5             292.3         292
2016-10-19 7:53:29          413812472      114.410013    30.661415     114.411733    30.660817    4.8           287.5         287
2016-10-19 7:54:15          413812472      114.408807    30.661578     114.410013    30.661415    4.4           274.3         274
2016-10-19 7:54:48          413812472      114.408068    30.66158      114.408807    30.661578    4.2           266.6         266
2016-10-19 7:55:10          413812472      114.407192    30.661413     114.408068    30.66158     4.2           254.4         255
2016-10-19 7:56:27          413812472      114.405858    30.660963     114.407192    30.661413    4.3           245.9         245
2016-10-19 7:57:14          413812472      114.404577    30.660397     114.405858    30.660963    4.4           240           240
2016-10-19 7:57:36          413812472      114.404577    30.660397     114.404577    30.660397    4.4           240           240
2016-10-19 7:58:11          413812472      114.403745    30.659972     114.404577    30.660397    4.4           240           240
2016-10-19 7:59:02          413812472      114.402503    30.659425     114.403745    30.659972    4.3           243.6         243
2016-10-19 7:59:25          413812472      114.401887    30.659168     114.402503    30.659425    4.3           244           244
2016-10-19 7:59:59          413812472      114.401262    30.65894      114.401887    30.659168    4.2           247.2         247
2016-10-19 8:00:27          413812472      114.400632    30.658718     114.401262    30.65894     4.2           246.7         246
2016-10-19 8:01:12          413812472      114.400632    30.658718     114.400632    30.658718    4.2           246.7         246
2016-10-19 8:01:44          413812472      114.399112    30.658235     114.400632    30.658718    4.2           255.9         255
2016-10-19 8:02:08          413812472      114.398453    30.658068     114.399112    30.658235    4.2           253.7         253
2016-10-19 8:02:32          413812472      114.397758    30.657897     114.398453    30.658068    4.3           254.6         254
2016-10-19 8:03:22          413812472      114.397092    30.657745     114.397758    30.657897    4.4           255           255
2016-10-19 8:05:04          413812472      114.394388    30.65708      114.397092    30.657745    5.7           255.2         255
2016-10-19 8:05:30          413812472      114.393415    30.656862     114.394388    30.65708     5.8           254.7         254
2016-10-19 8:05:54          413812472      114.392568    30.656612     114.393415    30.656862    5.7           251.8         251
2016-10-19 8:06:49          413812472      114.390928    30.656168     114.392568    30.656612    5.4           251.4         251
2016-10-19 8:07:16          413812472      114.390928    30.656168     114.390928    30.656168    5.4           251.4         251
2016-10-19 8:09:04          413812472      114.38739     30.655157     114.390928    30.656168    5.1           250.3         250
2016-10-19 8:09:30          413812472      114.386652    30.654927     114.38739     30.655157    5             249.6         249
2016-10-19 8:09:57          413812472      114.386047    30.654718     114.386652    30.654927    5             248.4         248
2016-10-19 8:10:32          413812472      114.386047    30.654718     114.386047    30.654718    5             248.4         248
2016-10-19 8:11:26          413812472      114.38411     30.65395      114.386047    30.654718    5.1           242.2         242
2016-10-19 8:11:49          413812472      114.383405    30.653625     114.38411     30.65395     5.2           241.7         241
2016-10-19 8:12:23          413812472      114.382665    30.653292     114.383405    30.653625    5.2           242.6         242
2016-10-19 8:12:52          413812472      114.381915    30.652928     114.382665    30.653292    5.2           240.1         240
2016-10-19 8:13:15          413812472      114.381915    30.652928     114.381915    30.652928    5.2           240.1         240
2016-10-19 8:14:09          413812472      114.38026     30.652053     114.381915    30.652928    5.2           238.4         238
2016-10-19 8:14:33          413812472      114.379518    30.651635     114.38026     30.652053    5.2           236.5         236
2016-10-19 8:14:52          413812472      114.378857    30.651257     114.379518    30.651635    5.1           236.7         236
2016-10-19 8:15:53          413812472      114.378095    30.650867     114.378857    30.651257    5.2           239.6         239
2016-10-19 8:16:43          413812472      114.376402    30.650023     114.378095    30.650867    5.1           241.3         241
2016-10-19 8:17:05          413812472      114.375693    30.64971      114.376402    30.650023    5.1           242.6         242
2016-10-19 8:18:09          413812472      114.374143    30.649083     114.375693    30.64971     5.2           246           246
2016-10-19 8:18:53          413812472      114.373382    30.648833     114.374143    30.649083    5.3           249.3         249
2016-10-19 8:19:22          413812472      114.372302    30.648373     114.373382    30.648833    5.4           243           243
2016-10-19 8:19:48          413812472      114.371567    30.648037     114.372302    30.648373    5.3           241.3         241
2016-10-19 8:20:35          413812472      114.370855    30.647628     114.371567    30.648037    5.3           236.2         236
2016-10-19 8:21:56          413812472      114.368907    30.646482     114.370855    30.647628    5.4           234.9         234
2016-10-19 8:22:23          413812472      114.368005    30.645948     114.368907    30.646482    5.2           236.1         236
2016-10-19 8:22:55          413812472      114.368005    30.645948     114.368005    30.645948    5.2           236.1         236
2016-10-19 8:23:43          413812472      114.366253    30.644978     114.368005    30.645948    5.2           236.8         236
2016-10-19 8:24:32          413812472      114.365393    30.644437     114.366253    30.644978    5.2           232.3         232
2016-10-19 8:25:13          413812472      114.364372    30.643667     114.365393    30.644437    5.2           227.3         227
2016-10-19 8:25:37          413812472      114.364372    30.643667     114.364372    30.643667    5.2           227.3         227
2016-10-19 8:26:32          413812472      114.362937    30.642558     114.364372    30.643667    5             228.1         228
2016-10-19 8:27:13          413812472      114.3617      30.641645     114.362937    30.642558    5             230.6         230
2016-10-19 8:27:43          413812472      114.361027    30.641172     114.3617      30.641645    5.1           230.6         230
2016-10-19 8:28:33          413812472      114.360415    30.640752     114.361027    30.641172    5             232.1         232
2016-10-19 8:28:59          413812472      114.360415    30.640752     114.360415    30.640752    5             232.1         232
2016-10-19 8:29:33          413812472      114.358903    30.639703     114.360415    30.640752    5             230.2         230
2016-10-19 8:29:58          413812472      114.35824     30.639222     114.358903    30.639703    5             229.4         229
2016-10-19 8:30:46          413812472      114.357677    30.638788     114.35824     30.639222    5             228.3         228
2016-10-19 8:31:46          413812472      114.356227    30.637637     114.357677    30.638788    5.1           226.5         226
2016-10-19 8:32:59          413812472      114.355093    30.636607     114.356227    30.637637    5.1           222.7         222
2016-10-19 8:33:46          413812472      114.353948    30.635588     114.355093    30.636607    5             222.6         222
2016-10-19 8:34:12          413812472      114.353948    30.635588     114.353948    30.635588    5             222.6         222
2016-10-19 8:35:14          413812472      114.352628    30.634412     114.353948    30.635588    4.9           223.4         223
2016-10-19 8:36:02          413812472      114.351587    30.633488     114.352628    30.634412    4.5           226.2         226
2016-10-19 8:36:38          413812472      114.351053    30.633085     114.351587    30.633488    4.2           228.1         228
2016-10-19 8:37:03          413812472      114.35044     30.632605     114.351053    30.633085    4.1           228.1         228
2016-10-19 8:37:24          413812472      114.349972    30.632265     114.35044     30.632605    3.9           229.8         229
2016-10-19 8:38:26          413812472      114.349503    30.631927     114.349972    30.632265    3.6           230.1         230
2016-10-19 8:39:19          413812472      114.348743    30.631357     114.349503    30.631927    3.1           228.5         228
2016-10-19 8:39:41          413812472      114.34827     30.630953     114.348743    30.631357    2.7           224.8         224
2016-10-19 8:40:18          413812472      114.347952    30.630702     114.34827     30.630953    2.7           226.8         226
2016-10-19 8:40:47          413812472      114.347663    30.630455     114.347952    30.630702    2.5           225           225
2016-10-19 8:41:16          413812472      114.34736     30.630212     114.347663    30.630455    2.5           227           227
2016-10-19 8:41:42          413812472      114.347087    30.629987     114.34736     30.630212    2.5           225.8         225
2016-10-19 8:42:17          413812472      114.347087    30.629987     114.347087    30.629987    2.5           225.8         225
2016-10-19 8:43:10          413812472      114.346393    30.629332     114.347087    30.629987    3             224.4         224
2016-10-19 8:44:09          413812472      114.34554     30.6287       114.346393    30.629332    3.9           229.2         229
2016-10-19 8:44:59          413812472      114.344513    30.627892     114.34554     30.6287      4.4           227.4         227
2016-10-19 8:45:22          413812472      114.344513    30.627892     114.344513    30.627892    4.4           227.4         227
2016-10-19 8:45:56          413812472      114.343712    30.627303     114.344513    30.627892    4.6           230           230
2016-10-19 8:46:49          413812472      114.342547    30.626483     114.343712    30.627303    4.8           232.4         232
2016-10-19 8:47:15          413812472      114.341915    30.626092     114.342547    30.626483    5             234.2         234
2016-10-19 8:47:48          413812472      114.341208    30.625665     114.341915    30.626092    5             234.8         234
2016-10-19 8:48:13          413812472      114.341208    30.625665     114.341208    30.625665    5             234.8         234
2016-10-19 8:48:58          413812472      114.339597    30.624692     114.341208    30.625665    5.1           236           236
2016-10-19 8:49:30          413812472      114.3389      30.624273     114.339597    30.624692    5.2           235.5         235
2016-10-19 8:49:56          413812472      114.338225    30.623842     114.3389      30.624273    5.2           233           233
2016-10-19 8:50:22          413812472      114.337595    30.623405     114.338225    30.623842    5.2           231           231
2016-10-19 8:50:50          413812472      114.337595    30.623405     114.337595    30.623405    5.2           231           231
2016-10-19 8:51:55          413812472      114.336108    30.62231      114.337595    30.623405    5             227.8         227
2016-10-19 8:52:41          413812472      114.33491     30.621335     114.336108    30.62231     5.1           227.3         227
2016-10-19 8:53:17          413812472      114.334337    30.620845     114.33491     30.621335    5.2           224.4         224
2016-10-19 8:53:46          413812472      114.333693    30.620285     114.334337    30.620845    5.5           224.1         224
2016-10-19 8:54:13          413812472      114.332837    30.61949      114.333693    30.620285    5.8           222.5         222
2016-10-19 8:55:13          413812472      114.331553    30.618288     114.332837    30.61949     5.9           221.2         221
2016-10-19 8:55:40          413812472      114.330957    30.617602     114.331553    30.618288    6             217.6         217
2016-10-19 8:56:29          413812472      114.33035     30.616917     114.330957    30.617602    6             216.4         216
2016-10-19 8:57:09          413812472      114.329585    30.615973     114.33035     30.616917    6             215.2         215
2016-10-19 8:57:37          413812472      114.329053    30.615305     114.329585    30.615973    6             214.4         214
2016-10-19 8:58:02          413812472      114.328443    30.6146       114.329053    30.615305    6.1           216.9         216
2016-10-19 8:58:28          413812472      114.327843    30.613927     114.328443    30.6146      6.1           217.7         217
2016-10-19 8:59:07          413812472      114.327232    30.613282     114.327843    30.613927    6.2           220.6         220
2016-10-19 8:59:41          413812472      114.326262    30.612338     114.327232    30.613282    6.4           223.4         223
2016-10-19 9:00:06          413812472      114.325597    30.611667     114.326262    30.612338    6.3           219.6         219
2016-10-19 9:00:35          413812472      114.324965    30.61103      114.325597    30.611667    6.2           219.6         219
2016-10-19 9:01:06          413812472      114.324318    30.610322     114.324965    30.61103     6.1           218.6         218
2016-10-19 9:01:58          413812472      114.32374     30.609677     114.324318    30.610322    6.1           217           217
2016-10-19 9:02:56          413812472      114.3223      30.60812      114.32374     30.609677    5.8           218.9         218
2016-10-19 9:03:26          413812472      114.321743    30.60752      114.3223      30.60812     5.7           218.7         218
2016-10-19 9:03:54          413812472      114.321147    30.606883     114.321743    30.60752     5.7           218.8         218
2016-10-19 9:04:22          413812472      114.320587    30.606308     114.321147    30.606883    5.6           220.9         220
2016-10-19 9:05:02          413812472      114.319972    30.605745     114.320587    30.606308    5.6           224.1         224
2016-10-19 9:05:31          413812472      114.319103    30.604925     114.319972    30.605745    5.6           222.1         222
2016-10-19 9:07:00          413812472      114.317337    30.603247     114.319103    30.604925    5.4           221.2         221
2016-10-19 9:07:53          413812472      114.316828    30.602673     114.317337    30.603247    5.4           216.3         216
2016-10-19 9:08:50          413812472      114.315825    30.601428     114.316828    30.602673    5.3           213.7         213
2016-10-19 9:09:16          413812472      114.315825    30.601428     114.315825    30.601428    5.3           213.7         213
2016-10-19 9:09:41          413812472      114.314745    30.599915     114.315825    30.601428    5.3           210.3         210
2016-10-19 9:10:42          413812472      114.313777    30.598687     114.314745    30.599915    5.4           217.1         217
2016-10-19 9:11:10          413812472      114.313258    30.598118     114.313777    30.598687    5.4           218.8         218
2016-10-19 9:11:55          413812472      114.312682    30.597535     114.313258    30.598118    5.3           220.7         220
2016-10-19 9:12:37          413812472      114.311892    30.596795     114.312682    30.597535    5.3           222.7         222
2016-10-19 9:13:08          413812472      114.311292    30.596235     114.311892    30.596795    5.3           222.8         222
2016-10-19 9:13:38          413812472      114.310705    30.595688     114.311292    30.596235    5.4           223           223
2016-10-19 9:14:05          413812472      114.310128    30.595165     114.310705    30.595688    5.4           223           223
2016-10-19 9:14:44          413812472      114.309505    30.594602     114.310128    30.595165    5.4           223.7         223
2016-10-19 9:15:13          413812472      114.308702    30.593852     114.309505    30.594602    5.4           222.9         222
2016-10-19 9:15:38          413812472      114.308113    30.593262     114.308702    30.593852    5.4           220.1         220
2016-10-19 9:16:38          413812472      114.307562    30.5927       114.308113    30.593262    5.3           219.6         219
2016-10-19 9:17:34          413812472      114.306512    30.591528     114.307562    30.5927      5.4           216.7         216
2016-10-19 9:17:59          413812472      114.305815    30.590653     114.306512    30.591528    5.5           212.8         212
2016-10-19 9:18:41          413812472      114.305345    30.590002     114.305815    30.590653    5.5           211.7         211
2016-10-19 9:19:37          413812472      114.304412    30.588683     114.305345    30.590002    5.6           210.3         210
2016-10-19 9:20:34          413812472      114.303493    30.587347     114.304412    30.588683    5.6           211.2         211
2016-10-19 9:20:58          413812472      114.302883    30.586445     114.303493    30.587347    5.5           209.6         209
2016-10-19 9:21:48          413812472      114.30242     30.585775     114.302883    30.586445    5.6           210.9         210
2016-10-19 9:22:55          413812472      114.301507    30.584448     114.30242     30.585775    5.5           210.3         210
2016-10-19 9:23:52          413812472      114.300448    30.582847     114.301507    30.584448    5.6           209.8         209
2016-10-19 9:24:28          413812472      114.299982    30.58216      114.300448    30.582847    5.5           210.5         210
2016-10-19 9:24:57          413812472      114.29957     30.581522     114.299982    30.58216     5.5           208.8         208
2016-10-19 9:25:25          413812472      114.299133    30.580865     114.29957     30.581522    5.4           209.7         209
2016-10-19 9:25:50          413812472      114.298662    30.580168     114.299133    30.580865    5.5           210.2         210
2016-10-19 9:26:23          413812472      114.298662    30.580168     114.298662    30.580168    5.5           210.2         210
2016-10-19 9:27:15          413812472      114.2976      30.578658     114.298662    30.580168    5.6           212           212
2016-10-19 9:28:21          413812472      114.296572    30.577353     114.2976      30.578658    5.5           215.5         215
2016-10-19 9:29:18          413812472      114.295483    30.576128     114.296572    30.577353    5.5           218.2         218
2016-10-19 9:29:44          413812472      114.294775    30.575307     114.295483    30.576128    5.5           216.3         216
2016-10-19 9:30:21          413812472      114.294243    30.57472      114.294775    30.575307    5.5           217.7         217
2016-10-19 9:31:18          413812472      114.293032    30.57331      114.294243    30.57472     5.6           215.7         215
2016-10-19 9:33:00          413812472      114.291548    30.571415     114.293032    30.57331     5.8           212.8         212
2016-10-19 9:33:28          413812472      114.29075     30.570313     114.291548    30.571415    5.7           211.1         211
2016-10-19 9:35:03          413812472      114.289458    30.568362     114.29075     30.570313    5.8           208.2         208
2016-10-19 9:35:31          413812472      114.289063    30.56765      114.289458    30.568362    5.9           205           205
2016-10-19 9:36:03          413812472      114.28866     30.566888     114.289063    30.56765     5.8           204.2         204
2016-10-19 9:36:40          413812472      114.288285    30.566177     114.28866     30.566888    5.8           204.3         204
2016-10-19 9:37:08          413812472      114.288285    30.566177     114.288285    30.566177    5.8           204.3         204
2016-10-19 9:38:06          413812472      114.286955    30.563702     114.288285    30.566177    5.8           206.1         206
2016-10-19 9:40:51          413812472      114.284945    30.560317     114.286955    30.563702    5.8           207           207
2016-10-19 9:41:50          413812472      114.284022    30.55874      114.284945    30.560317    5.9           206           206
2016-10-19 9:42:55          413812472      114.283275    30.557398     114.284022    30.55874     5.8           205.7         205
2016-10-19 9:43:55          413812472      114.282268    30.555405     114.283275    30.557398    5.7           202.3         202
2016-10-19 9:46:20          413812472      114.282268    30.555405     114.282268    30.555405    5.7           202.3         202
2016-10-19 9:47:28          413812472      114.27984     30.55022      114.282268    30.555405    5.8           204.4         204
2016-10-19 9:47:58          413812472      114.27943     30.549448     114.27984     30.55022     5.7           204.7         204
2016-10-19 9:48:27          413812472      114.279058    30.54877      114.27943     30.549448    5.6           205.4         205
2016-10-19 9:49:04          413812472      114.278663    30.548038     114.279058    30.54877     5.5           205.6         205
2016-10-19 9:53:18          413812472      114.275508    30.542135     114.278663    30.548038    5.4           203.3         203
2016-10-19 9:55:21          413812472      114.275508    30.542135     114.275508    30.542135    5.4           203.3         203
2016-10-19 9:56:44          413812472      114.273035    30.538115     114.275508    30.542135    4.9           212.3         212
2016-10-19 9:58:12          413812472      114.273035    30.538115     114.273035    30.538115    4.9           212.3         212
2016-10-19 9:59:17          413812472      114.270312    30.53498      114.273035    30.538115    5.8           218           218
2016-10-19 10:00:11         413812472      114.269198    30.53371      114.270312    30.53498     5.6           218           218
