2016-10-23 13:09:42         413804562      114.259027    30.518448     114.258442    30.517763    5.9           36.1          36
2016-10-23 13:11:23         413804562      114.259027    30.518448     114.259027    30.518448    5.9           36.1          36
2016-10-23 13:13:51         413804562      114.263478    30.523882     114.259027    30.518448    6             34.9          34
2016-10-23 13:14:56         413804562      114.264615    30.525257     114.263478    30.523882    6             35.5          35
2016-10-23 13:21:58         413804562      114.272772    30.53508      114.271155    30.532852    6.3           30.3          30
2016-10-23 13:23:11         413804562      114.272772    30.53508      114.272772    30.53508     6.3           30.3          30
2016-10-23 13:24:07         413804562      114.27498     30.53805      114.272772    30.53508     6.3           32.6          32
2016-10-23 13:24:53         413804562      114.27604     30.53954      114.27498     30.53805     6.4           31.3          31
2016-10-23 13:29:09         413804562      114.279867    30.54594      114.27604     30.53954     6.5           27.3          27
2016-10-23 13:29:53         413804562      114.280857    30.547543     114.279867    30.54594     6.5           28.2          28
2016-10-23 13:30:16         413804562      114.28135     30.548347     114.280857    30.547543    6.5           27.8          27
2016-10-23 13:30:51         413804562      114.281847    30.549145     114.28135     30.548347    6.5           28.3          28
2016-10-23 13:31:18         413804562      114.28236     30.549965     114.281847    30.549145    6.4           28.5          28
2016-10-23 13:32:02         413804562      114.282848    30.550723     114.28236     30.549965    6.4           29.2          29
2016-10-23 13:33:48         413804562      114.284752    30.553748     114.282848    30.550723    5.9           24.6          24
2016-10-23 13:34:20         413804562      114.285148    30.554488     114.284752    30.553748    5.8           26.6          26
2016-10-23 13:35:02         413804562      114.285148    30.554488     114.285148    30.554488    5.8           26.6          26
2016-10-23 13:35:50         413804562      114.28648     30.556587     114.285148    30.554488    5.6           30.2          30
2016-10-23 13:36:09         413804562      114.286922    30.557268     114.28648     30.556587    5.5           28.9          28
2016-10-23 13:37:45         413804562      114.288345    30.559227     114.286922    30.557268    5.4           32.5          32
2016-10-23 13:38:20         413804562      114.288805    30.55987      114.288345    30.559227    5.4           31.4          31
2016-10-23 13:38:55         413804562      114.289257    30.560517     114.288805    30.55987     5.4           31            31
2016-10-23 13:41:03         413804562      114.291035    30.563123     114.289257    30.560517    5.3           31.3          31
2016-10-23 13:41:59         413804562      114.291952    30.564388     114.291035    30.563123    5.3           31.4          31
2016-10-23 13:42:22         413804562      114.29239     30.565032     114.291952    30.564388    5.3           30.4          30
2016-10-23 13:42:45         413804562      114.292842    30.565677     114.29239     30.565032    5.3           31.8          31
2016-10-23 13:43:40         413804562      114.2933      30.566303     114.292842    30.565677    5.3           32.4          32
2016-10-23 13:44:29         413804562      114.2942      30.56758      114.2933      30.566303    5.3           30.9          30
2016-10-23 13:44:51         413804562      114.294667    30.56821      114.2942      30.56758     5.3           33.9          33
2016-10-23 13:45:19         413804562      114.295158    30.568827     114.294667    30.56821     5.3           35            35
2016-10-23 13:46:00         413804562      114.29565     30.569443     114.295158    30.568827    5.3           34.2          34
2016-10-23 13:46:21         413804562      114.296107    30.570047     114.29565     30.569443    5.3           32.6          32
2016-10-23 13:47:00         413804562      114.296578    30.570698     114.296107    30.570047    5.3           31.8          31
2016-10-23 13:47:27         413804562      114.297007    30.571313     114.296578    30.570698    5.2           30.5          30
2016-10-23 13:47:50         413804562      114.297438    30.571955     114.297007    30.571313    5.3           29.9          29
2016-10-23 13:48:42         413804562      114.297898    30.572668     114.297438    30.571955    5.3           28.5          28
2016-10-23 13:49:31         413804562      114.2987      30.573965     114.297898    30.572668    5.2           28.3          28
2016-10-23 13:49:51         413804562      114.299107    30.57461      114.2987      30.573965    5.2           28.7          28
2016-10-23 13:50:20         413804562      114.299497    30.575237     114.299107    30.57461     5.2           27.9          27
2016-10-23 13:51:02         413804562      114.299905    30.575908     114.299497    30.575237    5.2           27.9          27
2016-10-23 13:51:21         413804562      114.300315    30.576557     114.299905    30.575908    5.2           29.1          29
2016-10-23 13:51:56         413804562      114.300705    30.57716      114.300315    30.576557    5.3           29.2          29
2016-10-23 13:52:20         413804562      114.301152    30.57785      114.300705    30.57716     5.3           28.7          28
2016-10-23 13:53:03         413804562      114.30153     30.57846      114.301152    30.57785     5.3           28.1          28
2016-10-23 13:53:35         413804562      114.301977    30.579182     114.30153     30.57846     5.3           28.1          28
2016-10-23 13:53:56         413804562      114.302378    30.579843     114.301977    30.579182    5.3           27.9          27
2016-10-23 13:54:19         413804562      114.30279     30.580503     114.302378    30.579843    5.3           28.6          28
2016-10-23 13:55:27         413804562      114.303677    30.581827     114.30279     30.580503    5.4           29.8          30
2016-10-23 13:56:31         413804562      114.304512    30.58315      114.303677    30.581827    5.4           27.8          27
2016-10-23 13:57:33         413804562      114.30536     30.5845       114.304512    30.58315     5.4           29.4          29
2016-10-23 13:57:56         413804562      114.305787    30.585132     114.30536     30.5845      5.4           30.8          30
2016-10-23 13:58:20         413804562      114.306257    30.585803     114.305787    30.585132    5.4           30.9          30
2016-10-23 13:59:01         413804562      114.30669     30.586465     114.306257    30.585803    5.4           29            29
2016-10-23 13:59:27         413804562      114.307105    30.587135     114.30669     30.586465    5.4           27.7          27
2016-10-23 13:59:49         413804562      114.307522    30.587803     114.307105    30.587135    5.4           28.9          28
2016-10-23 14:00:47         413804562      114.307967    30.588463     114.307522    30.587803    5.5           30.9          30
2016-10-23 14:01:36         413804562      114.308882    30.589773     114.307967    30.588463    5.5           31.6          31
2016-10-23 14:01:55         413804562      114.309362    30.590418     114.308882    30.589773    5.5           32.6          32
2016-10-23 14:02:32         413804562      114.309833    30.591072     114.309362    30.590418    5.5           32            31
2016-10-23 14:02:54         413804562      114.310307    30.591725     114.309833    30.591072    5.5           32            32
2016-10-23 14:03:36         413804562      114.310773    30.592382     114.310307    30.591725    5.5           31.1          31
2016-10-23 14:04:10         413804562      114.311198    30.593005     114.310773    30.592382    5.5           30.3          30
2016-10-23 14:04:56         413804562      114.312127    30.594388     114.311198    30.593005    5.5           29.5          29
2016-10-23 14:05:16         413804562      114.312127    30.594388     114.312127    30.594388    5.5           29.5          29
2016-10-23 14:05:54         413804562      114.313012    30.595765     114.312127    30.594388    5.5           29.1          28
2016-10-23 14:06:34         413804562      114.313457    30.596408     114.313012    30.595765    5.5           31.7          31
2016-10-23 14:06:56         413804562      114.313937    30.59706      114.313457    30.596408    5.5           32.4          32
2016-10-23 14:07:30         413804562      114.314412    30.597742     114.313937    30.59706     5.5           30.2          30
2016-10-23 14:07:52         413804562      114.314855    30.598408     114.314412    30.597742    5.5           29.9          29
2016-10-23 14:08:28         413804562      114.315302    30.599068     114.314855    30.598408    5.4           30.9          30
2016-10-23 14:08:59         413804562      114.315777    30.599715     114.315302    30.599068    5.4           33.1          33
2016-10-23 14:09:25         413804562      114.316272    30.600347     114.315777    30.599715    5.4           34            34
2016-10-23 14:10:04         413804562      114.316763    30.600973     114.316272    30.600347    5.4           33.7          33
2016-10-23 14:10:38         413804562      114.317247    30.601603     114.316763    30.600973    5.4           34.2          34
2016-10-23 14:11:04         413804562      114.31774     30.602195     114.317247    30.601603    5.4           36.2          36
2016-10-23 14:11:26         413804562      114.318275    30.602822     114.31774     30.602195    5.4           36.3          36
2016-10-23 14:12:19         413804562      114.318795    30.603423     114.318275    30.602822    5.4           37.2          37
2016-10-23 14:13:09         413804562      114.319887    30.604597     114.318795    30.603423    5.4           39.9          40
2016-10-23 14:14:09         413804562      114.321015    30.60574      114.319887    30.604597    5.4           40.3          40
2016-10-23 14:14:54         413804562      114.322145    30.606887     114.321015    30.60574     5.4           40.8          40
2016-10-23 14:15:49         413804562      114.322707    30.607427     114.322145    30.606887    5.3           42.5          42
2016-10-23 14:16:33         413804562      114.323863    30.608532     114.322707    30.607427    5.3           42.1          42
2016-10-23 14:16:56         413804562      114.32446     30.609103     114.323863    30.608532    5.3           41.6          41
2016-10-23 14:17:23         413804562      114.32502     30.609645     114.32446     30.609103    5.4           42.3          42
2016-10-23 14:18:04         413804562      114.325627    30.610223     114.32502     30.609645    5.4           41.9          41
2016-10-23 14:18:24         413804562      114.326215    30.610783     114.325627    30.610223    5.4           42.9          42
2016-10-23 14:18:58         413804562      114.3268      30.611317     114.326215    30.610783    5.4           43.5          43
2016-10-23 14:19:24         413804562      114.327423    30.61189      114.3268      30.611317    5.4           43.1          43
2016-10-23 14:20:05         413804562      114.328028    30.612447     114.327423    30.61189     5.4           43.1          43
2016-10-23 14:20:41         413804562      114.328615    30.612982     114.328028    30.612447    5.4           43.7          43
2016-10-23 14:21:32         413804562      114.329838    30.614033     114.328615    30.612982    5.4           45.6          45
2016-10-23 14:21:53         413804562      114.33049     30.614583     114.329838    30.614033    5.4           45.7          45
2016-10-23 14:22:28         413804562      114.331127    30.615113     114.33049     30.614583    5.4           46.3          46
2016-10-23 14:22:53         413804562      114.331747    30.61562      114.331127    30.615113    5.4           46.8          46
2016-10-23 14:23:12         413804562      114.331747    30.61562      114.331747    30.61562     5.4           46.8          46
2016-10-23 14:24:15         413804562      114.333092    30.61666      114.331747    30.61562     5.5           48.6          48
2016-10-23 14:25:06         413804562      114.3344      30.617707     114.333092    30.61666     5.5           46.7          46
2016-10-23 14:25:30         413804562      114.335062    30.618238     114.3344      30.617707    5.6           47.2          47
2016-10-23 14:25:57         413804562      114.335723    30.618777     114.335062    30.618238    5.6           46.2          46
2016-10-23 14:26:38         413804562      114.33637     30.61932      114.335723    30.618777    5.6           46            46
2016-10-23 14:27:33         413804562      114.337707    30.620372     114.33637     30.61932     5.6           47.7          47
2016-10-23 14:27:55         413804562      114.338373    30.620907     114.337707    30.620372    5.6           46.6          46
2016-10-23 14:28:38         413804562      114.339037    30.621452     114.338373    30.620907    5.7           46.7          46
2016-10-23 14:29:36         413804562      114.340387    30.622535     114.339037    30.621452    5.7           47.2          47
2016-10-23 14:29:53         413804562      114.341068    30.623078     114.340387    30.622535    5.8           47.2          47
2016-10-23 14:30:40         413804562      114.34175     30.623628     114.341068    30.623078    5.8           47            47
2016-10-23 14:31:21         413804562      114.343143    30.624725     114.34175     30.623628    5.9           48.1          48
2016-10-23 14:32:12         413804562      114.343855    30.625267     114.343143    30.624725    5.9           49            48
2016-10-23 14:32:48         413804562      114.345345    30.626385     114.343855    30.625267    5.9           49.3          49
2016-10-23 14:33:45         413804562      114.346055    30.626908     114.345345    30.626385    6             49.6          49
2016-10-23 14:34:27         413804562      114.347562    30.628002     114.346055    30.626908    6             50.2          50
2016-10-23 14:35:28         413804562      114.349035    30.629057     114.347562    30.628002    6             49.7          49
2016-10-23 14:36:32         413804562      114.350533    30.63018      114.349035    30.629057    6             48.6          48
2016-10-23 14:37:13         413804562      114.351248    30.630717     114.350533    30.63018     6.1           49.6          49
2016-10-23 14:37:58         413804562      114.352775    30.631788     114.351248    30.630717    6.1           51.6          51
2016-10-23 14:38:54         413804562      114.353553    30.632317     114.352775    30.631788    6.1           51.8          51
2016-10-23 14:39:38         413804562      114.355102    30.633385     114.353553    30.632317    6.1           51.3          51
2016-10-23 14:39:57         413804562      114.355877    30.633922     114.355102    30.633385    6.1           51.1          51
2016-10-23 14:40:38         413804562      114.356645    30.634468     114.355877    30.633922    6.2           50.3          50
2016-10-23 14:41:03         413804562      114.357417    30.635015     114.356645    30.634468    6.2           51.3          51
2016-10-23 14:41:24         413804562      114.358203    30.635547     114.357417    30.635015    6.2           52.1          52
2016-10-23 14:42:29         413804562      114.359717    30.63659      114.358203    30.635547    6.2           50.1          50
2016-10-23 14:42:48         413804562      114.360533    30.637178     114.359717    30.63659     6.1           50.5          50
2016-10-23 14:44:08         413804562      114.362093    30.638243     114.360533    30.637178    6.1           52            52
2016-10-23 14:45:27         413804562      114.363643    30.639307     114.362093    30.638243    6.1           51.3          51
2016-10-23 14:45:52         413804562      114.36521     30.640353     114.363643    30.639307    6.1           52.9          52
2016-10-23 14:46:32         413804562      114.366003    30.640863     114.36521     30.640353    6.1           53            53
2016-10-23 14:47:16         413804562      114.366767    30.64136      114.366003    30.640863    6.1           53.2          53
2016-10-23 14:47:53         413804562      114.368355    30.642375     114.366767    30.64136     6.1           53.5          53
2016-10-23 14:48:37         413804562      114.369148    30.64289      114.368355    30.642375    6.1           52.5          52
2016-10-23 14:49:01         413804562      114.369962    30.643432     114.369148    30.64289     6.1           52.9          52
2016-10-23 14:50:13         413804562      114.371583    30.644442     114.369962    30.643432    6             55.2          55
2016-10-23 14:50:51         413804562      114.37324     30.645378     114.371583    30.644442    6             58.4          58
2016-10-23 14:52:02         413804562      114.374907    30.64624      114.37324     30.645378    6             59.7          59
2016-10-23 14:52:20         413804562      114.375745    30.646657     114.374907    30.64624     5.9           60.2          60
2016-10-23 14:53:14         413804562      114.376585    30.64707      114.375745    30.646657    6             60.3          60
2016-10-23 14:53:35         413804562      114.377423    30.647483     114.376585    30.64707     5.9           60            60
2016-10-23 14:53:50         413804562      114.378225    30.647888     114.377423    30.647483    5.9           59.7          59
2016-10-23 14:54:41         413804562      114.379082    30.648317     114.378225    30.647888    5.9           60.1          60
2016-10-23 14:56:31         413804562      114.382437    30.64992      114.379082    30.648317    5.9           61.4          61
2016-10-23 14:57:04         413804562      114.383282    30.650322     114.382437    30.64992     5.9           61.3          61
2016-10-23 14:57:37         413804562      114.384132    30.65072      114.383282    30.650322    6             61.6          61
2016-10-23 14:58:21         413804562      114.385873    30.651517     114.384132    30.65072     6             63.1          63
2016-10-23 14:59:08         413804562      114.386742    30.651892     114.385873    30.651517    6             63.4          63
2016-10-23 14:59:29         413804562      114.387607    30.652267     114.386742    30.651892    6             63.3          63
2016-10-23 15:00:11         413804562      114.388475    30.652638     114.387607    30.652267    6             63.8          63
2016-10-23 15:01:05         413804562      114.390203    30.653332     114.388475    30.652638    6             65.7          65
2016-10-23 15:01:27         413804562      114.391083    30.653677     114.390203    30.653332    5.9           65.2          65
2016-10-23 15:02:21         413804562      114.391958    30.654027     114.391083    30.653677    5.9           65.6          65
2016-10-23 15:03:03         413804562      114.393758    30.65469      114.391958    30.654027    5.9           68.2          68
2016-10-23 15:03:27         413804562      114.39465     30.654993     114.393758    30.65469     5.9           68.1          68
2016-10-23 15:04:32         413804562      114.396423    30.655622     114.39465     30.654993    5.9           68            67
2016-10-23 15:05:47         413804562      114.398222    30.656203     114.396423    30.655622    5.9           69.2          69
2016-10-23 15:06:26         413804562      114.400055    30.65679      114.398222    30.656203    5.9           70.4          70
2016-10-23 15:07:26         413804562      114.400955    30.65705      114.400055    30.65679     5.7           71.7          71
2016-10-23 15:08:09         413804562      114.402763    30.657605     114.400955    30.65705     5.9           69.9          69
2016-10-23 15:09:13         413804562      114.404575    30.658185     114.402763    30.657605    5.9           69.5          69
2016-10-23 15:09:55         413804562      114.406373    30.658762     114.404575    30.658185    5.9           68.5          68
2016-10-23 15:10:49         413804562      114.40726     30.659065     114.406373    30.658762    5.9           68.7          68
2016-10-23 15:11:32         413804562      114.409052    30.659607     114.40726     30.659065    5.8           72            72
2016-10-23 15:12:29         413804562      114.410807    30.660115     114.409052    30.659607    5.8           71            71
2016-10-23 15:13:18         413804562      114.411723    30.66039      114.410807    30.660115    5.8           70.7          70
2016-10-23 15:15:48         413804562      114.416103    30.66179      114.411723    30.66039     5.7           68.9          68
2016-10-23 15:16:28         413804562      114.417818    30.662383     114.416103    30.66179     5.7           68            68
2016-10-23 15:17:17         413804562      114.418668    30.662685     114.417818    30.662383    5.7           67.4          67
2016-10-23 15:17:56         413804562      114.420363    30.663282     114.418668    30.662685    5.6           67.7          67
2016-10-23 15:18:53         413804562      114.421205    30.66358      114.420363    30.663282    5.6           68            68
2016-10-23 15:19:41         413804562      114.422892    30.664148     114.421205    30.66358     5.6           68.8          68
2016-10-23 15:20:39         413804562      114.424545    30.664775     114.422892    30.664148    5.5           64.6          64
2016-10-23 15:21:00         413804562      114.42536     30.6651       114.424545    30.664775    5.5           66.1          66
2016-10-23 15:21:42         413804562      114.426162    30.665397     114.42536     30.6651      5.6           66.7          66
2016-10-23 15:22:38         413804562      114.42784     30.66603      114.426162    30.665397    5.5           66.2          66
2016-10-23 15:23:00         413804562      114.428643    30.666332     114.42784     30.66603     5.6           66.4          66
2016-10-23 15:23:50         413804562      114.4295      30.666658     114.428643    30.666332    5.6           66.4          66
2016-10-23 15:24:27         413804562      114.431167    30.667277     114.4295      30.666658    5.6           66.4          66
2016-10-23 15:25:20         413804562      114.431975    30.667577     114.431167    30.667277    5.6           67.1          66
2016-10-23 15:26:02         413804562      114.433665    30.668222     114.431975    30.667577    5.6           66            65
2016-10-23 15:27:15         413804562      114.435303    30.668853     114.433665    30.668222    5.6           65.6          65
2016-10-23 15:27:50         413804562      114.436998    30.669498     114.435303    30.668853    5.6           66            66
2016-10-23 15:28:39         413804562      114.437828    30.669825     114.436998    30.669498    5.6           65.4          65
2016-10-23 15:28:58         413804562      114.438652    30.670158     114.437828    30.669825    5.6           64.6          64
2016-10-23 15:29:43         413804562      114.438652    30.670158     114.438652    30.670158    5.6           64.6          64
2016-10-23 15:30:30         413804562      114.441072    30.671177     114.438652    30.670158    5.6           63.5          63
2016-10-23 15:30:50         413804562      114.441912    30.671538     114.441072    30.671177    5.6           63.4          63
2016-10-23 15:31:25         413804562      114.442732    30.671887     114.441912    30.671538    5.7           63.8          63
2016-10-23 15:32:07         413804562      114.443535    30.672217     114.442732    30.671887    5.7           65.2          65
2016-10-23 15:32:30         413804562      114.444417    30.672543     114.443535    30.672217    5.8           66.8          66
2016-10-23 15:34:02         413804562      114.446948    30.673448     114.444417    30.672543    5.8           65.3          65
2016-10-23 15:35:12         413804562      114.4487      30.674172     114.446948    30.673448    5.8           64.6          64
2016-10-23 15:35:28         413804562      114.4496      30.674542     114.4487      30.674172    5.7           64.7          64
2016-10-23 15:36:24         413804562      114.451292    30.675202     114.4496      30.674542    5.7           65.7          65
2016-10-23 15:37:02         413804562      114.452137    30.675522     114.451292    30.675202    5.7           66.8          66
2016-10-23 15:38:09         413804562      114.453817    30.676153     114.452137    30.675522    5.6           65.6          65
2016-10-23 15:38:31         413804562      114.454645    30.67648      114.453817    30.676153    5.6           65.6          65
2016-10-23 15:39:09         413804562      114.45548     30.676798     114.454645    30.67648     5.6           66.4          66
2016-10-23 15:39:34         413804562      114.45632     30.677102     114.45548     30.676798    5.6           67.7          67
2016-10-23 15:39:55         413804562      114.457168    30.67739      114.45632     30.677102    5.6           69            68
2016-10-23 15:41:40         413804562      114.459772    30.678267     114.457168    30.67739     5.6           68.7          68
2016-10-23 15:42:02         413804562      114.460622    30.678555     114.459772    30.678267    5.6           68.4          68
2016-10-23 15:42:33         413804562      114.461468    30.678845     114.460622    30.678555    5.6           68.1          68
2016-10-23 15:43:12         413804562      114.462317    30.679137     114.461468    30.678845    5.6           68.2          68
2016-10-23 15:43:30         413804562      114.46316     30.679437     114.462317    30.679137    5.6           67.4          67
2016-10-23 15:44:05         413804562      114.464003    30.679732     114.46316     30.679437    5.6           68.3          68
2016-10-23 15:44:27         413804562      114.46485     30.680017     114.464003    30.679732    5.6           68.8          68
2016-10-23 15:45:05         413804562      114.465698    30.680297     114.46485     30.680017    5.6           69            69
2016-10-23 15:45:43         413804562      114.466545    30.68058      114.465698    30.680297    5.6           68.3          68
2016-10-23 15:46:07         413804562      114.467357    30.680868     114.466545    30.68058     5.6           67.4          67
2016-10-23 15:46:29         413804562      114.468225    30.681178     114.467357    30.680868    5.6           67.5          67
2016-10-23 15:47:23         413804562      114.469067    30.68147      114.468225    30.681178    5.6           68.3          68
2016-10-23 15:47:44         413804562      114.469913    30.681755     114.469067    30.68147     5.6           68.9          68
2016-10-23 15:48:57         413804562      114.472472    30.682575     114.469913    30.681755    5.6           69.1          69
2016-10-23 15:49:42         413804562      114.473315    30.68286      114.472472    30.682575    5.6           68.2          68
2016-10-23 15:50:05         413804562      114.474153    30.683153     114.473315    30.68286     5.6           67.6          67
2016-10-23 15:50:57         413804562      114.475818    30.683733     114.474153    30.683153    5.5           69            69
2016-10-23 15:52:03         413804562      114.477517    30.684265     114.475818    30.683733    5.6           70            70
2016-10-23 15:53:05         413804562      114.479227    30.684783     114.477517    30.684265    5.6           71.2          71
2016-10-23 15:53:34         413804562      114.480085    30.685033     114.479227    30.684783    5.6           71.3          71
2016-10-23 15:53:54         413804562      114.480947    30.68528      114.480085    30.685033    5.6           71.6          71
2016-10-23 15:54:30         413804562      114.481842    30.685533     114.480947    30.68528     5.6           71.9          71
2016-10-23 15:55:03         413804562      114.482708    30.685777     114.481842    30.685533    5.6           72            72
2016-10-23 15:55:31         413804562      114.483548    30.686012     114.482708    30.685777    5.6           71.8          71
2016-10-23 15:56:09         413804562      114.484442    30.686268     114.483548    30.686012    5.6           71.4          71
2016-10-23 15:56:41         413804562      114.485275    30.686508     114.484442    30.686268    5.6           71.5          71
2016-10-23 15:57:02         413804562      114.486165    30.686762     114.485275    30.686508    5.6           71.7          71
2016-10-23 15:58:10         413804562      114.487848    30.687243     114.486165    30.686762    5.5           72            72
2016-10-23 15:58:30         413804562      114.4887      30.687477     114.487848    30.687243    5.5           73            73
2016-10-23 15:59:10         413804562      114.489562    30.687677     114.4887      30.687477    5.5           75.9          75
2016-10-23 15:59:41         413804562      114.490428    30.687853     114.489562    30.687677    5.5           76.8          76
2016-10-23 16:00:07         413804562      114.491297    30.688028     114.490428    30.687853    5.5           76.6          76
2016-10-23 16:00:32         413804562      114.492163    30.68821      114.491297    30.688028    5.5           76.3          76
2016-10-23 16:01:22         413804562      114.493005    30.688387     114.492163    30.68821     5.5           76.3          76
2016-10-23 16:02:06         413804562      114.494798    30.688693     114.493005    30.688387    5.5           81.7          81
2016-10-23 16:02:29         413804562      114.495695    30.68878      114.494798    30.688693    5.5           85            84
2016-10-23 16:02:58         413804562      114.496592    30.688827     114.495695    30.68878     5.5           87.1          87
2016-10-23 16:03:39         413804562      114.497492    30.688863     114.496592    30.688827    5.5           87.6          87
2016-10-23 16:03:56         413804562      114.498333    30.688875     114.497492    30.688863    5.5           90            90
2016-10-23 16:04:42         413804562      114.499292    30.688853     114.498333    30.688875    5.5           92.4          92
2016-10-23 16:05:00         413804562      114.5001      30.688815     114.499292    30.688853    5.5           93.4          93
2016-10-23 16:05:50         413804562      114.5001      30.688815     114.5001      30.688815    5.5           93.4          93
2016-10-23 16:06:30         413804562      114.50288     30.688648     114.5001      30.688815    5.5           94.5          94
2016-10-23 16:07:32         413804562      114.503745    30.688577     114.50288     30.688648    5.5           96.3          96
2016-10-23 16:07:56         413804562      114.505545    30.688325     114.503745    30.688577    5.5           100.9         101
2016-10-23 16:08:31         413804562      114.50643     30.688185     114.505545    30.688325    5.6           100.6         100
2016-10-23 16:09:41         413804562      114.508192    30.687843     114.50643     30.688185    5.6           105.2         105
2016-10-23 16:10:01         413804562      114.509062    30.687625     114.508192    30.687843    5.6           106.2         106
2016-10-23 16:10:27         413804562      114.509935    30.687412     114.509062    30.687625    5.6           105.6         105
2016-10-23 16:11:08         413804562      114.51081     30.68719      114.509935    30.687412    5.6           106.7         106
2016-10-23 16:11:26         413804562      114.511657    30.686965     114.51081     30.68719     5.6           107           107
2016-10-23 16:13:22         413804562      114.514327    30.68637      114.511657    30.686965    5.6           104.4         104
2016-10-23 16:14:06         413804562      114.516082    30.685903     114.514327    30.68637     5.7           108.9         108
2016-10-23 16:15:12         413804562      114.517808    30.68535      114.516082    30.685903    5.7           110.4         110
2016-10-23 16:15:32         413804562      114.518673    30.685067     114.517808    30.68535     5.7           111.2         111
2016-10-23 16:17:05         413804562      114.521315    30.684077     114.518673    30.685067    5.7           115.3         115
2016-10-23 16:17:52         413804562      114.521315    30.684077     114.521315    30.684077    5.7           115.3         115
2016-10-23 16:18:32         413804562      114.523825    30.683008     114.521315    30.684077    5.8           116           115
2016-10-23 16:20:09         413804562      114.526275    30.681828     114.523825    30.683008    5.8           122.5         122
2016-10-23 16:21:29         413804562      114.528732    30.680583     114.526275    30.681828    5.9           120.7         120
2016-10-23 16:22:05         413804562      114.529537    30.680142     114.528732    30.680583    5.9           123.4         123
2016-10-23 16:23:06         413804562      114.531097    30.679118     114.529537    30.680142    6             128.5         128
2016-10-23 16:24:04         413804562      114.531097    30.679118     114.531097    30.679118    6             128.5         128
2016-10-23 16:25:42         413804562      114.534743    30.67619      114.531097    30.679118    6.3           133.6         133
2016-10-23 16:29:23         413804562      114.539273    30.671252     114.534743    30.67619     6.3           148.1         148
2016-10-23 16:30:34         413804562      114.540793    30.66892      114.539273    30.671252    6.3           152           152
2016-10-23 16:31:56         413804562      114.541715    30.66739      114.540793    30.66892     6.3           154.5         154
2016-10-23 16:34:07         413804562      114.543552    30.663292     114.541715    30.66739     6.3           159.7         159
2016-10-23 16:34:59         413804562      114.54392     30.662425     114.543552    30.663292    6.4           159.7         159
2016-10-23 16:35:49         413804562      114.544657    30.66074      114.54392     30.662425    6.5           158.6         158
2016-10-23 16:37:48         413804562      114.546405    30.65749      114.544657    30.66074     6.4           152.7         152
2016-10-23 16:38:46         413804562      114.547358    30.655887     114.546405    30.65749     6.4           154.4         154
2016-10-23 16:39:08         413804562      114.54779     30.65507      114.547358    30.655887    6.4           155.9         155
2016-10-23 16:40:25         413804562      114.548683    30.65345      114.54779     30.65507     6.4           152.9         153
2016-10-23 16:41:08         413804562      114.549615    30.65186      114.548683    30.65345     6.3           153.8         153
2016-10-23 16:42:05         413804562      114.550527    30.650263     114.549615    30.65186     6.4           153           153
2016-10-23 16:43:44         413804562      114.551885    30.647892     114.550527    30.650263    6.3           154.4         154
2016-10-23 16:45:26         413804562      114.553155    30.64543      114.551885    30.647892    6.4           156.5         156
2016-10-23 16:47:04         413804562      114.55475     30.642127     114.553155    30.64543     6.4           158.2         158
2016-10-23 16:47:45         413804562      114.555133    30.641293     114.55475     30.642127    6.4           158.7         158
2016-10-23 16:50:37         413804562      114.557403    30.636252     114.555133    30.641293    6.4           156.5         156
2016-10-23 16:53:53         413804562      114.557403    30.636252     114.557403    30.636252    6.4           156.5         156
2016-10-23 16:56:49         413804562      114.561703    30.62637      114.557403    30.636252    6.1           162.5         162
