2016-10-22 0:17:13          413965112      114.491723    30.680662     114.4917      30.680692    0             0             0
2016-10-22 0:20:50          413965112      114.49172     30.680687     114.491723    30.680662    0             0             0
2016-10-22 0:22:56          413965112      114.491723    30.68068      114.49172     30.680687    0             0             0
2016-10-22 0:25:57          413965112      114.491727    30.68067      114.491723    30.68068     0             0             0
2016-10-22 0:26:11          413965112      114.491727    30.680668     114.491727    30.68067     0             0             0
2016-10-22 0:30:21          413965112      114.491738    30.680667     114.491727    30.680668    0             0             0
2016-10-22 0:33:00          413965112      114.491717    30.680657     114.491738    30.680667    0             0             0
2016-10-22 0:33:14          413965112      114.491717    30.680657     114.491717    30.680657    0             0             0
2016-10-22 0:33:53          413965112      114.491715    30.680662     114.491717    30.680657    0             0             0
2016-10-22 0:34:48          413965112      114.491713    30.680658     114.491715    30.680662    0             0             0
2016-10-22 0:36:36          413965112      114.491725    30.680657     114.491713    30.680658    0             0             0
2016-10-22 0:38:39          413965112      114.491708    30.680667     114.491725    30.680657    0             0             0
2016-10-22 0:39:30          413965112      114.491705    30.680678     114.491708    30.680667    0             0             0
2016-10-22 0:40:03          413965112      114.491695    30.680678     114.491705    30.680678    0             0             0
2016-10-22 0:40:50          413965112      114.4917      30.68068      114.491695    30.680678    0             0             0
2016-10-22 0:43:15          413965112      114.491705    30.680677     114.4917      30.68068     0             0             0
2016-10-22 0:46:06          413965112      114.491707    30.680682     114.491705    30.680677    0             0             0
2016-10-22 1:07:22          413965112      114.491703    30.680697     114.491697    30.680702    0             0             0
2016-10-22 1:11:11          413965112      114.49169     30.6807       114.491703    30.680697    0             0             0
2016-10-22 1:12:59          413965112      114.491703    30.680692     114.49169     30.6807      0             0             0
2016-10-22 1:13:31          413965112      114.491705    30.680693     114.491703    30.680692    0             0             0
2016-10-22 1:19:22          413965112      114.491708    30.680675     114.491703    30.68067     0             0             0
2016-10-22 1:19:38          413965112      114.491707    30.68068      114.491708    30.680675    0             0             0
2016-10-22 1:22:06          413965112      114.491712    30.68069      114.491707    30.68068     0             0             0
2016-10-22 1:22:28          413965112      114.49171     30.680688     114.491712    30.68069     0             0             0
2016-10-22 1:25:23          413965112      114.49171     30.680688     114.49171     30.680688    0             0             0
2016-10-22 1:25:50          413965112      114.491708    30.680688     114.49171     30.680688    0             0             0
2016-10-22 1:27:34          413965112      114.491713    30.680685     114.491708    30.680688    0             0             0
2016-10-22 1:35:21          413965112      114.491707    30.680703     114.491702    30.680692    0             0             0
2016-10-22 1:38:36          413965112      114.49171     30.680682     114.491707    30.680703    0             0             0
2016-10-22 1:39:35          413965112      114.491708    30.680693     114.49171     30.680682    0             0             0
2016-10-22 1:46:45          413965112      114.491703    30.680673     114.491712    30.680668    0             0             0
2016-10-22 1:48:46          413965112      114.491698    30.680697     114.491703    30.680673    0             0             0
2016-10-22 1:50:56          413965112      114.491708    30.680677     114.491698    30.680697    0             0             0
2016-10-22 1:53:01          413965112      114.491727    30.680647     114.491708    30.680677    0             0             0
2016-10-22 2:09:19          413965112      114.491717    30.680665     114.491725    30.680672    0             0             0
2016-10-22 2:09:58          413965112      114.491718    30.680662     114.491717    30.680665    0             0             0
2016-10-22 2:11:43          413965112      114.49172     30.680678     114.491718    30.680662    0             0             0
2016-10-22 2:30:26          413965112      114.491687    30.680695     114.491703    30.680685    0             0             0
2016-10-22 2:31:56          413965112      114.49169     30.680708     114.491687    30.680695    0             0             0
2016-10-22 2:35:18          413965112      114.491717    30.680702     114.49169     30.680708    0             0             0
2016-10-22 2:47:41          413965112      114.49169     30.680672     114.491683    30.680682    0             0             0
2016-10-22 2:50:42          413965112      114.491723    30.680647     114.49169     30.680672    0             0             0
2016-10-22 2:52:19          413965112      114.491713    30.680642     114.491723    30.680647    0             0             0
2016-10-22 2:53:59          413965112      114.491722    30.680643     114.491713    30.680642    0             0             0
2016-10-22 2:54:29          413965112      114.491722    30.680643     114.491722    30.680643    0             0             0
2016-10-22 2:55:06          413965112      114.491718    30.680643     114.491722    30.680643    0             0             0
2016-10-22 2:55:23          413965112      114.49172     30.680642     114.491718    30.680643    0             0             0
2016-10-22 2:57:37          413965112      114.491715    30.68064      114.49172     30.680642    0             0             0
2016-10-22 3:00:49          413965112      114.491708    30.68065      114.491715    30.68064     0             0             0
2016-10-22 3:01:37          413965112      114.491712    30.680648     114.491708    30.68065     0             0             0
2016-10-22 3:02:57          413965112      114.491717    30.680662     114.491712    30.680648    0             0             0
2016-10-22 3:03:25          413965112      114.491713    30.680672     114.491717    30.680662    0             0             0
2016-10-22 3:03:40          413965112      114.491713    30.68068      114.491713    30.680672    0             0             0
2016-10-22 3:05:28          413965112      114.491702    30.680698     114.491713    30.68068     0             0             0
2016-10-22 3:06:09          413965112      114.491703    30.680695     114.491702    30.680698    0             0             0
2016-10-22 3:09:26          413965112      114.491737    30.680682     114.491703    30.680695    0             0             0
2016-10-22 3:10:39          413965112      114.491727    30.680688     114.491737    30.680682    0             0             0
2016-10-22 3:10:59          413965112      114.491723    30.680692     114.491727    30.680688    0             0             0
2016-10-22 3:12:42          413965112      114.49172     30.680707     114.491723    30.680692    0             0             0
2016-10-22 3:13:59          413965112      114.491723    30.680707     114.49172     30.680707    0             0             0
2016-10-22 3:14:39          413965112      114.491727    30.680705     114.491723    30.680707    0             0             0
2016-10-22 3:16:11          413965112      114.491728    30.680707     114.491727    30.680705    0             0             0
2016-10-22 3:17:41          413965112      114.49173     30.680707     114.491728    30.680707    0             0             0
2016-10-22 3:18:22          413965112      114.491735    30.680703     114.49173     30.680707    0             0             0
2016-10-22 3:19:14          413965112      114.491727    30.680707     114.491735    30.680703    0             0             0
2016-10-22 3:19:50          413965112      114.491728    30.680705     114.491727    30.680707    0             0             0
2016-10-22 3:21:01          413965112      114.491728    30.680693     114.491728    30.680705    0             0             0
2016-10-22 3:21:17          413965112      114.49173     30.680692     114.491728    30.680693    0             0             0
2016-10-22 3:23:39          413965112      114.491728    30.680683     114.49173     30.680692    0             0             0
2016-10-22 3:24:19          413965112      114.491727    30.680687     114.491728    30.680683    0             0             0
2016-10-22 3:26:54          413965112      114.491723    30.680688     114.491727    30.680687    0             0             0
2016-10-22 3:27:48          413965112      114.491725    30.680685     114.491723    30.680688    0             0             0
2016-10-22 3:28:44          413965112      114.491722    30.680675     114.491725    30.680685    0             0             0
2016-10-22 3:30:02          413965112      114.491718    30.680655     114.491722    30.680675    0             0             0
2016-10-22 3:30:58          413965112      114.491715    30.680652     114.491718    30.680655    0             0             0
2016-10-22 3:40:46          413965112      114.491683    30.680677     114.491698    30.68067     0             0             0
2016-10-22 3:41:21          413965112      114.491687    30.68068      114.491683    30.680677    0             0             0
2016-10-22 3:41:52          413965112      114.491685    30.680675     114.491687    30.68068     0             0             0
2016-10-22 3:45:19          413965112      114.491668    30.680665     114.491685    30.680675    0             0             0
2016-10-22 3:46:43          413965112      114.491693    30.680655     114.491668    30.680665    0             0             0
2016-10-22 3:47:18          413965112      114.491695    30.68066      114.491693    30.680655    0             0             0
2016-10-22 3:50:40          413965112      114.491695    30.68068      114.491695    30.68066     0             0             0
2016-10-22 3:52:11          413965112      114.491693    30.680693     114.491695    30.68068     0             0             0
2016-10-22 3:53:07          413965112      114.49168     30.6807       114.491693    30.680693    0             0             0
2016-10-22 3:55:43          413965112      114.491687    30.680703     114.49168     30.6807      0             0             0
2016-10-22 3:56:15          413965112      114.491683    30.680705     114.491687    30.680703    0             0             0
2016-10-22 3:57:56          413965112      114.491687    30.68071      114.491683    30.680705    0             0             0
2016-10-22 4:03:26          413965112      114.491695    30.680708     114.491692    30.680708    0             0             0
2016-10-22 4:03:51          413965112      114.491697    30.680707     114.491695    30.680708    0             0             0
2016-10-22 4:05:54          413965112      114.491707    30.680697     114.491697    30.680707    0             0             0
2016-10-22 4:06:37          413965112      114.49171     30.680697     114.491707    30.680697    0             0             0
2016-10-22 4:07:11          413965112      114.491707    30.680697     114.49171     30.680697    0             0             0
2016-10-22 4:09:46          413965112      114.491698    30.680692     114.491707    30.680697    0             0             0
2016-10-22 4:11:24          413965112      114.49171     30.680682     114.491698    30.680692    0             0             0
2016-10-22 4:13:00          413965112      114.491712    30.680675     114.49171     30.680682    0             0             0
2016-10-22 4:13:59          413965112      114.49172     30.680672     114.491712    30.680675    0             0             0
2016-10-22 4:14:36          413965112      114.491722    30.680672     114.49172     30.680672    0             0             0
2016-10-22 4:16:26          413965112      114.491727    30.680672     114.491722    30.680672    0             0             0
2016-10-22 4:17:41          413965112      114.491708    30.680683     114.491727    30.680672    0             0             0
2016-10-22 4:17:56          413965112      114.49171     30.680682     114.491708    30.680683    0             0             0
2016-10-22 4:25:29          413965112      114.49172     30.680677     114.491713    30.680678    0             0             0
2016-10-22 4:26:05          413965112      114.491708    30.680692     114.49172     30.680677    0             0             0
2016-10-22 4:27:24          413965112      114.491697    30.680693     114.491708    30.680692    0             0             0
2016-10-22 4:29:55          413965112      114.491713    30.680698     114.491697    30.680693    0             0             0
2016-10-22 4:33:39          413965112      114.491708    30.680672     114.491713    30.680698    0             0             0
2016-10-22 4:34:14          413965112      114.491708    30.680672     114.491708    30.680672    0             0             0
2016-10-22 4:34:54          413965112      114.491712    30.68067      114.491708    30.680672    0             0             0
2016-10-22 4:36:31          413965112      114.491708    30.680677     114.491712    30.68067     0             0             0
2016-10-22 4:37:47          413965112      114.491708    30.680677     114.491708    30.680677    0             0             0
2016-10-22 4:38:52          413965112      114.491712    30.680678     114.491708    30.680677    0             0             0
2016-10-22 4:39:53          413965112      114.491705    30.680685     114.491712    30.680678    0             0             0
2016-10-22 4:42:08          413965112      114.49172     30.680665     114.491705    30.680685    0             0             0
2016-10-22 4:44:09          413965112      114.491675    30.680668     114.49172     30.680665    0             0             0
2016-10-22 4:44:47          413965112      114.491675    30.680665     114.491675    30.680668    0             0             0
2016-10-22 4:45:37          413965112      114.49167     30.680663     114.491675    30.680665    0             0             0
2016-10-22 4:45:55          413965112      114.49167     30.680663     114.49167     30.680663    0             0             0
2016-10-22 4:47:02          413965112      114.491673    30.68067      114.49167     30.680663    0             0             0
2016-10-22 4:49:30          413965112      114.491677    30.680668     114.491673    30.68067     0             0             0
2016-10-22 4:50:09          413965112      114.491665    30.680662     114.491677    30.680668    0             0             0
2016-10-22 4:52:16          413965112      114.49166     30.680672     114.491665    30.680662    0             0             0
2016-10-22 4:53:40          413965112      114.49166     30.68068      114.49166     30.680672    0             0             0
2016-10-22 4:54:36          413965112      114.491663    30.680668     114.49166     30.68068     0             0             0
2016-10-22 4:55:05          413965112      114.491665    30.680665     114.491663    30.680668    0             0             0
2016-10-22 5:00:35          413965112      114.491663    30.680665     114.491665    30.680665    0             0             0
2016-10-22 5:01:13          413965112      114.491677    30.680653     114.491663    30.680665    0             0             0
2016-10-22 5:02:48          413965112      114.491693    30.680665     114.491677    30.680653    0             0             0
2016-10-22 5:05:08          413965112      114.49171     30.680672     114.491693    30.680665    0             0             0
2016-10-22 5:06:00          413965112      114.491715    30.680668     114.49171     30.680672    0             0             0
2016-10-22 5:07:39          413965112      114.491722    30.680665     114.491715    30.680668    0             0             0
2016-10-22 5:08:15          413965112      114.49172     30.68066      114.491722    30.680665    0             0             0
2016-10-22 5:09:03          413965112      114.491725    30.680663     114.49172     30.68066     0             0             0
2016-10-22 5:09:40          413965112      114.491725    30.680663     114.491725    30.680663    0             0             0
2016-10-22 5:10:48          413965112      114.49174     30.68067      114.491725    30.680663    0             0             0
2016-10-22 5:13:00          413965112      114.49174     30.680653     114.49174     30.68067     0             0             0
2016-10-22 5:13:41          413965112      114.49174     30.680657     114.49174     30.680653    0             0             0
2016-10-22 5:14:24          413965112      114.491742    30.680657     114.49174     30.680657    0             0             0
2016-10-22 5:14:55          413965112      114.491737    30.680658     114.491742    30.680657    0             0             0
2016-10-22 5:15:53          413965112      114.491728    30.68067      114.491737    30.680658    0             0             0
2016-10-22 5:16:57          413965112      114.491737    30.680673     114.491728    30.68067     0             0             0
2016-10-22 5:17:32          413965112      114.491747    30.680667     114.491737    30.680673    0             0             0
2016-10-22 5:17:50          413965112      114.491755    30.680657     114.491747    30.680667    0             0             0
2016-10-22 5:21:13          413965112      114.491758    30.680657     114.491755    30.680657    0             0             0
2016-10-22 5:22:12          413965112      114.491768    30.680653     114.491758    30.680657    0             0             0
2016-10-22 5:23:05          413965112      114.491765    30.680653     114.491768    30.680653    0             0             0
2016-10-22 5:23:45          413965112      114.491763    30.680655     114.491765    30.680653    0             0             0
2016-10-22 5:26:05          413965112      114.491762    30.680648     114.491763    30.680655    0             0             0
2016-10-22 5:28:27          413965112      114.491765    30.680657     114.491762    30.680648    0             0             0
2016-10-22 5:29:28          413965112      114.49176     30.68066      114.491765    30.680657    0             0             0
2016-10-22 5:31:39          413965112      114.491773    30.680647     114.49176     30.68066     0             0             0
2016-10-22 5:32:19          413965112      114.491777    30.680645     114.491773    30.680647    0             0             0
2016-10-22 5:33:07          413965112      114.491777    30.68065      114.491777    30.680645    0             0             0
2016-10-22 5:34:49          413965112      114.491775    30.680643     114.491777    30.68065     0             0             0
2016-10-22 5:35:31          413965112      114.491778    30.680638     114.491775    30.680643    0             0             0
2016-10-22 5:36:08          413965112      114.49178     30.680638     114.491778    30.680638    0             0             0
2016-10-22 5:36:49          413965112      114.49178     30.680637     114.49178     30.680638    0             0             0
2016-10-22 5:40:14          413965112      114.491765    30.680662     114.49178     30.680637    0             0             0
2016-10-22 5:40:40          413965112      114.491768    30.680665     114.491765    30.680662    0             0             0
2016-10-22 5:41:19          413965112      114.491772    30.680665     114.491768    30.680665    0             0             0
2016-10-22 5:42:23          413965112      114.491778    30.68065      114.491772    30.680665    0             0             0
2016-10-22 5:42:40          413965112      114.491777    30.68065      114.491778    30.68065     0             0             0
2016-10-22 5:46:16          413965112      114.491758    30.680673     114.491777    30.68065     0             0             0
2016-10-22 5:48:13          413965112      114.491757    30.680672     114.491758    30.680673    0             0             0
2016-10-22 5:49:30          413965112      114.491753    30.680657     114.491757    30.680672    0             0             0
2016-10-22 5:50:42          413965112      114.491772    30.680655     114.491753    30.680657    0             0             0
2016-10-22 5:54:09          413965112      114.491768    30.680637     114.491772    30.680655    0             0             0
2016-10-22 5:55:23          413965112      114.491765    30.680642     114.491768    30.680637    0             0             0
2016-10-22 5:55:42          413965112      114.491772    30.68065      114.491765    30.680642    0             0             0
2016-10-22 5:56:21          413965112      114.49177     30.680653     114.491772    30.68065     0             0             0
2016-10-22 5:57:44          413965112      114.491762    30.680657     114.49177     30.680653    0             0             0
2016-10-22 5:58:53          413965112      114.491767    30.680657     114.491762    30.680657    0             0             0
2016-10-22 6:00:09          413965112      114.491762    30.680648     114.491767    30.680657    0             0             0
2016-10-22 6:01:44          413965112      114.491763    30.680645     114.491762    30.680648    0             0             0
2016-10-22 6:02:13          413965112      114.491762    30.680648     114.491763    30.680645    0             0             0
2016-10-22 6:03:32          413965112      114.491768    30.680652     114.491762    30.680648    0             0             0
2016-10-22 6:04:08          413965112      114.491773    30.68065      114.491768    30.680652    0             0             0
2016-10-22 6:05:29          413965112      114.49177     30.680662     114.491773    30.68065     0             0             0
2016-10-22 6:08:21          413965112      114.491775    30.68069      114.49177     30.680662    0             0             0
2016-10-22 6:08:39          413965112      114.491773    30.680683     114.491775    30.68069     0             0             0
2016-10-22 6:09:28          413965112      114.491773    30.680685     114.491773    30.680683    0             0             0
2016-10-22 6:10:07          413965112      114.49177     30.680678     114.491773    30.680685    0             0             0
2016-10-22 6:11:18          413965112      114.491783    30.680662     114.49177     30.680678    0             0             0
2016-10-22 6:12:26          413965112      114.491778    30.680647     114.491783    30.680662    0             0             0
2016-10-22 6:12:48          413965112      114.491773    30.680663     114.491778    30.680647    0             0             0
2016-10-22 6:13:33          413965112      114.491772    30.680672     114.491773    30.680663    0             0             0
2016-10-22 6:15:15          413965112      114.49177     30.680703     114.491772    30.680672    0             0             0
2016-10-22 6:16:27          413965112      114.491765    30.68071      114.49177     30.680703    0             0             0
2016-10-22 6:18:07          413965112      114.491775    30.680687     114.491765    30.68071     0             0             0
2016-10-22 6:18:50          413965112      114.491773    30.680698     114.491775    30.680687    0             0             0
2016-10-22 6:19:38          413965112      114.491767    30.680703     114.491773    30.680698    0             0             0
2016-10-22 6:21:29          413965112      114.491763    30.680687     114.491767    30.680703    0             0             0
2016-10-22 6:22:16          413965112      114.491768    30.680685     114.491763    30.680687    0             0             0
2016-10-22 6:24:27          413965112      114.491757    30.68068      114.491768    30.680685    0             0             0
2016-10-22 6:25:13          413965112      114.491772    30.680683     114.491757    30.68068     0             0             0
2016-10-22 6:27:02          413965112      114.491747    30.680692     114.491772    30.680683    0             0             0
2016-10-22 6:27:46          413965112      114.491757    30.680692     114.491747    30.680692    0             0             0
2016-10-22 6:30:33          413965112      114.491753    30.680703     114.491757    30.680692    0             0             0
2016-10-22 6:31:16          413965112      114.49176     30.680703     114.491753    30.680703    0             0             0
2016-10-22 6:33:11          413965112      114.49175     30.680697     114.49176     30.680703    0             0             0
2016-10-22 6:36:58          413965112      114.49179     30.680698     114.49175     30.680697    0             0             0
2016-10-22 6:38:45          413965112      114.491797    30.680697     114.49179     30.680698    0             0             0
2016-10-22 6:39:59          413965112      114.491793    30.68069      114.491797    30.680697    0             0             0
2016-10-22 6:40:48          413965112      114.49179     30.680683     114.491793    30.68069     0             0             0
2016-10-22 6:43:05          413965112      114.491793    30.680687     114.49179     30.680683    0             0             0
2016-10-22 6:43:28          413965112      114.4918      30.68069      114.491793    30.680687    0             0             0
2016-10-22 6:46:20          413965112      114.491782    30.6807       114.4918      30.68069     0             0             0
2016-10-22 6:46:44          413965112      114.49178     30.680697     114.491782    30.6807      0             0             0
2016-10-22 6:49:51          413965112      114.491788    30.680692     114.49178     30.680697    0             0             0
2016-10-22 6:53:01          413965112      114.49179     30.6807       114.491788    30.680692    0             0             0
2016-10-22 6:54:13          413965112      114.491788    30.680697     114.49179     30.6807      0             0             0
2016-10-22 6:55:44          413965112      114.491793    30.680695     114.491788    30.680697    0             0             0
2016-10-22 6:56:43          413965112      114.4918      30.680693     114.491793    30.680695    0             0             0
2016-10-22 6:59:00          413965112      114.491788    30.680692     114.4918      30.680693    0             0             0
2016-10-22 7:01:48          413965112      114.491788    30.680688     114.491788    30.680692    0             0             0
2016-10-22 7:05:14          413965112      114.491792    30.68071      114.491788    30.680688    0             0             0
2016-10-22 7:05:55          413965112      114.491782    30.680712     114.491792    30.68071     0             0             0
2016-10-22 7:08:35          413965112      114.491788    30.680718     114.491782    30.680712    0             0             0
2016-10-22 7:09:39          413965112      114.491783    30.680718     114.491788    30.680718    0             0             0
2016-10-22 7:12:04          413965112      114.491793    30.680705     114.491783    30.680718    0             0             0
2016-10-22 7:12:56          413965112      114.491793    30.680707     114.491793    30.680705    0             0             0
2016-10-22 7:14:43          413965112      114.491792    30.680703     114.491793    30.680707    0             0             0
2016-10-22 7:15:37          413965112      114.491798    30.6807       114.491792    30.680703    0             0             0
2016-10-22 7:19:17          413965112      114.491793    30.680707     114.491798    30.6807      0             0             0
2016-10-22 7:19:59          413965112      114.491788    30.680713     114.491793    30.680707    0             0             0
2016-10-22 7:23:31          413965112      114.491795    30.680717     114.491788    30.680713    0             0             0
2016-10-22 7:24:12          413965112      114.491773    30.680702     114.491795    30.680717    0             0             0
2016-10-22 7:27:07          413965112      114.491758    30.680703     114.491773    30.680702    0             0             0
2016-10-22 7:31:42          413965112      114.491745    30.680687     114.491758    30.680703    0             0             0
2016-10-22 7:32:06          413965112      114.491747    30.680683     114.491745    30.680687    0             0             0
2016-10-22 7:33:58          413965112      114.491765    30.680687     114.491747    30.680683    0             0             0
2016-10-22 7:35:16          413965112      114.491753    30.680692     114.491765    30.680687    0             0             0
2016-10-22 7:36:58          413965112      114.491757    30.680688     114.491753    30.680692    0             0             0
2016-10-22 7:37:45          413965112      114.49176     30.680688     114.491757    30.680688    0             0             0
2016-10-22 7:38:45          413965112      114.491763    30.680683     114.49176     30.680688    0             0             0
2016-10-22 7:41:25          413965112      114.491787    30.68064      114.491763    30.680683    0             0             0
2016-10-22 7:44:44          413965112      114.491793    30.680637     114.491787    30.68064     0             0             0
2016-10-22 7:52:43          413965112      114.491798    30.680635     114.491792    30.680632    0             0             0
2016-10-22 7:56:10          413965112      114.491778    30.680665     114.491798    30.680635    0             0             0
2016-10-22 7:57:07          413965112      114.491773    30.680667     114.491778    30.680665    0             0             0
2016-10-22 8:00:20          413965112      114.491747    30.680692     114.491773    30.680667    0             0             0
2016-10-22 8:02:04          413965112      114.49175     30.680705     114.491747    30.680692    0             0             0
2016-10-22 8:03:46          413965112      114.491798    30.680702     114.49175     30.680705    0             0             0
2016-10-22 8:05:59          413965112      114.491812    30.680713     114.491798    30.680702    0             0             0
2016-10-22 8:06:41          413965112      114.491808    30.680718     114.491812    30.680713    0             0             0
2016-10-22 8:08:35          413965112      114.491823    30.680713     114.491808    30.680718    0             0             0
2016-10-22 8:09:11          413965112      114.49183     30.680707     114.491823    30.680713    0             0             0
2016-10-22 8:09:39          413965112      114.491823    30.680708     114.49183     30.680707    0             0             0
2016-10-22 8:12:01          413965112      114.491825    30.680698     114.491823    30.680708    0             0             0
2016-10-22 8:12:38          413965112      114.491825    30.680693     114.491825    30.680698    0             0             0
2016-10-22 8:14:21          413965112      114.49183     30.680702     114.491825    30.680693    0             0             0
2016-10-22 8:15:33          413965112      114.491832    30.680717     114.49183     30.680702    0             0             0
2016-10-22 8:17:57          413965112      114.491828    30.680725     114.491832    30.680717    0             0             0
2016-10-22 8:18:42          413965112      114.491812    30.680742     114.491828    30.680725    0             0             0
2016-10-22 8:20:40          413965112      114.491827    30.680732     114.491812    30.680742    0             0             0
2016-10-22 8:23:16          413965112      114.491815    30.680727     114.491827    30.680732    0             0             0
2016-10-22 8:26:41          413965112      114.491792    30.680733     114.491815    30.680727    0             0             0
2016-10-22 8:27:51          413965112      114.491797    30.68073      114.491792    30.680733    0             0             0
2016-10-22 8:29:40          413965112      114.491805    30.680745     114.491797    30.68073     0             0             0
2016-10-22 8:30:39          413965112      114.491805    30.680747     114.491805    30.680745    0             0             0
2016-10-22 8:31:19          413965112      114.49181     30.680742     114.491805    30.680747    0             0             0
2016-10-22 8:31:54          413965112      114.491808    30.680727     114.49181     30.680742    0             0             0
2016-10-22 8:33:33          413965112      114.491795    30.680663     114.491808    30.680727    0             0             0
2016-10-22 8:34:20          413965112      114.491795    30.680655     114.491795    30.680663    0             0             0
2016-10-22 8:35:22          413965112      114.491792    30.680645     114.491795    30.680655    0             0             0
2016-10-22 8:38:44          413965112      114.491805    30.680677     114.491792    30.680645    0             0             0
2016-10-22 8:39:33          413965112      114.491803    30.680677     114.491805    30.680677    0             0             0
2016-10-22 8:40:55          413965112      114.49181     30.680663     114.491803    30.680677    0             0             0
2016-10-22 8:41:47          413965112      114.491817    30.680657     114.49181     30.680663    0             0             0
2016-10-22 8:42:44          413965112      114.491823    30.680665     114.491817    30.680657    0             0             0
2016-10-22 8:43:24          413965112      114.491818    30.68067      114.491823    30.680665    0             0             0
2016-10-22 8:45:38          413965112      114.491835    30.680658     114.491818    30.68067     0             0             0
2016-10-22 8:46:23          413965112      114.491837    30.680653     114.491835    30.680658    0             0             0
2016-10-22 8:46:46          413965112      114.491842    30.680658     114.491837    30.680653    0             0             0
2016-10-22 8:51:45          413965112      114.491837    30.680662     114.491842    30.680658    0             0             0
2016-10-22 8:53:24          413965112      114.491823    30.68067      114.491837    30.680662    0             0             0
2016-10-22 8:53:57          413965112      114.491822    30.680672     114.491823    30.68067     0             0             0
2016-10-22 8:55:05          413965112      114.491807    30.680668     114.491822    30.680672    0             0             0
2016-10-22 8:57:37          413965112      114.491815    30.68065      114.491807    30.680668    0             0             0
2016-10-22 9:00:31          413965112      114.491812    30.680655     114.491815    30.68065     0             0             0
2016-10-22 9:01:04          413965112      114.491813    30.680655     114.491812    30.680655    0             0             0
2016-10-22 9:03:12          413965112      114.491808    30.680663     114.491813    30.680655    0             0             0
2016-10-22 9:03:59          413965112      114.49181     30.680663     114.491808    30.680663    0             0             0
2016-10-22 9:06:12          413965112      114.491807    30.680663     114.49181     30.680663    0             0             0
2016-10-22 9:06:37          413965112      114.491807    30.680662     114.491807    30.680663    0             0             0
2016-10-22 9:07:25          413965112      114.491802    30.680667     114.491807    30.680662    0             0             0
2016-10-22 9:08:47          413965112      114.491793    30.680678     114.491802    30.680667    0             0             0
2016-10-22 9:09:47          413965112      114.491795    30.680683     114.491793    30.680678    0             0             0
2016-10-22 9:10:56          413965112      114.491808    30.680698     114.491795    30.680683    0             0             0
2016-10-22 9:12:42          413965112      114.491795    30.680693     114.491808    30.680698    0             0             0
2016-10-22 9:15:44          413965112      114.491792    30.680693     114.491795    30.680693    0             0             0
2016-10-22 9:16:27          413965112      114.491795    30.680693     114.491792    30.680693    0             0             0
2016-10-22 9:19:37          413965112      114.491782    30.680662     114.491795    30.680693    0             0             0
2016-10-22 9:22:36          413965112      114.4918      30.68066      114.491782    30.680662    0             0             0
2016-10-22 9:24:26          413965112      114.491782    30.680652     114.4918      30.68066     0             0             0
2016-10-22 9:25:42          413965112      114.491788    30.680662     114.491782    30.680652    0             0             0
2016-10-22 9:27:56          413965112      114.491797    30.680683     114.491788    30.680662    0             0             0
2016-10-22 10:01:52         413965112      114.491445    30.679873     114.491658    30.679918    0.7           271.7         271
2016-10-22 10:05:45         413965112      114.490593    30.679787     114.491445    30.679873    0.8           231.2         231
2016-10-22 15:43:21         413965112      114.489605    30.679655     114.489603    30.67965     0             0             0
2016-10-22 15:44:30         413965112      114.489608    30.679657     114.489605    30.679655    0             0             0
2016-10-22 17:20:54         413965112      114.489643    30.679657     114.489655    30.679648    0             0             0
2016-10-22 22:10:43         413965112      114.489682    30.67964      114.489682    30.679645    0             0             0
2016-10-22 23:24:39         413965112      114.489717    30.67965      114.489708    30.679638    0             0             0
