2016-10-20 10:44:01         413812885      114.557395    30.6308       114.557607    30.630267    4.1           339.5         339
2016-10-20 11:01:11         413812885      114.549705    30.647832     114.552367    30.641927    3.7           335.7         335
2016-10-20 11:24:31         413812885      114.540082    30.668142     114.54155     30.66513     2.9           337.9         337
2016-10-20 11:30:03         413812885      114.537462    30.671915     114.540082    30.668142    2.8           325.1         325
2016-10-20 11:30:55         413812885      114.536883    30.672603     114.537462    30.671915    3             323.7         323
2016-10-20 11:34:31         413812885      114.534668    30.674817     114.536883    30.672603    2.8           314.8         314
2016-10-20 11:38:38         413812885      114.531767    30.677118     114.534668    30.674817    3.2           313.2         313
2016-10-20 11:42:06         413812885      114.529127    30.679015     114.531767    30.677118    3.5           309.7         309
2016-10-20 11:46:47         413812885      114.525313    30.681577     114.529127    30.679015    3.4           301.9         301
2016-10-20 11:47:13         413812885      114.524397    30.682018     114.525313    30.681577    3.4           296.2         296
2016-10-20 11:49:14         413812885      114.522405    30.682802     114.524397    30.682018    3.5           291.1         291
2016-10-20 11:55:26         413812885      114.51601     30.684852     114.517102    30.684515    3.6           289.6         289
2016-10-20 11:55:55         413812885      114.515467    30.685012     114.51601     30.684852    3.6           291           291
2016-10-20 12:01:38         413812885      114.509198    30.686585     114.509808    30.68644     3.9           286.9         286
2016-10-20 12:03:05         413812885      114.507278    30.686953     114.509198    30.686585    4.3           284.5         284
2016-10-20 12:04:33         413812885      114.505293    30.687392     114.507278    30.686953    4.3           282.5         282
2016-10-20 12:05:28         413812885      114.503932    30.687577     114.505293    30.687392    4.1           276.2         276
2016-10-20 12:06:25         413812885      114.502665    30.687638     114.503932    30.687577    3.9           269.3         269
2016-10-20 12:06:52         413812885      114.502037    30.687633     114.502665    30.687638    3.9           269.3         269
2016-10-20 12:07:20         413812885      114.501397    30.687605     114.502037    30.687633    3.9           264.6         264
2016-10-20 12:10:22         413812885      114.498305    30.687333     114.501397    30.687605    3.7           264.9         264
2016-10-20 12:10:53         413812885      114.49727     30.687227     114.498305    30.687333    3.7           265.2         265
2016-10-20 12:11:45         413812885      114.496112    30.687122     114.49727     30.687227    3.6           264           264
2016-10-20 12:13:13         413812885      114.49444     30.686937     114.496112    30.687122    3.4           262.5         262
2016-10-20 12:14:15         413812885      114.49335     30.686793     114.49444     30.686937    3.5           258.8         258
2016-10-20 12:16:17         413812885      114.491775    30.68647      114.49335     30.686793    3.3           254.3         254
2016-10-20 12:16:45         413812885      114.490822    30.686277     114.491775    30.68647     3.2           259           259
2016-10-20 12:17:34         413812885      114.490328    30.686213     114.490822    30.686277    3             260.4         260
2016-10-20 12:18:08         413812885      114.48985     30.686173     114.490328    30.686213    3             264.8         264
2016-10-20 12:19:08         413812885      114.48865     30.685942     114.48985     30.686173    3.1           246.2         246
2016-10-20 12:20:13         413812885      114.487732    30.6856       114.48865     30.685942    3.2           247.5         247
2016-10-20 12:20:39         413812885      114.487267    30.685423     114.487732    30.6856      3.1           246.1         246
2016-10-20 12:23:01         413812885      114.485207    30.684782     114.487267    30.685423    3.2           250.4         250
2016-10-20 12:24:53         413812885      114.483222    30.684232     114.485207    30.684782    3.2           251.7         251
2016-10-20 12:25:53         413812885      114.48273     30.68408      114.483222    30.684232    3.3           248.7         248
2016-10-20 12:26:20         413812885      114.481812    30.683842     114.48273     30.68408     3.1           253.7         253
2016-10-20 12:27:49         413812885      114.480328    30.68336      114.481812    30.683842    3.3           244.7         244
2016-10-20 12:28:21         413812885      114.479852    30.683188     114.480328    30.68336     3.1           249.6         249
2016-10-20 12:28:48         413812885      114.479377    30.683047     114.479852    30.683188    3.3           249.9         249
2016-10-20 12:29:17         413812885      114.478905    30.682887     114.479377    30.683047    3.4           247           247
2016-10-20 12:29:53         413812885      114.478433    30.682702     114.478905    30.682887    3.3           245.5         245
2016-10-20 12:30:24         413812885      114.477928    30.682507     114.478433    30.682702    3.2           248.4         248
2016-10-20 12:32:16         413812885      114.47604     30.681852     114.477928    30.682507    3.3           245.2         245
2016-10-20 12:33:03         413812885      114.475475    30.681608     114.47604     30.681852    3.4           243.1         243
2016-10-20 12:33:46         413812885      114.475008    30.681402     114.475475    30.681608    3.2           243.7         243
2016-10-20 12:34:15         413812885      114.474092    30.681047     114.475008    30.681402    3.2           247.8         247
2016-10-20 12:35:04         413812885      114.47357     30.680858     114.474092    30.681047    3.1           247.2         247
2016-10-20 12:36:38         413812885      114.47214     30.680298     114.47357     30.680858    3.5           243.9         243
2016-10-20 12:38:03         413812885      114.470652    30.679697     114.47214     30.680298    3.3           242.7         242
2016-10-20 12:46:20         413812885      114.462633    30.67598      114.463047    30.676082    3.3           253.9         253
2016-10-20 12:47:18         413812885      114.461577    30.675677     114.462633    30.67598     3.4           251.6         251
2016-10-20 12:50:33         413812885      114.458232    30.674722     114.461577    30.675677    3.7           249.1         249
2016-10-20 12:57:01         413812885      114.451168    30.672257     114.451712    30.67243     3.6           249.6         249
2016-10-20 12:57:25         413812885      114.450622    30.67208      114.451168    30.672257    3.6           249.4         249
2016-10-20 12:58:28         413812885      114.44949     30.671778     114.450622    30.67208     3.6           254           254
2016-10-20 12:59:46         413812885      114.447827    30.671472     114.44949     30.671778    3.5           261.9         261
2016-10-20 13:00:32         413812885      114.447265    30.671387     114.447827    30.671472    3.5           259           259
2016-10-20 13:00:56         413812885      114.44672     30.671285     114.447265    30.671387    3.4           259.7         259
2016-10-20 13:02:18         413812885      114.444988    30.671217     114.44672     30.671285    3.2           275.7         275
2016-10-20 13:03:14         413812885      114.444455    30.671282     114.444988    30.671217    3.2           280.4         280
2016-10-20 13:04:59         413812885      114.442575    30.671918     114.444455    30.671282    3.1           294           294
2016-10-20 13:05:25         413812885      114.442085    30.672092     114.442575    30.671918    3.2           291.3         291
2016-10-20 13:06:40         413812885      114.441157    30.672415     114.442085    30.672092    3.2           290.3         290
2016-10-20 13:07:31         413812885      114.440118    30.672768     114.441157    30.672415    3.2           292.8         292
2016-10-20 13:08:33         413812885      114.439145    30.673048     114.440118    30.672768    3.3           285           285
2016-10-20 13:09:02         413812885      114.438608    30.673157     114.439145    30.673048    3.3           281.4         281
2016-10-20 13:09:28         413812885      114.43806     30.67322      114.438608    30.673157    3.3           277.1         277
2016-10-20 13:09:53         413812885      114.437532    30.673255     114.43806     30.67322     3.3           272.5         272
2016-10-20 13:10:53         413812885      114.436525    30.67315      114.437532    30.673255    3.1           255.9         255
2016-10-20 13:11:17         413812885      114.436022    30.673037     114.436525    30.67315     3.1           254.5         254
2016-10-20 13:14:01         413812885      114.433502    30.672392     114.436022    30.673037    3.5           252.8         252
2016-10-20 13:16:45         413812885      114.430347    30.671352     114.433502    30.672392    3.6           247.1         247
2016-10-20 13:17:39         413812885      114.429807    30.671148     114.430347    30.671352    3.7           247.5         247
2016-10-20 13:18:48         413812885      114.428225    30.670518     114.429807    30.671148    3.8           245.4         245
2016-10-20 13:20:06         413812885      114.427118    30.670082     114.428225    30.670518    3.6           245.2         245
2016-10-20 13:22:35         413812885      114.42446     30.66867      114.427118    30.670082    3.8           237.2         237
2016-10-20 13:23:04         413812885      114.423932    30.668378     114.42446     30.66867     3.9           236.6         236
2016-10-20 13:24:16         413812885      114.422702    30.667708     114.423932    30.668378    3.9           238.2         238
2016-10-20 13:26:20         413812885      114.420315    30.666405     114.422702    30.667708    3.9           238.7         238
2016-10-20 13:27:02         413812885      114.419787    30.666123     114.420315    30.666405    3.9           240.4         240
2016-10-20 13:27:32         413812885      114.41899     30.665737     114.419787    30.666123    3.9           242.1         242
2016-10-20 13:31:20         413812885      114.414978    30.664138     114.41899     30.665737    4             248.6         248
2016-10-20 14:15:14         413812885      114.36901     30.646367     114.369523    30.646652    3.8           237.7         237
2016-10-20 14:15:40         413812885      114.36848     30.646078     114.36901     30.646367    3.7           237.6         237
2016-10-20 14:16:06         413812885      114.36795     30.645793     114.36848     30.646078    3.6           238.4         238
2016-10-20 14:17:50         413812885      114.366505    30.644952     114.36795     30.645793    3.7           235.7         235
2016-10-20 14:19:18         413812885      114.365088    30.644013     114.366505    30.644952    3.4           231           231
2016-10-20 14:20:29         413812885      114.36385     30.643182     114.365088    30.644013    3.6           228.2         228
2016-10-20 14:21:14         413812885      114.363368    30.64277      114.36385     30.643182    3.4           224.9         224
2016-10-20 14:24:34         413812885      114.360452    30.640633     114.363368    30.64277     3.4           231.8         231
2016-10-20 14:25:30         413812885      114.359988    30.640332     114.360452    30.640633    3.3           232           232
2016-10-20 14:26:21         413812885      114.359127    30.639725     114.359988    30.640332    3.4           230           230
2016-10-20 14:26:42         413812885      114.358738    30.63945      114.359127    30.639725    3.5           231.8         231
2016-10-20 14:27:51         413812885      114.357887    30.638788     114.358738    30.63945     3.4           224.9         224
2016-10-20 14:28:41         413812885      114.357097    30.638152     114.357887    30.638788    3.5           227.6         227
2016-10-20 14:29:13         413812885      114.356662    30.63782      114.357097    30.638152    3.4           229.3         229
2016-10-20 14:29:38         413812885      114.356198    30.637502     114.356662    30.63782     3.5           232           232
2016-10-20 14:32:15         413812885      114.353975    30.635943     114.356198    30.637502    3.4           230.2         230
2016-10-20 14:33:02         413812885      114.353145    30.635343     114.353975    30.635943    3.5           230.4         230
2016-10-20 14:34:24         413812885      114.352288    30.63473      114.353145    30.635343    3.5           228           228
2016-10-20 14:34:47         413812885      114.351857    30.634375     114.352288    30.63473     3.4           224.3         224
2016-10-20 14:35:12         413812885      114.351502    30.634048     114.351857    30.634375    3.5           222.1         222
2016-10-20 14:35:46         413812885      114.351127    30.633698     114.351502    30.634048    3.3           222           222
2016-10-20 14:36:11         413812885      114.350763    30.63334      114.351127    30.633698    3.5           220.5         220
2016-10-20 14:36:50         413812885      114.350398    30.632987     114.350763    30.63334     3.3           222.1         222
2016-10-20 14:37:25         413812885      114.350063    30.632653     114.350398    30.632987    3.3           221.7         221
2016-10-20 14:37:54         413812885      114.349663    30.632287     114.350063    30.632653    3.5           223.5         223
2016-10-20 14:38:16         413812885      114.349282    30.631948     114.349663    30.632287    3.4           223.8         223
2016-10-20 14:38:36         413812885      114.348895    30.63161      114.349282    30.631948    3.4           225.7         225
2016-10-20 14:39:26         413812885      114.348537    30.631308     114.348895    30.63161     3.4           225.5         225
2016-10-20 14:39:51         413812885      114.348138    30.630975     114.348537    30.631308    3.3           227.2         227
2016-10-20 14:40:13         413812885      114.347737    30.630637     114.348138    30.630975    3.3           226.3         226
2016-10-20 14:40:48         413812885      114.347372    30.630323     114.347737    30.630637    3.3           225.9         225
2016-10-20 14:41:16         413812885      114.347007    30.630013     114.347372    30.630323    3.4           226.8         226
2016-10-20 14:41:38         413812885      114.346592    30.629693     114.347007    30.630013    3.3           229.7         229
2016-10-20 14:42:28         413812885      114.34615     30.629362     114.346592    30.629693    3.4           229           229
2016-10-20 14:42:51         413812885      114.345757    30.629047     114.34615     30.629362    3.3           227.1         227
2016-10-20 14:43:11         413812885      114.345368    30.628733     114.345757    30.629047    3.5           227.3         227
2016-10-20 14:43:33         413812885      114.344965    30.62843      114.345368    30.628733    3.4           228.7         228
2016-10-20 14:44:07         413812885      114.344503    30.628088     114.344965    30.62843     3.5           228.5         228
2016-10-20 14:44:33         413812885      114.344112    30.627757     114.344503    30.628088    3.5           224           224
2016-10-20 14:45:16         413812885      114.343752    30.627442     114.344112    30.627757    3.4           225           225
2016-10-20 14:45:50         413812885      114.343312    30.627145     114.343752    30.627442    3.5           235.9         235
2016-10-20 14:46:18         413812885      114.342865    30.626888     114.343312    30.627145    3.4           236.4         236
2016-10-20 14:46:43         413812885      114.342392    30.626615     114.342865    30.626888    3.3           231.4         231
2016-10-20 14:47:07         413812885      114.342007    30.626327     114.342392    30.626615    3.4           228.8         228
2016-10-20 14:47:40         413812885      114.341602    30.625992     114.342007    30.626327    3.3           224.3         224
2016-10-20 14:48:06         413812885      114.341228    30.625627     114.341602    30.625992    3.4           220.4         220
2016-10-20 14:48:50         413812885      114.340862    30.625267     114.341228    30.625627    3.5           223           223
2016-10-20 14:49:23         413812885      114.34052     30.624947     114.340862    30.625267    3.5           220.8         220
2016-10-20 14:49:50         413812885      114.340152    30.624582     114.34052     30.624947    3.5           221.8         221
2016-10-20 14:50:15         413812885      114.339753    30.624218     114.340152    30.624582    3.6           223.8         223
2016-10-20 14:50:37         413812885      114.339388    30.623873     114.339753    30.624218    3.5           221.9         221
2016-10-20 14:51:54         413812885      114.338628    30.62313      114.339388    30.623873    3.7           222           222
2016-10-20 14:52:14         413812885      114.338245    30.62276      114.338628    30.62313     3.5           220.7         220
2016-10-20 14:52:44         413812885      114.337865    30.622392     114.338245    30.62276     3.5           222.2         222
2016-10-20 14:53:12         413812885      114.337458    30.622017     114.337865    30.622392    3.5           224.9         224
2016-10-20 14:53:33         413812885      114.33707     30.621665     114.337458    30.622017    3.6           224           224
2016-10-20 14:54:17         413812885      114.336658    30.621292     114.33707     30.621665    3.5           224           224
2016-10-20 14:54:38         413812885      114.336263    30.620932     114.336658    30.621292    3.7           222.7         222
2016-10-20 14:55:23         413812885      114.335892    30.620588     114.336263    30.620932    3.6           221.4         221
2016-10-20 14:55:56         413812885      114.33546     30.62018      114.335892    30.620588    3.6           222           222
2016-10-20 14:56:41         413812885      114.334705    30.619473     114.33546     30.62018     3.5           223.1         223
2016-10-20 14:57:02         413812885      114.33429     30.619083     114.334705    30.619473    3.6           223           223
2016-10-20 14:57:35         413812885      114.333888    30.618693     114.33429     30.619083    3.6           222.2         222
2016-10-20 14:58:49         413812885      114.333047    30.617962     114.333888    30.618693    3.7           224.7         224
2016-10-20 14:59:19         413812885      114.332635    30.617622     114.333047    30.617962    3.6           226.7         226
2016-10-20 14:59:40         413812885      114.332197    30.617285     114.332635    30.617622    3.6           226.7         226
2016-10-20 15:00:23         413812885      114.331787    30.616945     114.332197    30.617285    3.6           227.7         227
2016-10-20 15:01:20         413812885      114.330918    30.616248     114.331787    30.616945    3.6           228           228
2016-10-20 15:01:42         413812885      114.330472    30.61591      114.330918    30.616248    3.7           226.7         226
2016-10-20 15:02:08         413812885      114.330035    30.615538     114.330472    30.61591     3.8           223.7         223
2016-10-20 15:02:41         413812885      114.329598    30.615175     114.330035    30.615538    3.8           228.1         228
2016-10-20 15:03:09         413812885      114.329158    30.614805     114.329598    30.615175    3.9           226.7         226
2016-10-20 15:03:54         413812885      114.328703    30.61442      114.329158    30.614805    3.8           226.5         226
2016-10-20 15:04:25         413812885      114.328252    30.614085     114.328703    30.61442     4             230.4         230
2016-10-20 15:05:12         413812885      114.327335    30.61339      114.328252    30.614085    4             228.1         228
2016-10-20 15:05:33         413812885      114.326863    30.61301      114.327335    30.61339     3.9           227.7         227
2016-10-20 15:07:24         413812885      114.325442    30.61181      114.326863    30.61301     4             224.5         224
2016-10-20 15:07:50         413812885      114.32504     30.611448     114.325442    30.61181     4.2           223.2         223
2016-10-20 15:08:09         413812885      114.324513    30.610958     114.32504     30.611448    4.1           224.8         224
2016-10-20 15:09:03         413812885      114.3241      30.61058      114.324513    30.610958    4.1           222.4         222
2016-10-20 15:09:49         413812885      114.3232      30.609672     114.3241      30.61058     4.2           219.9         219
2016-10-20 15:10:11         413812885      114.32276     30.609222     114.3232      30.609672    4.1           220           220
2016-10-20 15:10:44         413812885      114.322373    30.608807     114.32276     30.609222    4.2           221           221
2016-10-20 15:11:12         413812885      114.32191     30.608335     114.322373    30.608807    4.1           220.7         220
2016-10-20 15:11:33         413812885      114.321475    30.607887     114.32191     30.608335    4.2           219.8         219
2016-10-20 15:12:31         413812885      114.321047    30.60744      114.321475    30.607887    4.2           219.8         219
2016-10-20 15:13:20         413812885      114.320173    30.606532     114.321047    30.60744     4.2           219           219
2016-10-20 15:13:42         413812885      114.319732    30.606085     114.320173    30.606532    4.3           222.4         222
2016-10-20 15:14:12         413812885      114.3193      30.605637     114.319732    30.606085    4.4           218           218
2016-10-20 15:14:36         413812885      114.31887     30.60517      114.3193      30.605637    4.3           220.7         220
2016-10-20 15:15:18         413812885      114.3184      30.60471      114.31887     30.60517     4.3           219.6         219
2016-10-20 15:15:48         413812885      114.317955    30.604242     114.3184      30.60471     4.4           216.7         216
2016-10-20 15:16:15         413812885      114.317543    30.603787     114.317955    30.604242    4.4           218.7         218
2016-10-20 15:16:36         413812885      114.317102    30.6033       114.317543    30.603787    4.3           218.2         218
2016-10-20 15:17:28         413812885      114.316643    30.602853     114.317102    30.6033      4.2           223           223
2016-10-20 15:17:53         413812885      114.316163    30.60243      114.316643    30.602853    4.2           223.7         223
2016-10-20 15:18:14         413812885      114.315725    30.601998     114.316163    30.60243     4.2           220.7         220
2016-10-20 15:18:36         413812885      114.315295    30.601578     114.315725    30.601998    4.1           221.3         221
2016-10-20 15:19:26         413812885      114.31485     30.601105     114.315295    30.601578    4.3           220.3         220
2016-10-20 15:19:48         413812885      114.314452    30.600662     114.31485     30.601105    4.1           218.4         218
2016-10-20 15:21:17         413812885      114.313208    30.59932      114.314452    30.600662    3.9           219.4         219
2016-10-20 15:22:11         413812885      114.312473    30.598423     114.313208    30.59932     3.9           209.8         209
2016-10-20 15:22:35         413812885      114.312167    30.59797      114.312473    30.598423    3.8           209.5         209
2016-10-20 15:23:21         413812885      114.31187     30.597497     114.312167    30.59797     3.7           207.3         207
2016-10-20 15:24:00         413812885      114.311592    30.597025     114.31187     30.597497    3.8           203.7         203
2016-10-20 15:24:46         413812885      114.311173    30.596017     114.311592    30.597025    3.8           202.8         202
2016-10-20 15:26:07         413812885      114.31051     30.594722     114.311173    30.596017    3.8           202.4         202
2016-10-20 15:26:26         413812885      114.310278    30.59423      114.31051     30.594722    3.9           202.2         202
2016-10-20 15:27:09         413812885      114.30997     30.593608     114.310278    30.59423     3.8           202.7         202
2016-10-20 15:27:49         413812885      114.309722    30.593132     114.30997     30.593608    3.7           207.5         207
2016-10-20 15:28:10         413812885      114.309443    30.59267      114.309722    30.593132    3.6           206.7         206
2016-10-20 15:30:17         413812885      114.308217    30.590887     114.309443    30.59267     3.5           213.2         213
2016-10-20 15:30:36         413812885      114.30792     30.590517     114.308217    30.590887    3.8           214.8         214
2016-10-20 15:31:49         413812885      114.307107    30.589667     114.30792     30.590517    3.7           222.6         222
2016-10-20 15:32:50         413812885      114.306308    30.588897     114.307107    30.589667    3.7           219.6         219
2016-10-20 15:33:50         413812885      114.305477    30.588065     114.306308    30.588897    3.9           220           220
2016-10-20 15:34:11         413812885      114.305112    30.587687     114.305477    30.588065    3.8           218.2         218
2016-10-20 15:35:00         413812885      114.304738    30.587272     114.305112    30.587687    3.7           217.3         217
2016-10-20 15:36:07         413812885      114.303605    30.586048     114.304738    30.587272    3.9           221.1         221
2016-10-20 15:36:41         413812885      114.303242    30.585692     114.303605    30.586048    3.8           222.6         222
2016-10-20 15:37:08         413812885      114.302808    30.585273     114.303242    30.585692    3.7           221.8         221
2016-10-20 15:40:59         413812885      114.299823    30.582088     114.302808    30.585273    3.8           203.3         203
2016-10-20 15:41:48         413812885      114.29954     30.581452     114.299823    30.582088    3.7           204           204
2016-10-20 15:43:01         413812885      114.299       30.580538     114.29954     30.581452    3.7           205.9         205
2016-10-20 15:43:48         413812885      114.298535    30.579677     114.299       30.580538    3.9           205.7         205
2016-10-20 15:44:38         413812885      114.297925    30.578712     114.298535    30.579677    3.9           210.4         210
2016-10-20 15:45:25         413812885      114.29757     30.5783       114.297925    30.578712    3.7           217           217
2016-10-20 15:45:47         413812885      114.297197    30.577863     114.29757     30.5783      3.8           216           216
2016-10-20 15:46:18         413812885      114.296837    30.577438     114.297197    30.577863    3.8           218           218
2016-10-20 15:46:45         413812885      114.296463    30.577027     114.296837    30.577438    3.8           218.6         218
2016-10-20 15:47:28         413812885      114.295815    30.576327     114.296463    30.577027    3.9           218.4         218
2016-10-20 15:47:58         413812885      114.295423    30.575905     114.295815    30.576327    3.8           219.2         219
2016-10-20 15:49:06         413812885      114.29446     30.574965     114.295423    30.575905    4             221.7         221
2016-10-20 15:50:09         413812885      114.293647    30.574215     114.29446     30.574965    3.9           224.1         224
2016-10-20 15:51:23         413812885      114.292882    30.573412     114.293647    30.574215    3.7           216.9         216
2016-10-20 15:51:48         413812885      114.292522    30.572972     114.292882    30.573412    3.7           216.5         216
2016-10-20 15:52:11         413812885      114.292163    30.57255      114.292522    30.572972    3.8           218           218
2016-10-20 15:53:09         413812885      114.291548    30.571842     114.292163    30.57255     3.8           216.6         216
2016-10-20 15:53:36         413812885      114.29115     30.571407     114.291548    30.571842    3.9           217.1         217
2016-10-20 15:53:57         413812885      114.290805    30.570987     114.29115     30.571407    3.7           208.4         208
2016-10-20 15:54:51         413812885      114.29054     30.570358     114.290805    30.570987    3.8           196.1         196
2016-10-20 15:55:16         413812885      114.290357    30.569883     114.29054     30.570358    3.5           200.6         200
2016-10-20 15:55:40         413812885      114.29014     30.569445     114.290357    30.569883    3.8           205.7         205
2016-10-20 15:56:33         413812885      114.289895    30.569012     114.29014     30.569445    3.7           206           206
2016-10-20 15:57:12         413812885      114.28932     30.568075     114.289895    30.569012    3.7           212.1         212
2016-10-20 15:58:08         413812885      114.288985    30.567628     114.28932     30.568075    3.7           213.9         213
2016-10-20 15:58:37         413812885      114.288343    30.56674      114.288985    30.567628    3.8           211.4         211
2016-10-20 15:59:26         413812885      114.288015    30.566272     114.288343    30.56674     3.9           211.1         211
2016-10-20 15:59:59         413812885      114.287703    30.565835     114.288015    30.566272    4             212.3         212
2016-10-20 16:00:49         413812885      114.287043    30.564925     114.287703    30.565835    3.8           212.9         212
2016-10-20 16:01:44         413812885      114.28645     30.563993     114.287043    30.564925    3.8           208           208
2016-10-20 16:02:53         413812885      114.285938    30.563083     114.28645     30.563993    3.5           188           188
2016-10-20 16:03:24         413812885      114.285967    30.562592     114.285938    30.563083    3.6           171.4         171
2016-10-20 16:03:49         413812885      114.286025    30.562112     114.285967    30.562592    3.4           177.2         177
2016-10-20 16:04:11         413812885      114.285997    30.56163      114.286025    30.562112    3.5           188.6         188
2016-10-20 16:05:29         413812885      114.285672    30.560695     114.285997    30.56163     3.6           200.6         200
2016-10-20 16:07:21         413812885      114.284535    30.558752     114.285672    30.560695    4.2           210.8         210
2016-10-20 16:07:46         413812885      114.284178    30.558218     114.284535    30.558752    4.3           211.7         211
2016-10-20 16:08:11         413812885      114.283815    30.557668     114.284178    30.558218    4.3           209.8         209
2016-10-20 16:09:36         413812885      114.282878    30.556        114.283815    30.557668    4.6           203.9         203
2016-10-20 16:10:30         413812885      114.28257     30.555385     114.282878    30.556       4.6           202.9         202
2016-10-20 16:11:41         413812885      114.281667    30.553615     114.28257     30.555385    4.8           207.6         207
2016-10-20 16:12:09         413812885      114.28133     30.553025     114.281667    30.553615    4.9           206.5         206
2016-10-20 16:13:09         413812885      114.280758    30.551807     114.28133     30.553025    4.6           202           202
2016-10-20 16:14:45         413812885      114.279962    30.550107     114.280758    30.551807    4.2           204.7         204
2016-10-20 16:15:42         413812885      114.27942     30.548972     114.279962    30.550107    4.2           200           200
2016-10-20 16:16:51         413812885      114.278918    30.547888     114.27942     30.548972    4.2           201           201
2016-10-20 16:30:00         413812885      114.271883    30.534945     114.272362    30.53557     3.7           213.3         213
2016-10-20 17:02:59         413812885      114.251675    30.512317     114.252217    30.513058    3.1           212           212
2016-10-20 17:15:15         413812885      114.244878    30.502233     114.246578    30.504668    3.3           208           208
2016-10-20 17:25:24         413812885      114.239332    30.494748     114.240788    30.496973    2.9           200.3         200
2016-10-20 17:27:29         413812885      114.23876     30.49326      114.239332    30.494748    3             203.1         203
2016-10-20 17:37:16         413812885      114.233647    30.48703      114.234268    30.487575    2.8           222.7         222
