2016-10-18 9:47:32 413774472 114.685867 30.585013 114.686053 30.58505 4.3 257.3
2016-10-18 10:22:11 413774472 114.63736 30.566467 114.63784 30.566937 6.5 221.7
2016-10-18 10:22:40 413774472 114.636387 30.565557 114.63736 30.566467 6.5 225.6
2016-10-18 10:23:36 413774472 114.63496 30.564247 114.636387 30.565557 6.4 218.9
2016-10-18 10:28:34 413774472 114.63088 30.55814 114.63496 30.564247 4.2 227.2
2016-10-18 10:29:02 413774472 114.630147 30.557757 114.63088 30.55814 3.8 243.3
2016-10-18 10:32:26 413774472 114.626427 30.556523 114.630147 30.557757 3.5 276.2
2016-10-18 10:32:51 413774472 114.626013 30.556557 114.626427 30.556523 3.6 274.6
2016-10-18 10:35:05 413774472 114.62348 30.55655 114.626013 30.556557 3.7 260.7
2016-10-18 10:35:31 413774472 114.622893 30.55642 114.62348 30.55655 3.7 258.6
2016-10-18 10:39:03 413774472 114.618787 30.556483 114.622893 30.55642 3.6 274.3
2016-10-18 10:39:29 413774472 114.618333 30.556527 114.618787 30.556483 3.6 278.0
2016-10-18 10:40:26 413774472 114.617013 30.55662 114.618333 30.556527 3.7 271.9
2016-10-18 10:45:46 413774472 114.610813 30.557817 114.617013 30.55662 4.4 284.8
2016-10-18 10:50:07 413774472 114.604427 30.559533 114.610813 30.557817 4.1 293.0
2016-10-18 10:50:30 413774472 114.604053 30.559667 114.604427 30.559533 4.0 292.7
2016-10-18 11:18:33 413774472 114.57596 30.581733 114.578853 30.576587 4.9 339.7
2016-10-18 11:20:05 413774472 114.575093 30.58367 114.57596 30.581733 4.9 336.6
2016-10-18 11:32:53 413774472 114.566973 30.601093 114.567587 30.599717 5.4 338.8
2016-10-18 11:34:16 413774472 114.566253 30.60284 114.566973 30.601093 5.4 343.7
2016-10-18 11:37:19 413774472 114.565053 30.607577 114.566253 30.60284 5.5 348.1
2016-10-18 11:37:57 413774472 114.564947 30.608127 114.565053 30.607577 5.5 348.8
2016-10-18 11:38:55 413774472 114.56448 30.60988 114.564947 30.608127 5.4 347.4
2016-10-18 11:39:26 413774472 114.56424 30.610813 114.56448 30.60988 5.5 347.2
2016-10-18 11:40:32 413774472 114.563813 30.61234 114.56424 30.610813 5.4 345.1
2016-10-18 11:42:31 413774472 114.563 30.61507 114.563813 30.61234 5.4 347.4
2016-10-18 11:42:59 413774472 114.562733 30.61607 114.563 30.61507 5.4 346.2
2016-10-18 11:45:18 413774472 114.561653 30.619507 114.562733 30.61607 5.3 344.3
2016-10-18 11:45:52 413774472 114.561493 30.619983 114.561653 30.619507 5.3 344.3
2016-10-18 11:48:02 413774472 114.56056 30.62286 114.561493 30.619983 5.2 344.1
2016-10-18 11:49:51 413774472 114.55956 30.625987 114.56056 30.62286 5.3 343.8
2016-10-18 11:50:19 413774472 114.559387 30.626453 114.55956 30.625987 5.2 341.4
2016-10-18 11:53:52 413774472 114.557387 30.631437 114.559387 30.626453 5.0 339.2
2016-10-18 11:54:53 413774472 114.556973 30.63241 114.557387 30.631437 5.0 338.4
2016-10-18 11:55:20 413774472 114.556507 30.633433 114.556973 30.63241 4.9 338.3
2016-10-18 11:56:22 413774472 114.555933 30.63472 114.556507 30.633433 4.8 341.6
2016-10-18 11:57:15 413774472 114.555667 30.63542 114.555933 30.63472 4.8 341.0
2016-10-18 11:57:47 413774472 114.555387 30.636117 114.555667 30.63542 4.9 341.9
2016-10-18 11:58:19 413774472 114.554947 30.637223 114.555387 30.636117 5.1 340.5
2016-10-18 11:58:46 413774472 114.554693 30.63791 114.554947 30.637223 5.0 341.9
2016-10-18 11:59:11 413774472 114.554547 30.638313 114.554693 30.63791 5.0 342.3
2016-10-18 11:59:49 413774472 114.554173 30.639247 114.554547 30.638313 4.9 342.2
2016-10-18 12:00:49 413774472 114.553667 30.64049 114.554173 30.639247 4.8 336.1
2016-10-18 12:01:17 413774472 114.553427 30.64093 114.553667 30.64049 4.7 335.7
2016-10-18 12:02:26 413774472 114.552733 30.642327 114.553427 30.64093 4.7 336.4
2016-10-18 12:03:24 413774472 114.55224 30.643383 114.552733 30.642327 4.6 337.0
2016-10-18 12:04:30 413774472 114.55144 30.644947 114.55224 30.643383 4.6 337.2
2016-10-18 12:05:29 413774472 114.55096 30.645947 114.55144 30.644947 4.6 337.8
2016-10-18 12:07:10 413774472 114.550173 30.647517 114.55096 30.645947 4.6 335.6
2016-10-18 12:08:11 413774472 114.549213 30.64927 114.550173 30.647517 4.6 335.9
2016-10-18 12:08:38 413774472 114.549027 30.64967 114.549213 30.64927 4.6 336.0
2016-10-18 12:09:08 413774472 114.54872 30.650323 114.549027 30.64967 4.6 338.3
2016-10-18 12:09:32 413774472 114.54844 30.65088 114.54872 30.650323 4.6 336.0
2016-10-18 12:10:08 413774472 114.54824 30.651277 114.54844 30.65088 4.5 337.2
2016-10-18 12:10:39 413774472 114.54788 30.652067 114.54824 30.651277 4.5 339.6
2016-10-18 12:11:38 413774472 114.54736 30.653237 114.54788 30.652067 4.4 340.8
2016-10-18 12:12:47 413774472 114.546987 30.6542 114.54736 30.653237 4.3 342.1
2016-10-18 12:13:48 413774472 114.546333 30.655663 114.546987 30.6542 4.0 337.4
2016-10-18 12:14:54 413774472 114.54576 30.656853 114.546333 30.655663 3.9 335.4
2016-10-18 12:15:50 413774472 114.545373 30.657563 114.54576 30.656853 3.8 334.0
2016-10-18 12:16:57 413774472 114.54472 30.658697 114.545373 30.657563 3.7 334.3
2016-10-18 12:17:26 413774472 114.544467 30.659153 114.54472 30.658697 3.6 331.4
2016-10-18 12:18:28 413774472 114.543867 30.660053 114.544467 30.659153 3.7 330.4
2016-10-18 12:18:59 413774472 114.543573 30.660527 114.543867 30.660053 3.9 333.8
2016-10-18 12:21:00 413774472 114.542333 30.662537 114.543573 30.660527 4.2 332.3
2016-10-18 12:21:56 413774472 114.541813 30.663507 114.542333 30.662537 4.1 338.5
2016-10-18 12:22:34 413774472 114.541507 30.664207 114.541813 30.663507 4.1 340.3
2016-10-18 12:23:06 413774472 114.541293 30.664773 114.541507 30.664207 4.1 340.7
2016-10-18 12:23:36 413774472 114.541093 30.665353 114.541293 30.664773 4.1 342.0
2016-10-18 12:24:43 413774472 114.5406 30.666603 114.541093 30.665353 3.8 338.3
2016-10-18 12:25:40 413774472 114.540133 30.667547 114.5406 30.666603 3.7 334.9
2016-10-18 12:26:06 413774472 114.539867 30.66801 114.540133 30.667547 3.7 334.4
2016-10-18 12:26:37 413774472 114.539667 30.668333 114.539867 30.66801 3.7 331.2
2016-10-18 12:27:32 413774472 114.538973 30.669393 114.539667 30.668333 3.8 326.6
2016-10-18 12:28:00 413774472 114.538747 30.66971 114.538973 30.669393 3.8 328.8
2016-10-18 12:28:38 413774472 114.538333 30.670323 114.538747 30.66971 3.8 329.7
2016-10-18 12:29:42 413774472 114.537707 30.671257 114.538333 30.670323 3.8 327.9
2016-10-18 12:30:12 413774472 114.537213 30.671887 114.537707 30.671257 3.9 324.0
2016-10-18 12:31:12 413774472 114.53656 30.67263 114.537213 30.671887 3.9 323.5
2016-10-18 12:31:40 413774472 114.5362 30.673067 114.53656 30.67263 3.8 322.3
2016-10-18 12:32:06 413774472 114.535787 30.673527 114.5362 30.673067 3.8 319.5
2016-10-18 12:32:43 413774472 114.535373 30.67394 114.535787 30.673527 3.9 318.1
2016-10-18 12:33:16 413774472 114.534827 30.67447 114.535373 30.67394 3.9 317.5
2016-10-18 12:33:45 413774472 114.534427 30.67484 114.534827 30.67447 3.8 316.3
2016-10-18 12:34:50 413774472 114.53352 30.675633 114.534427 30.67484 3.9 309.7
2016-10-18 12:35:51 413774472 114.532653 30.676227 114.53352 30.675633 3.9 308.0
2016-10-18 12:36:22 413774472 114.53216 30.676577 114.532653 30.676227 3.9 309.6
2016-10-18 12:36:58 413774472 114.53128 30.6772 114.53216 30.676577 4.1 310.2
2016-10-18 12:38:57 413774472 114.529533 30.678587 114.53128 30.6772 4.1 308.8
2016-10-18 12:39:28 413774472 114.52884 30.67907 114.529533 30.678587 4.1 309.8
2016-10-18 12:40:21 413774472 114.528067 30.679603 114.52884 30.67907 4.1 305.8
2016-10-18 12:41:04 413774472 114.5272 30.68017 114.528067 30.679603 4.0 308.6
2016-10-18 12:41:38 413774472 114.526453 30.680687 114.5272 30.68017 4.1 308.4
2016-10-18 12:42:11 413774472 114.525933 30.68104 114.526453 30.680687 4.1 307.3
2016-10-18 12:42:43 413774472 114.525413 30.681393 114.525933 30.68104 4.1 307.7
2016-10-18 12:43:24 413774472 114.524893 30.68173 114.525413 30.681393 4.1 305.2
2016-10-18 12:43:58 413774472 114.52412 30.682187 114.524893 30.68173 4.1 302.0
2016-10-18 12:44:26 413774472 114.523573 30.68244 114.52412 30.682187 4.1 295.6
2016-10-18 12:44:52 413774472 114.522893 30.682687 114.523573 30.68244 4.1 292.5
2016-10-18 12:45:59 413774472 114.521867 30.683063 114.522893 30.682687 4.1 291.3
2016-10-18 12:46:56 413774472 114.520627 30.683463 114.521867 30.683063 4.2 289.5
2016-10-18 12:48:14 413774472 114.51864 30.68402 114.520627 30.683463 4.2 287.9
2016-10-18 12:49:08 413774472 114.517493 30.684347 114.51864 30.68402 4.2 288.1
2016-10-18 12:49:43 413774472 114.51688 30.684517 114.517493 30.684347 4.2 288.1
2016-10-18 12:50:13 413774472 114.516013 30.68476 114.51688 30.684517 4.3 286.2
2016-10-18 12:50:41 413774472 114.515333 30.684923 114.516013 30.68476 4.3 284.5
2016-10-18 12:51:54 413774472 114.514373 30.685133 114.515333 30.684923 4.3 284.4
2016-10-18 12:52:52 413774472 114.51264 30.68556 114.514373 30.685133 4.3 285.3
2016-10-18 12:53:20 413774472 114.51196 30.685727 114.51264 30.68556 4.3 286.6
2016-10-18 12:53:55 413774472 114.51128 30.6859 114.51196 30.685727 4.3 285.9
2016-10-18 12:54:24 413774472 114.510547 30.686077 114.51128 30.6859 4.4 282.5
2016-10-18 12:54:51 413774472 114.509853 30.686197 114.510547 30.686077 4.3 281.5
2016-10-18 12:55:16 413774472 114.509373 30.686277 114.509853 30.686197 4.3 281.6
2016-10-18 12:56:22 413774472 114.507693 30.686587 114.509373 30.686277 4.3 278.9
2016-10-18 12:56:47 413774472 114.507 30.686667 114.507693 30.686587 4.4 278.1
2016-10-18 12:57:16 413774472 114.506547 30.686733 114.507 30.686667 4.4 278.5
2016-10-18 12:58:47 413774472 114.50448 30.687 114.506547 30.686733 4.5 277.2
2016-10-18 12:59:12 413774472 114.503693 30.687097 114.50448 30.687 4.5 277.9
2016-10-18 12:59:49 413774472 114.502973 30.687177 114.503693 30.687097 4.5 277.6
2016-10-18 13:00:21 413774472 114.501933 30.6873 114.502973 30.687177 4.5 276.8
2016-10-18 13:00:51 413774472 114.50128 30.68736 114.501933 30.6873 4.5 275.8
2016-10-18 13:01:19 413774472 114.50056 30.68742 114.50128 30.68736 4.5 278.4
2016-10-18 13:01:54 413774472 114.500013 30.68748 114.50056 30.68742 4.4 276.5
2016-10-18 13:02:46 413774472 114.498333 30.687617 114.500013 30.68748 4.5 273.3
2016-10-18 13:03:15 413774472 114.497587 30.687663 114.498333 30.687617 4.5 272.8
2016-10-18 13:03:48 413774472 114.497107 30.687687 114.497587 30.687663 4.5 274.5
2016-10-18 13:04:18 413774472 114.496307 30.687723 114.497107 30.687687 4.4 271.2
2016-10-18 13:04:45 413774472 114.495667 30.68772 114.496307 30.687723 4.1 266.8
2016-10-18 13:05:12 413774472 114.494947 30.687667 114.495667 30.68772 3.9 264.2
2016-10-18 13:05:47 413774472 114.494373 30.687613 114.494947 30.687667 3.6 263.1
2016-10-18 13:06:25 413774472 114.493787 30.68756 114.494373 30.687613 3.2 263.0
2016-10-18 13:06:57 413774472 114.49328 30.68752 114.493787 30.68756 2.9 266.6
2016-10-18 13:07:27 413774472 114.49284 30.687493 114.49328 30.68752 2.6 266.5
2016-10-18 13:08:04 413774472 114.492147 30.687447 114.49284 30.687493 2.5 268.0
2016-10-18 13:08:34 413774472 114.491867 30.687437 114.492147 30.687447 2.4 266.8
2016-10-18 13:09:03 413774472 114.49136 30.687403 114.491867 30.687437 2.4 265.9
2016-10-18 13:09:33 413774472 114.49096 30.68737 114.49136 30.687403 2.5 264.7
2016-10-18 13:10:08 413774472 114.490533 30.687313 114.49096 30.68737 2.6 258.1
2016-10-18 13:10:41 413774472 114.48996 30.687207 114.490533 30.687313 2.8 259.0
2016-10-18 13:11:11 413774472 114.48964 30.687137 114.48996 30.687207 2.9 255.6
2016-10-18 13:12:20 413774472 114.488733 30.686857 114.48964 30.687137 3.1 247.7
2016-10-18 13:12:53 413774472 114.488107 30.686627 114.488733 30.686857 3.2 248.7
2016-10-18 13:13:48 413774472 114.48708 30.686307 114.488107 30.686627 3.4 248.2
2016-10-18 13:14:22 413774472 114.48652 30.686087 114.48708 30.686307 3.4 245.2
2016-10-18 13:14:50 413774472 114.486053 30.685913 114.48652 30.686087 3.4 247.9
2016-10-18 13:15:19 413774472 114.48568 30.68578 114.486053 30.685913 3.5 248.1
2016-10-18 13:15:47 413774472 114.48492 30.68549 114.48568 30.68578 3.6 244.0
2016-10-18 13:17:03 413774472 114.483733 30.685027 114.48492 30.68549 3.7 250.5
2016-10-18 13:17:33 413774472 114.483107 30.684853 114.483733 30.685027 3.8 252.0
2016-10-18 13:18:39 413774472 114.481747 30.684493 114.483107 30.684853 3.8 256.7
2016-10-18 13:19:10 413774472 114.481147 30.684387 114.481747 30.684493 3.8 256.3
2016-10-18 13:19:36 413774472 114.480533 30.684223 114.481147 30.684387 3.9 251.2
2016-10-18 13:20:08 413774472 114.47988 30.684007 114.480533 30.684223 3.9 248.9
2016-10-18 13:20:43 413774472 114.47928 30.6838 114.47988 30.684007 3.9 247.0
2016-10-18 13:21:14 413774472 114.47892 30.683667 114.47928 30.6838 3.9 247.2
2016-10-18 13:21:41 413774472 114.47808 30.683357 114.47892 30.683667 3.9 245.8
2016-10-18 13:22:08 413774472 114.477547 30.683123 114.47808 30.683357 4.0 242.5
2016-10-18 13:22:43 413774472 114.476947 30.682833 114.477547 30.683123 4.0 242.6
2016-10-18 13:23:13 413774472 114.476347 30.682577 114.476947 30.682833 4.1 244.1
2016-10-18 13:23:38 413774472 114.47596 30.68242 114.476347 30.682577 4.1 246.6
2016-10-18 13:24:04 413774472 114.475373 30.682197 114.47596 30.68242 4.0 246.4
2016-10-18 13:24:45 413774472 114.47456 30.681897 114.475373 30.682197 4.0 248.2
2016-10-18 13:25:40 413774472 114.473707 30.681637 114.47456 30.681897 4.0 250.5
2016-10-18 13:26:10 413774472 114.472933 30.68138 114.473707 30.681637 4.0 249.3
2016-10-18 13:26:44 413774472 114.47224 30.681143 114.472933 30.68138 4.1 245.6
2016-10-18 13:27:13 413774472 114.471453 30.68087 114.47224 30.681143 4.1 246.2
2016-10-18 13:27:38 413774472 114.47104 30.68071 114.471453 30.68087 4.1 246.3
2016-10-18 13:28:03 413774472 114.470413 30.680477 114.47104 30.68071 4.1 247.4
2016-10-18 13:28:42 413774472 114.46976 30.68022 114.470413 30.680477 4.1 246.9
2016-10-18 13:29:13 413774472 114.46896 30.679937 114.46976 30.68022 4.1 248.7
2016-10-18 13:29:41 413774472 114.468333 30.679707 114.46896 30.679937 4.1 247.0
2016-10-18 13:30:45 413774472 114.467293 30.679323 114.468333 30.679707 4.0 242.1
2016-10-18 13:31:17 413774472 114.466707 30.679053 114.467293 30.679323 4.0 243.2
2016-10-18 13:31:43 413774472 114.465907 30.67872 114.466707 30.679053 4.0 244.2
2016-10-18 13:32:12 413774472 114.465493 30.678553 114.465907 30.67872 4.0 243.0
2016-10-18 13:32:48 413774472 114.464933 30.678307 114.465493 30.678553 4.0 241.9
2016-10-18 13:33:17 413774472 114.46412 30.67794 114.464933 30.678307 4.0 240.5
2016-10-18 13:33:44 413774472 114.463587 30.677667 114.46412 30.67794 4.1 239.7
2016-10-18 13:34:08 413774472 114.463187 30.677473 114.463587 30.677667 4.2 240.5
2016-10-18 13:34:38 413774472 114.462533 30.67717 114.463187 30.677473 4.4 241.1
2016-10-18 13:35:11 413774472 114.461893 30.676857 114.462533 30.67717 4.6 240.8
2016-10-18 13:35:39 413774472 114.461213 30.676513 114.461893 30.676857 4.7 240.4
2016-10-18 13:36:08 413774472 114.460733 30.676287 114.461213 30.676513 4.9 241.2
2016-10-18 13:36:43 413774472 114.459787 30.67585 114.460733 30.676287 5.1 241.3
2016-10-18 13:37:13 413774472 114.459013 30.675523 114.459787 30.67585 5.2 246.0
2016-10-18 13:38:06 413774472 114.457547 30.674963 114.459013 30.675523 5.1 246.5
2016-10-18 13:38:37 413774472 114.456747 30.674673 114.457547 30.674963 4.9 247.2
2016-10-18 13:39:07 413774472 114.456307 30.67451 114.456747 30.674673 4.7 247.3
2016-10-18 13:39:58 413774472 114.455307 30.674117 114.456307 30.67451 4.6 241.0
2016-10-18 13:40:36 413774472 114.45444 30.673723 114.455307 30.674117 4.6 243.4
2016-10-18 13:41:07 413774472 114.453773 30.673417 114.45444 30.673723 4.6 241.2
2016-10-18 13:42:36 413774472 114.451587 30.67246 114.453773 30.673417 4.4 241.6
2016-10-18 13:43:05 413774472 114.450947 30.672113 114.451587 30.67246 4.3 235.7
2016-10-18 13:43:57 413774472 114.45016 30.671697 114.450947 30.672113 4.3 241.4
2016-10-18 13:44:54 413774472 114.44872 30.671057 114.45016 30.671697 4.3 246.2
2016-10-18 13:45:41 413774472 114.447627 30.670663 114.44872 30.671057 4.2 249.8
2016-10-18 13:46:15 413774472 114.447 30.67048 114.447627 30.670663 4.2 251.2
2016-10-18 13:46:42 413774472 114.446307 30.670273 114.447 30.67048 4.3 250.6
2016-10-18 13:47:29 413774472 114.445227 30.66998 114.446307 30.670273 4.3 254.0
2016-10-18 13:48:10 413774472 114.444533 30.669833 114.445227 30.66998 4.1 257.9
2016-10-18 13:49:27 413774472 114.442707 30.669897 114.444533 30.669833 4.5 280.4
2016-10-18 13:50:02 413774472 114.44228 30.66998 114.442707 30.669897 4.7 283.5
2016-10-18 13:50:30 413774472 114.441267 30.670267 114.44228 30.66998 4.9 291.5
2016-10-18 13:51:21 413774472 114.439787 30.670783 114.441267 30.670267 5.0 289.8
2016-10-18 13:51:51 413774472 114.4392 30.670953 114.439787 30.670783 5.0 288.2
2016-10-18 13:52:18 413774472 114.438467 30.67113 114.4392 30.670953 4.9 284.9
2016-10-18 13:52:46 413774472 114.437693 30.671283 114.438467 30.67113 4.8 280.5
2016-10-18 13:53:15 413774472 114.436933 30.671363 114.437693 30.671283 4.7 271.0
2016-10-18 13:53:53 413774472 114.436107 30.671347 114.436933 30.671363 4.5 265.9
2016-10-18 13:54:24 413774472 114.4354 30.671263 114.436107 30.671347 4.4 260.7
2016-10-18 13:55:49 413774472 114.433347 30.670793 114.4354 30.671263 4.4 251.4
2016-10-18 13:56:17 413774472 114.43292 30.670667 114.433347 30.670793 4.4 251.3
2016-10-18 13:56:41 413774472 114.432213 30.67046 114.43292 30.670667 4.5 251.0
2016-10-18 13:57:08 413774472 114.43148 30.670213 114.432213 30.67046 4.5 249.8
2016-10-18 13:57:41 413774472 114.4308 30.67 114.43148 30.670213 4.5 248.7
2016-10-18 13:58:10 413774472 114.430133 30.669773 114.4308 30.67 4.5 247.8
2016-10-18 13:58:37 413774472 114.429467 30.669523 114.430133 30.669773 4.5 246.3
2016-10-18 13:59:03 413774472 114.428933 30.66932 114.429467 30.669523 4.4 245.3
2016-10-18 13:59:38 413774472 114.428307 30.66907 114.428933 30.66932 4.4 245.0
2016-10-18 14:00:09 413774472 114.427427 30.668707 114.428307 30.66907 4.4 244.9
2016-10-18 14:00:35 413774472 114.42704 30.668547 114.427427 30.668707 4.4 244.3
2016-10-18 14:01:00 413774472 114.4264 30.668267 114.42704 30.668547 4.4 244.4
2016-10-18 14:01:31 413774472 114.425707 30.667987 114.4264 30.668267 4.4 241.8
2016-10-18 14:02:51 413774472 114.423987 30.667117 114.425707 30.667987 4.4 242.0
2016-10-18 14:04:34 413774472 114.42228 30.66646 114.423987 30.667117 4.4 249.7
2016-10-18 14:05:01 413774472 114.42112 30.66605 114.42228 30.66646 4.4 250.5
2016-10-18 14:05:33 413774472 114.42044 30.665833 114.42112 30.66605 4.3 248.0
2016-10-18 14:05:57 413774472 114.42 30.665677 114.42044 30.665833 4.3 247.2
2016-10-18 14:06:25 413774472 114.4196 30.665537 114.42 30.665677 4.2 247.5
2016-10-18 14:06:53 413774472 114.418973 30.66531 114.4196 30.665537 4.2 248.5
2016-10-18 14:07:22 413774472 114.418067 30.66502 114.418973 30.66531 4.2 248.6
2016-10-18 14:07:46 413774472 114.417707 30.66489 114.418067 30.66502 4.1 251.0
2016-10-18 14:08:16 413774472 114.41724 30.664763 114.417707 30.66489 4.1 253.7
2016-10-18 14:08:45 413774472 114.416347 30.664527 114.41724 30.664763 4.1 254.1
2016-10-18 14:09:20 413774472 114.41568 30.66435 114.416347 30.664527 4.1 252.1
2016-10-18 14:09:49 413774472 114.415093 30.664177 114.41568 30.66435 4.1 249.0
2016-10-18 14:10:18 413774472 114.414467 30.663973 114.415093 30.664177 4.1 247.7
2016-10-18 14:11:20 413774472 114.413213 30.66353 114.414467 30.663973 4.0 246.9
2016-10-18 14:11:48 413774472 114.412587 30.663283 114.413213 30.66353 4.0 245.4
2016-10-18 14:12:15 413774472 114.4122 30.663127 114.412587 30.663283 3.9 245.5
2016-10-18 14:12:40 413774472 114.4118 30.662963 114.4122 30.663127 3.9 246.8
2016-10-18 14:13:18 413774472 114.4108 30.662613 114.4118 30.662963 3.8 248.8
2016-10-18 14:13:46 413774472 114.410213 30.66242 114.4108 30.662613 3.9 250.3
2016-10-18 14:14:13 413774472 114.409853 30.662303 114.410213 30.66242 3.8 249.9
2016-10-18 14:14:38 413774472 114.409253 30.662107 114.409853 30.662303 3.8 248.5
2016-10-18 14:15:10 413774472 114.408893 30.661973 114.409253 30.662107 3.8 247.6
2016-10-18 14:15:40 413774472 114.40808 30.661683 114.408893 30.661973 3.7 247.4
2016-10-18 14:16:07 413774472 114.40772 30.66155 114.40808 30.661683 3.6 247.2
2016-10-18 14:17:09 413774472 114.406507 30.661103 114.40772 30.66155 3.3 246.6
2016-10-18 14:17:42 413774472 114.406 30.660917 114.406507 30.661103 3.2 247.6
2016-10-18 14:18:11 413774472 114.405547 30.66076 114.406 30.660917 3.1 248.9
2016-10-18 14:18:37 413774472 114.405067 30.660583 114.405547 30.66076 3.0 244.4
2016-10-18 14:19:09 413774472 114.404667 30.660407 114.405067 30.660583 2.9 243.8
2016-10-18 14:19:38 413774472 114.404227 30.660197 114.404667 30.660407 2.7 242.7
2016-10-18 14:20:07 413774472 114.403987 30.6601 114.404227 30.660197 2.6 243.7
2016-10-18 14:20:32 413774472 114.40368 30.65998 114.403987 30.6601 2.6 245.4
2016-10-18 14:21:07 413774472 114.40332 30.659827 114.40368 30.65998 2.6 245.9
2016-10-18 14:21:39 413774472 114.4028 30.659663 114.40332 30.659827 2.5 249.6
2016-10-18 14:22:08 413774472 114.402267 30.659503 114.4028 30.659663 2.5 257.1
2016-10-18 14:22:36 413774472 114.401973 30.65944 114.402267 30.659503 2.6 256.7
2016-10-18 14:23:13 413774472 114.401427 30.65931 114.401973 30.65944 2.7 248.0
2016-10-18 14:23:43 413774472 114.401 30.65917 114.401427 30.65931 2.8 250.1
2016-10-18 14:24:09 413774472 114.400733 30.659077 114.401 30.65917 2.8 250.6
2016-10-18 14:24:39 413774472 114.40024 30.658933 114.400733 30.659077 2.9 251.0
2016-10-18 14:25:12 413774472 114.399627 30.658717 114.40024 30.658933 3.0 246.4
2016-10-18 14:25:41 413774472 114.399467 30.65865 114.399627 30.658717 3.1 248.1
2016-10-18 14:26:09 413774472 114.398853 30.65845 114.399467 30.65865 3.2 248.9
2016-10-18 14:26:33 413774472 114.39832 30.658253 114.398853 30.65845 3.3 249.2
2016-10-18 14:27:10 413774472 114.397787 30.658103 114.39832 30.658253 3.4 252.8
2016-10-18 14:28:08 413774472 114.396707 30.65782 114.397787 30.658103 3.7 255.1
2016-10-18 14:28:36 413774472 114.39608 30.65769 114.396707 30.65782 3.9 256.6
2016-10-18 14:29:14 413774472 114.39528 30.657557 114.39608 30.65769 4.0 258.0
2016-10-18 14:29:42 413774472 114.394853 30.657473 114.39528 30.657557 4.0 259.4
2016-10-18 14:30:42 413774472 114.39356 30.65719 114.394853 30.657473 4.1 253.6
2016-10-18 14:31:19 413774472 114.392627 30.65695 114.39356 30.65719 4.2 255.7
2016-10-18 14:31:48 413774472 114.39204 30.656847 114.392627 30.65695 4.2 255.5
2016-10-18 14:32:19 413774472 114.391333 30.656707 114.39204 30.656847 4.2 258.7
2016-10-18 14:32:48 413774472 114.39068 30.656497 114.391333 30.656707 4.1 242.6
2016-10-18 14:33:20 413774472 114.39012 30.656233 114.39068 30.656497 4.2 240.2
2016-10-18 14:33:50 413774472 114.389507 30.65595 114.39012 30.656233 4.2 244.3
2016-10-18 14:34:18 413774472 114.388893 30.655703 114.389507 30.65595 4.3 247.0
2016-10-18 14:35:27 413774472 114.387533 30.655223 114.388893 30.655703 4.4 249.1
2016-10-18 14:35:57 413774472 114.38664 30.654937 114.387533 30.655223 4.4 249.2
2016-10-18 14:36:27 413774472 114.386173 30.654787 114.38664 30.654937 4.4 249.9
2016-10-18 14:36:59 413774472 114.385293 30.654507 114.386173 30.654787 4.5 249.8
2016-10-18 14:38:42 413774472 114.382987 30.653613 114.385293 30.654507 4.7 242.0
2016-10-18 14:39:11 413774472 114.382347 30.653313 114.382987 30.653613 4.7 242.6
2016-10-18 14:39:47 413774472 114.381653 30.653 114.382347 30.653313 4.8 242.8
2016-10-18 14:40:19 413774472 114.380973 30.652683 114.381653 30.653 4.8 240.3
2016-10-18 14:40:47 413774472 114.380467 30.65243 114.380973 30.652683 4.8 238.1
2016-10-18 14:41:19 413774472 114.379587 30.651933 114.380467 30.65243 4.9 237.2
2016-10-18 14:42:00 413774472 114.378707 30.651453 114.379587 30.651933 4.9 236.4
2016-10-18 14:42:31 413774472 114.377827 30.65095 114.378707 30.651453 4.9 235.6
2016-10-18 14:43:03 413774472 114.377187 30.650563 114.377827 30.65095 5.0 235.1
2016-10-18 14:43:33 413774472 114.376493 30.65015 114.377187 30.650563 4.9 234.5
2016-10-18 14:44:11 413774472 114.375827 30.649743 114.376493 30.65015 4.9 237.8
2016-10-18 14:44:43 413774472 114.37492 30.64925 114.375827 30.649743 4.9 238.0
2016-10-18 14:45:13 413774472 114.374413 30.648967 114.37492 30.64925 4.8 237.6
2016-10-18 14:45:43 413774472 114.373587 30.648537 114.374413 30.648967 4.7 240.0
2016-10-18 14:46:23 413774472 114.372907 30.648227 114.373587 30.648537 4.7 242.2
2016-10-18 14:47:00 413774472 114.372 30.647817 114.372907 30.648227 4.6 241.6
2016-10-18 14:47:33 413774472 114.371347 30.64749 114.372 30.647817 4.6 238.0
2016-10-18 14:48:03 413774472 114.370507 30.647003 114.371347 30.64749 4.7 235.2
2016-10-18 14:48:41 413774472 114.36988 30.64663 114.370507 30.647003 4.7 234.0
2016-10-18 14:49:15 413774472 114.369293 30.64624 114.36988 30.64663 4.7 233.5
2016-10-18 14:50:11 413774472 114.367973 30.645417 114.369293 30.64624 4.6 234.2
2016-10-18 14:50:44 413774472 114.367413 30.645097 114.367973 30.645417 4.6 235.7
2016-10-18 14:51:47 413774472 114.365973 30.6443 114.367413 30.645097 4.5 237.2
2016-10-18 14:52:19 413774472 114.36532 30.643953 114.365973 30.6443 4.4 237.9
2016-10-18 14:52:58 413774472 114.364907 30.643713 114.36532 30.643953 4.3 235.9
2016-10-18 14:53:30 413774472 114.363973 30.643103 114.364907 30.643713 4.1 227.8
2016-10-18 14:53:58 413774472 114.36352 30.642717 114.363973 30.643103 4.0 225.7
2016-10-18 14:54:27 413774472 114.36304 30.642303 114.36352 30.642717 3.9 227.6
2016-10-18 14:55:04 413774472 114.362733 30.642053 114.36304 30.642303 3.9 226.5
2016-10-18 14:55:33 413774472 114.362093 30.641537 114.362733 30.642053 3.9 228.8
2016-10-18 14:56:01 413774472 114.36164 30.641213 114.362093 30.641537 3.8 230.0
2016-10-18 14:56:27 413774472 114.361133 30.640827 114.36164 30.641213 3.8 230.0
2016-10-18 14:56:58 413774472 114.360813 30.640607 114.361133 30.640827 3.8 233.2
2016-10-18 14:57:25 413774472 114.360213 30.640173 114.360813 30.640607 3.7 229.9
2016-10-18 14:57:52 413774472 114.359907 30.639957 114.360213 30.640173 3.7 229.0
2016-10-18 14:58:21 413774472 114.35944 30.639597 114.359907 30.639957 3.8 229.0
2016-10-18 14:59:03 413774472 114.358933 30.639223 114.35944 30.639597 3.8 227.3
2016-10-18 14:59:37 413774472 114.358333 30.638757 114.358933 30.639223 3.7 227.9
2016-10-18 15:00:05 413774472 114.357893 30.638423 114.358333 30.638757 3.5 229.9
2016-10-18 15:00:31 413774472 114.357453 30.638127 114.357893 30.638423 3.4 232.1
2016-10-18 15:01:08 413774472 114.357027 30.637833 114.357453 30.638127 3.4 229.9
2016-10-18 15:01:37 413774472 114.356613 30.637487 114.357027 30.637833 3.4 225.6
2016-10-18 15:02:09 413774472 114.356213 30.637153 114.356613 30.637487 3.3 226.1
2016-10-18 15:02:39 413774472 114.35584 30.636853 114.356213 30.637153 3.3 230.0
2016-10-18 15:03:11 413774472 114.35528 30.636453 114.35584 30.636853 3.2 224.4
2016-10-18 15:03:40 413774472 114.354907 30.636093 114.35528 30.636453 3.2 220.9
2016-10-18 15:04:07 413774472 114.354693 30.635877 114.354907 30.636093 3.2 221.4
2016-10-18 15:04:34 413774472 114.354307 30.635517 114.354693 30.635877 3.1 223.8
2016-10-18 15:05:12 413774472 114.353947 30.63523 114.354307 30.635517 3.1 226.9
2016-10-18 15:05:47 413774472 114.35348 30.63487 114.353947 30.63523 3.0 229.1
2016-10-18 15:06:20 413774472 114.353187 30.634647 114.35348 30.63487 3.0 230.7
2016-10-18 15:06:51 413774472 114.352667 30.634283 114.353187 30.634647 3.0 229.3
2016-10-18 15:07:23 413774472 114.3522 30.63391 114.352667 30.634283 3.1 229.0
2016-10-18 15:08:22 413774472 114.35152 30.63338 114.3522 30.63391 3.3 225.6
2016-10-18 15:08:50 413774472 114.351133 30.63305 114.35152 30.63338 3.4 225.2
2016-10-18 15:09:23 413774472 114.35072 30.632703 114.351133 30.63305 3.5 229.1
2016-10-18 15:09:54 413774472 114.350267 30.632337 114.35072 30.632703 3.6 228.8
2016-10-18 15:10:22 413774472 114.349827 30.632023 114.350267 30.632337 3.7 230.8
2016-10-18 15:10:48 413774472 114.34932 30.63168 114.349827 30.632023 3.8 230.4
2016-10-18 15:11:24 413774472 114.348853 30.631347 114.34932 30.63168 3.8 230.8
2016-10-18 15:11:52 413774472 114.348373 30.631007 114.348853 30.631347 3.8 232.1
2016-10-18 15:12:22 413774472 114.347893 30.63068 114.348373 30.631007 3.7 231.4
2016-10-18 15:12:54 413774472 114.347387 30.630337 114.347893 30.63068 3.7 231.0
2016-10-18 15:13:25 413774472 114.346973 30.630037 114.347387 30.630337 3.6 231.9
2016-10-18 15:13:54 413774472 114.346533 30.629723 114.346973 30.630037 3.5 230.9
2016-10-18 15:14:20 413774472 114.34604 30.62937 114.346533 30.629723 3.5 229.8
2016-10-18 15:14:46 413774472 114.34576 30.62919 114.34604 30.62937 3.4 232.6
2016-10-18 15:15:23 413774472 114.345147 30.62877 114.34576 30.62919 3.4 232.3
2016-10-18 15:15:56 413774472 114.344747 30.628507 114.345147 30.62877 3.4 233.0
2016-10-18 15:16:24 413774472 114.34428 30.628183 114.344747 30.628507 3.4 227.7
2016-10-18 15:16:53 413774472 114.34388 30.627877 114.34428 30.628183 3.4 223.8
2016-10-18 15:17:57 413774472 114.343147 30.62712 114.34388 30.627877 3.4 218.5
2016-10-18 15:18:27 413774472 114.342907 30.62684 114.343147 30.62712 3.5 216.5
2016-10-18 15:18:56 413774472 114.3424 30.62636 114.342907 30.62684 3.6 223.3
2016-10-18 15:19:29 413774472 114.341987 30.626013 114.3424 30.62636 3.7 228.4
2016-10-18 15:19:58 413774472 114.341547 30.625677 114.341987 30.626013 3.8 229.6
2016-10-18 15:20:24 413774472 114.341187 30.625417 114.341547 30.625677 3.9 229.3
2016-10-18 15:21:51 413774472 114.339853 30.6244 114.341187 30.625417 4.1 229.1
2016-10-18 15:22:50 413774472 114.338587 30.62351 114.339853 30.6244 4.3 230.4
2016-10-18 15:23:31 413774472 114.337907 30.62302 114.338587 30.62351 4.3 231.3
2016-10-18 15:24:01 413774472 114.337173 30.622537 114.337907 30.62302 4.2 233.3
2016-10-18 15:24:29 413774472 114.336773 30.62229 114.337173 30.622537 4.2 233.0
2016-10-18 15:24:57 413774472 114.336227 30.62196 114.336773 30.62229 4.1 236.6
2016-10-18 15:25:28 413774472 114.33564 30.621643 114.336227 30.62196 3.9 237.0
2016-10-18 15:25:53 413774472 114.335133 30.621357 114.33564 30.621643 3.8 236.5
2016-10-18 15:26:21 413774472 114.3348 30.621147 114.335133 30.621357 3.8 230.1
2016-10-18 15:26:45 413774472 114.334307 30.620753 114.3348 30.621147 3.8 225.7
2016-10-18 15:27:20 413774472 114.333907 30.620413 114.334307 30.620753 3.8 224.7
2016-10-18 15:27:47 413774472 114.3336 30.62014 114.333907 30.620413 3.9 223.9
2016-10-18 15:28:36 413774472 114.332787 30.619523 114.3336 30.62014 4.3 230.1
2016-10-18 15:29:07 413774472 114.331987 30.618967 114.332787 30.619523 4.6 232.0
2016-10-18 15:29:34 413774472 114.33144 30.61858 114.331987 30.618967 4.7 230.2
2016-10-18 15:30:03 413774472 114.331053 30.61828 114.33144 30.61858 4.8 227.3
2016-10-18 15:30:29 413774472 114.33064 30.617923 114.331053 30.61828 4.9 226.4
2016-10-18 15:31:06 413774472 114.32984 30.61726 114.33064 30.617923 5.0 223.9
2016-10-18 15:31:35 413774472 114.329107 30.61659 114.32984 30.61726 5.1 224.3
2016-10-18 15:32:02 413774472 114.328747 30.616277 114.329107 30.61659 5.2 224.8
2016-10-18 15:32:29 413774472 114.328107 30.615693 114.328747 30.616277 5.3 223.0
2016-10-18 15:33:00 413774472 114.327707 30.61534 114.328107 30.615693 5.4 222.5
2016-10-18 15:33:27 413774472 114.326947 30.614573 114.327707 30.61534 5.5 219.6
2016-10-18 15:33:56 413774472 114.326533 30.614157 114.326947 30.614573 5.5 219.6
2016-10-18 15:34:23 413774472 114.325987 30.613587 114.326533 30.614157 5.5 220.3
2016-10-18 15:35:01 413774472 114.325253 30.612813 114.325987 30.613587 5.4 218.5
2016-10-18 15:35:32 413774472 114.324693 30.612207 114.325253 30.612813 5.2 219.2
2016-10-18 15:35:58 413774472 114.324307 30.611803 114.324693 30.612207 5.1 219.9
2016-10-18 15:36:25 413774472 114.323787 30.611267 114.324307 30.611803 5.0 219.8
2016-10-18 15:36:57 413774472 114.32328 30.61075 114.323787 30.611267 5.0 218.8
2016-10-18 15:37:21 413774472 114.322747 30.610153 114.32328 30.61075 5.1 217.1
2016-10-18 15:37:46 413774472 114.322453 30.6098 114.322747 30.610153 5.2 216.4
2016-10-18 15:38:10 413774472 114.321947 30.60919 114.322453 30.6098 5.2 213.0
2016-10-18 15:38:45 413774472 114.321493 30.60858 114.321947 30.60919 5.1 213.4
2016-10-18 15:39:13 413774472 114.321187 30.608183 114.321493 30.60858 5.1 214.8
2016-10-18 15:40:05 413774472 114.32012 30.60707 114.321187 30.608183 4.7 220.0
2016-10-18 15:40:42 413774472 114.319507 30.606407 114.32012 30.60707 4.7 219.1
2016-10-18 15:41:10 413774472 114.319173 30.60605 114.319507 30.606407 4.6 218.4
2016-10-18 15:41:36 413774472 114.318733 30.605587 114.319173 30.60605 4.6 218.0
2016-10-18 15:42:02 413774472 114.318253 30.605037 114.318733 30.605587 4.5 217.4
2016-10-18 15:42:35 413774472 114.31784 30.604563 114.318253 30.605037 4.3 217.8
2016-10-18 15:43:04 413774472 114.317413 30.60407 114.31784 30.604563 4.4 216.5
2016-10-18 15:43:33 413774472 114.31712 30.603717 114.317413 30.60407 4.3 217.3
2016-10-18 15:43:54 413774472 114.316653 30.603203 114.31712 30.603717 4.4 216.1
2016-10-18 15:44:27 413774472 114.31624 30.6027 114.316653 30.603203 4.4 214.6
2016-10-18 15:44:53 413774472 114.315867 30.60224 114.31624 30.6027 4.5 215.0
2016-10-18 15:45:18 413774472 114.31552 30.601827 114.315867 30.60224 4.5 214.4
2016-10-18 15:45:49 413774472 114.315267 30.601503 114.31552 30.601827 4.5 213.8
2016-10-18 15:46:23 413774472 114.31472 30.600773 114.315267 30.601503 4.4 213.9
2016-10-18 15:46:53 413774472 114.3142 30.60009 114.31472 30.600773 4.3 214.5
2016-10-18 15:47:21 413774472 114.313893 30.59971 114.3142 30.60009 4.3 214.9
2016-10-18 15:47:46 413774472 114.313493 30.59923 114.313893 30.59971 4.2 215.5
2016-10-18 15:48:20 413774472 114.31312 30.598783 114.313493 30.59923 4.2 216.5
2016-10-18 15:48:50 413774472 114.312733 30.5983 114.31312 30.598783 4.4 213.5
2016-10-18 15:49:17 413774472 114.312307 30.597743 114.312733 30.5983 4.6 213.3
2016-10-18 15:49:42 413774472 114.31204 30.597397 114.312307 30.597743 4.7 213.1
2016-10-18 15:50:16 413774472 114.311507 30.59666 114.31204 30.597397 4.9 211.8
2016-10-18 15:50:41 413774472 114.311173 30.596203 114.311507 30.59666 5.0 212.3
2016-10-18 15:51:08 413774472 114.31072 30.595623 114.311173 30.596203 5.0 216.6
2016-10-18 15:51:34 413774472 114.310413 30.595263 114.31072 30.595623 5.1 215.1
2016-10-18 15:52:03 413774472 114.309827 30.59455 114.310413 30.595263 5.2 215.5
2016-10-18 15:52:31 413774472 114.30944 30.59405 114.309827 30.59455 5.2 212.8
2016-10-18 15:52:54 413774472 114.308987 30.593453 114.30944 30.59405 5.4 213.0
2016-10-18 15:53:17 413774472 114.308653 30.59301 114.308987 30.593453 5.4 212.6
2016-10-18 15:53:47 413774472 114.308173 30.5923 114.308653 30.59301 5.4 209.6
2016-10-18 15:54:14 413774472 114.307907 30.59189 114.308173 30.5923 5.3 208.0
2016-10-18 15:54:41 413774472 114.307547 30.59126 114.307907 30.59189 5.2 207.0
2016-10-18 15:55:10 413774472 114.307147 30.59063 114.307547 30.59126 4.9 210.1
2016-10-18 15:55:45 413774472 114.306747 30.590043 114.307147 30.59063 4.8 211.5
2016-10-18 15:56:13 413774472 114.30636 30.58948 114.306747 30.590043 4.6 210.9
2016-10-18 15:56:37 413774472 114.306093 30.589083 114.30636 30.58948 4.6 209.6
2016-10-18 15:57:00 413774472 114.30572 30.58854 114.306093 30.589083 4.5 211.1
2016-10-18 15:57:32 413774472 114.30532 30.58796 114.30572 30.58854 4.4 212.2
2016-10-18 15:58:03 413774472 114.304973 30.587493 114.30532 30.58796 4.3 212.7
2016-10-18 15:58:32 413774472 114.30468 30.58711 114.304973 30.587493 4.2 213.6
2016-10-18 15:58:58 413774472 114.304333 30.586657 114.30468 30.58711 4.1 215.0
2016-10-18 15:59:32 413774472 114.30384 30.58603 114.304333 30.586657 4.1 214.0
2016-10-18 16:00:01 413774472 114.303453 30.58555 114.30384 30.58603 4.1 214.0
2016-10-18 16:00:45 413774472 114.302947 30.584887 114.303453 30.58555 4.1 214.8
2016-10-18 16:01:16 413774472 114.302573 30.584427 114.302947 30.584887 4.2 215.0
2016-10-18 16:01:46 413774472 114.30216 30.58393 114.302573 30.584427 4.2 215.8
2016-10-18 16:02:10 413774472 114.301773 30.58347 114.30216 30.58393 4.2 218.6
2016-10-18 16:02:38 413774472 114.301493 30.58316 114.301773 30.58347 4.2 215.8
2016-10-18 16:03:12 413774472 114.3012 30.582807 114.301493 30.58316 4.2 216.2
2016-10-18 16:04:03 413774472 114.300253 30.581667 114.3012 30.582807 4.2 215.0
2016-10-18 16:04:26 413774472 114.300013 30.581337 114.300253 30.581667 4.1 209.2
2016-10-18 16:04:56 413774472 114.299707 30.580843 114.300013 30.581337 4.1 208.2
2016-10-18 16:05:24 413774472 114.29948 30.580473 114.299707 30.580843 4.0 208.5
2016-10-18 16:05:47 413774472 114.29916 30.579993 114.29948 30.580473 4.0 207.9
2016-10-18 16:06:13 413774472 114.29896 30.57967 114.29916 30.579993 4.1 208.7
2016-10-18 16:06:48 413774472 114.298507 30.578983 114.29896 30.57967 4.1 210.1
2016-10-18 16:07:12 413774472 114.29828 30.578663 114.298507 30.578983 4.1 211.1
2016-10-18 16:07:35 413774472 114.29792 30.57815 114.29828 30.578663 4.1 211.7
2016-10-18 16:08:00 413774472 114.29768 30.577827 114.29792 30.57815 4.1 212.8
2016-10-18 16:08:30 413774472 114.297347 30.57735 114.29768 30.577827 4.1 212.4
2016-10-18 16:08:53 413774472 114.297133 30.577063 114.297347 30.57735 4.1 212.3
2016-10-18 16:09:41 413774472 114.296507 30.576183 114.297133 30.577063 4.1 213.9
2016-10-18 16:10:14 413774472 114.296107 30.575693 114.296507 30.576183 4.1 214.2
2016-10-18 16:10:43 413774472 114.295733 30.57523 114.296107 30.575693 4.1 216.4
2016-10-18 16:11:07 413774472 114.29532 30.574743 114.295733 30.57523 4.2 216.4
2016-10-18 16:11:32 413774472 114.295027 30.57442 114.29532 30.574743 4.2 216.8
2016-10-18 16:12:04 413774472 114.294773 30.574117 114.295027 30.57442 4.2 215.3
2016-10-18 16:12:26 413774472 114.294227 30.573457 114.294773 30.574117 4.3 215.9
2016-10-18 16:12:51 413774472 114.29396 30.573153 114.294227 30.573457 4.3 215.3
2016-10-18 16:13:14 413774472 114.293693 30.572807 114.29396 30.573153 4.3 214.2
2016-10-18 16:13:46 413774472 114.293307 30.57232 114.293693 30.572807 4.3 213.9
2016-10-18 16:14:10 413774472 114.292933 30.57182 114.293307 30.57232 4.3 213.7
2016-10-18 16:14:36 413774472 114.29268 30.5715 114.292933 30.57182 4.3 214.0
2016-10-18 16:15:01 413774472 114.292253 30.57094 114.29268 30.5715 4.4 210.6
2016-10-18 16:15:34 413774472 114.29204 30.570623 114.292253 30.57094 4.4 210.6
2016-10-18 16:16:00 413774472 114.291667 30.570073 114.29204 30.570623 4.4 206.9
2016-10-18 16:16:26 413774472 114.291333 30.569487 114.291667 30.570073 4.4 208.1
2016-10-18 16:16:51 413774472 114.291013 30.568973 114.291333 30.569487 4.4 208.3
2016-10-18 16:17:23 413774472 114.290653 30.568397 114.291013 30.568973 4.5 209.1
2016-10-18 16:17:48 413774472 114.290427 30.568057 114.290653 30.568397 4.4 210.4
2016-10-18 16:18:41 413774472 114.289693 30.56697 114.290427 30.568057 4.4 213.6
2016-10-18 16:19:13 413774472 114.28924 30.566413 114.289693 30.56697 4.4 215.6
2016-10-18 16:20:02 413774472 114.28856 30.56557 114.28924 30.566413 4.4 213.7
2016-10-18 16:20:23 413774472 114.288293 30.565227 114.28856 30.56557 4.4 212.8
2016-10-18 16:20:49 413774472 114.28788 30.56468 114.288293 30.565227 4.4 213.0
2016-10-18 16:21:15 413774472 114.287627 30.564307 114.28788 30.56468 4.5 210.8
2016-10-18 16:21:59 413774472 114.28716 30.563593 114.287627 30.564307 4.4 208.3
2016-10-18 16:22:27 413774472 114.28684 30.563073 114.28716 30.563593 4.4 207.9
2016-10-18 16:23:12 413774472 114.28628 30.562093 114.28684 30.563073 4.4 203.2
2016-10-18 16:23:31 413774472 114.286093 30.561707 114.28628 30.562093 4.4 204.1
2016-10-18 16:24:20 413774472 114.285813 30.56118 114.286093 30.561707 4.4 205.4
2016-10-18 16:24:41 413774472 114.285493 30.5606 114.285813 30.56118 4.4 205.4
2016-10-18 16:25:28 413774472 114.285013 30.559637 114.285493 30.5606 4.4 204.0
2016-10-18 16:26:16 413774472 114.284533 30.5587 114.285013 30.559637 4.4 204.5
2016-10-18 16:27:11 413774472 114.284027 30.557763 114.284533 30.5587 4.4 206.8
2016-10-18 16:27:40 413774472 114.283693 30.557193 114.284027 30.557763 4.4 206.8
2016-10-18 16:28:00 413774472 114.2836 30.55703 114.283693 30.557193 4.4 208.0
2016-10-18 16:28:24 413774472 114.283133 30.55624 114.2836 30.55703 4.3 207.4
2016-10-18 16:28:53 413774472 114.28292 30.555873 114.283133 30.55624 4.3 206.2
2016-10-18 16:29:16 413774472 114.282707 30.55549 114.28292 30.555873 4.3 206.0
2016-10-18 16:30:35 413774472 114.281853 30.553877 114.282707 30.55549 4.3 202.6
2016-10-18 16:32:23 413774472 114.28088 30.552013 114.281853 30.553877 4.3 203.7
2016-10-18 16:33:12 413774472 114.28036 30.551063 114.28088 30.552013 4.3 206.3
2016-10-18 16:34:05 413774472 114.279867 30.550153 114.28036 30.551063 4.2 204.4
2016-10-18 16:35:43 413774472 114.279013 30.5483 114.279867 30.550153 4.1 202.4
2016-10-18 16:36:07 413774472 114.278867 30.548013 114.279013 30.5483 4.1 201.8
2016-10-18 16:36:28 413774472 114.278613 30.54744 114.278867 30.548013 4.1 202.1
2016-10-18 16:36:50 413774472 114.278427 30.547047 114.278613 30.54744 4.1 202.6
2016-10-18 16:37:45 413774472 114.278 30.546203 114.278427 30.547047 4.1 203.7
2016-10-18 16:38:05 413774472 114.277813 30.545833 114.278 30.546203 4.1 205.7
2016-10-18 16:38:28 413774472 114.277613 30.545447 114.277813 30.545833 4.1 204.6
2016-10-18 16:38:59 413774472 114.277413 30.545077 114.277613 30.545447 4.1 203.4
2016-10-18 16:39:27 413774472 114.277093 30.544407 114.277413 30.545077 4.1 203.9
2016-10-18 16:40:14 413774472 114.27664 30.543513 114.277093 30.544407 4.0 203.3
2016-10-18 16:40:40 413774472 114.2764 30.542993 114.27664 30.543513 4.0 202.8
2016-10-18 16:41:03 413774472 114.276227 30.542617 114.2764 30.542993 4.0 203.0
2016-10-18 16:41:47 413774472 114.275893 30.541967 114.276227 30.542617 3.8 206.1
2016-10-18 16:42:44 413774472 114.275427 30.541203 114.275893 30.541967 3.6 210.8
2016-10-18 16:43:26 413774472 114.274973 30.540603 114.275427 30.541203 3.5 213.2
2016-10-18 16:44:23 413774472 114.27436 30.539793 114.274973 30.540603 3.3 213.3
2016-10-18 16:44:46 413774472 114.274173 30.539537 114.27436 30.539793 3.2 213.1
2016-10-18 16:46:08 413774472 114.27352 30.53866 114.274173 30.539537 3.1 213.1
2016-10-18 16:47:21 413774472 114.2728 30.537707 114.27352 30.53866 3.1 212.7
2016-10-18 16:47:45 413774472 114.272427 30.53719 114.2728 30.537707 3.1 210.7
2016-10-18 16:48:11 413774472 114.272293 30.53698 114.272427 30.53719 3.1 211.0
2016-10-18 16:48:35 413774472 114.272093 30.536697 114.272293 30.53698 3.1 211.6
2016-10-18 16:49:30 413774472 114.271573 30.53598 114.272093 30.536697 3.0 213.3
2016-10-18 16:50:15 413774472 114.271067 30.535363 114.271573 30.53598 3.2 218.4
2016-10-18 16:50:45 413774472 114.27096 30.53523 114.271067 30.535363 3.3 213.0
2016-10-18 16:51:10 413774472 114.27056 30.53472 114.27096 30.53523 3.4 211.8
2016-10-18 16:51:30 413774472 114.2704 30.534447 114.27056 30.53472 3.5 208.2
2016-10-18 16:51:55 413774472 114.270213 30.53413 114.2704 30.534447 3.6 206.1
2016-10-18 16:52:28 413774472 114.269933 30.533647 114.270213 30.53413 3.7 206.0
2016-10-18 16:52:52 413774472 114.26968 30.53321 114.269933 30.533647 3.7 204.8
2016-10-18 16:53:15 413774472 114.269467 30.532843 114.26968 30.53321 3.8 204.9
2016-10-18 16:54:07 413774472 114.26912 30.53223 114.269467 30.532843 3.9 208.0
2016-10-18 16:54:29 413774472 114.2688 30.53171 114.26912 30.53223 4.1 209.0
2016-10-18 16:55:41 413774472 114.2678 30.53041 114.2688 30.53171 3.9 212.9
2016-10-18 16:56:44 413774472 114.26728 30.529687 114.2678 30.53041 3.5 210.4
2016-10-18 16:58:54 413774472 114.265573 30.527543 114.26728 30.529687 4.0 221.0
2016-10-18 16:59:43 413774472 114.265147 30.527113 114.265573 30.527543 3.9 222.1
2016-10-18 17:04:02 413774472 114.261693 30.52357 114.265147 30.527113 3.8 218.9
2016-10-18 17:04:49 413774472 114.26104 30.522857 114.261693 30.52357 3.8 216.9
2016-10-18 17:05:51 413774472 114.260187 30.521853 114.26104 30.522857 3.8 214.8
2016-10-18 17:06:35 413774472 114.259813 30.52139 114.260187 30.521853 3.8 215.0
2016-10-18 17:07:52 413774472 114.25872 30.520047 114.259813 30.52139 4.0 216.0
2016-10-18 17:10:38 413774472 114.256587 30.517347 114.25872 30.520047 4.1 214.7
2016-10-18 17:11:18 413774472 114.25608 30.51669 114.256587 30.517347 4.1 213.9
2016-10-18 17:12:05 413774472 114.255613 30.51606 114.25608 30.51669 4.1 215.2
2016-10-18 17:16:05 413774472 114.25248 30.51226 114.255613 30.51606 3.9 214.8
2016-10-18 17:16:54 413774472 114.252 30.51166 114.25248 30.51226 4.0 214.1
2016-10-18 17:17:16 413774472 114.25152 30.511057 114.252 30.51166 4.0 214.8
2016-10-18 17:17:36 413774472 114.251373 30.510887 114.25152 30.511057 4.0 215.0
2016-10-18 17:18:38 413774472 114.250467 30.509793 114.251373 30.510887 4.0 215.8
2016-10-18 17:19:48 413774472 114.249627 30.508707 114.250467 30.509793 4.1 212.6
2016-10-18 17:21:23 413774472 114.24852 30.507267 114.249627 30.508707 4.1 213.2
2016-10-18 17:21:45 413774472 114.248267 30.50693 114.24852 30.507267 4.1 212.8
2016-10-18 17:22:10 413774472 114.24792 30.506437 114.248267 30.50693 4.0 212.3
2016-10-18 17:22:31 413774472 114.247707 30.506107 114.24792 30.506437 4.1 211.8
2016-10-18 17:23:41 413774472 114.247093 30.505247 114.247707 30.506107 4.0 212.0
2016-10-18 17:25:06 413774472 114.245987 30.503763 114.247093 30.505247 4.2 213.9
2016-10-18 17:27:01 413774472 114.24432 30.501677 114.245987 30.503763 4.1 215.3
2016-10-18 17:27:46 413774472 114.243787 30.50101 114.24432 30.501677 4.1 215.0
2016-10-18 17:29:01 413774472 114.243053 30.50002 114.243787 30.50101 4.0 214.2
2016-10-18 17:29:40 413774472 114.24256 30.49943 114.243053 30.50002 4.0 216.0
2016-10-18 17:29:57 413774472 114.2422 30.499013 114.24256 30.49943 4.0 215.0
2016-10-18 17:30:20 413774472 114.241947 30.498693 114.2422 30.499013 4.0 215.4
2016-10-18 17:30:56 413774472 114.24156 30.498223 114.241947 30.498693 4.0 213.4
2016-10-18 17:31:17 413774472 114.241213 30.497773 114.24156 30.498223 4.0 214.3
2016-10-18 17:33:49 413774472 114.239533 30.495537 114.241213 30.497773 3.9 214.1
2016-10-18 17:34:31 413774472 114.239067 30.494897 114.239533 30.495537 3.8 211.1
2016-10-18 17:35:07 413774472 114.238547 30.49419 114.239067 30.494897 3.8 213.4
2016-10-18 17:35:31 413774472 114.238427 30.494013 114.238547 30.49419 3.8 214.9
2016-10-18 17:36:09 413774472 114.237947 30.49342 114.238427 30.494013 3.9 214.3
2016-10-18 17:37:06 413774472 114.237107 30.492353 114.237947 30.49342 3.9 215.5
2016-10-18 17:37:44 413774472 114.236853 30.49203 114.237107 30.492353 3.8 213.8
2016-10-18 17:38:25 413774472 114.236267 30.49132 114.236853 30.49203 3.7 216.9
2016-10-18 17:39:02 413774472 114.235907 30.490883 114.236267 30.49132 3.8 217.9
2016-10-18 17:42:59 413774472 114.23264 30.487557 114.235907 30.490883 3.6 220.2
2016-10-18 17:43:40 413774472 114.232347 30.487243 114.23264 30.487557 3.6 215.8
2016-10-18 17:44:16 413774472 114.231933 30.486693 114.232347 30.487243 3.6 216.3
