2016-10-17 0:01:17 413775244 114.460307 30.675313 114.46268 30.675963 3.7 249.0 12
2016-10-17 0:01:55 413775244 114.45952 30.675067 114.460307 30.675313 3.8 249.2 12
2016-10-17 0:02:11 413775244 114.459107 30.674923 114.45952 30.675067 3.8 247.2 12
2016-10-17 0:02:43 413775244 114.458507 30.674697 114.459107 30.674923 3.9 247.1 12
2016-10-17 0:03:04 413775244 114.45812 30.67454 114.458507 30.674697 3.9 244.8 12
2016-10-17 0:03:24 413775244 114.45776 30.67441 114.45812 30.67454 3.9 249.0 12
2016-10-17 0:04:40 413775244 114.456547 30.674093 114.45776 30.67441 4.0 256.3 12
2016-10-17 0:05:19 413775244 114.45548 30.673827 114.456547 30.674093 4.0 254.0 12
2016-10-17 0:05:58 413775244 114.454853 30.673663 114.45548 30.673827 4.0 251.1 12
2016-10-17 0:06:35 413775244 114.45388 30.673333 114.454853 30.673663 4.0 245.9 12
2016-10-17 0:06:56 413775244 114.45348 30.67316 114.45388 30.673333 4.0 243.4 12
2016-10-17 0:07:34 413775244 114.452667 30.672827 114.45348 30.67316 4.0 247.6 12
2016-10-17 0:08:13 413775244 114.452067 30.672623 114.452667 30.672827 4.0 248.5 12
2016-10-17 0:08:30 413775244 114.45148 30.672437 114.452067 30.672623 4.0 249.7 12
2016-10-17 0:09:27 413775244 114.45036 30.672077 114.45148 30.672437 4.0 246.7 12
2016-10-17 0:10:02 413775244 114.4496 30.671807 114.45036 30.672077 4.0 246.4 12
2016-10-17 0:10:17 413775244 114.449387 30.671723 114.4496 30.671807 4.0 245.0 12
2016-10-17 0:10:41 413775244 114.449 30.67155 114.449387 30.671723 4.0 240.3 12
2016-10-17 0:10:59 413775244 114.448627 30.671363 114.449 30.67155 4.0 242.6 12
2016-10-17 0:11:17 413775244 114.448253 30.671207 114.448627 30.671363 4.0 244.1 12
2016-10-17 0:11:34 413775244 114.447893 30.671073 114.448253 30.671207 3.9 245.5 12
2016-10-17 0:11:54 413775244 114.4476 30.670953 114.447893 30.671073 3.9 245.7 12
2016-10-17 0:12:28 413775244 114.446867 30.67066 114.4476 30.670953 3.9 242.8 12
2016-10-17 0:12:45 413775244 114.44648 30.670493 114.446867 30.67066 3.9 244.1 12
2016-10-17 0:13:05 413775244 114.446107 30.67034 114.44648 30.670493 3.9 246.8 12
2016-10-17 0:13:37 413775244 114.445707 30.670203 114.446107 30.67034 3.9 248.7 12
2016-10-17 0:14:14 413775244 114.44476 30.670017 114.445707 30.670203 3.5 271.5 12
2016-10-17 0:15:01 413775244 114.443907 30.670223 114.44476 30.670017 3.3 292.3 12
2016-10-17 0:15:34 413775244 114.44336 30.67041 114.443907 30.670223 3.3 289.5 12
2016-10-17 0:15:50 413775244 114.443067 30.67049 114.44336 30.67041 3.3 287.8 12
2016-10-17 0:16:24 413775244 114.442533 30.670643 114.443067 30.67049 3.5 289.6 12
2016-10-17 0:16:58 413775244 114.44196 30.670817 114.442533 30.670643 3.6 289.9 12
2016-10-17 0:17:53 413775244 114.440827 30.671203 114.44196 30.670817 3.9 295.3 12
2016-10-17 0:18:27 413775244 114.4404 30.671393 114.440827 30.671203 3.9 295.4 12
2016-10-17 0:18:47 413775244 114.4398 30.6716 114.4404 30.671393 3.8 289.0 12
2016-10-17 0:19:06 413775244 114.439427 30.6717 114.4398 30.6716 3.7 287.4 12
2016-10-17 0:19:40 413775244 114.43888 30.671847 114.439427 30.6717 3.7 286.2 12
2016-10-17 0:19:58 413775244 114.438493 30.671933 114.43888 30.671847 3.7 279.6 12
2016-10-17 0:20:18 413775244 114.43808 30.671973 114.438493 30.671933 3.6 274.0 12
2016-10-17 0:20:35 413775244 114.437667 30.671973 114.43808 30.671973 3.5 268.5 12
2016-10-17 0:21:12 413775244 114.43708 30.671923 114.437667 30.671973 3.5 261.0 12
2016-10-17 0:21:43 413775244 114.436387 30.671823 114.43708 30.671923 3.5 257.8 12
2016-10-17 0:22:01 413775244 114.436147 30.671767 114.436387 30.671823 3.5 254.5 12
2016-10-17 0:22:20 413775244 114.43584 30.671677 114.436147 30.671767 3.5 250.9 12
2016-10-17 0:22:38 413775244 114.43544 30.671553 114.43584 30.671677 3.5 249.1 12
2016-10-17 0:22:56 413775244 114.435093 30.671433 114.43544 30.671553 3.6 248.5 12
2016-10-17 0:23:14 413775244 114.43476 30.671327 114.435093 30.671433 3.6 250.5 12
2016-10-17 0:23:36 413775244 114.43452 30.67126 114.43476 30.671327 3.6 250.0 12
2016-10-17 0:24:26 413775244 114.43432 30.671193 114.43452 30.67126 3.6 248.6 12
2016-10-17 0:25:07 413775244 114.43272 30.670583 114.433093 30.670737 3.8 246.7 12
2016-10-17 0:26:00 413775244 114.431787 30.670233 114.43272 30.670583 3.9 244.9 12
2016-10-17 0:26:21 413775244 114.431373 30.670077 114.431787 30.670233 3.9 244.5 12
2016-10-17 0:26:40 413775244 114.431013 30.669923 114.431373 30.670077 3.9 244.6 12
2016-10-17 0:27:15 413775244 114.430213 30.66961 114.431013 30.669923 3.9 245.0 12
2016-10-17 0:28:00 413775244 114.429427 30.669303 114.430213 30.66961 3.9 248.2 12
2016-10-17 0:28:36 413775244 114.428627 30.669033 114.429427 30.669303 4.0 249.8 12
2016-10-17 0:29:46 413775244 114.427227 30.66853 114.428627 30.669033 4.0 249.9 12
2016-10-17 0:30:18 413775244 114.42664 30.668333 114.427227 30.66853 4.0 246.9 12
2016-10-17 0:30:37 413775244 114.426253 30.66819 114.42664 30.668333 4.0 245.2 12
2016-10-17 0:30:54 413775244 114.42584 30.668023 114.426253 30.66819 4.0 246.5 12
2016-10-17 0:31:31 413775244 114.42524 30.667803 114.42584 30.668023 4.0 246.8 12
2016-10-17 0:32:24 413775244 114.424213 30.667373 114.42524 30.667803 4.1 242.7 12
2016-10-17 0:32:58 413775244 114.42344 30.66702 114.424213 30.667373 4.1 242.4 12
2016-10-17 0:33:34 413775244 114.4228 30.666757 114.42344 30.66702 4.1 244.0 12
2016-10-17 0:33:53 413775244 114.42244 30.666607 114.4228 30.666757 4.1 245.6 12
2016-10-17 0:34:15 413775244 114.422 30.666437 114.42244 30.666607 4.1 246.3 12
2016-10-17 0:34:33 413775244 114.421573 30.66627 114.422 30.666437 4.1 245.0 12
2016-10-17 0:35:28 413775244 114.420507 30.66576 114.421573 30.66627 4.1 239.0 12
2016-10-17 0:35:48 413775244 114.420093 30.66557 114.420507 30.66576 4.1 244.5 12
2016-10-17 0:36:21 413775244 114.41944 30.66533 114.420093 30.66557 4.1 247.8 12
2016-10-17 0:36:42 413775244 114.419053 30.665193 114.41944 30.66533 4.1 247.4 12
2016-10-17 0:37:00 413775244 114.418653 30.665037 114.419053 30.665193 4.1 244.3 12
2016-10-17 0:37:17 413775244 114.4182 30.664853 114.418653 30.665037 4.1 245.3 12
2016-10-17 0:37:35 413775244 114.41784 30.664717 114.4182 30.664853 4.1 246.6 12
2016-10-17 0:37:56 413775244 114.417413 30.66457 114.41784 30.664717 4.1 248.4 12
2016-10-17 0:38:30 413775244 114.4168 30.66437 114.417413 30.66457 4.1 249.6 12
2016-10-17 0:38:47 413775244 114.41636 30.664227 114.4168 30.66437 4.1 249.1 12
2016-10-17 0:39:23 413775244 114.415747 30.66401 114.41636 30.664227 4.1 245.8 12
2016-10-17 0:39:55 413775244 114.41516 30.663757 114.415747 30.66401 4.1 241.5 12
2016-10-17 0:40:15 413775244 114.41472 30.66356 114.41516 30.663757 4.0 243.5 12
2016-10-17 0:41:08 413775244 114.413507 30.663083 114.41472 30.66356 4.0 248.3 12
2016-10-17 0:41:30 413775244 114.41312 30.662953 114.413507 30.663083 4.0 249.6 12
2016-10-17 0:42:03 413775244 114.41252 30.662753 114.41312 30.662953 4.0 248.3 12
2016-10-17 0:42:55 413775244 114.411547 30.662417 114.41252 30.662753 3.9 248.5 12
2016-10-17 0:43:28 413775244 114.41076 30.662147 114.411547 30.662417 3.9 247.3 12
2016-10-17 0:43:48 413775244 114.410373 30.662007 114.41076 30.662147 3.9 246.7 12
2016-10-17 0:44:17 413775244 114.409707 30.661753 114.410373 30.662007 3.9 246.5 12
2016-10-17 0:44:50 413775244 114.409573 30.661703 114.409707 30.661753 3.9 246.3 12
2016-10-17 0:45:33 413775244 114.408227 30.66123 114.4088 30.661417 3.9 249.4 12
2016-10-17 0:45:50 413775244 114.408027 30.661167 114.408227 30.66123 3.9 249.4 12
2016-10-17 0:46:20 413775244 114.4076 30.661027 114.408027 30.661167 3.8 249.1 12
2016-10-17 0:46:55 413775244 114.40684 30.660793 114.4076 30.661027 3.8 251.6 12
2016-10-17 0:47:28 413775244 114.40604 30.66051 114.40684 30.660793 3.8 246.7 12
2016-10-17 0:47:46 413775244 114.405693 30.66039 114.40604 30.66051 3.8 251.1 12
2016-10-17 0:48:04 413775244 114.405467 30.660327 114.405693 30.66039 3.8 253.3 12
2016-10-17 0:48:23 413775244 114.405107 30.660233 114.405467 30.660327 3.8 253.6 12
2016-10-17 0:48:39 413775244 114.404707 30.660127 114.405107 30.660233 3.8 254.8 12
2016-10-17 0:49:16 413775244 114.404067 30.659983 114.404707 30.660127 3.7 252.6 12
2016-10-17 0:49:33 413775244 114.40368 30.659877 114.404067 30.659983 3.7 251.4 12
2016-10-17 0:49:48 413775244 114.403307 30.65976 114.40368 30.659877 3.7 249.4 12
2016-10-17 0:50:22 413775244 114.402773 30.659573 114.403307 30.65976 3.7 246.7 12
2016-10-17 0:50:54 413775244 114.40236 30.65942 114.402773 30.659573 3.7 247.0 12
2016-10-17 0:51:08 413775244 114.401813 30.65922 114.40236 30.65942 3.7 246.3 12
2016-10-17 0:51:42 413775244 114.401333 30.659 114.401813 30.65922 3.7 241.5 12
2016-10-17 0:52:13 413775244 114.4008 30.658747 114.401333 30.659 3.6 244.8 12
2016-10-17 0:52:36 413775244 114.4004 30.6586 114.4008 30.658747 3.6 248.8 12
2016-10-17 0:52:53 413775244 114.400053 30.6585 114.4004 30.6586 3.6 252.1 12
2016-10-17 0:53:23 413775244 114.399507 30.658363 114.400053 30.6585 3.5 257.7 12
2016-10-17 0:53:43 413775244 114.399053 30.658277 114.399507 30.658363 3.5 255.8 12
2016-10-17 0:53:59 413775244 114.398747 30.6582 114.399053 30.658277 3.5 254.4 12
2016-10-17 0:54:26 413775244 114.398187 30.658083 114.398747 30.6582 3.5 258.6 12
2016-10-17 0:54:42 413775244 114.39796 30.65804 114.398187 30.658083 3.5 256.7 12
2016-10-17 0:55:14 413775244 114.397427 30.657903 114.39796 30.65804 3.5 251.0 12
2016-10-17 0:55:32 413775244 114.397093 30.657793 114.397427 30.657903 3.6 248.7 12
2016-10-17 0:55:52 413775244 114.396707 30.65766 114.397093 30.657793 3.6 250.1 12
2016-10-17 0:56:05 413775244 114.396387 30.657567 114.396707 30.65766 3.5 252.0 12
2016-10-17 0:56:21 413775244 114.39616 30.657507 114.396387 30.657567 3.6 253.4 12
2016-10-17 0:56:54 413775244 114.395587 30.65738 114.39616 30.657507 3.6 257.7 12
2016-10-17 0:57:11 413775244 114.395213 30.657317 114.395587 30.65738 3.6 258.7 12
2016-10-17 0:57:41 413775244 114.39464 30.657207 114.395213 30.657317 3.6 256.5 12
2016-10-17 0:57:58 413775244 114.39428 30.657123 114.39464 30.657207 3.6 255.7 12
2016-10-17 0:58:28 413775244 114.39364 30.65697 114.39428 30.657123 3.7 253.1 12
2016-10-17 0:58:42 413775244 114.393467 30.656927 114.39364 30.65697 3.7 252.3 12
2016-10-17 0:59:01 413775244 114.393067 30.656813 114.393467 30.656927 3.7 253.5 12
2016-10-17 0:59:15 413775244 114.392747 30.656723 114.393067 30.656813 3.7 250.7 12
2016-10-17 0:59:31 413775244 114.392507 30.656643 114.392747 30.656723 3.7 248.1 12
2016-10-17 0:59:46 413775244 114.392333 30.656587 114.392507 30.656643 3.7 247.4 12
2016-10-17 1:00:07 413775244 114.391933 30.656443 114.392333 30.656587 3.7 248.3 12
2016-10-17 1:00:24 413775244 114.39156 30.656327 114.391933 30.656443 3.7 251.4 12
2016-10-17 1:00:54 413775244 114.391 30.65618 114.39156 30.656327 3.8 253.1 12
2016-10-17 1:01:32 413775244 114.39044 30.656037 114.391 30.65618 3.8 255.1 12
2016-10-17 1:02:41 413775244 114.388827 30.65563 114.39044 30.656037 3.8 253.2 12
2016-10-17 1:03:17 413775244 114.38824 30.65545 114.388827 30.65563 3.8 249.7 12
2016-10-17 1:03:37 413775244 114.3878 30.6553 114.38824 30.65545 3.8 246.2 12
2016-10-17 1:03:55 413775244 114.387453 30.655173 114.3878 30.6553 3.8 247.9 12
2016-10-17 1:04:26 413775244 114.38688 30.654963 114.387453 30.655173 3.8 246.5 12
2016-10-17 1:04:46 413775244 114.386413 30.654787 114.38688 30.654963 3.8 247.1 12
2016-10-17 1:05:02 413775244 114.386107 30.65468 114.386413 30.654787 3.8 247.6 12
2016-10-17 1:05:18 413775244 114.385893 30.654603 114.386107 30.65468 3.8 247.8 12
2016-10-17 1:06:13 413775244 114.3848 30.654163 1.333333 30.654617 3.8 242.5 12
2016-10-17 1:06:29 413775244 114.384467 30.654013 114.3848 30.654163 3.9 242.5 12
2016-10-17 1:07:03 413775244 114.384093 30.653847 114.384467 30.654013 3.9 243.1 12
2016-10-17 1:07:20 413775244 114.383533 30.653587 114.384093 30.653847 3.9 240.8 12
2016-10-17 1:07:38 413775244 114.383307 30.653467 114.383533 30.653587 3.9 238.4 12
2016-10-17 1:07:57 413775244 114.383 30.653293 114.383307 30.653467 3.9 234.9 12
2016-10-17 1:08:18 413775244 114.382587 30.653067 114.383 30.653293 3.9 240.5 12
2016-10-17 1:08:51 413775244 114.38188 30.652747 114.382587 30.653067 3.9 243.6 12
2016-10-17 1:09:08 413775244 114.38164 30.652637 114.38188 30.652747 3.9 242.7 12
2016-10-17 1:09:27 413775244 114.381267 30.652477 114.38164 30.652637 3.9 243.6 12
2016-10-17 1:10:49 413775244 114.379747 30.651763 114.381267 30.652477 3.9 238.6 12
2016-10-17 1:11:05 413775244 114.379387 30.65158 114.379747 30.651763 4.0 240.1 12
2016-10-17 1:11:43 413775244 114.37884 30.651317 114.379387 30.65158 3.9 239.7 12
2016-10-17 1:12:21 413775244 114.37808 30.650907 114.37884 30.651317 4.0 236.6 12
2016-10-17 1:12:40 413775244 114.37768 30.650687 114.37808 30.650907 4.0 237.1 12
2016-10-17 1:13:01 413775244 114.377293 30.650477 114.37768 30.650687 4.0 237.7 12
2016-10-17 1:13:17 413775244 114.376947 30.650287 114.377293 30.650477 4.0 238.9 12
2016-10-17 1:13:48 413775244 114.37636 30.649993 114.376947 30.650287 4.0 239.7 12
2016-10-17 1:14:04 413775244 114.375987 30.64981 114.37636 30.649993 4.0 239.5 12
2016-10-17 1:14:37 413775244 114.3754 30.64952 114.375987 30.64981 4.1 241.1 12
2016-10-17 1:15:10 413775244 114.37484 30.64925 114.3754 30.64952 4.1 238.8 12
2016-10-17 1:15:30 413775244 114.37448 30.649053 114.37484 30.64925 4.1 237.4 12
2016-10-17 1:16:05 413775244 114.374053 30.648823 114.37448 30.649053 4.1 236.6 12
2016-10-17 1:16:25 413775244 114.373413 30.648453 114.374053 30.648823 4.1 236.8 12
2016-10-17 1:16:42 413775244 114.373053 30.648253 114.373413 30.648453 4.1 237.6 12
2016-10-17 1:17:16 413775244 114.372493 30.647947 114.373053 30.648253 4.1 237.0 12
2016-10-17 1:17:37 413775244 114.372067 30.64772 114.372493 30.647947 4.1 238.3 12
2016-10-17 1:17:56 413775244 114.371653 30.6475 114.372067 30.64772 4.1 238.3 12
2016-10-17 1:18:31 413775244 114.371147 30.647207 114.371653 30.6475 4.0 234.8 12
2016-10-17 1:19:10 413775244 114.370453 30.646787 114.371147 30.647207 4.0 234.3 12
2016-10-17 1:19:25 413775244 114.370107 30.64657 114.370453 30.646787 4.0 234.4 12
2016-10-17 1:20:05 413775244 114.369547 30.646253 114.370107 30.64657 3.9 240.3 12
2016-10-17 1:20:23 413775244 114.368973 30.645997 114.369547 30.646253 3.9 243.0 12
2016-10-17 1:20:57 413775244 114.368573 30.645827 114.368973 30.645997 3.9 245.0 12
2016-10-17 1:21:17 413775244 114.367947 30.645617 114.368573 30.645827 3.8 248.7 12
2016-10-17 1:21:36 413775244 114.367587 30.645497 114.367947 30.645617 3.8 247.8 12
2016-10-17 1:22:09 413775244 114.367 30.64531 114.367587 30.645497 3.8 249.2 12
2016-10-17 1:22:26 413775244 114.366587 30.645167 114.367 30.64531 3.8 245.7 12
2016-10-17 1:22:43 413775244 114.36628 30.64504 114.366587 30.645167 3.8 243.3 12
2016-10-17 1:22:57 413775244 114.36604 30.64494 114.36628 30.64504 3.8 242.4 12
2016-10-17 1:23:33 413775244 114.365667 30.644757 114.36604 30.64494 3.8 239.1 12
2016-10-17 1:23:50 413775244 114.36516 30.64445 114.365667 30.644757 3.8 232.1 12
2016-10-17 1:24:07 413775244 114.364853 30.644247 114.36516 30.64445 3.8 230.9 12
2016-10-17 1:24:24 413775244 114.36452 30.644 114.364853 30.644247 3.8 228.2 12
2016-10-17 1:24:44 413775244 114.364333 30.643853 114.36452 30.644 3.9 226.7 12
2016-10-17 1:25:00 413775244 114.36404 30.643607 114.364333 30.643853 3.9 225.2 12
2016-10-17 1:25:15 413775244 114.363773 30.643373 114.36404 30.643607 3.8 223.8 12
2016-10-17 1:25:49 413775244 114.363307 30.64297 114.363773 30.643373 3.8 224.8 12
2016-10-17 1:27:16 413775244 114.362213 30.641983 12.0 0.0 3.9 222.2 12
2016-10-17 1:27:49 413775244 114.361613 30.641433 114.362213 30.641983 3.9 224.5 12
2016-10-17 1:28:09 413775244 114.361293 30.641167 114.361613 30.641433 3.8 225.5 12
2016-10-17 1:28:44 413775244 114.360813 30.64079 114.361293 30.641167 3.8 228.4 12
2016-10-17 1:29:18 413775244 114.36024 30.640367 114.360813 30.64079 3.8 230.5 12
2016-10-17 1:29:34 413775244 114.359907 30.64013 114.36024 30.640367 3.8 230.7 12
2016-10-17 1:30:09 413775244 114.359587 30.639903 114.359907 30.64013 3.8 230.1 12
2016-10-17 1:30:29 413775244 114.359093 30.639533 114.359587 30.639903 3.8 228.3 12
2016-10-17 1:30:49 413775244 114.358933 30.63942 114.359093 30.639533 3.8 229.5 12
2016-10-17 1:31:05 413775244 114.358493 30.63907 114.358933 30.63942 3.9 226.0 12
2016-10-17 1:31:21 413775244 114.35832 30.638917 114.358493 30.63907 3.8 224.4 12
2016-10-17 1:31:44 413775244 114.35804 30.63867 114.35832 30.638917 3.8 222.5 12
2016-10-17 1:32:04 413775244 114.357773 30.638407 114.35804 30.63867 3.8 220.1 12
2016-10-17 1:32:37 413775244 114.357213 30.63784 114.357773 30.638407 3.8 221.4 12
2016-10-17 1:32:57 413775244 114.356947 30.637593 114.357213 30.63784 3.8 223.5 12
2016-10-17 1:33:31 413775244 114.35668 30.637357 114.356947 30.637593 3.8 224.9 12
2016-10-17 1:33:47 413775244 114.356227 30.636973 114.35668 30.637357 3.7 226.8 12
2016-10-17 1:34:24 413775244 114.355773 30.636637 114.356227 30.636973 3.7 231.2 12
2016-10-17 1:35:00 413775244 114.355133 30.636193 114.355773 30.636637 3.6 229.4 12
2016-10-17 1:35:19 413775244 114.354827 30.635953 114.355133 30.636193 3.7 226.3 12
2016-10-17 1:36:11 413775244 114.354067 30.635377 114.354827 30.635953 3.6 227.6 12
2016-10-17 1:36:30 413775244 114.35396 30.635293 114.354067 30.635377 3.6 226.6 12
2016-10-17 1:36:46 413775244 114.353587 30.63496 114.35396 30.635293 3.6 222.3 12
2016-10-17 1:37:01 413775244 114.353347 30.634713 114.353587 30.63496 3.6 219.4 12
2016-10-17 1:37:16 413775244 114.3532 30.634573 114.353347 30.634713 3.6 219.1 12
2016-10-17 1:37:35 413775244 114.352947 30.634317 114.3532 30.634573 3.6 222.9 12
2016-10-17 1:38:09 413775244 114.352507 30.633967 114.352947 30.634317 3.5 229.1 12
2016-10-17 1:38:26 413775244 114.35224 30.63376 114.352507 30.633967 3.5 226.1 12
2016-10-17 1:39:01 413775244 114.351773 30.633377 114.35224 30.63376 3.6 226.9 12
2016-10-17 1:39:18 413775244 114.351493 30.63315 114.351773 30.633377 3.5 227.1 12
2016-10-17 1:39:35 413775244 114.35124 30.632947 114.351493 30.63315 3.6 225.7 12
2016-10-17 1:39:55 413775244 114.351067 30.63278 114.35124 30.632947 3.6 222.7 12
2016-10-17 1:40:14 413775244 114.350853 30.632583 114.351067 30.63278 3.6 222.7 12
2016-10-17 1:40:31 413775244 114.350573 30.632317 114.350853 30.632583 3.6 220.4 12
2016-10-17 1:40:48 413775244 114.35032 30.632063 114.350573 30.632317 3.6 223.5 12
2016-10-17 1:41:07 413775244 114.35004 30.631823 114.35032 30.632063 3.6 223.8 12
2016-10-17 1:41:26 413775244 114.349867 30.631673 114.35004 30.631823 3.6 223.9 12
2016-10-17 1:41:46 413775244 114.349613 30.631443 114.349867 30.631673 3.6 224.6 12
2016-10-17 1:42:23 413775244 114.349053 30.630973 114.349613 30.631443 3.5 225.7 12
2016-10-17 1:43:35 413775244 114.34804 30.630197 114.349053 30.630973 3.5 227.4 12
2016-10-17 1:43:50 413775244 114.34776 30.629977 114.34804 30.630197 3.4 228.7 12
2016-10-17 1:44:22 413775244 114.347333 30.62964 114.34776 30.629977 3.4 224.8 12
2016-10-17 1:44:43 413775244 114.347067 30.629393 114.347333 30.62964 3.4 224.7 12
2016-10-17 1:44:59 413775244 114.3468 30.629187 114.347067 30.629393 3.4 228.3 12
2016-10-17 1:45:29 413775244 114.3464 30.6289 114.3468 30.629187 3.4 230.1 12
2016-10-17 1:45:47 413775244 114.34624 30.62878 114.3464 30.6289 3.4 231.2 12
2016-10-17 1:46:04 413775244 114.345933 30.62857 114.34624 30.62878 3.4 229.3 12
2016-10-17 1:46:20 413775244 114.345693 30.62838 114.345933 30.62857 3.4 229.2 12
2016-10-17 1:46:54 413775244 114.34536 30.62816 114.345693 30.62838 3.4 232.8 12
2016-10-17 1:47:11 413775244 114.345 30.62794 114.34536 30.62816 3.4 235.3 12
2016-10-17 1:47:27 413775244 114.344667 30.627733 114.345 30.62794 3.4 231.3 12
2016-10-17 1:48:03 413775244 114.34424 30.627403 114.344667 30.627733 3.4 227.6 12
2016-10-17 1:48:21 413775244 114.344027 30.627233 114.34424 30.627403 3.4 227.9 12
2016-10-17 1:48:37 413775244 114.343707 30.627003 114.344027 30.627233 3.4 229.1 12
2016-10-17 1:48:55 413775244 114.343547 30.62689 114.343707 30.627003 3.4 230.4 12
2016-10-17 1:49:14 413775244 114.34328 30.62669 114.343547 30.62689 3.4 229.1 12
2016-10-17 1:49:32 413775244 114.342973 30.626473 114.34328 30.62669 3.4 232.4 12
2016-10-17 1:50:04 413775244 114.34252 30.62618 114.342973 30.626473 3.4 234.1 12
2016-10-17 1:50:26 413775244 114.342253 30.62601 114.34252 30.62618 3.4 234.4 12
2016-10-17 1:50:45 413775244 114.341893 30.625793 114.342253 30.62601 3.4 235.5 12
2016-10-17 1:51:05 413775244 114.341627 30.625647 114.341893 30.625793 3.4 237.9 12
2016-10-17 1:51:23 413775244 114.341293 30.62546 114.341627 30.625647 3.4 238.8 12
2016-10-17 1:51:44 413775244 114.340987 30.625307 114.341293 30.62546 3.4 238.3 12
2016-10-17 1:52:00 413775244 114.340693 30.625113 114.340987 30.625307 3.4 229.4 12
2016-10-17 1:52:32 413775244 114.340253 30.624777 114.340693 30.625113 3.4 229.3 12
2016-10-17 1:52:52 413775244 114.339987 30.624587 114.340253 30.624777 3.4 231.9 12
2016-10-17 1:53:10 413775244 114.339707 30.62441 114.339987 30.624587 3.3 235.2 12
2016-10-17 1:53:42 413775244 114.339253 30.624147 114.339707 30.62441 3.3 236.1 12
2016-10-17 1:54:00 413775244 114.33892 30.623943 114.339253 30.624147 3.4 233.7 12
2016-10-17 1:54:29 413775244 114.338507 30.623663 114.33892 30.623943 3.3 231.2 12
2016-10-17 1:55:06 413775244 114.338067 30.62335 114.338507 30.623663 3.4 230.2 12
2016-10-17 1:55:24 413775244 114.337813 30.62317 114.338067 30.62335 3.4 231.4 12
2016-10-17 1:55:42 413775244 114.337533 30.62297 114.337813 30.62317 3.4 228.7 12
2016-10-17 1:56:18 413775244 114.33712 30.622647 114.337533 30.62297 3.4 229.6 12
2016-10-17 1:56:38 413775244 114.336787 30.6224 114.33712 30.622647 3.4 229.8 12
2016-10-17 1:56:54 413775244 114.336547 30.62222 114.336787 30.6224 3.4 227.9 12
2016-10-17 1:57:30 413775244 114.336027 30.621837 114.336547 30.62222 3.4 229.5 12
2016-10-17 1:57:47 413775244 114.335707 30.621603 114.336027 30.621837 3.4 229.5 12
2016-10-17 1:58:17 413775244 114.33528 30.621313 114.335707 30.621603 3.4 233.7 12
2016-10-17 1:58:49 413775244 114.33476 30.621017 0.0 0.0 3.4 236.7 12
2016-10-17 1:59:19 413775244 114.334467 30.62084 114.33476 30.621017 3.4 232.0 12
2016-10-17 1:59:53 413775244 114.33392 30.620403 114.334467 30.62084 3.4 226.6 12
2016-10-17 2:00:08 413775244 114.33368 30.620197 114.33392 30.620403 3.4 221.4 12
2016-10-17 2:00:22 413775244 114.33356 30.620063 114.33368 30.620197 3.4 221.1 12
2016-10-17 2:00:43 413775244 114.333267 30.61978 114.33356 30.620063 3.4 219.8 12
2016-10-17 2:00:59 413775244 114.333067 30.61955 114.333267 30.61978 3.4 216.1 12
2016-10-17 2:01:15 413775244 114.332933 30.619393 114.333067 30.61955 3.4 216.1 12
2016-10-17 2:01:28 413775244 114.332733 30.61916 114.332933 30.619393 3.5 218.0 12
2016-10-17 2:01:49 413775244 114.3326 30.619017 114.332733 30.61916 3.5 219.0 12
2016-10-17 2:02:05 413775244 114.332333 30.618753 114.3326 30.619017 3.5 221.8 12
2016-10-17 2:02:22 413775244 114.332093 30.618523 114.332333 30.618753 3.5 223.0 12
2016-10-17 2:02:55 413775244 114.33172 30.618163 114.332093 30.618523 3.6 220.3 12
2016-10-17 2:03:12 413775244 114.33148 30.617913 114.33172 30.618163 3.6 220.7 12
2016-10-17 2:03:47 413775244 114.331053 30.617493 114.33148 30.617913 3.7 222.2 12
2016-10-17 2:04:06 413775244 114.330773 30.617223 114.331053 30.617493 3.7 222.4 12
2016-10-17 2:04:20 413775244 114.330507 30.61698 114.330773 30.617223 3.7 224.3 12
2016-10-17 2:04:52 413775244 114.33008 30.616597 114.330507 30.61698 3.8 223.8 12
2016-10-17 2:05:12 413775244 114.3298 30.61633 114.33008 30.616597 3.8 223.6 12
2016-10-17 2:05:45 413775244 114.329373 30.61593 114.3298 30.61633 3.9 221.5 12
2016-10-17 2:06:21 413775244 114.328947 30.615483 114.329373 30.61593 3.9 220.5 12
2016-10-17 2:06:39 413775244 114.32868 30.615193 114.328947 30.615483 4.0 218.8 12
2016-10-17 2:06:56 413775244 114.3284 30.61488 114.32868 30.615193 4.0 217.7 12
2016-10-17 2:07:12 413775244 114.328147 30.614607 114.3284 30.61488 4.1 218.9 12
2016-10-17 2:07:49 413775244 114.327733 30.614153 114.328147 30.614607 4.1 218.6 12
2016-10-17 2:08:03 413775244 114.32748 30.613883 114.327733 30.614153 4.2 219.0 12
2016-10-17 2:08:18 413775244 114.327213 30.613587 114.32748 30.613883 4.2 218.6 12
2016-10-17 2:08:39 413775244 114.32708 30.613443 114.327213 30.613587 4.2 219.1 12
2016-10-17 2:09:12 413775244 114.326493 30.612837 114.32708 30.613443 4.2 221.6 12
2016-10-17 2:09:50 413775244 114.326 30.612333 114.326493 30.612837 4.2 219.0 12
2016-10-17 2:10:07 413775244 114.32572 30.612023 114.326 30.612333 4.2 216.9 12
2016-10-17 2:10:24 413775244 114.32548 30.61174 114.32572 30.612023 4.2 216.1 12
2016-10-17 2:10:39 413775244 114.325227 30.611447 114.32548 30.61174 4.1 220.5 12
2016-10-17 2:11:17 413775244 114.324747 30.61099 114.325227 30.611447 4.1 223.4 12
2016-10-17 2:11:37 413775244 114.324453 30.610713 114.324747 30.61099 4.0 223.5 12
2016-10-17 2:11:56 413775244 114.324107 30.61041 114.324453 30.610713 4.1 222.1 12
2016-10-17 2:12:19 413775244 114.323867 30.61016 114.324107 30.61041 4.1 222.9 12
2016-10-17 2:12:51 413775244 114.32324 30.609577 114.323867 30.61016 4.1 219.6 12
2016-10-17 2:13:23 413775244 114.3228 30.609113 114.32324 30.609577 4.2 219.7 12
2016-10-17 2:13:53 413775244 114.32232 30.608603 114.3228 30.609113 4.2 221.2 12
2016-10-17 2:14:31 413775244 114.32188 30.608187 114.32232 30.608603 4.3 223.5 12
2016-10-17 2:14:48 413775244 114.32156 30.60788 114.32188 30.608187 4.3 222.3 12
2016-10-17 2:15:04 413775244 114.32124 30.60756 114.32156 30.60788 4.4 219.7 12
2016-10-17 2:15:44 413775244 114.320667 30.60696 114.32124 30.60756 4.4 218.1 12
2016-10-17 2:16:20 413775244 114.32024 30.606493 114.320667 30.60696 4.4 219.8 12
2016-10-17 2:16:38 413775244 114.319907 30.606147 114.32024 30.606493 4.4 221.4 12
2016-10-17 2:16:58 413775244 114.31956 30.605797 114.319907 30.606147 4.5 221.5 12
2016-10-17 2:17:14 413775244 114.319267 30.605533 114.31956 30.605797 4.5 223.8 12
2016-10-17 2:17:32 413775244 114.31904 30.605343 114.319267 30.605533 4.5 225.7 12
2016-10-17 2:18:07 413775244 114.318747 30.605097 114.31904 30.605343 4.5 224.5 12
2016-10-17 2:18:41 413775244 114.317987 30.604357 114.318747 30.605097 4.5 220.8 12
2016-10-17 2:19:14 413775244 114.31732 30.603693 114.317987 30.604357 4.4 218.0 12
2016-10-17 2:19:48 413775244 114.316893 30.6032 114.31732 30.603693 4.3 217.6 12
2016-10-17 2:20:07 413775244 114.316587 30.602843 114.316893 30.6032 4.3 217.2 12
2016-10-17 2:20:31 413775244 114.316293 30.602523 114.316587 30.602843 4.3 219.4 12
2016-10-17 2:20:49 413775244 114.316 30.602213 114.316293 30.602523 4.2 219.9 12
2016-10-17 2:21:07 413775244 114.315693 30.601907 114.316 30.602213 4.2 219.5 12
2016-10-17 2:21:43 413775244 114.315293 30.601497 114.315693 30.601907 4.2 218.6 12
2016-10-17 2:22:14 413775244 114.314707 30.600837 114.315293 30.601497 4.1 220.9 12
2016-10-17 2:22:54 413775244 114.314267 30.600393 114.314707 30.600837 4.1 218.7 12
2016-10-17 2:23:30 413775244 114.313733 30.599803 114.314267 30.600393 4.1 218.8 12
2016-10-17 2:23:47 413775244 114.313427 30.599473 114.313733 30.599803 4.1 216.4 12
2016-10-17 2:24:05 413775244 114.313147 30.59915 114.313427 30.599473 4.1 215.3 12
2016-10-17 2:24:40 413775244 114.312773 30.598683 114.313147 30.59915 4.0 214.3 12
2016-10-17 2:24:58 413775244 114.312533 30.59836 114.312773 30.598683 4.0 212.6 12
2016-10-17 2:25:19 413775244 114.312293 30.598043 114.312533 30.59836 4.1 213.8 12
2016-10-17 2:25:55 413775244 114.311947 30.5976 114.312293 30.598043 4.0 215.9 12
2016-10-17 2:26:31 413775244 114.3114 30.596937 114.311947 30.5976 4.0 216.0 12
2016-10-17 2:26:50 413775244 114.311133 30.59665 114.3114 30.596937 4.0 217.6 12
2016-10-17 2:27:08 413775244 114.310867 30.596333 114.311133 30.59665 4.0 216.3 12
2016-10-17 2:27:48 413775244 114.310373 30.595743 114.310867 30.596333 4.0 215.8 12
2016-10-17 2:28:26 413775244 114.310213 30.595543 114.310373 30.595743 4.0 215.9 12
2016-10-17 2:29:20 413775244 114.309213 30.594407 114.310213 30.595543 3.9 215.0 12
2016-10-17 2:29:35 413775244 114.308973 30.59411 114.309213 30.594407 3.8 214.6 12
2016-10-17 2:30:09 413775244 114.308627 30.593687 114.308973 30.59411 3.7 216.1 12
2016-10-17 2:30:26 413775244 114.308347 30.593363 114.308627 30.593687 3.7 216.6 12
2016-10-17 2:31:20 413775244 114.307787 30.59269 79.0 11.0 3.7 214.9 12
2016-10-17 2:31:38 413775244 114.307547 30.592367 114.307787 30.59269 3.8 211.9 12
2016-10-17 2:32:12 413775244 114.30724 30.591917 114.307547 30.592367 3.9 211.7 12
2016-10-17 2:32:37 413775244 114.307 30.5916 114.30724 30.591917 3.9 213.4 12
2016-10-17 2:33:15 413775244 114.306547 30.590993 114.307 30.5916 3.9 211.8 12
2016-10-17 2:33:50 413775244 114.306133 30.59032 114.306547 30.590993 4.0 206.5 12
2016-10-17 2:34:07 413775244 114.305907 30.589997 114.306133 30.59032 3.9 210.3 12
2016-10-17 2:34:40 413775244 114.305573 30.589507 114.305907 30.589997 3.9 211.8 12
2016-10-17 2:35:00 413775244 114.305333 30.589153 114.305573 30.589507 3.9 209.6 12
2016-10-17 2:35:15 413775244 114.305133 30.58888 114.305333 30.589153 4.0 211.4 12
2016-10-17 2:35:51 413775244 114.304747 30.588373 0.0 0.0 3.9 213.7 12
2016-10-17 2:36:12 413775244 114.30452 30.588043 114.304747 30.588373 3.9 209.8 12
2016-10-17 2:36:30 413775244 114.304293 30.587743 114.30452 30.588043 3.9 211.0 12
2016-10-17 2:37:07 413775244 114.303987 30.58729 114.304293 30.587743 3.9 212.3 12
2016-10-17 2:37:49 413775244 114.303493 30.58668 114.303987 30.58729 3.9 214.9 12
2016-10-17 2:38:23 413775244 114.302987 30.586057 114.303493 30.58668 4.0 215.0 12
2016-10-17 2:49:16 413775244 114.295373 30.575893 114.295413 30.575937 4.1 220.5 12
2016-10-17 2:49:37 413775244 114.294907 30.575453 114.295373 30.575893 4.2 224.9 12
2016-10-17 2:50:14 413775244 114.2942 30.57489 114.294907 30.575453 4.1 227.0 12
2016-10-17 2:50:52 413775244 114.293613 30.57436 114.2942 30.57489 4.1 219.6 12
2016-10-17 2:51:09 413775244 114.29336 30.57407 114.293613 30.57436 4.0 214.9 12
2016-10-17 2:51:26 413775244 114.293227 30.573883 114.29336 30.57407 4.0 212.4 12
2016-10-17 2:51:43 413775244 114.293013 30.573593 114.293227 30.573883 4.0 210.3 12
2016-10-17 2:52:03 413775244 114.292773 30.573237 114.293013 30.573593 4.0 210.6 12
2016-10-17 2:52:34 413775244 114.292427 30.572723 114.292773 30.573237 4.0 209.9 12
2016-10-17 2:53:12 413775244 114.292013 30.572123 114.292427 30.572723 4.0 209.6 12
2016-10-17 2:53:48 413775244 114.29164 30.57161 114.292013 30.572123 3.9 215.8 12
2016-10-17 2:54:28 413775244 114.2912 30.57107 114.29164 30.57161 3.7 215.1 12
2016-10-17 2:55:02 413775244 114.2908 30.5705 114.2912 30.57107 3.1 206.5 12
2016-10-17 2:55:19 413775244 114.290707 30.570327 114.2908 30.5705 3.0 198.6 12
2016-10-17 2:55:44 413775244 114.29064 30.570087 114.290707 30.570327 2.8 188.9 12
2016-10-17 2:56:03 413775244 114.290587 30.569727 114.29064 30.570087 2.5 186.7 12
2016-10-17 2:56:34 413775244 114.29052 30.56938 114.290587 30.569727 2.1 195.6 12
2016-10-17 2:57:10 413775244 114.290373 30.569133 114.29052 30.56938 1.8 218.2 12
2016-10-17 2:57:27 413775244 114.290253 30.569007 114.290373 30.569133 1.8 217.7 12
2016-10-17 2:58:03 413775244 114.290013 30.56872 114.290253 30.569007 2.1 213.8 12
2016-10-17 2:58:19 413775244 114.289947 30.568623 114.290013 30.56872 2.1 214.2 12
2016-10-17 2:58:35 413775244 114.2898 30.568447 114.289947 30.568623 2.3 214.2 12
2016-10-17 2:59:11 413775244 114.28968 30.568297 114.2898 30.568447 2.3 217.1 12
2016-10-17 2:59:47 413775244 114.289307 30.567847 114.28968 30.568297 2.4 211.7 12
2016-10-17 3:00:03 413775244 114.28916 30.567633 114.289307 30.567847 2.3 212.2 12
2016-10-17 3:00:23 413775244 114.28904 30.567473 114.28916 30.567633 2.3 214.2 12
2016-10-17 3:00:42 413775244 114.288893 30.5673 114.28904 30.567473 2.3 217.5 12
2016-10-17 3:01:18 413775244 114.288613 30.567023 114.288893 30.5673 2.3 221.0 12
2016-10-17 3:01:40 413775244 114.288453 30.566847 114.288613 30.567023 2.3 219.5 12
2016-10-17 3:02:16 413775244 114.288147 30.566527 114.288453 30.566847 2.2 218.4 12
2016-10-17 3:02:34 413775244 114.288 30.566357 114.288147 30.566527 2.2 217.4 12
2016-10-17 3:02:54 413775244 114.287853 30.566197 114.288 30.566357 2.3 218.0 12
2016-10-17 3:03:25 413775244 114.287587 30.565937 114.287853 30.566197 2.3 223.9 12
2016-10-17 3:04:02 413775244 114.287333 30.56574 114.287587 30.565937 2.2 229.1 12
2016-10-17 3:04:39 413775244 114.286987 30.56546 114.287333 30.56574 1.9 223.2 12
2016-10-17 3:04:55 413775244 114.286853 30.565333 114.286987 30.56546 1.8 219.3 12
2016-10-17 3:06:30 413775244 114.28636 30.56483 114.286853 30.565333 1.6 224.9 12
2016-10-17 3:06:50 413775244 114.286187 30.564697 114.28636 30.56483 1.5 225.3 12
2016-10-17 3:07:21 413775244 114.285987 30.564497 114.286187 30.564697 1.3 219.9 12
2016-10-17 3:07:42 413775244 114.285933 30.564453 114.285987 30.564497 1.3 218.9 12
2016-10-17 3:07:59 413775244 114.285867 30.56435 114.285933 30.564453 1.1 215.1 12
2016-10-17 3:08:33 413775244 114.285747 30.564217 114.285867 30.56435 1.1 217.2 12
2016-10-17 3:08:53 413775244 114.28572 30.564177 114.285747 30.564217 1.0 215.9 12
2016-10-17 3:09:30 413775244 114.28572 30.564177 114.28572 30.564177 1.0 215.9 12
2016-10-17 3:10:10 413775244 114.285453 30.563813 114.285507 30.563883 1.0 214.6 12
2016-10-17 3:10:28 413775244 114.285373 30.563733 114.285453 30.563813 0.9 217.1 12
2016-10-17 3:10:45 413775244 114.285307 30.563657 114.285373 30.563733 0.9 222.3 12
2016-10-17 3:11:26 413775244 114.28516 30.563523 114.285307 30.563657 0.9 221.4 12
2016-10-17 3:11:43 413775244 114.285093 30.56346 114.28516 30.563523 0.9 217.8 12
2016-10-17 3:12:19 413775244 114.285013 30.56335 114.285093 30.56346 0.8 213.4 12
2016-10-17 3:13:04 413775244 114.284893 30.563223 11.0 0.0 0.8 216.9 12
2016-10-17 3:13:21 413775244 114.28484 30.563153 114.284893 30.563223 0.9 215.6 12
2016-10-17 3:13:38 413775244 114.284773 30.56308 114.28484 30.563153 0.8 212.5 12
2016-10-17 3:13:58 413775244 114.284747 30.563013 114.284773 30.56308 0.8 209.7 12
2016-10-17 3:14:14 413775244 114.284707 30.56295 114.284747 30.563013 0.7 206.8 12
2016-10-17 3:14:33 413775244 114.28468 30.56292 114.284707 30.56295 0.7 206.4 12
2016-10-17 3:14:49 413775244 114.284653 30.56286 114.28468 30.56292 0.7 204.0 12
2016-10-17 3:15:10 413775244 114.284613 30.562797 114.284653 30.56286 0.6 202.1 12
2016-10-17 3:15:28 413775244 114.284587 30.56274 114.284613 30.562797 0.6 205.7 12
2016-10-17 3:16:02 413775244 114.284547 30.56267 114.284587 30.56274 0.5 214.5 12
2016-10-17 3:16:21 413775244 114.284507 30.562637 114.284547 30.56267 0.5 218.7 12
2016-10-17 3:16:55 413775244 114.284467 30.562583 114.284507 30.562637 0.5 216.5 12
2016-10-17 3:17:36 413775244 114.284413 30.562523 114.284467 30.562583 0.4 220.2 12
2016-10-17 3:17:52 413775244 114.284373 30.56248 114.284413 30.562523 0.3 222.8 12
2016-10-17 3:18:08 413775244 114.284347 30.562457 114.284373 30.56248 0.4 231.6 12
2016-10-17 3:18:46 413775244 114.284293 30.56243 114.284347 30.562457 0.3 235.2 12
2016-10-17 3:19:06 413775244 114.284253 30.562407 114.284293 30.56243 0.3 242.0 12
2016-10-17 3:19:24 413775244 114.284227 30.562397 114.284253 30.562407 0.2 239.5 12
2016-10-17 3:19:39 413775244 114.284227 30.562397 114.284227 30.562397 0.2 239.5 12
2016-10-17 3:20:38 413775244 114.28416 30.56237 114.284227 30.562397 0.2 263.9 12
2016-10-17 3:21:18 413775244 114.28412 30.562383 114.28416 30.56237 0.0 0.0 12
2016-10-17 3:21:35 413775244 114.284107 30.562387 114.28412 30.562383 0.0 0.0 12
2016-10-17 3:22:09 413775244 114.284093 30.562403 114.284107 30.562387 0.2 307.4 12
2016-10-17 3:22:30 413775244 114.284067 30.562417 114.284093 30.562403 0.1 0.0 12
2016-10-17 3:22:47 413775244 114.284067 30.562423 114.284067 30.562417 0.1 0.0 12
2016-10-17 3:23:23 413775244 114.284053 30.562433 114.284067 30.562423 0.0 0.0 12
2016-10-17 3:23:43 413775244 114.284053 30.562443 114.284053 30.562433 0.0 0.0 12
2016-10-17 3:24:00 413775244 114.284053 30.562447 114.284053 30.562443 0.0 0.0 12
2016-10-17 3:24:33 413775244 114.284053 30.562443 114.284053 30.562447 0.0 0.0 12
2016-10-17 3:24:55 413775244 114.284053 30.56244 114.284053 30.562443 0.1 0.0 12
2016-10-17 3:25:15 413775244 114.284067 30.562417 114.284053 30.56244 0.3 168.5 12
2016-10-17 3:25:34 413775244 114.284067 30.562393 114.284067 30.562417 0.3 207.5 12
2016-10-17 3:25:53 413775244 114.284067 30.562357 114.284067 30.562393 0.4 180.4 12
2016-10-17 3:27:25 413775244 114.283987 30.562117 114.284067 30.562357 0.8 187.7 12
2016-10-17 3:27:44 413775244 114.283973 30.562037 114.283987 30.562117 1.0 182.0 12
2016-10-17 3:28:00 413775244 114.283973 30.56192 114.283973 30.562037 1.2 175.1 12
2016-10-17 3:28:38 413775244 114.284013 30.561697 114.283973 30.56192 1.6 175.5 12
2016-10-17 3:29:15 413775244 114.284027 30.561463 114.284013 30.561697 1.9 175.1 12
2016-10-17 3:29:56 413775244 114.284053 30.56105 114.284027 30.561463 2.3 182.9 12
2016-10-17 3:30:32 413775244 114.283973 30.560507 114.284053 30.56105 2.8 185.9 12
2016-10-17 3:30:49 413775244 114.28396 30.560233 114.283973 30.560507 3.0 182.1 12
2016-10-17 3:31:12 413775244 114.28396 30.55992 114.28396 30.560233 3.2 181.5 12
2016-10-17 3:31:46 413775244 114.283893 30.559283 114.28396 30.55992 3.5 188.5 12
2016-10-17 3:32:26 413775244 114.283827 30.55893 114.283893 30.559283 3.7 187.1 12
2016-10-17 3:33:03 413775244 114.28368 30.557993 114.283827 30.55893 4.0 192.8 12
2016-10-17 3:33:40 413775244 114.283453 30.557317 114.28368 30.557993 4.1 196.5 12
2016-10-17 3:34:15 413775244 114.283253 30.556707 114.283453 30.557317 4.2 197.2 12
2016-10-17 3:34:50 413775244 114.28304 30.556173 114.283253 30.556707 4.2 200.2 12
2016-10-17 3:35:23 413775244 114.282813 30.555623 114.28304 30.556173 4.2 201.6 12
2016-10-17 3:36:03 413775244 114.282347 30.55473 114.282813 30.555623 4.2 203.6 12
2016-10-17 3:36:39 413775244 114.282027 30.554163 114.282347 30.55473 4.2 208.8 12
2016-10-17 3:37:18 413775244 114.281693 30.553673 114.282027 30.554163 4.2 212.7 12
2016-10-17 3:37:36 413775244 114.281307 30.55316 114.281693 30.553673 4.0 212.0 12
2016-10-17 3:37:53 413775244 114.28108 30.552843 114.281307 30.55316 4.2 213.3 12
2016-10-17 3:39:08 413775244 114.28024 30.551653 114.28108 30.552843 4.2 210.6 12
2016-10-17 3:39:45 413775244 114.27976 30.550893 114.28024 30.551653 4.2 207.0 12
2016-10-17 3:40:03 413775244 114.279573 30.550577 114.27976 30.550893 4.2 204.8 12
2016-10-17 3:40:37 413775244 114.279253 30.54992 114.279573 30.550577 4.2 202.9 12
2016-10-17 3:41:00 413775244 114.279133 30.549687 114.279253 30.54992 4.2 203.8 12
2016-10-17 3:41:17 413775244 114.278907 30.549163 114.279133 30.549687 4.2 199.0 12
2016-10-17 3:41:51 413775244 114.27868 30.548567 114.278907 30.549163 4.2 196.5 12
2016-10-17 3:42:46 413775244 114.27832 30.54756 114.27868 30.548567 4.2 195.1 12
2016-10-17 3:43:06 413775244 114.278213 30.54717 114.27832 30.54756 4.3 193.4 12
2016-10-17 3:44:03 413775244 114.27792 30.546267 114.278213 30.54717 4.2 198.0 12
2016-10-17 3:44:20 413775244 114.27768 30.545717 114.27792 30.546267 4.1 202.5 12
2016-10-17 3:44:59 413775244 114.277373 30.545157 114.27768 30.545717 4.1 206.8 12
2016-10-17 3:46:32 413775244 114.276453 30.54361 114.277373 30.545157 4.0 208.2 12
2016-10-17 3:47:11 413775244 114.276053 30.54295 114.276453 30.54361 3.9 206.5 12
2016-10-17 3:47:47 413775244 114.2758 30.542483 114.276053 30.54295 3.9 206.1 12
2016-10-17 3:48:24 413775244 114.275333 30.541687 114.2758 30.542483 3.7 206.5 12
2016-10-17 3:49:04 413775244 114.275147 30.541317 114.275333 30.541687 3.6 206.1 12
2016-10-17 3:49:21 413775244 114.274827 30.540783 114.275147 30.541317 3.2 209.1 12
2016-10-17 3:50:35 413775244 114.274347 30.540017 114.274827 30.540783 2.6 203.3 12
2016-10-17 3:51:15 413775244 114.274067 30.539507 10.0 0.0 2.4 207.1 12
2016-10-17 3:51:32 413775244 114.27396 30.539333 114.274067 30.539507 2.2 209.1 12
2016-10-17 3:52:07 413775244 114.273787 30.53905 114.27396 30.539333 2.0 206.1 12
2016-10-17 3:52:37 413775244 114.27364 30.538783 114.273787 30.53905 2.0 205.3 12
2016-10-17 3:53:33 413775244 114.2734 30.538303 114.27364 30.538783 1.9 205.3 12
2016-10-17 3:53:51 413775244 114.273293 30.538153 114.2734 30.538303 1.9 207.5 12
2016-10-17 3:54:08 413775244 114.27324 30.53804 114.273293 30.538153 1.9 208.9 12
2016-10-17 3:54:51 413775244 114.273187 30.53797 114.27324 30.53804 1.9 209.6 12
2016-10-17 3:55:27 413775244 114.272827 30.53741 114.273187 30.53797 2.0 208.2 12
2016-10-17 3:56:02 413775244 114.272587 30.53708 114.272827 30.53741 2.1 213.2 12
2016-10-17 3:56:35 413775244 114.272413 30.53684 114.272587 30.53708 2.0 213.5 12
2016-10-17 3:56:53 413775244 114.27228 30.536667 114.272413 30.53684 2.1 210.9 12
2016-10-17 3:57:30 413775244 114.272107 30.53643 114.27228 30.536667 1.8 212.3 12
2016-10-17 3:58:29 413775244 114.271733 30.53584 114.272107 30.53643 2.4 207.9 12
2016-10-17 3:58:46 413775244 114.2716 30.535623 114.271733 30.53584 2.6 211.2 12
2016-10-17 3:59:03 413775244 114.271467 30.53546 114.2716 30.535623 2.7 212.7 12
2016-10-17 3:59:44 413775244 114.271187 30.5351 114.271467 30.53546 2.8 215.7 12
2016-10-17 4:01:10 413775244 114.270253 30.534103 114.271187 30.5351 2.9 219.4 12
2016-10-17 4:02:20 413775244 114.26968 30.53342 114.270253 30.534103 2.8 214.6 12
2016-10-17 4:02:58 413775244 114.26944 30.53307 114.26968 30.53342 2.8 206.8 12
2016-10-17 4:03:17 413775244 114.269227 30.53266 114.26944 30.53307 2.9 200.5 12
2016-10-17 4:03:33 413775244 114.269133 30.53241 114.269227 30.53266 3.0 199.8 12
2016-10-17 4:04:12 413775244 114.268867 30.531933 114.269133 30.53241 3.0 207.4 12
2016-10-17 4:04:51 413775244 114.268693 30.531657 114.268867 30.531933 3.1 211.1 12
2016-10-17 4:05:11 413775244 114.268413 30.531273 114.268693 30.531657 3.2 214.8 12
2016-10-17 4:06:04 413775244 114.26784 30.530643 114.268413 30.531273 3.3 216.9 12
2016-10-17 4:06:21 413775244 114.267653 30.530413 114.26784 30.530643 3.3 215.0 12
2016-10-17 4:06:41 413775244 114.267427 30.530137 114.267653 30.530413 3.3 215.4 12
2016-10-17 4:06:57 413775244 114.267227 30.529873 114.267427 30.530137 3.3 210.3 12
2016-10-17 4:07:16 413775244 114.267053 30.529617 114.267227 30.529873 3.3 209.1 12
2016-10-17 4:08:09 413775244 114.26668 30.529053 114.267053 30.529617 3.3 210.1 12
2016-10-17 4:08:25 413775244 114.266413 30.52869 114.26668 30.529053 3.3 216.4 12
2016-10-17 4:09:27 413775244 114.265973 30.528183 114.266413 30.52869 3.3 216.1 12
2016-10-17 4:10:02 413775244 114.265453 30.52761 114.265973 30.528183 3.2 217.3 12
2016-10-17 4:10:42 413775244 114.265013 30.52711 114.265453 30.52761 3.2 217.1 12
2016-10-17 4:11:16 413775244 114.26472 30.526757 114.265013 30.52711 3.2 214.8 12
2016-10-17 4:12:14 413775244 114.264133 30.526077 114.26472 30.526757 3.2 216.9 12
2016-10-17 4:12:52 413775244 114.2638 30.525707 114.264133 30.526077 3.2 219.0 12
2016-10-17 4:15:02 413775244 114.262267 30.524037 114.2638 30.525707 3.2 217.1 12
2016-10-17 4:16:19 413775244 114.261493 30.52307 114.262267 30.524037 3.2 211.8 12
2016-10-17 4:16:59 413775244 114.261107 30.52255 114.261493 30.52307 3.2 213.1 12
2016-10-17 4:17:36 413775244 114.26084 30.52219 114.261107 30.52255 3.2 213.7 12
2016-10-17 4:18:14 413775244 114.26052 30.52178 114.26084 30.52219 3.1 212.6 12
2016-10-17 4:18:52 413775244 114.26008 30.521133 114.26052 30.52178 3.2 209.8 12
2016-10-17 4:19:16 413775244 114.259907 30.520887 114.26008 30.521133 3.1 209.6 12
2016-10-17 4:20:54 413775244 114.25904 30.51978 114.259907 30.520887 3.1 217.6 12
2016-10-17 4:21:14 413775244 114.258747 30.519417 114.25904 30.51978 3.1 212.1 12
2016-10-17 4:22:09 413775244 114.25828 30.518687 114.258747 30.519417 3.1 204.7 12
2016-10-17 4:22:28 413775244 114.258133 30.518407 114.25828 30.518687 3.1 205.4 12
2016-10-17 4:23:10 413775244 114.257973 30.51813 114.258133 30.518407 3.1 207.9 12
2016-10-17 4:23:28 413775244 114.257627 30.517613 114.257973 30.51813 3.1 210.2 12
2016-10-17 4:24:01 413775244 114.2574 30.517247 114.257627 30.517613 3.1 208.5 12
2016-10-17 4:24:20 413775244 114.257253 30.51702 114.2574 30.517247 3.1 210.3 12
2016-10-17 4:25:13 413775244 114.25688 30.51651 114.257253 30.51702 3.1 213.2 12
2016-10-17 4:25:55 413775244 114.25644 30.51586 114.25688 30.51651 3.2 210.9 12
2016-10-17 4:26:13 413775244 114.256253 30.515617 114.25644 30.51586 3.2 211.6 12
2016-10-17 4:26:51 413775244 114.25596 30.515217 114.256253 30.515617 3.2 215.3 12
2016-10-17 4:27:28 413775244 114.255493 30.514753 114.25596 30.515217 3.3 222.3 12
2016-10-17 4:28:26 413775244 114.254773 30.514063 114.255493 30.514753 3.2 224.6 12
2016-10-17 4:29:25 413775244 114.254147 30.513513 114.254773 30.514063 3.3 221.5 12
2016-10-17 4:29:58 413775244 114.25368 30.513043 114.254147 30.513513 3.3 221.6 12
2016-10-17 4:31:16 413775244 114.25272 30.512103 0.0 2.0 3.4 219.1 12
2016-10-17 4:32:28 413775244 114.251893 30.51125 114.25272 30.512103 3.4 219.8 12
2016-10-17 4:33:39 413775244 114.250933 30.510263 114.251893 30.51125 3.5 218.9 12
2016-10-17 4:34:36 413775244 114.25032 30.509633 114.250933 30.510263 3.6 220.1 12
2016-10-17 4:34:56 413775244 114.250053 30.50934 114.25032 30.509633 3.6 217.6 12
2016-10-17 4:35:12 413775244 114.249827 30.50907 114.250053 30.50934 3.6 217.1 12
2016-10-17 4:35:34 413775244 114.249613 30.508813 114.249827 30.50907 3.6 215.2 12
2016-10-17 4:36:27 413775244 114.249013 30.50808 114.249613 30.508813 3.7 213.5 12
2016-10-17 4:37:21 413775244 114.24836 30.507253 114.249013 30.50808 3.8 213.4 12
2016-10-17 4:38:05 413775244 114.247987 30.506767 114.24836 30.507253 3.8 214.8 12
2016-10-17 4:39:18 413775244 114.24708 30.50558 114.247987 30.506767 3.9 212.9 12
2016-10-17 4:39:56 413775244 114.246707 30.50514 114.24708 30.50558 3.9 217.3 12
2016-10-17 4:40:14 413775244 114.24628 30.504663 114.246707 30.50514 3.9 217.5 12
2016-10-17 4:41:50 413775244 114.24524 30.50336 114.24628 30.504663 3.9 216.7 12
2016-10-17 4:42:09 413775244 114.244947 30.503023 114.24524 30.50336 3.9 217.5 12
2016-10-17 4:43:06 413775244 114.244373 30.50231 114.244947 30.503023 3.9 214.3 12
2016-10-17 4:43:41 413775244 114.243893 30.50173 114.244373 30.50231 3.9 215.7 12
2016-10-17 4:43:58 413775244 114.243533 30.501303 114.243893 30.50173 3.9 216.6 12
2016-10-17 4:44:20 413775244 114.24328 30.500983 114.243533 30.501303 3.9 215.1 12
2016-10-17 4:44:55 413775244 114.243013 30.500663 114.24328 30.500983 3.9 214.5 12
2016-10-17 4:45:11 413775244 114.242653 30.50018 114.243013 30.500663 3.9 210.6 12
2016-10-17 4:46:09 413775244 114.24212 30.49941 114.242653 30.50018 3.8 211.7 12
2016-10-17 4:46:28 413775244 114.241893 30.49908 114.24212 30.49941 3.7 210.7 12
2016-10-17 4:48:59 413775244 114.240707 30.496973 114.241893 30.49908 2.9 203.9 12
2016-10-17 4:49:43 413775244 114.24044 30.49643 114.240707 30.496973 2.8 202.1 12
2016-10-17 4:50:22 413775244 114.24024 30.49597 114.24044 30.49643 2.7 199.6 12
2016-10-17 4:51:43 413775244 114.23976 30.495143 114.24024 30.49597 2.3 213.4 12
2016-10-17 4:53:22 413775244 114.23904 30.494263 114.23976 30.495143 2.5 212.7 12
2016-10-17 4:54:14 413775244 114.2386 30.493643 114.23904 30.494263 2.6 211.9 12
2016-10-17 4:54:35 413775244 114.23844 30.49345 114.2386 30.493643 2.6 214.4 12
2016-10-17 4:55:30 413775244 114.23796 30.492903 114.23844 30.49345 2.8 214.0 12
2016-10-17 4:55:54 413775244 114.237827 30.492703 114.23796 30.492903 2.8 212.3 12
2016-10-17 4:56:15 413775244 114.23756 30.49237 114.237827 30.492703 2.8 212.3 12
2016-10-17 4:57:33 413775244 114.237013 30.491663 114.23756 30.49237 2.9 217.6 12
2016-10-17 4:59:28 413775244 114.235893 30.490437 114.237013 30.491663 2.6 222.7 12
2016-10-17 5:00:12 413775244 114.235493 30.48992 114.235893 30.490437 2.3 213.3 12
2016-10-17 5:01:30 413775244 114.234947 30.489273 114.235493 30.48992 2.1 210.9 12
2016-10-17 5:01:48 413775244 114.234813 30.489087 114.234947 30.489273 2.3 211.2 12
2016-10-17 5:02:28 413775244 114.234627 30.48882 114.234813 30.489087 2.4 211.3 12
2016-10-17 5:03:20 413775244 114.234227 30.488197 114.234627 30.48882 2.7 209.0 12
2016-10-17 5:06:08 413775244 114.23276 30.486083 114.234227 30.488197 3.2 219.3 12
2016-10-17 5:07:08 413775244 114.232173 30.48551 114.23276 30.486083 3.3 222.0 12
2016-10-17 5:08:05 413775244 114.231547 30.48492 114.232173 30.48551 3.3 222.0 12
2016-10-17 5:09:28 413775244 114.230253 30.483837 114.231547 30.48492 3.4 226.3 12
2016-10-17 5:10:09 413775244 114.229747 30.48336 114.230253 30.483837 3.3 220.8 12
2016-10-17 5:11:27 413775244 114.228973 30.48256 114.229747 30.48336 3.2 221.9 12
2016-10-17 5:12:02 413775244 114.228573 30.48221 114.228973 30.48256 3.3 225.2 12
2016-10-17 5:12:43 413775244 114.228027 30.48177 114.228573 30.48221 3.2 229.1 12
2016-10-17 5:13:19 413775244 114.227453 30.48131 114.228027 30.48177 3.1 222.6 12
2016-10-17 5:14:36 413775244 114.22656 30.480453 114.227453 30.48131 3.0 220.3 12
2016-10-17 5:15:57 413775244 114.225853 30.4797 114.22656 30.480453 2.9 216.4 12
2016-10-17 5:17:18 413775244 114.224987 30.478687 114.225853 30.4797 3.0 214.2 12
2016-10-17 5:18:00 413775244 114.22464 30.478203 114.224987 30.478687 2.9 210.5 12
2016-10-17 5:19:19 413775244 114.224 30.477377 114.22464 30.478203 2.9 215.6 12
2016-10-17 5:23:19 413775244 114.221653 30.47492 114.224 30.477377 2.8 225.4 12
2016-10-17 5:26:32 413775244 114.219613 30.472893 114.221653 30.47492 2.9 222.4 12
2016-10-17 5:28:52 413775244 114.218067 30.47148 114.219613 30.472893 3.0 222.9 12
2016-10-17 5:29:54 413775244 114.217387 30.470823 114.218067 30.47148 3.0 222.1 12
2016-10-17 5:30:31 413775244 114.216933 30.470397 114.217387 30.470823 3.0 222.6 12
2016-10-17 5:31:17 413775244 114.216467 30.47004 114.216933 30.470397 2.9 227.7 12
2016-10-17 5:32:15 413775244 114.21572 30.469453 114.216467 30.47004 3.0 229.4 12
2016-10-17 5:36:00 413775244 114.213187 30.46716 114.21572 30.469453 3.1 221.4 12
2016-10-17 5:40:12 413775244 114.210453 30.46464 114.213187 30.46716 2.9 229.0 12
2016-10-17 5:40:52 413775244 114.210027 30.46426 114.210453 30.46464 2.8 222.5 12
2016-10-17 5:41:11 413775244 114.209667 30.463953 114.210027 30.46426 2.7 225.4 12
2016-10-17 5:41:31 413775244 114.209467 30.463773 114.209667 30.463953 2.8 221.2 12
2016-10-17 5:41:49 413775244 114.209293 30.463573 114.209467 30.463773 2.8 218.5 12
2016-10-17 5:42:29 413775244 114.208893 30.463193 114.209293 30.463573 2.7 224.3 12
2016-10-17 5:45:33 413775244 114.207187 30.461553 114.208893 30.463193 2.6 210.7 12
2016-10-17 5:46:36 413775244 114.20672 30.460757 114.207187 30.461553 2.6 207.9 12
2016-10-17 5:48:02 413775244 114.206067 30.460003 114.20672 30.460757 2.5 221.1 12
2016-10-17 5:49:45 413775244 114.205253 30.458983 114.206067 30.460003 2.5 217.6 12
2016-10-17 5:50:29 413775244 114.204907 30.45864 114.205253 30.458983 2.5 225.1 12
2016-10-17 5:51:52 413775244 114.204267 30.45804 114.204907 30.45864 2.5 223.7 12
2016-10-17 5:52:32 413775244 114.203827 30.45767 114.204267 30.45804 2.6 227.1 12
2016-10-17 5:53:20 413775244 114.203213 30.457173 114.203827 30.45767 2.8 225.2 12
2016-10-17 5:55:46 413775244 114.201693 30.455963 114.203213 30.457173 3.0 224.9 12
2016-10-17 5:59:41 413775244 114.198747 30.453287 114.201693 30.455963 3.5 222.4 12
2016-10-17 6:00:21 413775244 114.198253 30.45278 114.198747 30.453287 3.6 221.1 12
2016-10-17 6:01:05 413775244 114.197747 30.452247 114.198253 30.45278 3.6 219.7 12
2016-10-17 6:18:06 413775244 114.185173 30.437 114.185307 30.437193 3.9 207.6 12
2016-10-17 6:20:45 413775244 114.183547 30.434183 114.185173 30.437 3.9 204.5 12
2016-10-17 6:21:29 413775244 114.183307 30.433693 114.183547 30.434183 3.9 202.8 12
2016-10-17 6:22:35 413775244 114.18264 30.432327 114.183307 30.433693 3.7 206.0 12
2016-10-17 6:23:24 413775244 114.182253 30.43167 114.18264 30.432327 3.7 206.2 12
2016-10-17 6:28:02 413775244 114.179613 30.42756 114.182253 30.43167 3.7 207.2 12
2016-10-17 6:35:02 413775244 114.176707 30.421233 114.176707 30.421233 3.9 196.9 12
2016-10-17 6:37:48 413775244 114.175133 30.417313 114.176707 30.421233 4.0 200.5 12
2016-10-17 6:40:40 413775244 114.173813 30.414437 114.175133 30.417313 4.0 203.7 12
2016-10-17 6:55:27 413775244 114.165053 30.39941 114.165427 30.400067 4.0 206.5 12
2016-10-17 7:07:45 413775244 114.155133 30.38954 114.1558 30.38994 3.9 234.2 12
2016-10-17 7:11:58 413775244 114.151533 30.386727 114.155133 30.38954 3.9 224.5 12
2016-10-17 7:14:17 413775244 114.149267 30.384747 114.151533 30.386727 4.1 227.0 12
2016-10-17 7:28:51 413775244 114.137 30.371897 114.139427 30.374837 3.8 218.6 12
