2016-10-24 0:00:44 413804014 114.526423 30.684777 114.526425 30.684778 0.0 15.2 15
2016-10-24 0:04:38 413804014 114.526418 30.684795 114.526423 30.684777 0.0 2.4 2
2016-10-24 0:08:49 413804014 114.526425 30.6848 114.526418 30.684795 0.1 19.2 19
2016-10-24 0:12:40 413804014 114.526427 30.684793 114.526425 30.6848 0.0 256.6 256
2016-10-24 0:16:45 413804014 114.526412 30.68479 114.526427 30.684793 0.0 270.0 270
2016-10-24 0:17:48 413804014 114.526417 30.6848 114.526412 30.68479 0.0 65.7 65
2016-10-24 0:21:55 413804014 114.526427 30.684802 114.526417 30.6848 0.0 24.9 24
2016-10-24 0:25:57 413804014 114.52642 30.684778 114.526427 30.684802 0.0 114.1 114
2016-10-24 0:30:03 413804014 114.526427 30.684803 114.52642 30.684778 0.1 92.6 92
2016-10-24 0:33:59 413804014 114.526405 30.684792 114.526427 30.684803 0.1 219.9 219
2016-10-24 0:38:00 413804014 114.5264 30.684782 114.526405 30.684792 0.0 79.3 79
2016-10-24 0:41:56 413804014 114.526368 30.684797 114.5264 30.684782 0.0 241.1 241
2016-10-24 0:46:07 413804014 114.526387 30.6848 114.526368 30.684797 0.0 31.2 31
2016-10-24 0:50:10 413804014 114.526398 30.684792 114.526387 30.6848 0.0 109.3 109
2016-10-24 0:54:10 413804014 114.526387 30.684792 114.526398 30.684792 0.1 269.1 269
2016-10-24 0:58:35 413804014 114.526345 30.684797 114.526387 30.684792 0.0 294.7 294
2016-10-24 1:02:30 413804014 114.52635 30.684802 114.526345 30.684797 0.0 327.1 327
2016-10-24 1:06:14 413804014 114.526368 30.684775 114.52635 30.684802 0.0 252.6 252
2016-10-24 1:10:34 413804014 114.526357 30.684777 114.526368 30.684775 0.0 346.4 346
2016-10-24 1:14:19 413804014 114.52637 30.684762 114.526357 30.684777 0.1 31.4 31
2016-10-24 1:18:39 413804014 114.526387 30.684787 114.52637 30.684762 0.1 195.1 195
2016-10-24 1:22:29 413804014 114.526418 30.684778 114.526387 30.684787 0.1 2.2 2
2016-10-24 1:26:31 413804014 114.526387 30.684785 114.526418 30.684778 0.1 144.8 144
2016-10-24 1:30:30 413804014 114.526402 30.684795 114.526387 30.684785 0.0 204.1 204
2016-10-24 1:34:06 413804014 114.52637 30.684773 114.526402 30.684795 0.0 347.7 347
2016-10-24 1:38:24 413804014 114.526395 30.684753 114.52637 30.684773 0.0 77.7 77
2016-10-24 1:42:10 413804014 114.526382 30.684772 114.526395 30.684753 0.1 338.3 338
2016-10-24 1:46:17 413804014 114.526415 30.684795 114.526382 30.684772 0.1 44.0 44
2016-10-24 1:50:17 413804014 114.526408 30.6848 114.526415 30.684795 0.0 325.2 325
2016-10-24 1:54:26 413804014 114.526403 30.684807 114.526408 30.6848 0.1 19.2 19
2016-10-24 1:58:27 413804014 114.526395 30.684792 114.526403 30.684807 0.0 157.1 157
2016-10-24 2:02:35 413804014 114.526402 30.684802 114.526395 30.684792 0.0 72.9 72
2016-10-24 2:06:37 413804014 114.526418 30.684822 114.526402 30.684802 0.0 85.9 85
2016-10-24 2:10:36 413804014 114.526412 30.684813 114.526418 30.684822 0.0 148.9 148
2016-10-24 2:14:46 413804014 114.526417 30.684798 114.526412 30.684813 0.0 117.1 117
2016-10-24 2:18:45 413804014 114.526402 30.684792 114.526417 30.684798 0.1 83.0 83
2016-10-24 2:22:45 413804014 114.526402 30.684792 114.526402 30.684792 0.1 83.0 83
2016-10-24 2:26:50 413804014 114.526415 30.684788 114.526402 30.684792 0.0 1.2 1
2016-10-24 2:31:01 413804014 114.526407 30.68478 114.526415 30.684788 0.0 288.3 288
2016-10-24 2:35:10 413804014 114.526403 30.68479 114.526407 30.68478 0.1 64.2 64
2016-10-24 2:39:03 413804014 114.526395 30.684787 114.526403 30.68479 0.2 140.3 140
2016-10-24 2:43:17 413804014 114.52639 30.68478 114.526395 30.684787 0.1 305.8 305
2016-10-24 2:47:20 413804014 114.52639 30.684808 114.52639 30.68478 0.1 332.9 332
2016-10-24 2:51:20 413804014 114.526382 30.68479 114.52639 30.684808 0.0 185.6 185
2016-10-24 2:55:09 413804014 114.526385 30.68481 114.526382 30.68479 0.1 113.6 113
2016-10-24 2:59:18 413804014 114.526362 30.684843 114.526385 30.68481 0.0 291.6 291
2016-10-24 3:03:18 413804014 114.526425 30.6848 114.526362 30.684843 0.0 92.3 92
2016-10-24 3:15:12 413804014 114.52642 30.684798 114.526403 30.68481 0.0 151.0 151
2016-10-24 3:19:21 413804014 114.526413 30.6848 114.52642 30.684798 0.0 12.3 12
2016-10-24 3:23:35 413804014 114.526385 30.684775 114.526413 30.6848 0.0 242.0 242
2016-10-24 3:27:28 413804014 114.526403 30.684793 114.526385 30.684775 0.0 308.3 308
2016-10-24 3:31:45 413804014 114.526405 30.684812 114.526403 30.684793 0.0 324.4 324
2016-10-24 3:35:31 413804014 114.52641 30.684803 114.526405 30.684812 0.0 153.1 153
2016-10-24 3:39:40 413804014 114.526407 30.6848 114.52641 30.684803 0.0 319.2 319
2016-10-24 3:42:32 413804014 114.526402 30.684795 114.526407 30.6848 0.1 3.6 3
2016-10-24 3:46:19 413804014 114.52644 30.684782 114.526402 30.684795 0.0 306.7 306
2016-10-24 3:50:35 413804014 114.526423 30.684787 114.52644 30.684782 0.0 294.0 294
2016-10-24 3:54:17 413804014 114.526418 30.68479 114.526423 30.684787 0.1 111.6 111
2016-10-24 3:58:29 413804014 114.526397 30.684812 114.526418 30.68479 0.1 38.0 38
2016-10-24 4:02:17 413804014 114.526393 30.68482 114.526397 30.684812 0.1 148.2 148
2016-10-24 4:06:29 413804014 114.526387 30.68483 114.526393 30.68482 0.0 248.2 248
2016-10-24 4:10:36 413804014 114.526377 30.68483 114.526387 30.68483 0.0 207.6 207
2016-10-24 4:14:25 413804014 114.526385 30.684823 114.526377 30.68483 0.1 172.1 172
2016-10-24 4:18:25 413804014 114.526385 30.684823 114.526385 30.684823 0.1 172.1 172
2016-10-24 4:22:41 413804014 114.526365 30.684792 114.526385 30.684823 0.1 260.0 260
2016-10-24 4:26:32 413804014 114.526433 30.684798 114.526365 30.684792 0.0 169.4 169
2016-10-24 4:30:36 413804014 114.526422 30.6848 114.526433 30.684798 0.1 33.9 33
2016-10-24 4:34:54 413804014 114.526378 30.68479 114.526422 30.6848 0.0 94.9 94
2016-10-24 4:38:46 413804014 114.52637 30.68478 114.526378 30.68479 0.0 160.8 160
2016-10-24 4:42:47 413804014 114.52637 30.684785 114.52637 30.68478 0.1 139.3 139
2016-10-24 4:54:56 413804014 114.526367 30.684778 114.526375 30.684772 0.0 41.5 41
2016-10-24 4:59:03 413804014 114.526377 30.684777 114.526367 30.684778 0.2 179.5 179
2016-10-24 5:03:21 413804014 114.526348 30.684775 114.526377 30.684777 0.1 19.5 19
2016-10-24 5:07:19 413804014 114.526358 30.684775 114.526348 30.684775 0.0 295.8 295
2016-10-24 5:11:31 413804014 114.526378 30.684788 114.526358 30.684775 0.1 39.3 39
2016-10-24 5:15:24 413804014 114.526378 30.684763 114.526378 30.684788 0.1 124.3 124
2016-10-24 5:19:35 413804014 114.526382 30.684762 114.526378 30.684763 0.1 350.4 350
2016-10-24 5:23:29 413804014 114.526393 30.684787 114.526382 30.684762 0.0 195.8 195
2016-10-24 5:27:32 413804014 114.526393 30.684778 114.526393 30.684787 0.1 57.4 57
2016-10-24 5:31:56 413804014 114.526398 30.68476 114.526393 30.684778 0.0 142.5 142
2016-10-24 5:35:31 413804014 114.526372 30.68477 114.526398 30.68476 0.1 252.2 252
2016-10-24 5:39:42 413804014 114.526375 30.684767 114.526372 30.68477 0.1 272.0 272
2016-10-24 5:43:54 413804014 114.526382 30.684778 114.526375 30.684767 0.1 29.6 29
2016-10-24 5:47:37 413804014 114.526397 30.684762 114.526382 30.684778 0.0 141.6 141
2016-10-24 5:52:00 413804014 114.526393 30.684775 114.526397 30.684762 0.1 253.0 253
2016-10-24 5:56:14 413804014 114.52639 30.684805 114.526393 30.684775 0.0 114.2 114
2016-10-24 6:00:14 413804014 114.526397 30.68477 114.52639 30.684805 0.1 182.3 182
2016-10-24 6:04:09 413804014 114.526417 30.68479 114.526397 30.68477 0.1 141.1 141
2016-10-24 6:16:08 413804014 114.526383 30.684802 114.526382 30.684792 0.1 92.2 92
2016-10-24 6:20:11 413804014 114.526392 30.684792 114.526383 30.684802 0.0 355.7 355
2016-10-24 6:24:13 413804014 114.526383 30.684778 114.526392 30.684792 0.1 241.0 241
2016-10-24 6:28:10 413804014 114.526398 30.684785 114.526383 30.684778 0.1 100.3 100
2016-10-24 6:40:45 413804014 114.526403 30.684772 114.526393 30.684783 0.0 240.3 240
2016-10-24 6:44:30 413804014 114.52641 30.684778 114.526403 30.684772 0.0 260.2 260
2016-10-24 6:48:38 413804014 114.526407 30.684755 114.52641 30.684778 0.0 102.5 102
2016-10-24 6:52:48 413804014 114.526405 30.684757 114.526407 30.684755 0.0 291.8 291
2016-10-24 6:56:49 413804014 114.526407 30.684793 114.526405 30.684757 0.1 18.9 18
2016-10-24 7:00:46 413804014 114.526403 30.684778 114.526407 30.684793 0.0 197.0 197
2016-10-24 7:04:53 413804014 114.52641 30.684795 114.526403 30.684778 0.0 44.4 44
2016-10-24 7:08:55 413804014 114.5264 30.684798 114.52641 30.684795 0.0 190.7 190
2016-10-24 7:12:51 413804014 114.526407 30.6848 114.5264 30.684798 0.2 353.6 353
2016-10-24 7:17:14 413804014 114.526397 30.684817 114.526407 30.6848 0.1 199.1 199
2016-10-24 7:21:06 413804014 114.526375 30.684775 114.526397 30.684817 0.0 76.4 76
2016-10-24 7:25:09 413804014 114.526378 30.684775 114.526375 30.684775 0.1 264.8 264
2016-10-24 7:33:04 413804014 114.526393 30.684765 114.526393 30.684765 0.0 95.1 95
2016-10-24 7:37:10 413804014 114.526398 30.684738 114.526393 30.684765 0.1 186.0 186
2016-10-24 7:41:29 413804014 114.526388 30.684733 114.526398 30.684738 0.0 311.6 311
2016-10-24 7:45:44 413804014 114.526385 30.684733 114.526388 30.684733 0.0 265.6 265
2016-10-24 7:49:18 413804014 114.526372 30.68472 114.526385 30.684733 0.0 101.4 101
2016-10-24 7:53:22 413804014 114.526367 30.684747 114.526372 30.68472 0.0 152.4 152
2016-10-24 7:57:21 413804014 114.526427 30.684785 114.526367 30.684747 0.1 97.0 97
2016-10-24 8:09:35 413804014 114.526435 30.684797 114.526402 30.684845 0.1 173.1 173
2016-10-24 8:13:41 413804014 114.526438 30.684782 114.526435 30.684797 0.2 205.8 205
2016-10-24 8:18:16 413804014 114.526447 30.684753 114.526438 30.684782 0.0 274.9 274
2016-10-24 8:21:48 413804014 114.526448 30.684737 114.526447 30.684753 0.0 67.6 67
2016-10-24 8:24:30 413804014 114.526448 30.68475 114.526448 30.684737 0.1 312.3 312
2016-10-24 8:28:34 413804014 114.526402 30.684745 114.526448 30.68475 0.1 312.5 312
2016-10-24 8:32:38 413804014 114.52642 30.684738 114.526402 30.684745 0.1 229.3 229
2016-10-24 8:36:29 413804014 114.526405 30.684735 114.52642 30.684738 0.1 212.5 212
2016-10-24 8:40:31 413804014 114.526423 30.684755 114.526405 30.684735 0.1 312.4 312
2016-10-24 8:44:33 413804014 114.526417 30.684755 114.526423 30.684755 0.0 65.6 65
2016-10-24 8:48:36 413804014 114.526388 30.684778 114.526417 30.684755 0.0 82.2 82
2016-10-24 8:53:04 413804014 114.526402 30.684757 114.526388 30.684778 0.1 234.2 234
2016-10-24 8:56:58 413804014 114.526417 30.684752 114.526402 30.684757 0.1 103.0 103
2016-10-24 9:01:05 413804014 114.526397 30.684763 114.526417 30.684752 0.0 309.2 309
2016-10-24 9:04:59 413804014 114.526403 30.68475 114.526397 30.684763 0.1 38.5 38
2016-10-24 9:08:56 413804014 114.526403 30.684732 114.526403 30.68475 0.0 90.7 90
2016-10-24 9:13:30 413804014 114.526407 30.68475 114.526403 30.684732 0.1 61.3 61
2016-10-24 9:17:37 413804014 114.526397 30.68475 114.526407 30.68475 0.0 54.4 54
2016-10-24 9:21:20 413804014 114.526392 30.684742 114.526397 30.68475 0.0 207.3 207
2016-10-24 9:25:43 413804014 114.526387 30.684753 114.526392 30.684742 0.1 245.3 245
2016-10-24 9:29:38 413804014 114.526402 30.68477 114.526387 30.684753 0.0 115.1 115
2016-10-24 9:33:32 413804014 114.526388 30.684767 114.526402 30.68477 0.1 252.9 252
2016-10-24 9:37:47 413804014 114.526378 30.68477 114.526388 30.684767 0.1 86.2 86
2016-10-24 9:41:37 413804014 114.52642 30.684763 114.526378 30.68477 0.0 126.1 126
2016-10-24 9:45:39 413804014 114.526432 30.684778 114.52642 30.684763 0.1 79.9 79
2016-10-24 9:49:34 413804014 114.52643 30.68477 114.526432 30.684778 0.0 86.3 86
2016-10-24 9:53:45 413804014 114.526423 30.68478 114.52643 30.68477 0.0 339.9 339
2016-10-24 9:57:46 413804014 114.526417 30.684775 114.526423 30.68478 0.0 36.3 36
2016-10-24 9:59:22 413804014 114.526423 30.68477 114.526417 30.684775 0.1 189.6 189
2016-10-24 10:03:09 413804014 114.526423 30.68477 114.526423 30.68477 0.1 189.6 189
2016-10-24 10:07:33 413804014 114.526437 30.684773 114.526423 30.68477 0.1 17.7 17
2016-10-24 10:11:28 413804014 114.52641 30.684737 114.526437 30.684773 0.1 137.8 137
2016-10-24 10:15:26 413804014 114.52642 30.684728 114.52641 30.684737 0.1 209.4 209
2016-10-24 10:19:38 413804014 114.526417 30.684787 114.52642 30.684728 0.0 47.5 47
2016-10-24 10:23:42 413804014 114.526393 30.68478 114.526417 30.684787 0.1 158.3 158
2016-10-24 10:28:08 413804014 114.526393 30.68478 114.526393 30.68478 0.1 158.3 158
2016-10-24 10:31:46 413804014 114.526375 30.68475 114.526393 30.68478 0.0 157.2 157
2016-10-24 10:35:04 413804014 114.526362 30.684772 114.526375 30.68475 0.0 354.7 354
2016-10-24 10:39:12 413804014 114.526372 30.684772 114.526362 30.684772 0.1 139.4 139
2016-10-24 10:43:19 413804014 114.526397 30.684757 114.526372 30.684772 0.0 121.7 121
2016-10-24 10:47:28 413804014 114.52638 30.684743 114.526397 30.684757 0.1 20.4 20
2016-10-24 10:51:32 413804014 114.526388 30.684758 114.52638 30.684743 0.0 34.1 34
2016-10-24 10:55:27 413804014 114.52639 30.684773 114.526388 30.684758 0.1 64.9 64
2016-10-24 10:56:44 413804014 114.526388 30.684772 114.52639 30.684773 0.0 266.9 266
2016-10-24 11:01:22 413804014 114.526402 30.684763 114.526388 30.684772 0.0 101.7 101
2016-10-24 11:05:55 413804014 114.52639 30.684768 114.526402 30.684763 0.0 305.4 305
2016-10-24 11:09:45 413804014 114.526393 30.684782 114.52639 30.684768 0.0 201.7 201
2016-10-24 11:13:46 413804014 114.526383 30.684795 114.526393 30.684782 0.1 149.8 149
2016-10-24 11:18:05 413804014 114.526397 30.684805 114.526383 30.684795 0.1 235.3 235
2016-10-24 11:22:01 413804014 114.526405 30.68481 114.526397 30.684805 0.0 296.8 296
2016-10-24 11:26:07 413804014 114.52641 30.684805 114.526405 30.68481 0.0 102.6 102
2016-10-24 11:30:05 413804014 114.5264 30.6848 114.52641 30.684805 0.0 89.4 89
2016-10-24 11:33:45 413804014 114.526398 30.684808 114.5264 30.6848 0.0 163.2 163
2016-10-24 11:38:00 413804014 114.526403 30.684812 114.526398 30.684808 0.0 108.8 108
2016-10-24 11:42:02 413804014 114.526392 30.684818 114.526403 30.684812 0.0 209.1 209
2016-10-24 11:54:22 413804014 114.5264 30.68481 114.526387 30.684805 0.0 65.6 65
2016-10-24 11:58:12 413804014 114.526388 30.684817 114.5264 30.68481 0.1 260.3 260
2016-10-24 12:02:16 413804014 114.526373 30.684818 114.526388 30.684817 0.0 218.4 218
2016-10-24 12:06:45 413804014 114.526392 30.684837 114.526373 30.684818 0.0 203.6 203
2016-10-24 12:10:30 413804014 114.526393 30.684848 114.526392 30.684837 0.1 7.9 7
2016-10-24 12:14:27 413804014 114.526387 30.684798 114.526393 30.684848 0.0 87.3 87
2016-10-24 12:18:24 413804014 114.52641 30.684792 114.526387 30.684798 0.0 130.5 130
2016-10-24 12:22:17 413804014 114.526398 30.684808 114.52641 30.684792 0.1 48.9 48
2016-10-24 12:27:05 413804014 114.52638 30.68482 114.526398 30.684808 0.0 228.9 228
2016-10-24 12:30:35 413804014 114.526385 30.684765 114.52638 30.68482 0.1 153.3 153
2016-10-24 12:34:52 413804014 114.52627 30.684765 114.526385 30.684765 0.2 321.0 321
2016-10-24 12:38:55 413804014 114.526295 30.684832 114.52627 30.684765 0.1 35.5 35
2016-10-24 12:42:41 413804014 114.526292 30.684792 114.526295 30.684832 0.0 217.0 217
2016-10-24 12:47:01 413804014 114.526292 30.684818 114.526292 30.684792 0.1 46.5 46
2016-10-24 12:59:19 413804014 114.526267 30.684808 114.526275 30.684837 0.1 5.0 5
2016-10-24 13:03:07 413804014 114.526287 30.684837 114.526267 30.684808 0.2 32.1 32
2016-10-24 13:07:20 413804014 114.52628 30.684837 114.526287 30.684837 0.1 57.1 57
2016-10-24 13:11:20 413804014 114.526323 30.684845 114.52628 30.684837 0.1 80.4 80
2016-10-24 13:15:20 413804014 114.526293 30.684832 114.526323 30.684845 0.0 117.9 117
2016-10-24 13:19:08 413804014 114.526302 30.68483 114.526293 30.684832 0.0 240.4 240
2016-10-24 13:23:12 413804014 114.52629 30.684842 114.526302 30.68483 0.0 64.3 64
2016-10-24 13:27:17 413804014 114.526283 30.68484 114.52629 30.684842 0.1 275.9 275
2016-10-24 13:31:35 413804014 114.5263 30.684838 114.526283 30.68484 0.1 23.5 23
2016-10-24 13:35:36 413804014 114.526285 30.684847 114.5263 30.684838 0.0 157.4 157
2016-10-24 13:40:03 413804014 114.526307 30.68485 114.526285 30.684847 0.1 78.9 78
2016-10-24 13:43:19 413804014 114.526308 30.684845 114.526307 30.68485 0.0 291.9 291
2016-10-24 13:47:50 413804014 114.52631 30.684855 114.526308 30.684845 0.0 268.8 268
2016-10-24 13:51:34 413804014 114.526312 30.684873 114.52631 30.684855 0.0 338.7 338
2016-10-24 13:55:38 413804014 114.526308 30.684863 114.526312 30.684873 0.1 198.3 198
2016-10-24 13:59:20 413804014 114.52631 30.684892 114.526308 30.684863 0.0 63.2 63
2016-10-24 14:03:26 413804014 114.52632 30.68487 114.52631 30.684892 0.0 154.6 154
2016-10-24 14:07:48 413804014 114.526317 30.684863 114.52632 30.68487 0.0 42.2 42
2016-10-24 14:11:35 413804014 114.526303 30.684848 114.526317 30.684863 0.0 256.6 256
2016-10-24 14:16:06 413804014 114.526337 30.68487 114.526303 30.684848 0.0 127.8 127
2016-10-24 14:20:07 413804014 114.526343 30.684862 114.526337 30.68487 0.0 226.0 226
2016-10-24 14:23:44 413804014 114.526342 30.68486 114.526343 30.684862 0.0 229.9 229
2016-10-24 14:26:28 413804014 114.526345 30.684862 114.526342 30.68486 0.0 31.0 31
2016-10-24 14:30:16 413804014 114.526335 30.684862 114.526345 30.684862 0.0 3.7 3
2016-10-24 14:34:31 413804014 114.52634 30.68487 114.526335 30.684862 0.0 106.1 106
2016-10-24 14:38:22 413804014 114.526337 30.684872 114.52634 30.68487 0.0 131.7 131
2016-10-24 14:42:33 413804014 114.526363 30.684862 114.526337 30.684872 0.0 27.3 27
2016-10-24 14:47:14 413804014 114.52639 30.684835 114.526363 30.684862 0.0 84.6 84
2016-10-24 14:50:39 413804014 114.526352 30.684862 114.52639 30.684835 0.0 352.2 352
2016-10-24 14:53:24 413804014 114.52636 30.684852 114.526352 30.684862 0.0 115.9 115
2016-10-24 14:57:23 413804014 114.526357 30.684845 114.52636 30.684852 0.0 58.2 58
2016-10-24 15:01:29 413804014 114.526337 30.684865 114.526357 30.684845 0.1 341.7 341
2016-10-24 15:05:34 413804014 114.526312 30.684872 114.526337 30.684865 0.1 194.3 194
2016-10-24 15:08:39 413804014 114.526317 30.684888 114.526312 30.684872 0.1 18.0 18
2016-10-24 15:13:08 413804014 114.52632 30.684872 114.526317 30.684888 0.1 132.8 132
2016-10-24 15:17:33 413804014 114.52632 30.684912 114.52632 30.684872 0.0 181.5 181
2016-10-24 15:21:16 413804014 114.526313 30.684862 114.52632 30.684912 0.0 151.8 151
2016-10-24 15:25:39 413804014 114.526307 30.684822 114.526313 30.684862 0.0 264.1 264
2016-10-24 15:27:14 413804014 114.526312 30.684823 114.526307 30.684822 0.0 293.1 293
2016-10-24 15:30:13 413804014 114.526298 30.684823 114.526312 30.684823 0.0 58.5 58
2016-10-24 15:34:27 413804014 114.526312 30.68484 114.526298 30.684823 0.0 245.1 245
2016-10-24 15:38:30 413804014 114.526308 30.684842 114.526312 30.68484 0.1 249.7 249
2016-10-24 15:41:19 413804014 114.526287 30.684848 114.526308 30.684842 0.0 310.9 310
2016-10-24 15:45:25 413804014 114.526285 30.684865 114.526287 30.684848 0.1 327.3 327
2016-10-24 15:49:27 413804014 114.526287 30.684858 114.526285 30.684865 0.0 170.9 170
2016-10-24 15:53:14 413804014 114.526287 30.684855 114.526287 30.684858 0.1 207.2 207
2016-10-24 15:57:38 413804014 114.526288 30.684863 114.526287 30.684855 0.0 336.4 336
2016-10-24 16:01:27 413804014 114.526282 30.684867 114.526288 30.684863 0.0 174.2 174
2016-10-24 16:05:29 413804014 114.526308 30.68482 114.526282 30.684867 0.1 190.4 190
2016-10-24 16:09:37 413804014 114.526327 30.684762 114.526308 30.68482 0.1 164.8 164
2016-10-24 16:13:58 413804014 114.526325 30.68479 114.526327 30.684762 0.0 323.8 323
2016-10-24 16:18:02 413804014 114.526325 30.684785 114.526325 30.68479 0.0 36.4 36
2016-10-24 16:21:51 413804014 114.52631 30.684832 114.526325 30.684785 0.1 343.0 343
2016-10-24 16:26:00 413804014 114.526308 30.684843 114.52631 30.684832 0.0 115.3 115
2016-10-24 16:30:00 413804014 114.526297 30.68483 114.526308 30.684843 0.1 74.2 74
2016-10-24 16:33:57 413804014 114.526302 30.684832 114.526297 30.68483 0.1 130.2 130
2016-10-24 16:37:56 413804014 114.5263 30.684815 114.526302 30.684832 0.1 210.2 210
2016-10-24 16:41:52 413804014 114.526297 30.684798 114.5263 30.684815 0.0 300.0 300
2016-10-24 16:46:20 413804014 114.526307 30.684787 114.526297 30.684798 0.0 97.4 97
2016-10-24 16:49:36 413804014 114.526303 30.684782 114.526307 30.684787 0.0 231.2 231
2016-10-24 16:53:22 413804014 114.52632 30.684797 114.526303 30.684782 0.0 105.3 105
2016-10-24 16:56:11 413804014 114.52632 30.684797 114.52632 30.684797 0.0 105.3 105
2016-10-24 16:59:15 413804014 114.526328 30.684792 114.52632 30.684797 0.0 119.4 119
2016-10-24 17:02:26 413804014 114.526322 30.684787 114.526328 30.684792 0.0 268.8 268
2016-10-24 17:05:37 413804014 114.526328 30.684797 114.526322 30.684787 0.0 226.3 226
2016-10-24 17:08:54 413804014 114.526332 30.684803 114.526328 30.684797 0.0 119.3 119
2016-10-24 17:11:35 413804014 114.526312 30.684822 114.526332 30.684803 0.1 290.5 290
2016-10-24 17:14:48 413804014 114.526305 30.68484 114.526312 30.684822 0.1 210.9 210
2016-10-24 17:18:00 413804014 114.526308 30.684848 114.526305 30.68484 0.1 170.6 170
2016-10-24 17:21:50 413804014 114.526305 30.68486 114.526308 30.684848 0.1 266.2 266
2016-10-24 17:25:43 413804014 114.526295 30.684853 114.526305 30.68486 0.0 226.4 226
2016-10-24 17:29:40 413804014 114.526282 30.684848 114.526295 30.684853 0.1 47.1 47
2016-10-24 17:32:52 413804014 114.526293 30.684813 114.526282 30.684848 0.0 136.8 136
2016-10-24 17:36:07 413804014 114.526317 30.684818 114.526293 30.684813 0.1 120.2 120
2016-10-24 17:38:48 413804014 114.526295 30.684773 114.526317 30.684818 0.1 248.5 248
2016-10-24 17:41:58 413804014 114.526302 30.684773 114.526295 30.684773 0.1 179.1 179
2016-10-24 17:44:58 413804014 114.526268 30.684815 114.526302 30.684773 0.0 271.9 271
2016-10-24 17:48:09 413804014 114.526262 30.68482 114.526268 30.684815 0.0 329.8 329
2016-10-24 17:51:09 413804014 114.526248 30.684802 114.526262 30.68482 0.1 160.8 160
2016-10-24 17:54:12 413804014 114.526258 30.68478 114.526248 30.684802 0.1 199.3 199
2016-10-24 17:57:25 413804014 114.526292 30.684807 114.526258 30.68478 0.1 96.4 96
2016-10-24 18:00:36 413804014 114.526292 30.684812 114.526292 30.684807 0.0 273.6 273
2016-10-24 18:03:40 413804014 114.526283 30.684792 114.526292 30.684812 0.1 204.8 204
2016-10-24 18:06:44 413804014 114.526288 30.684787 114.526283 30.684792 0.1 79.5 79
2016-10-24 18:09:32 413804014 114.52629 30.6848 114.526288 30.684787 0.0 321.4 321
2016-10-24 18:13:47 413804014 114.526302 30.684798 114.52629 30.6848 0.0 134.5 134
2016-10-24 18:20:38 413804014 114.526288 30.6848 114.526302 30.684798 0.0 223.4 223
2016-10-24 18:22:44 413804014 114.526297 30.684805 114.526288 30.6848 0.0 21.4 21
2016-10-24 18:25:59 413804014 114.526278 30.684837 114.526297 30.684805 0.0 67.0 67
2016-10-24 18:27:30 413804014 114.526278 30.68485 114.526278 30.684837 0.1 2.1 2
2016-10-24 18:31:15 413804014 114.526275 30.684848 114.526278 30.68485 0.0 262.4 262
2016-10-24 18:35:15 413804014 114.526297 30.684828 114.526275 30.684848 0.0 325.7 325
2016-10-24 18:39:49 413804014 114.526318 30.684808 114.526297 30.684828 0.0 290.6 290
2016-10-24 18:43:38 413804014 114.526303 30.684817 114.526318 30.684808 0.1 258.8 258
2016-10-24 18:47:29 413804014 114.526305 30.684817 114.526303 30.684817 0.0 116.7 116
2016-10-24 18:51:31 413804014 114.526308 30.684823 114.526305 30.684817 0.0 283.0 283
2016-10-24 18:55:30 413804014 114.526298 30.68482 114.526308 30.684823 0.0 331.4 331
2016-10-24 18:59:34 413804014 114.526287 30.684828 114.526298 30.68482 0.0 25.1 25
2016-10-24 19:03:35 413804014 114.526157 30.68483 114.526287 30.684828 0.1 297.4 297
2016-10-24 19:07:46 413804014 114.52619 30.684858 114.526157 30.68483 0.1 206.8 206
2016-10-24 19:11:58 413804014 114.526188 30.684857 114.52619 30.684858 0.0 203.4 203
2016-10-24 19:15:56 413804014 114.526182 30.684872 114.526188 30.684857 0.0 146.5 146
2016-10-24 19:19:49 413804014 114.526183 30.684872 114.526182 30.684872 0.0 82.0 82
2016-10-24 19:23:50 413804014 114.526178 30.68486 114.526183 30.684872 0.1 31.8 31
2016-10-24 19:27:50 413804014 114.526185 30.684873 114.526178 30.68486 0.0 51.4 51
2016-10-24 19:35:59 413804014 114.52616 30.684852 114.52616 30.684852 0.1 149.9 149
2016-10-24 19:40:13 413804014 114.526168 30.684865 114.52616 30.684852 0.0 193.3 193
2016-10-24 19:44:10 413804014 114.526172 30.684845 114.526168 30.684865 0.0 49.7 49
2016-10-24 19:46:37 413804014 114.526172 30.684838 114.526172 30.684845 0.1 147.9 147
2016-10-24 19:50:17 413804014 114.526182 30.68484 114.526172 30.684838 0.0 282.6 282
2016-10-24 20:02:25 413804014 114.526185 30.68484 114.526182 30.684832 0.0 32.4 32
2016-10-24 20:06:29 413804014 114.526213 30.684833 114.526185 30.68484 0.0 95.6 95
2016-10-24 20:10:51 413804014 114.526193 30.684845 114.526213 30.684833 0.0 187.2 187
2016-10-24 20:14:27 413804014 114.526207 30.684858 114.526193 30.684845 0.1 44.4 44
2016-10-24 20:18:52 413804014 114.5262 30.684868 114.526207 30.684858 0.1 208.5 208
2016-10-24 20:22:29 413804014 114.526198 30.684868 114.5262 30.684868 0.0 158.2 158
2016-10-24 20:26:52 413804014 114.526195 30.684862 114.526198 30.684868 0.0 201.9 201
2016-10-24 20:30:47 413804014 114.526215 30.684867 114.526195 30.684862 0.0 279.0 279
2016-10-24 20:34:53 413804014 114.526227 30.684867 114.526215 30.684867 0.0 151.9 151
2016-10-24 20:38:46 413804014 114.526227 30.684858 114.526227 30.684867 0.0 48.3 48
2016-10-24 20:43:12 413804014 114.526217 30.684845 114.526227 30.684858 0.0 71.0 71
2016-10-24 20:46:49 413804014 114.52622 30.68485 114.526217 30.684845 0.0 30.6 30
2016-10-24 20:51:17 413804014 114.526218 30.68485 114.52622 30.68485 0.0 10.1 10
2016-10-24 20:54:56 413804014 114.526218 30.684847 114.526218 30.68485 0.0 196.9 196
2016-10-24 20:59:09 413804014 114.526223 30.684852 114.526218 30.684847 0.1 30.0 30
2016-10-24 21:03:07 413804014 114.526222 30.684862 114.526223 30.684852 0.0 168.7 168
2016-10-24 21:07:21 413804014 114.526227 30.684857 114.526222 30.684862 0.1 229.4 229
2016-10-24 21:11:12 413804014 114.526303 30.68477 114.526227 30.684857 0.0 55.3 55
2016-10-24 21:15:23 413804014 114.526358 30.68469 114.526303 30.68477 0.3 24.8 24
2016-10-24 21:19:16 413804014 114.526387 30.684752 114.526358 30.68469 0.2 33.3 33
2016-10-24 21:23:28 413804014 114.526383 30.684782 114.526387 30.684752 0.0 317.0 317
2016-10-24 22:48:36 413804014 114.526395 30.68482 114.526405 30.68481 0.0 306.8 306
2016-10-24 23:59:49 413804014 114.526422 30.684778 114.52642 30.684762 0.0 305.0 305
