2016-10-22 2:18:42 413827084 114.278217 30.564795 114.274468 30.563152 6.9 48.9
2016-10-22 2:20:04 413827084 114.280873 30.566603 114.278217 30.564795 6.6 55.0
2016-10-22 2:20:37 413827084 114.281848 30.566968 114.280873 30.566603 6.8 70.3
2016-10-22 2:21:43 413827084 114.28438 30.56731 114.281848 30.566968 4.8 89.3
2016-10-22 2:21:59 413827084 114.284742 30.567325 114.28438 30.56731 4.4 93.8
2016-10-22 2:23:10 413827084 114.285957 30.567112 114.284742 30.567325 4.3 108.1
2016-10-22 2:24:01 413827084 114.287722 30.566892 114.285957 30.567112 6.3 83.5
2016-10-22 2:25:08 413827084 114.289817 30.567298 114.287722 30.566892 7.0 69.4
2016-10-22 2:25:40 413827084 114.290948 30.567682 114.289817 30.567298 7.2 64.5
2016-10-22 2:26:29 413827084 114.292912 30.568743 114.290948 30.567682 7.1 49.7
2016-10-22 2:27:05 413827084 114.29383 30.56942 114.292912 30.568743 7.2 51.8
2016-10-22 2:27:53 413827084 114.295157 30.570393 114.29383 30.56942 7.1 45.9
2016-10-22 2:28:12 413827084 114.295597 30.570765 114.295157 30.570393 7.1 45.3
2016-10-22 2:28:39 413827084 114.296323 30.571495 114.295597 30.570765 7.1 40.2
2016-10-22 2:29:14 413827084 114.297177 30.572247 114.296323 30.571495 7.3 35.3
2016-10-22 2:29:43 413827084 114.297847 30.573137 114.297177 30.572247 7.2 33.3
2016-10-22 2:30:18 413827084 114.29845 30.57398 114.297847 30.573137 7.1 39.9
2016-10-22 2:30:36 413827084 114.299133 30.574788 114.29845 30.57398 7.1 37.5
2016-10-22 2:31:19 413827084 114.299803 30.57561 114.299133 30.574788 7.2 33.8
2016-10-22 2:31:37 413827084 114.300493 30.576443 114.299803 30.57561 7.1 36.1
2016-10-22 2:32:03 413827084 114.301187 30.577305 114.300493 30.576443 7.3 30.9
2016-10-22 2:32:46 413827084 114.301782 30.578162 114.301187 30.577305 7.3 33.7
2016-10-22 2:33:19 413827084 114.302425 30.579017 114.301782 30.578162 7.4 35.4
2016-10-22 2:33:40 413827084 114.303092 30.579835 114.302425 30.579017 7.3 33.8
2016-10-22 2:33:58 413827084 114.303465 30.580323 114.303092 30.579835 7.4 36.8
2016-10-22 2:34:15 413827084 114.303807 30.58074 114.303465 30.580323 7.3 35.2
2016-10-22 2:34:53 413827084 114.304457 30.58157 114.303807 30.58074 7.4 34.5
2016-10-22 2:35:10 413827084 114.305108 30.582433 114.304457 30.58157 7.2 32.3
2016-10-22 2:35:42 413827084 114.305718 30.58335 114.305108 30.582433 7.4 28.4
2016-10-22 2:36:06 413827084 114.306297 30.584217 114.305718 30.58335 7.4 33.0
2016-10-22 2:36:38 413827084 114.306905 30.585085 114.306297 30.584217 7.5 33.3
2016-10-22 2:37:13 413827084 114.30756 30.58596 114.306905 30.585085 7.3 30.7
2016-10-22 2:37:47 413827084 114.308167 30.586832 114.30756 30.58596 7.5 33.7
2016-10-22 2:38:05 413827084 114.30879 30.587743 114.308167 30.586832 7.5 28.3
2016-10-22 2:38:43 413827084 114.30937 30.588673 114.30879 30.587743 7.5 27.6
2016-10-22 2:39:17 413827084 114.309852 30.589607 114.30937 30.588673 7.3 25.6
2016-10-22 2:39:38 413827084 114.310483 30.590557 114.309852 30.589607 7.6 28.4
2016-10-22 2:39:54 413827084 114.310808 30.591043 114.310483 30.590557 8.1 31.1
2016-10-22 2:40:09 413827084 114.311058 30.591432 114.310808 30.591043 7.6 27.4
2016-10-22 2:40:48 413827084 114.311672 30.592398 114.311058 30.591432 7.6 28.1
2016-10-22 2:41:07 413827084 114.312253 30.593382 114.311672 30.592398 7.5 26.7
2016-10-22 2:41:40 413827084 114.312845 30.59429 114.312253 30.593382 7.3 31.1
2016-10-22 2:42:18 413827084 114.313453 30.595158 114.312845 30.59429 7.5 33.4
2016-10-22 2:42:36 413827084 114.314115 30.59603 114.313453 30.595158 7.4 29.9
2016-10-22 2:43:11 413827084 114.314747 30.596898 114.314115 30.59603 7.4 33.1
2016-10-22 2:43:47 413827084 114.315398 30.597788 114.314747 30.596898 7.3 32.0
2016-10-22 2:44:23 413827084 114.316042 30.59867 114.315398 30.597788 7.4 32.8
2016-10-22 2:44:42 413827084 114.316733 30.599553 114.316042 30.59867 7.4 34.0
2016-10-22 2:45:13 413827084 114.317382 30.600405 114.316733 30.599553 7.5 32.1
2016-10-22 2:45:52 413827084 114.318058 30.60131 114.317382 30.600405 7.7 33.3
2016-10-22 2:46:10 413827084 114.318487 30.601863 114.318058 30.60131 7.4 34.2
2016-10-22 2:46:48 413827084 114.319462 30.603082 114.318487 30.601863 7.4 35.6
2016-10-22 2:47:20 413827084 114.320173 30.603882 114.319462 30.603082 7.3 37.7
2016-10-22 2:47:56 413827084 114.321 30.604753 114.320173 30.603882 7.3 41.3
2016-10-22 2:48:14 413827084 114.321632 30.605597 114.321 30.604753 7.2 37.4
2016-10-22 2:48:41 413827084 114.322437 30.606393 114.321632 30.605597 7.4 43.2
2016-10-22 2:49:21 413827084 114.32324 30.607125 114.322437 30.606393 7.4 44.9
2016-10-22 2:49:54 413827084 114.324127 30.607845 114.32324 30.607125 7.3 47.1
2016-10-22 2:50:14 413827084 114.325025 30.608548 114.324127 30.607845 7.1 49.0
2016-10-22 2:50:54 413827084 114.325878 30.609228 114.325025 30.608548 7.0 45.3
2016-10-22 2:51:28 413827084 114.326738 30.609898 114.325878 30.609228 7.3 52.7
2016-10-22 2:52:13 413827084 114.328042 30.610912 114.326738 30.609898 6.9 45.9
2016-10-22 2:52:52 413827084 114.329217 30.611898 114.328042 30.610912 7.1 45.1
2016-10-22 2:53:21 413827084 114.329978 30.61257 114.329217 30.611898 7.2 44.8
2016-10-22 2:53:53 413827084 114.330852 30.613312 114.329978 30.61257 7.1 46.6
2016-10-22 2:54:23 413827084 114.331675 30.614 114.330852 30.613312 6.7 49.0
2016-10-22 2:54:45 413827084 114.332543 30.614715 114.331675 30.614 7.4 45.3
2016-10-22 2:55:15 413827084 114.333432 30.61546 114.332543 30.614715 7.9 46.8
2016-10-22 2:56:00 413827084 114.334347 30.61614 114.333432 30.61546 7.4 49.2
2016-10-22 2:56:20 413827084 114.335177 30.616822 114.334347 30.61614 7.4 44.8
2016-10-22 2:56:52 413827084 114.336037 30.617498 114.335177 30.616822 7.5 44.7
2016-10-22 2:57:30 413827084 114.336878 30.618233 114.336037 30.617498 7.5 47.4
2016-10-22 2:57:47 413827084 114.337735 30.619023 114.336878 30.618233 7.6 42.5
2016-10-22 2:58:04 413827084 114.338247 30.619493 114.337735 30.619023 7.6 43.5
2016-10-22 2:58:22 413827084 114.338518 30.619762 114.338247 30.619493 7.6 39.6
2016-10-22 2:58:55 413827084 114.339348 30.620555 114.338518 30.619762 7.4 44.2
2016-10-22 2:59:31 413827084 114.340225 30.621307 114.339348 30.620555 7.7 44.4
2016-10-22 2:59:47 413827084 114.341093 30.622093 114.340225 30.621307 7.7 44.9
2016-10-22 3:00:19 413827084 114.341967 30.622822 114.341093 30.622093 7.7 43.1
2016-10-22 3:00:57 413827084 114.342817 30.623617 114.341967 30.622822 7.6 46.1
2016-10-22 3:01:14 413827084 114.343705 30.624398 114.342817 30.623617 7.4 45.8
2016-10-22 3:01:54 413827084 114.344613 30.62516 114.343705 30.624398 7.9 47.4
2016-10-22 3:02:14 413827084 114.345612 30.625962 114.344613 30.62516 7.8 44.1
2016-10-22 3:02:50 413827084 114.346403 30.62671 114.345612 30.625962 8.0 46.8
2016-10-22 3:03:17 413827084 114.347375 30.627402 114.346403 30.62671 8.0 47.4
2016-10-22 3:03:51 413827084 114.348357 30.628158 114.347375 30.627402 7.9 51.5
2016-10-22 3:04:26 413827084 114.349327 30.628875 114.348357 30.628158 7.8 47.8
2016-10-22 3:04:44 413827084 114.350298 30.629567 114.349327 30.628875 7.5 47.7
2016-10-22 3:05:22 413827084 114.351282 30.630293 114.350298 30.629567 7.8 49.7
2016-10-22 3:05:44 413827084 114.352303 30.631025 114.351282 30.630293 7.9 51.4
2016-10-22 3:06:19 413827084 114.353278 30.631752 114.352303 30.631025 7.9 48.3
2016-10-22 3:06:57 413827084 114.354232 30.632475 114.353278 30.631752 8.0 51.9
2016-10-22 3:07:16 413827084 114.355272 30.633163 114.354232 30.632475 8.1 54.5
2016-10-22 3:08:24 413827084 114.357335 30.634568 114.355272 30.633163 8.1 52.1
2016-10-22 3:08:56 413827084 114.35836 30.635267 114.357335 30.634568 8.2 52.0
2016-10-22 3:09:49 413827084 114.360455 30.636642 114.35836 30.635267 8.0 50.7
2016-10-22 3:10:08 413827084 114.361133 30.63711 114.360455 30.636642 7.7 50.4
2016-10-22 3:10:31 413827084 114.361472 30.637332 114.361133 30.63711 8.0 52.8
2016-10-22 3:10:52 413827084 114.362485 30.638018 114.361472 30.637332 7.8 53.4
2016-10-22 3:11:25 413827084 114.363493 30.63869 114.362485 30.638018 8.0 54.3
2016-10-22 3:11:45 413827084 114.364468 30.639403 114.363493 30.63869 8.0 51.5
2016-10-22 3:12:19 413827084 114.365487 30.640077 114.364468 30.639403 8.0 57.0
2016-10-22 3:13:22 413827084 114.367548 30.641335 114.365487 30.640077 7.8 54.7
2016-10-22 3:13:53 413827084 114.368577 30.641993 114.367548 30.641335 7.9 54.0
2016-10-22 3:14:14 413827084 114.36961 30.642607 114.368577 30.641993 7.9 55.9
2016-10-22 3:14:48 413827084 114.370692 30.643243 114.36961 30.642607 7.7 55.6
2016-10-22 3:15:30 413827084 114.371742 30.643843 114.370692 30.643243 7.7 59.4
2016-10-22 3:15:49 413827084 114.372828 30.644412 114.371742 30.643843 7.5 57.1
2016-10-22 3:16:05 413827084 114.37345 30.64483 114.372828 30.644412 7.1 49.9
2016-10-22 3:16:21 413827084 114.373742 30.64502 114.37345 30.64483 7.3 51.3
2016-10-22 3:16:58 413827084 114.374685 30.645653 114.373742 30.64502 7.3 53.9
2016-10-22 3:17:17 413827084 114.375713 30.646192 114.374685 30.645653 7.4 68.4
2016-10-22 3:17:57 413827084 114.376793 30.646608 114.375713 30.646192 7.5 60.9
2016-10-22 3:18:16 413827084 114.377875 30.647112 114.376793 30.646608 7.5 65.8
2016-10-22 3:18:47 413827084 114.378957 30.647508 114.377875 30.647112 7.3 65.4
2016-10-22 3:20:00 413827084 114.38116 30.648387 114.378957 30.647508 7.1 63.8
2016-10-22 3:20:21 413827084 114.382167 30.648807 114.38116 30.648387 7.9 62.5
2016-10-22 3:20:55 413827084 114.383337 30.64939 114.382167 30.648807 8.2 60.0
2016-10-22 3:21:35 413827084 114.384477 30.65001 114.383337 30.64939 8.4 57.3
2016-10-22 3:21:52 413827084 114.385668 30.650693 114.384477 30.65001 8.1 60.7
2016-10-22 3:22:22 413827084 114.386828 30.651253 114.385668 30.650693 7.9 62.7
2016-10-22 3:23:02 413827084 114.38797 30.651772 114.386828 30.651253 7.6 62.3
2016-10-22 3:23:18 413827084 114.389005 30.652302 114.38797 30.651772 7.5 62.8
2016-10-22 3:23:53 413827084 114.390188 30.652783 114.389005 30.652302 7.8 64.3
2016-10-22 3:24:28 413827084 114.391202 30.653252 114.390188 30.652783 7.6 61.6
2016-10-22 3:25:07 413827084 114.392323 30.653803 114.391202 30.653252 7.5 56.8
2016-10-22 3:25:26 413827084 114.39341 30.654347 114.392323 30.653803 8.0 62.2
2016-10-22 3:25:58 413827084 114.39465 30.654862 114.39341 30.654347 8.4 66.0
2016-10-22 3:26:33 413827084 114.39591 30.655337 114.39465 30.654862 8.9 70.1
2016-10-22 3:27:04 413827084 114.39723 30.655755 114.39591 30.655337 8.4 65.0
2016-10-22 3:27:25 413827084 114.39838 30.656272 114.39723 30.655755 8.3 65.9
2016-10-22 3:27:59 413827084 114.399725 30.65676 114.39838 30.656272 8.2 66.2
2016-10-22 3:28:15 413827084 114.400838 30.65704 114.399725 30.65676 8.1 74.0
2016-10-22 3:28:37 413827084 114.401243 30.65722 114.400838 30.65704 8.6 67.3
2016-10-22 3:28:54 413827084 114.402347 30.65769 114.401243 30.65722 8.3 63.5
2016-10-22 3:29:28 413827084 114.403608 30.65818 114.402347 30.65769 8.5 66.0
2016-10-22 3:29:54 413827084 114.404913 30.658628 114.403608 30.65818 8.5 66.2
2016-10-22 3:30:30 413827084 114.406192 30.659118 114.404913 30.658628 8.7 66.8
2016-10-22 3:31:33 413827084 114.408732 30.660103 114.406192 30.659118 8.8 66.4
2016-10-22 3:32:03 413827084 114.409995 30.66057 114.408732 30.660103 8.7 65.0
2016-10-22 3:33:01 413827084 114.412547 30.6616 114.409995 30.66057 8.7 68.5
2016-10-22 3:33:46 413827084 114.413862 30.662103 114.412547 30.6616 8.8 68.7
2016-10-22 3:34:05 413827084 114.415185 30.662593 114.413862 30.662103 8.5 64.8
2016-10-22 3:34:20 413827084 114.416082 30.662937 114.415185 30.662593 8.5 66.0
2016-10-22 3:35:01 413827084 114.417643 30.663567 114.416082 30.662937 8.4 65.2
2016-10-22 3:36:41 413827084 114.421488 30.664982 114.417643 30.663567 8.4 69.6
2016-10-22 3:36:59 413827084 114.422645 30.665367 114.421488 30.664982 8.3 68.4
2016-10-22 3:37:41 413827084 114.42397 30.665802 114.422645 30.665367 8.5 70.1
2016-10-22 3:38:28 413827084 114.426537 30.666607 114.42397 30.665802 7.9 69.1
2016-10-22 3:39:10 413827084 114.42767 30.666963 114.426537 30.666607 8.1 69.6
2016-10-22 3:39:26 413827084 114.42885 30.667358 114.42767 30.666963 7.9 70.3
2016-10-22 3:40:06 413827084 114.430045 30.66772 114.42885 30.667358 7.5 71.0
2016-10-22 3:40:23 413827084 114.430935 30.667967 114.430045 30.66772 7.8 73.2
2016-10-22 3:41:30 413827084 114.433487 30.668752 114.430935 30.667967 7.4 67.6
2016-10-22 3:42:01 413827084 114.434605 30.66913 114.433487 30.668752 7.6 70.6
2016-10-22 3:42:27 413827084 114.435712 30.669432 114.434605 30.66913 7.7 73.3
2016-10-22 3:42:57 413827084 114.436903 30.669743 114.435712 30.669432 7.5 69.9
2016-10-22 3:43:35 413827084 114.438042 30.670155 114.436903 30.669743 7.4 66.7
2016-10-22 3:44:11 413827084 114.439255 30.670498 114.438042 30.670155 7.4 70.1
2016-10-22 3:44:28 413827084 114.440332 30.670848 114.439255 30.670498 7.0 70.0
2016-10-22 3:45:13 413827084 114.441525 30.671183 114.440332 30.670848 7.3 69.2
2016-10-22 3:45:27 413827084 114.442652 30.671562 114.441525 30.671183 7.3 67.5
2016-10-22 3:46:03 413827084 114.443745 30.671925 114.442652 30.671562 7.3 66.4
2016-10-22 3:46:36 413827084 114.4449 30.672345 114.443745 30.671925 7.6 67.5
2016-10-22 3:47:09 413827084 114.446042 30.67276 114.4449 30.672345 7.7 66.8
2016-10-22 3:47:44 413827084 114.447172 30.67322 114.446042 30.67276 7.5 65.5
2016-10-22 3:48:01 413827084 114.448347 30.673662 114.447172 30.67322 7.7 67.5
2016-10-22 3:48:38 413827084 114.449507 30.67404 114.448347 30.673662 7.5 70.6
2016-10-22 3:49:09 413827084 114.450623 30.67434 114.449507 30.67404 7.1 68.2
2016-10-22 3:49:59 413827084 114.452683 30.675148 114.450623 30.67434 7.0 63.9
2016-10-22 3:50:32 413827084 114.453692 30.675593 114.452683 30.675148 7.1 60.6
2016-10-22 3:51:09 413827084 114.454723 30.67607 114.453692 30.675593 7.3 64.0
2016-10-22 3:51:43 413827084 114.455768 30.676538 114.454723 30.67607 7.3 64.5
2016-10-22 3:52:02 413827084 114.456807 30.676963 114.455768 30.676538 7.2 67.0
2016-10-22 3:52:36 413827084 114.457707 30.677265 114.456807 30.676963 7.1 67.7
2016-10-22 3:53:17 413827084 114.459005 30.67774 114.457707 30.677265 7.3 69.3
2016-10-22 3:53:33 413827084 114.460117 30.678087 114.459005 30.67774 7.3 68.2
2016-10-22 3:54:05 413827084 114.461235 30.678448 114.460117 30.678087 7.3 70.3
2016-10-22 3:55:14 413827084 114.463448 30.679152 114.461235 30.678448 7.2 71.1
2016-10-22 3:55:35 413827084 114.464503 30.679465 114.463448 30.679152 6.9 67.4
2016-10-22 3:56:08 413827084 114.465568 30.679808 114.464503 30.679465 6.8 67.4
2016-10-22 3:56:35 413827084 114.46655 30.680167 114.465568 30.679808 6.5 64.3
2016-10-22 3:57:14 413827084 114.467468 30.680595 114.46655 30.680167 6.6 67.0
2016-10-22 3:57:31 413827084 114.46839 30.681028 114.467468 30.680595 6.3 65.9
2016-10-22 3:59:41 413827084 114.47253 30.68239 114.46839 30.681028 6.6 76.1
2016-10-22 4:00:01 413827084 114.473575 30.682648 114.47253 30.68239 6.4 71.2
2016-10-22 4:00:36 413827084 114.474647 30.682912 114.473575 30.682648 6.9 75.6
2016-10-22 4:01:11 413827084 114.475722 30.683178 114.474647 30.682912 6.8 74.1
2016-10-22 4:01:46 413827084 114.476765 30.683442 114.475722 30.683178 6.8 73.7
2016-10-22 4:02:01 413827084 114.47779 30.68374 114.476765 30.683442 6.7 70.9
2016-10-22 4:02:44 413827084 114.478765 30.684088 114.47779 30.68374 6.4 67.2
2016-10-22 4:04:18 413827084 114.482015 30.684743 114.478765 30.684088 6.2 79.3
2016-10-22 4:04:33 413827084 114.482925 30.684917 114.482015 30.684743 6.1 75.9
2016-10-22 4:05:14 413827084 114.483937 30.685172 114.482925 30.684917 5.9 75.6
2016-10-22 4:06:13 413827084 114.485805 30.685743 114.483937 30.685172 6.1 67.4
2016-10-22 4:06:48 413827084 114.486675 30.686145 114.485805 30.685743 6.2 62.5
2016-10-22 4:07:33 413827084 114.48766 30.686587 114.486675 30.686145 6.7 61.1
2016-10-22 4:08:49 413827084 114.490758 30.687495 114.48766 30.686587 6.9 87.0
2016-10-22 4:09:19 413827084 114.491907 30.68761 114.490758 30.687495 6.7 81.7
2016-10-22 4:10:19 413827084 114.494067 30.687837 114.491907 30.68761 6.9 83.2
2016-10-22 4:10:35 413827084 114.495163 30.687997 114.494067 30.687837 6.9 77.1
2016-10-22 4:11:53 413827084 114.497373 30.688497 114.495163 30.687997 7.3 69.2
2016-10-22 4:12:10 413827084 114.498488 30.688833 114.497373 30.688497 7.6 73.4
2016-10-22 4:13:11 413827084 114.501038 30.688975 114.498488 30.688833 7.9 93.5
2016-10-22 4:14:10 413827084 114.503545 30.688737 114.501038 30.688975 8.0 97.9
2016-10-22 4:14:48 413827084 114.504842 30.688597 114.503545 30.688737 8.0 94.8
2016-10-22 4:15:46 413827084 114.507392 30.688217 114.504842 30.688597 7.6 102.0
2016-10-22 4:16:36 413827084 114.50964 30.687737 114.507392 30.688217 7.4 100.5
2016-10-22 4:17:51 413827084 114.512012 30.687225 114.50964 30.687737 7.4 105.5
2016-10-22 4:19:44 413827084 114.516697 30.685968 114.512012 30.687225 7.2 106.9
2016-10-22 4:20:13 413827084 114.517813 30.685575 114.516697 30.685968 7.5 112.2
2016-10-22 4:22:14 413827084 114.522412 30.68404 114.517813 30.685575 7.3 121.3
2016-10-22 4:22:53 413827084 114.523527 30.68358 114.522412 30.68404 7.5 112.5
2016-10-22 4:23:12 413827084 114.524538 30.683147 114.523527 30.68358 7.6 119.5
2016-10-22 4:23:46 413827084 114.525622 30.682602 114.524538 30.683147 7.6 119.1
2016-10-22 4:24:21 413827084 114.526732 30.682117 114.525622 30.682602 7.9 117.1
2016-10-22 4:26:15 413827084 114.530905 30.679673 114.526732 30.682117 7.8 130.6
2016-10-22 4:27:17 413827084 114.532917 30.678283 114.530905 30.679673 8.0 128.4
2016-10-22 4:28:16 413827084 114.534835 30.676835 114.532917 30.678283 7.8 130.6
2016-10-22 4:28:52 413827084 114.535712 30.67606 114.534835 30.676835 7.8 139.6
2016-10-22 4:29:33 413827084 114.536542 30.675163 114.535712 30.67606 7.9 140.2
2016-10-22 4:29:49 413827084 114.537318 30.674313 114.536542 30.675163 7.8 141.8
2016-10-22 4:30:54 413827084 114.538837 30.672522 114.537318 30.674313 7.9 145.2
2016-10-22 4:32:49 413827084 114.541445 30.66863 114.538837 30.672522 7.7 153.6
2016-10-22 4:33:33 413827084 114.541993 30.667648 114.541445 30.66863 8.0 153.8
2016-10-22 4:41:05 413827084 114.549463 30.65212 114.548015 30.65476 5.6 153.3
2016-10-22 4:41:27 413827084 114.54989 30.65141 114.549463 30.65212 6.1 151.2
2016-10-22 4:44:02 413827084 114.552578 30.646598 114.54989 30.65141 8.1 156.0
2016-10-22 4:46:06 413827084 114.554953 30.642442 114.552578 30.646598 8.2 154.0
2016-10-22 4:46:31 413827084 114.55546 30.641422 114.554953 30.642442 8.2 155.4
2016-10-22 4:47:27 413827084 114.556528 30.639328 114.55546 30.641422 8.1 162.0
2016-10-22 4:54:27 413827084 114.563175 30.624707 114.560902 30.629787 7.6 158.3
2016-10-22 5:46:06 413827084 114.640085 30.565587 114.632363 30.557885 8.3 41.1
