2016-10-17 16:37:42 413782125 114.414397 30.66401 114.416322 30.664768 3.6 248.3 248
2016-10-17 16:41:26 413782125 114.410365 30.662628 114.414397 30.66401 3.5 249.4 249
2016-10-17 16:41:57 413782125 114.410098 30.662542 114.410365 30.662628 3.5 248.9 248
2016-10-17 16:43:43 413782125 114.408032 30.661823 114.410098 30.662542 3.4 243.5 243
2016-10-17 16:46:17 413782125 114.405453 30.660878 114.408032 30.661823 3.3 246.1 246
2016-10-17 16:47:54 413782125 114.404237 30.660445 114.405453 30.660878 3.2 250.2 250
2016-10-17 16:48:23 413782125 114.403233 30.660167 114.404237 30.660445 3.1 252.4 252
2016-10-17 16:48:53 413782125 114.402725 30.660022 114.403233 30.660167 3.1 249.4 249
2016-10-17 16:49:27 413782125 114.402483 30.659948 114.402725 30.660022 3.1 252.5 252
2016-10-17 16:51:26 413782125 114.400357 30.659238 114.402483 30.659948 3.0 249.5 249
2016-10-17 16:52:48 413782125 114.3995 30.659007 114.400357 30.659238 3.0 261.5 261
2016-10-17 16:54:16 413782125 114.398952 30.658897 114.3995 30.659007 3.0 264.8 264
2016-10-17 17:02:02 413782125 114.389958 30.657113 114.390748 30.657367 3.4 247.1 247
2016-10-17 17:02:32 413782125 114.389475 30.656917 114.389958 30.657113 3.5 244.8 244
2016-10-17 17:03:56 413782125 114.387568 30.656148 114.389475 30.656917 3.6 244.1 244
2016-10-17 17:05:27 413782125 114.386202 30.655653 114.387568 30.656148 3.9 249.7 249
2016-10-17 17:06:49 413782125 114.384382 30.654957 114.386202 30.655653 4.0 243.7 243
2016-10-17 17:07:45 413782125 114.383492 30.654537 114.384382 30.654957 4.0 242.0 242
2016-10-17 17:08:11 413782125 114.382873 30.654277 114.383492 30.654537 4.0 245.0 245
2016-10-17 17:08:50 413782125 114.381983 30.653865 114.382873 30.654277 4.0 238.3 238
2016-10-17 17:10:43 413782125 114.379967 30.653005 114.381983 30.653865 3.9 244.6 244
2016-10-17 17:11:12 413782125 114.379387 30.652765 114.379967 30.653005 3.9 244.0 244
2016-10-17 17:11:42 413782125 114.378575 30.652398 114.379387 30.652765 3.8 239.3 239
2016-10-17 17:12:38 413782125 114.377715 30.652005 114.378575 30.652398 3.9 241.4 241
2016-10-17 17:13:33 413782125 114.377435 30.651873 114.377715 30.652005 3.9 240.7 240
2016-10-17 17:14:34 413782125 114.375783 30.651067 114.377435 30.651873 3.9 244.4 244
2016-10-17 17:15:03 413782125 114.375182 30.650805 114.375783 30.651067 4.0 243.6 243
2016-10-17 17:15:28 413782125 114.374592 30.650543 114.375182 30.650805 4.0 242.3 242
2016-10-17 17:16:25 413782125 114.373697 30.650127 114.374592 30.650543 4.0 244.0 244
2016-10-17 17:17:43 413782125 114.371678 30.649168 114.373697 30.650127 4.0 241.9 241
2016-10-17 17:18:19 413782125 114.37108 30.648873 114.371678 30.649168 4.1 238.3 238
2016-10-17 17:18:46 413782125 114.370798 30.64872 114.37108 30.648873 4.0 238.7 238
2016-10-17 17:20:03 413782125 114.3695 30.648073 114.370798 30.64872 4.0 240.0 240
2016-10-17 17:23:50 413782125 114.364817 30.64567 114.3695 30.648073 4.0 240.3 240
2016-10-17 17:24:45 413782125 114.363707 30.645073 114.364817 30.64567 3.9 239.8 239
2016-10-17 17:26:38 413782125 114.361978 30.64409 114.363707 30.645073 3.8 241.3 241
2016-10-17 17:27:30 413782125 114.361193 30.64364 114.361978 30.64409 3.7 232.8 232
2016-10-17 17:27:56 413782125 114.360697 30.643325 114.361193 30.64364 3.8 232.4 232
2016-10-17 17:29:17 413782125 114.359272 30.642288 114.360697 30.643325 3.9 228.6 228
2016-10-17 18:29:11 413782125 114.315785 30.603568 114.317443 30.604973 3.6 221.5 221
2016-10-17 18:29:43 413782125 114.31536 30.603187 114.315785 30.603568 3.6 222.6 222
2016-10-17 18:31:17 413782125 114.31432 30.602268 114.31536 30.603187 3.6 220.3 220
2016-10-17 18:32:24 413782125 114.31336 30.60129 114.31432 30.602268 3.6 219.3 219
2016-10-17 18:33:12 413782125 114.312782 30.600695 114.31336 30.60129 3.6 217.7 217
2016-10-17 18:33:34 413782125 114.31242 30.600313 114.312782 30.600695 3.7 217.1 217
2016-10-17 18:35:56 413782125 114.31068 30.598517 114.31242 30.600313 3.6 218.5 218
2016-10-17 18:38:02 413782125 114.309235 30.59665 114.31068 30.598517 3.6 214.8 214
2016-10-17 18:39:13 413782125 114.308537 30.59584 114.309235 30.59665 3.7 214.1 214
2016-10-17 18:40:00 413782125 114.308002 30.595198 114.308537 30.59584 3.8 216.0 216
2016-10-17 18:40:50 413782125 114.307372 30.594553 114.308002 30.595198 3.9 221.6 221
2016-10-17 18:41:37 413782125 114.306563 30.59372 114.307372 30.594553 3.9 215.0 215
2016-10-17 18:42:02 413782125 114.306368 30.593482 114.306563 30.59372 3.9 213.9 213
2016-10-17 18:42:58 413782125 114.30565 30.59258 114.306368 30.593482 3.9 213.0 213
2016-10-17 18:43:20 413782125 114.305325 30.592138 114.30565 30.59258 3.8 210.3 210
2016-10-17 18:43:45 413782125 114.305155 30.591892 114.305325 30.592138 3.8 209.9 209
2016-10-17 18:44:37 413782125 114.30451 30.590988 114.305155 30.591892 3.8 208.9 208
2016-10-17 18:45:16 413782125 114.304213 30.590525 114.30451 30.590988 3.8 207.2 207
2016-10-17 18:46:25 413782125 114.303472 30.589427 114.304213 30.590525 3.8 209.8 209
2016-10-17 18:46:46 413782125 114.303137 30.588972 114.303472 30.589427 3.8 212.2 212
2016-10-17 18:48:53 413782125 114.30175 30.587053 114.303137 30.588972 3.9 212.3 212
2016-10-17 18:49:14 413782125 114.301573 30.586825 114.30175 30.587053 3.9 212.0 212
2016-10-17 18:51:28 413782125 114.30015 30.584663 114.301573 30.586825 3.9 205.5 205
2016-10-17 18:52:35 413782125 114.29939 30.583485 114.30015 30.584663 4.0 210.6 210
2016-10-17 18:53:03 413782125 114.299028 30.583003 114.29939 30.583485 4.0 212.2 212
2016-10-17 18:53:48 413782125 114.29849 30.582305 114.299028 30.583003 3.9 209.9 209
2016-10-17 18:54:10 413782125 114.298327 30.58208 114.29849 30.582305 3.9 209.1 209
2016-10-17 18:54:37 413782125 114.298188 30.581887 114.298327 30.58208 3.8 209.1 209
2016-10-17 18:56:10 413782125 114.297093 30.5803 114.298188 30.581887 3.6 208.8 208
2016-10-17 18:56:34 413782125 114.296807 30.579883 114.297093 30.5803 3.6 211.2 211
2016-10-17 18:57:15 413782125 114.296402 30.579265 114.296807 30.579883 3.3 204.8 204
2016-10-17 18:59:33 413782125 114.295218 30.577523 114.296402 30.579265 3.6 209.4 209
2016-10-17 19:00:44 413782125 114.294492 30.576518 114.295218 30.577523 3.7 210.5 210
2016-10-17 19:01:47 413782125 114.293847 30.575607 114.294492 30.576518 3.8 208.9 208
2016-10-17 19:02:13 413782125 114.293532 30.575143 114.293847 30.575607 3.8 209.8 209
2016-10-17 19:02:37 413782125 114.293222 30.57469 114.293532 30.575143 3.9 208.8 208
2016-10-17 19:04:54 413782125 114.291787 30.572525 114.293222 30.57469 3.8 206.3 206
2016-10-17 19:05:17 413782125 114.291628 30.572277 114.291787 30.572525 3.8 208.7 208
2016-10-17 19:06:05 413782125 114.291122 30.571647 114.291628 30.572277 3.8 215.6 215
2016-10-17 19:07:55 413782125 114.289993 30.569763 114.291122 30.571647 3.7 200.6 200
2016-10-17 19:10:14 413782125 114.288762 30.567598 114.289993 30.569763 3.9 213.1 213
2016-10-17 19:12:20 413782125 114.287472 30.56567 114.288762 30.567598 4.1 206.4 206
2016-10-17 19:13:06 413782125 114.286855 30.564688 114.287472 30.56567 4.0 207.7 207
2016-10-17 19:14:50 413782125 114.285775 30.563018 114.286855 30.564688 3.7 207.8 207
2016-10-17 19:15:50 413782125 114.285097 30.562147 114.285775 30.563018 3.7 214.3 214
2016-10-17 19:17:41 413782125 114.28415 30.560702 114.285097 30.562147 3.9 207.7 207
2016-10-17 19:18:00 413782125 114.283838 30.5602 114.28415 30.560702 3.9 206.9 206
2016-10-17 19:18:28 413782125 114.283562 30.559702 114.283838 30.5602 3.9 201.4 201
2016-10-17 19:19:29 413782125 114.283258 30.558727 114.283562 30.559702 3.5 192.4 192
2016-10-17 19:21:54 413782125 114.282535 30.556433 114.283258 30.558727 3.6 196.6 196
2016-10-17 19:22:15 413782125 114.282433 30.556173 114.282535 30.556433 3.7 198.2 198
2016-10-17 19:22:39 413782125 114.282332 30.555932 114.282433 30.556173 3.7 198.5 198
2016-10-17 19:24:12 413782125 114.281715 30.554485 114.282332 30.555932 3.6 197.2 197
2016-10-17 19:25:15 413782125 114.281208 30.5533 114.281715 30.554485 3.6 203.6 203
2016-10-17 19:30:01 413782125 114.278655 30.549243 114.281208 30.5533 3.2 210.8 210
2016-10-17 19:35:24 413782125 114.27595 30.544638 114.278655 30.549243 3.1 205.3 205
2016-10-17 19:43:37 413782125 114.272398 30.539117 114.273138 30.540353 2.4 201.0 201
2016-10-17 19:47:41 413782125 114.270803 30.53669 114.272398 30.539117 2.5 213.5 213
