2016-10-24 0:00:05 413804399 114.527285 30.679965 114.527717 30.679638 3.4 311.6
2016-10-24 0:00:36 413804399 114.526917 30.680247 114.527285 30.679965 3.4 312.1
2016-10-24 0:00:57 413804399 114.526458 30.680568 114.526917 30.680247 3.5 306.5
2016-10-24 0:02:34 413804399 114.525003 30.681365 114.526458 30.680568 3.5 296.5
2016-10-24 0:03:10 413804399 114.52452 30.681543 114.525003 30.681365 3.4 292.0
2016-10-24 0:03:29 413804399 114.523987 30.68173 114.52452 30.681543 3.4 293.6
2016-10-24 0:04:05 413804399 114.523475 30.68195 114.523987 30.68173 3.4 297.4
2016-10-24 0:05:13 413804399 114.52251 30.682435 114.523475 30.68195 3.4 303.3
2016-10-24 0:05:31 413804399 114.522068 30.682702 114.52251 30.682435 3.4 305.0
2016-10-24 0:06:13 413804399 114.521585 30.682952 114.522068 30.682702 3.4 298.6
2016-10-24 0:07:15 413804399 114.520628 30.68339 114.521585 30.682952 3.4 300.2
2016-10-24 0:07:38 413804399 114.520178 30.683663 114.520628 30.68339 3.4 306.7
2016-10-24 0:08:42 413804399 114.519268 30.68417 114.520178 30.683663 3.4 294.3
2016-10-24 0:09:00 413804399 114.518753 30.684358 114.519268 30.68417 3.3 291.5
2016-10-24 0:09:34 413804399 114.51827 30.684547 114.518753 30.684358 3.3 294.2
2016-10-24 0:10:02 413804399 114.517748 30.684728 114.51827 30.684547 3.3 292.9
2016-10-24 0:10:24 413804399 114.517298 30.684897 114.517748 30.684728 3.3 291.4
2016-10-24 0:11:01 413804399 114.516778 30.685067 114.517298 30.684897 3.3 289.4
2016-10-24 0:11:34 413804399 114.516277 30.685208 114.516778 30.685067 3.3 288.7
2016-10-24 0:13:54 413804399 114.513727 30.685882 114.516277 30.685208 3.2 284.7
2016-10-24 0:14:56 413804399 114.512737 30.68601 114.513727 30.685882 3.0 267.5
2016-10-24 0:19:26 413804399 114.509268 30.685887 114.512737 30.68601 1.8 277.2
2016-10-24 0:19:47 413804399 114.509043 30.685887 114.509268 30.685887 1.6 265.0
2016-10-24 0:22:37 413804399 114.508023 30.685872 114.509043 30.685887 0.9 294.3
2016-10-24 0:25:33 413804399 114.507587 30.686377 114.508023 30.685872 0.8 346.2
2016-10-24 0:25:51 413804399 114.507563 30.686455 114.507587 30.686377 0.7 340.0
2016-10-24 0:28:29 413804399 114.507392 30.686547 114.507563 30.686455 0.3 201.6
2016-10-24 0:31:34 413804399 114.507325 30.686698 114.507392 30.686547 0.6 0.7
2016-10-24 0:40:28 413804399 114.50734 30.687382 114.507578 30.687128 0.9 297.2
2016-10-24 0:58:49 413804399 114.501803 30.690303 114.502133 30.690223 2.0 286.7
2016-10-24 0:59:20 413804399 114.501522 30.690383 114.501803 30.690303 1.8 287.0
2016-10-24 1:01:59 413804399 114.50048 30.69063 114.501522 30.690383 1.1 283.1
2016-10-24 1:02:23 413804399 114.500287 30.690682 114.50048 30.69063 1.1 280.2
2016-10-24 1:05:30 413804399 114.498653 30.690682 114.500287 30.690682 1.8 265.6
2016-10-24 1:07:55 413804399 114.497438 30.690637 114.498653 30.690682 1.2 271.1
2016-10-24 1:08:33 413804399 114.497208 30.690635 114.497438 30.690637 1.1 273.1
2016-10-24 1:11:30 413804399 114.496327 30.690748 114.497208 30.690635 0.6 274.1
2016-10-24 1:14:30 413804399 114.49588 30.690758 114.496327 30.690748 0.2 276.9
2016-10-24 1:23:32 413804399 114.496182 30.690958 114.496197 30.690847 0.2 348.1
2016-10-24 1:30:07 413804399 114.496187 30.690995 114.496187 30.691 0.0 165.9
2016-10-24 1:32:26 413804399 114.496192 30.690985 114.496187 30.690995 0.0 16.2
2016-10-24 1:32:51 413804399 114.496193 30.690985 114.496192 30.690985 0.0 327.6
2016-10-24 1:35:30 413804399 114.496192 30.690985 114.496193 30.690985 0.0 26.5
2016-10-24 1:38:51 413804399 114.496193 30.690958 114.496192 30.690985 0.0 189.9
2016-10-24 1:47:52 413804399 114.49616 30.691 114.49617 30.690957 0.0 75.6
2016-10-24 2:17:41 413804399 114.496247 30.690987 114.496248 30.69099 0.0 69.0
2016-10-24 2:18:01 413804399 114.496245 30.690985 114.496247 30.690987 0.0 152.2
2016-10-24 2:23:45 413804399 114.496223 30.690968 114.496223 30.690968 0.0 16.7
2016-10-24 2:26:45 413804399 114.496223 30.690955 114.496223 30.690968 0.1 186.7
2016-10-24 2:35:37 413804399 114.49622 30.690938 114.496222 30.690938 0.0 330.3
2016-10-24 2:36:00 413804399 114.49622 30.69094 114.49622 30.690938 0.0 339.9
2016-10-24 2:47:50 413804399 114.496222 30.690938 114.496222 30.690938 0.0 354.6
2016-10-24 2:56:48 413804399 114.496222 30.690938 114.496223 30.690938 0.0 337.8
2016-10-24 3:05:24 413804399 114.496213 30.69092 114.4962 30.690932 0.0 331.8
2016-10-24 3:05:44 413804399 114.496213 30.69092 114.496213 30.69092 0.0 315.2
2016-10-24 3:08:42 413804399 114.496208 30.690925 114.496213 30.69092 0.0 356.0
2016-10-24 3:11:39 413804399 114.496212 30.690955 114.496208 30.690925 0.0 52.1
2016-10-24 3:12:00 413804399 114.496212 30.690957 114.496212 30.690955 0.0 79.7
2016-10-24 3:23:29 413804399 114.496228 30.690928 114.496232 30.690927 0.0 327.3
2016-10-24 3:23:58 413804399 114.496228 30.69093 114.496228 30.690928 0.0 342.2
2016-10-24 3:32:50 413804399 114.496227 30.69093 114.496227 30.690933 0.0 142.2
2016-10-24 3:35:22 413804399 114.49622 30.690935 114.496227 30.69093 0.0 332.6
2016-10-24 3:38:48 413804399 114.496215 30.69094 114.49622 30.690935 0.0 126.2
2016-10-24 3:47:40 413804399 114.496213 30.690965 114.496192 30.690972 0.0 324.1
2016-10-24 3:56:42 413804399 114.496223 30.690932 114.496228 30.690915 0.0 66.9
2016-10-24 4:05:55 413804399 114.496217 30.69096 114.496232 30.690928 0.0 340.5
2016-10-24 4:29:55 413804399 114.496253 30.690907 114.496255 30.690907 0.0 324.0
2016-10-24 4:38:40 413804399 114.496242 30.69089 114.49625 30.69092 0.0 23.6
2016-10-24 4:41:30 413804399 114.49623 30.690925 114.496242 30.69089 0.0 325.7
2016-10-24 4:44:51 413804399 114.49624 30.690913 114.49623 30.690925 0.0 177.0
2016-10-24 4:53:46 413804399 114.49623 30.690898 114.49623 30.690897 0.0 353.4
2016-10-24 5:23:40 413804399 114.496245 30.690912 114.496243 30.690912 0.0 321.5
2016-10-24 5:32:48 413804399 114.496245 30.69091 114.496245 30.690913 0.0 283.7
2016-10-24 5:35:26 413804399 114.496242 30.69091 114.496245 30.69091 0.0 16.5
2016-10-24 5:35:45 413804399 114.496242 30.69091 114.496242 30.69091 0.0 26.6
2016-10-24 5:38:36 413804399 114.49624 30.69091 114.496242 30.69091 0.0 211.4
2016-10-24 5:47:31 413804399 114.496217 30.69089 114.496218 30.690887 0.0 330.0
2016-10-24 5:56:54 413804399 114.49622 30.690898 114.496217 30.690898 0.0 175.3
2016-10-24 5:59:34 413804399 114.496218 30.690902 114.49622 30.690898 0.0 341.2
2016-10-24 6:08:41 413804399 114.49622 30.69091 114.496218 30.690907 0.0 274.6
2016-10-24 6:35:20 413804399 114.49622 30.690953 114.49622 30.690955 0.0 178.8
2016-10-24 6:35:48 413804399 114.496235 30.690925 114.49622 30.690953 0.0 140.2
2016-10-24 6:38:38 413804399 114.496233 30.690917 114.496235 30.690925 0.0 233.9
2016-10-24 6:41:48 413804399 114.49623 30.690918 114.496233 30.690917 0.0 347.3
2016-10-24 6:44:52 413804399 114.496228 30.690925 114.49623 30.690918 0.0 48.1
2016-10-24 6:47:32 413804399 114.496227 30.690925 114.496228 30.690925 0.0 187.2
2016-10-24 6:56:41 413804399 114.496223 30.690947 114.496223 30.690945 0.0 135.6
2016-10-24 6:59:44 413804399 114.496225 30.690947 114.496223 30.690947 0.0 164.7
2016-10-24 7:02:37 413804399 114.496225 30.690947 114.496225 30.690947 0.0 268.4
2016-10-24 7:05:35 413804399 114.496225 30.690943 114.496225 30.690947 0.0 50.0
2016-10-24 7:08:47 413804399 114.496223 30.690943 114.496225 30.690943 0.0 3.6
2016-10-24 7:11:55 413804399 114.496225 30.690945 114.496223 30.690943 0.0 147.3
2016-10-24 7:14:35 413804399 114.496227 30.690943 114.496225 30.690945 0.0 162.6
2016-10-24 7:17:31 413804399 114.496225 30.690942 114.496227 30.690943 0.0 296.1
2016-10-24 7:20:35 413804399 114.496223 30.690942 114.496225 30.690942 0.0 35.7
2016-10-24 7:23:23 413804399 114.496225 30.690945 114.496223 30.690942 0.0 13.9
2016-10-24 7:23:53 413804399 114.496225 30.690947 114.496225 30.690945 0.0 342.6
2016-10-24 7:32:35 413804399 114.496227 30.690948 114.496227 30.69095 0.0 165.8
2016-10-24 7:35:46 413804399 114.496227 30.69095 114.496227 30.690948 0.0 198.3
2016-10-24 7:56:33 413804399 114.496232 30.690943 114.496228 30.69094 0.0 320.0
2016-10-24 8:23:41 413804399 114.496245 30.690933 114.496245 30.690937 0.0 154.0
2016-10-24 8:26:51 413804399 114.496243 30.690932 114.496245 30.690933 0.0 19.6
2016-10-24 8:35:33 413804399 114.496247 30.690928 114.496245 30.690925 0.0 207.3
2016-10-24 8:38:36 413804399 114.49625 30.690927 114.496247 30.690928 0.0 122.1
2016-10-24 8:41:41 413804399 114.49625 30.690923 114.49625 30.690927 0.0 267.2
2016-10-24 9:24:34 413804399 114.49628 30.690917 114.49628 30.690917 0.0 14.5
2016-10-24 9:30:36 413804399 114.496277 30.690912 114.49628 30.690917 0.0 277.8
2016-10-24 9:45:03 413804399 114.496237 30.690937 114.496268 30.690922 0.0 128.3
2016-10-24 9:47:23 413804399 114.496237 30.690937 114.496237 30.690937 0.0 283.5
2016-10-24 9:48:31 413804399 114.496237 30.690922 114.496237 30.690937 0.0 244.1
2016-10-24 10:03:01 413804399 114.496248 30.69092 114.496245 30.690915 0.0 305.1
2016-10-24 10:06:02 413804399 114.496248 30.69092 114.496248 30.69092 0.0 156.3
2016-10-24 10:08:59 413804399 114.49624 30.690917 114.496248 30.69092 0.0 353.7
2016-10-24 10:11:55 413804399 114.496242 30.690915 114.49624 30.690917 0.0 169.7
2016-10-24 10:17:23 413804399 114.496245 30.690915 114.496242 30.690915 0.0 0.1
2016-10-24 10:33:08 413804399 114.496248 30.690913 114.496252 30.690907 0.0 344.8
2016-10-24 10:36:10 413804399 114.496238 30.690972 114.496248 30.690913 0.0 185.1
2016-10-24 10:39:04 413804399 114.496235 30.690965 114.496238 30.690972 0.0 6.1
2016-10-24 10:56:58 413804399 114.496247 30.690895 114.496245 30.69089 0.0 257.8
2016-10-24 10:59:54 413804399 114.496233 30.690873 114.496247 30.690895 0.0 131.6
2016-10-24 11:11:32 413804399 114.496253 30.690902 114.496252 30.6909 0.0 179.0
2016-10-24 11:12:01 413804399 114.496253 30.690902 114.496253 30.690902 0.0 206.9
2016-10-24 11:24:21 413804399 114.496235 30.690923 114.496232 30.690927 0.0 169.0
2016-10-24 11:33:07 413804399 114.496237 30.690917 114.496235 30.690918 0.0 155.9
2016-10-24 11:35:46 413804399 114.496237 30.69091 114.496237 30.690917 0.0 357.9
2016-10-24 11:36:30 413804399 114.496237 30.69091 114.496237 30.69091 0.0 24.9
2016-10-24 11:41:52 413804399 114.496238 30.690903 114.496237 30.69091 0.0 333.5
2016-10-24 11:47:55 413804399 114.49624 30.690908 114.49624 30.690908 0.0 152.6
2016-10-24 11:51:03 413804399 114.496243 30.690913 114.49624 30.690908 0.0 348.2
2016-10-24 11:53:38 413804399 114.49624 30.690925 114.496243 30.690913 0.0 203.9
2016-10-24 11:56:50 413804399 114.496243 30.690918 114.49624 30.690925 0.0 192.0
2016-10-24 12:05:46 413804399 114.496245 30.690907 114.496245 30.690902 0.0 355.1
2016-10-24 12:06:32 413804399 114.496245 30.690907 114.496245 30.690907 0.0 232.7
2016-10-24 12:09:22 413804399 114.496245 30.690903 114.496245 30.690907 0.0 126.9
2016-10-24 12:11:34 413804399 114.496245 30.690902 114.496245 30.690903 0.0 190.7
2016-10-24 12:12:01 413804399 114.496245 30.6909 114.496245 30.690902 0.0 175.7
2016-10-24 12:18:14 413804399 114.496247 30.690837 114.496247 30.690837 0.0 357.6
2016-10-24 12:20:53 413804399 114.496248 30.690847 114.496247 30.690837 0.0 6.4
2016-10-24 12:23:47 413804399 114.496248 30.69089 114.496248 30.690847 0.0 194.3
2016-10-24 12:27:26 413804399 114.496235 30.69091 114.496248 30.69089 0.0 202.9
2016-10-24 12:29:54 413804399 114.496237 30.690907 114.496235 30.69091 0.0 167.7
2016-10-24 12:33:12 413804399 114.496237 30.690902 114.496237 30.690907 0.0 97.1
2016-10-24 12:36:29 413804399 114.496237 30.690898 114.496237 30.690902 0.0 346.2
2016-10-24 12:47:37 413804399 114.496242 30.690908 114.49624 30.69091 0.0 263.2
2016-10-24 12:48:15 413804399 114.496242 30.690908 114.496242 30.690908 0.0 277.5
2016-10-24 12:54:29 413804399 114.496243 30.690908 114.496242 30.690908 0.0 124.4
2016-10-24 12:57:11 413804399 114.496278 30.69091 114.496243 30.690908 0.0 341.1
2016-10-24 12:59:42 413804399 114.496277 30.690925 114.496278 30.69091 0.0 186.1
2016-10-24 13:00:14 413804399 114.496277 30.690918 114.496277 30.690925 0.0 187.6
2016-10-24 13:02:58 413804399 114.496275 30.690887 114.496277 30.690918 0.0 152.5
2016-10-24 13:05:59 413804399 114.496273 30.690883 114.496275 30.690887 0.0 13.2
2016-10-24 13:08:58 413804399 114.496257 30.690875 114.496273 30.690883 0.0 255.4
2016-10-24 13:11:37 413804399 114.49626 30.690877 114.496257 30.690875 0.0 57.5
2016-10-24 13:15:07 413804399 114.496263 30.690882 114.49626 30.690877 0.0 51.7
2016-10-24 13:17:55 413804399 114.496267 30.690883 114.496263 30.690882 0.0 136.2
2016-10-24 13:20:49 413804399 114.496272 30.690887 114.496267 30.690883 0.0 232.2
2016-10-24 13:23:31 413804399 114.496277 30.690878 114.496272 30.690887 0.0 166.6
2016-10-24 13:27:07 413804399 114.496275 30.690882 114.496277 30.690878 0.0 345.0
2016-10-24 13:29:36 413804399 114.496273 30.69089 114.496275 30.690882 0.0 25.8
2016-10-24 13:30:04 413804399 114.496273 30.690892 114.496273 30.69089 0.0 31.2
2016-10-24 13:33:09 413804399 114.49627 30.690897 114.496273 30.690892 0.0 99.5
2016-10-24 13:35:59 413804399 114.49627 30.690903 114.49627 30.690897 0.0 337.1
2016-10-24 13:39:07 413804399 114.496267 30.690958 114.49627 30.690903 0.0 207.9
2016-10-24 13:42:01 413804399 114.496268 30.690948 114.496267 30.690958 0.0 135.6
2016-10-24 13:47:36 413804399 114.496272 30.690948 114.496268 30.690948 0.0 208.8
2016-10-24 13:48:08 413804399 114.496272 30.690948 114.496272 30.690948 0.0 201.0
2016-10-24 13:50:53 413804399 114.496273 30.690948 114.496272 30.690948 0.0 350.4
2016-10-24 13:54:09 413804399 114.496272 30.69095 114.496273 30.690948 0.0 63.9
2016-10-24 13:57:02 413804399 114.49627 30.690948 114.496272 30.69095 0.0 4.7
2016-10-24 13:59:55 413804399 114.496272 30.690948 114.49627 30.690948 0.0 47.3
2016-10-24 14:09:13 413804399 114.496278 30.69094 114.496277 30.690943 0.0 345.6
2016-10-24 14:11:54 413804399 114.496277 30.69094 114.496278 30.69094 0.0 144.3
2016-10-24 14:15:19 413804399 114.49628 30.690882 114.496277 30.69094 0.0 303.5
2016-10-24 14:18:12 413804399 114.49628 30.690885 114.49628 30.690882 0.0 35.6
2016-10-24 14:20:56 413804399 114.49628 30.690887 114.49628 30.690885 0.0 80.7
2016-10-24 14:24:14 413804399 114.49628 30.690888 114.49628 30.690887 0.0 319.5
2016-10-24 14:26:45 413804399 114.496283 30.69089 114.49628 30.690888 0.0 222.6
2016-10-24 14:36:02 413804399 114.496277 30.69089 114.49628 30.690888 0.0 284.7
2016-10-24 14:39:09 413804399 114.496275 30.69089 114.496277 30.69089 0.0 183.9
2016-10-24 14:42:18 413804399 114.496252 30.690893 114.496275 30.69089 0.0 209.7
2016-10-24 14:45:17 413804399 114.496257 30.69088 114.496252 30.690893 0.0 237.3
2016-10-24 14:47:33 413804399 114.496255 30.690882 114.496257 30.69088 0.0 355.1
2016-10-24 14:57:11 413804399 114.496257 30.690893 114.496255 30.690892 0.0 352.8
2016-10-24 14:59:49 413804399 114.496257 30.690895 114.496257 30.690893 0.0 183.6
2016-10-24 15:08:57 413804399 114.496267 30.6909 114.496262 30.690898 0.0 182.7
2016-10-24 15:11:35 413804399 114.49628 30.690885 114.496267 30.6909 0.0 261.3
2016-10-24 15:15:07 413804399 114.49628 30.690888 114.49628 30.690885 0.0 142.1
2016-10-24 15:17:24 413804399 114.496282 30.69089 114.49628 30.690888 0.0 347.8
2016-10-24 15:18:02 413804399 114.496282 30.69089 114.496282 30.69089 0.0 351.9
2016-10-24 15:20:46 413804399 114.496283 30.690908 114.496282 30.69089 0.0 218.0
2016-10-24 15:24:10 413804399 114.496287 30.690905 114.496283 30.690908 0.0 157.3
2016-10-24 15:38:47 413804399 114.496278 30.69091 114.496277 30.69091 0.0 296.4
2016-10-24 15:41:46 413804399 114.496278 30.690908 114.496278 30.69091 0.0 181.4
2016-10-24 15:53:31 413804399 114.496278 30.690895 114.496278 30.690897 0.0 196.4
2016-10-24 15:56:57 413804399 114.49628 30.69089 114.496278 30.690895 0.0 237.0
2016-10-24 15:59:42 413804399 114.496273 30.690887 114.49628 30.69089 0.0 0.7
2016-10-24 16:02:52 413804399 114.496278 30.690897 114.496273 30.690887 0.0 159.5
2016-10-24 16:05:43 413804399 114.496277 30.690917 114.496278 30.690897 0.0 47.6
2016-10-24 16:09:00 413804399 114.496267 30.69092 114.496277 30.690917 0.0 139.8
2016-10-24 16:11:42 413804399 114.496268 30.690887 114.496267 30.69092 0.0 307.3
2016-10-24 16:23:54 413804399 114.49628 30.690937 114.496275 30.690928 0.0 120.9
2016-10-24 16:27:11 413804399 114.496278 30.690935 114.49628 30.690937 0.0 202.3
2016-10-24 16:29:51 413804399 114.496275 30.69093 114.496278 30.690935 0.0 260.2
2016-10-24 16:32:44 413804399 114.496275 30.690927 114.496275 30.69093 0.0 318.6
2016-10-24 16:35:24 413804399 114.496273 30.690925 114.496275 30.690927 0.0 359.7
2016-10-24 16:35:58 413804399 114.496273 30.690922 114.496273 30.690925 0.5 340.4
2016-10-24 16:36:24 413804399 114.496275 30.690927 114.496273 30.690922 0.0 59.9
2016-10-24 16:39:16 413804399 114.496275 30.690923 114.496275 30.690927 0.0 154.4
2016-10-24 16:42:09 413804399 114.496275 30.69092 114.496275 30.690923 0.0 347.7
2016-10-24 16:45:10 413804399 114.496275 30.690922 114.496275 30.69092 0.0 290.7
2016-10-24 16:47:46 413804399 114.496275 30.690922 114.496275 30.690922 0.0 107.7
2016-10-24 16:48:18 413804399 114.496275 30.690922 114.496275 30.690922 0.0 139.7
2016-10-24 16:54:28 413804399 114.49629 30.690913 114.496278 30.690917 0.0 174.3
2016-10-24 17:00:19 413804399 114.496288 30.690902 114.496288 30.690902 0.0 206.0
2016-10-24 17:03:24 413804399 114.496272 30.690892 114.496288 30.690902 0.0 340.2
2016-10-24 17:06:18 413804399 114.496273 30.690897 114.496272 30.690892 0.0 306.3
2016-10-24 17:09:13 413804399 114.496253 30.690942 114.496273 30.690897 0.0 155.5
2016-10-24 17:11:29 413804399 114.496258 30.690933 114.496253 30.690942 0.0 167.5
2016-10-24 17:12:25 413804399 114.496258 30.690933 114.496258 30.690933 0.0 200.5
2016-10-24 17:15:28 413804399 114.49629 30.690882 114.496258 30.690933 0.0 209.8
2016-10-24 17:23:34 413804399 114.496285 30.690878 114.49629 30.690877 0.0 1.2
2016-10-24 17:24:18 413804399 114.496278 30.690883 114.496285 30.690878 0.0 4.0
2016-10-24 17:29:34 413804399 114.496285 30.690908 114.496278 30.690883 0.0 157.9
2016-10-24 17:30:12 413804399 114.496285 30.690907 114.496285 30.690908 0.0 158.2
2016-10-24 17:33:07 413804399 114.496285 30.690905 114.496285 30.690907 0.0 59.3
2016-10-24 17:35:21 413804399 114.496285 30.690903 114.496285 30.690905 0.0 275.7
2016-10-24 17:39:12 413804399 114.496288 30.690883 114.496285 30.690903 0.0 356.3
2016-10-24 17:41:32 413804399 114.496282 30.690892 114.496288 30.690883 0.0 182.2
2016-10-24 17:42:26 413804399 114.496282 30.690892 114.496282 30.690892 0.0 187.4
2016-10-24 17:48:24 413804399 114.49628 30.69089 114.49628 30.69089 0.0 176.4
2016-10-24 17:51:24 413804399 114.496282 30.69089 114.49628 30.69089 0.0 342.0
2016-10-24 17:59:33 413804399 114.496278 30.690912 114.49628 30.69091 0.0 332.6
2016-10-24 18:00:28 413804399 114.49628 30.690912 114.496278 30.690912 0.0 1.0
2016-10-24 18:03:01 413804399 114.496278 30.690915 114.49628 30.690912 0.0 186.6
2016-10-24 18:06:04 413804399 114.496275 30.690922 114.496278 30.690915 0.0 178.7
2016-10-24 18:09:02 413804399 114.49629 30.690905 114.496275 30.690922 0.0 140.6
2016-10-24 18:12:18 413804399 114.496292 30.690902 114.49629 30.690905 0.0 354.0
2016-10-24 18:20:05 413804399 114.496292 30.690903 114.496292 30.690902 0.0 225.8
2016-10-24 18:21:23 413804399 114.496277 30.69091 114.496292 30.690903 0.0 42.3
2016-10-24 18:23:41 413804399 114.496275 30.690903 114.496277 30.69091 0.0 179.3
2016-10-24 18:30:06 413804399 114.496275 30.690877 114.496278 30.69088 0.0 173.2
2016-10-24 18:42:22 413804399 114.496283 30.690867 114.496275 30.690877 0.0 358.6
2016-10-24 18:45:20 413804399 114.49628 30.690868 114.496283 30.690867 0.0 350.0
2016-10-24 18:48:23 413804399 114.496272 30.690872 114.49628 30.690868 0.0 164.1
2016-10-24 18:51:03 413804399 114.496273 30.690872 114.496272 30.690872 0.0 203.3
2016-10-24 18:54:12 413804399 114.496272 30.690872 114.496273 30.690872 0.0 28.7
2016-10-24 18:57:25 413804399 114.496273 30.690873 114.496272 30.690872 0.0 133.7
2016-10-24 18:59:27 413804399 114.496297 30.690863 114.496273 30.690873 0.0 111.0
2016-10-24 19:03:07 413804399 114.496297 30.690863 114.496297 30.690863 0.0 17.1
2016-10-24 19:05:36 413804399 114.496293 30.690867 114.496297 30.690863 0.0 182.6
2016-10-24 19:15:08 413804399 114.496297 30.690868 114.496297 30.690867 0.0 160.8
2016-10-24 19:17:26 413804399 114.496295 30.69087 114.496297 30.690868 0.0 22.1
2016-10-24 19:21:24 413804399 114.496295 30.690877 114.496295 30.69087 0.0 1.7
2016-10-24 19:23:22 413804399 114.496295 30.690878 114.496295 30.690877 0.0 179.4
2016-10-24 19:24:03 413804399 114.496295 30.690878 114.496295 30.690878 0.0 174.1
2016-10-24 19:27:15 413804399 114.496295 30.690877 114.496295 30.690878 0.0 2.0
2016-10-24 19:29:38 413804399 114.496297 30.690875 114.496295 30.690877 0.0 176.3
2016-10-24 19:30:14 413804399 114.496297 30.690873 114.496297 30.690875 0.0 184.0
2016-10-24 19:33:02 413804399 114.496302 30.69085 114.496297 30.690873 0.0 346.5
2016-10-24 19:47:33 413804399 114.496293 30.690857 114.496295 30.690862 0.0 123.8
2016-10-24 19:47:59 413804399 114.496293 30.690857 114.496293 30.690857 0.0 266.6
2016-10-24 19:51:00 413804399 114.496292 30.69086 114.496293 30.690857 0.0 54.3
2016-10-24 20:06:02 413804399 114.496273 30.690853 114.496283 30.690867 0.0 168.9
2016-10-24 20:09:06 413804399 114.496272 30.690853 114.496273 30.690853 0.0 208.7
2016-10-24 20:11:59 413804399 114.496273 30.690853 114.496272 30.690853 0.0 179.9
2016-10-24 20:15:11 413804399 114.49627 30.690853 114.496273 30.690853 0.0 2.6
2016-10-24 20:17:28 413804399 114.49627 30.690857 114.49627 30.690853 0.0 98.8
2016-10-24 20:18:20 413804399 114.49627 30.690857 114.49627 30.690857 0.0 160.4
2016-10-24 20:23:59 413804399 114.49626 30.690873 114.496268 30.690858 0.0 0.7
2016-10-24 20:27:06 413804399 114.496262 30.690878 114.49626 30.690873 0.0 148.7
2016-10-24 20:29:55 413804399 114.49625 30.690875 114.496262 30.690878 0.0 221.9
2016-10-24 20:32:57 413804399 114.49625 30.690878 114.49625 30.690875 0.0 47.7
2016-10-24 20:36:00 413804399 114.49624 30.690875 114.49625 30.690878 0.0 229.5
2016-10-24 20:39:01 413804399 114.49624 30.690878 114.49624 30.690875 0.0 353.8
2016-10-24 20:41:36 413804399 114.496255 30.69091 114.49624 30.690878 0.0 136.3
2016-10-24 20:51:09 413804399 114.49625 30.690877 114.496252 30.690875 0.0 329.8
2016-10-24 20:53:45 413804399 114.496248 30.69088 114.49625 30.690877 0.0 16.0
2016-10-24 20:54:09 413804399 114.49625 30.690882 114.496248 30.69088 0.0 44.6
2016-10-24 20:57:06 413804399 114.49625 30.69088 114.49625 30.690882 0.0 174.7
2016-10-24 21:09:00 413804399 114.496262 30.690933 114.496263 30.690933 0.0 145.1
2016-10-24 21:12:21 413804399 114.496263 30.690933 114.496262 30.690933 0.0 153.8
2016-10-24 21:18:24 413804399 114.496248 30.6909 114.496248 30.690898 0.0 0.9
2016-10-24 21:27:04 413804399 114.496248 30.690908 114.49625 30.690905 0.0 13.2
2016-10-24 21:41:39 413804399 114.496247 30.69091 114.496248 30.69091 0.0 339.6
2016-10-24 21:41:57 413804399 114.496247 30.69091 114.496247 30.69091 0.0 288.7
2016-10-24 21:45:09 413804399 114.496247 30.690912 114.496247 30.69091 0.0 340.5
2016-10-24 21:47:32 413804399 114.496247 30.690913 114.496247 30.690912 0.0 144.7
2016-10-24 21:51:15 413804399 114.496248 30.690915 114.496247 30.690913 0.0 169.5
2016-10-24 21:53:56 413804399 114.496248 30.690913 114.496248 30.690915 0.0 330.7
2016-10-24 22:06:05 413804399 114.496267 30.690957 114.496267 30.690958 0.0 170.9
2016-10-24 22:08:54 413804399 114.49627 30.69095 114.496267 30.690957 0.0 249.4
2016-10-24 22:12:06 413804399 114.496272 30.690943 114.49627 30.69095 0.0 202.4
2016-10-24 22:15:01 413804399 114.496272 30.690938 114.496272 30.690943 0.0 28.6
2016-10-24 22:17:55 413804399 114.49627 30.690938 114.496272 30.690938 0.0 355.4
2016-10-24 22:21:01 413804399 114.496272 30.69094 114.49627 30.690938 0.0 196.6
2016-10-24 22:23:28 413804399 114.496272 30.690938 114.496272 30.69094 0.0 329.1
2016-10-24 22:27:00 413804399 114.496275 30.690938 114.496272 30.690938 0.0 74.7
2016-10-24 22:29:35 413804399 114.496277 30.690933 114.496275 30.690938 0.0 185.9
2016-10-24 22:29:59 413804399 114.496277 30.690933 114.496277 30.690933 0.0 172.5
2016-10-24 22:33:04 413804399 114.496255 30.69089 114.496277 30.690933 0.0 11.2
2016-10-24 22:35:40 413804399 114.496255 30.690892 114.496255 30.69089 0.0 151.8
2016-10-24 22:42:01 413804399 114.496255 30.690885 114.496255 30.690885 0.0 355.1
2016-10-24 22:44:57 413804399 114.496253 30.690888 114.496255 30.690885 0.0 246.0
2016-10-24 22:47:28 413804399 114.496253 30.690888 114.496253 30.690888 0.0 214.1
2016-10-24 22:57:01 413804399 114.496253 30.690892 114.496252 30.690888 0.0 172.5
2016-10-24 22:59:30 413804399 114.496255 30.690892 114.496253 30.690892 0.0 181.9
2016-10-24 23:03:07 413804399 114.496258 30.690885 114.496255 30.690892 0.0 304.7
2016-10-24 23:06:04 413804399 114.496257 30.690888 114.496258 30.690885 0.0 19.3
2016-10-24 23:08:49 413804399 114.496257 30.690893 114.496257 30.690888 0.0 358.5
2016-10-24 23:11:35 413804399 114.496257 30.690898 114.496257 30.690893 0.0 151.4
2016-10-24 23:12:06 413804399 114.496258 30.690898 114.496257 30.690898 0.0 164.5
2016-10-24 23:14:50 413804399 114.49626 30.690897 114.496258 30.690898 0.0 177.1
2016-10-24 23:17:37 413804399 114.49626 30.690897 114.49626 30.690897 0.0 323.6
2016-10-24 23:17:57 413804399 114.49626 30.690897 114.49626 30.690897 0.0 340.7
2016-10-24 23:20:56 413804399 114.49626 30.690898 114.49626 30.690897 0.0 20.5
2016-10-24 23:24:07 413804399 114.49626 30.690898 114.49626 30.690898 0.0 110.9
2016-10-24 23:26:59 413804399 114.496253 30.690902 114.49626 30.690898 0.0 190.6
2016-10-24 23:30:08 413804399 114.496252 30.690898 114.496253 30.690902 0.0 172.7
2016-10-24 23:32:50 413804399 114.49625 30.690898 114.496252 30.690898 0.0 6.9
2016-10-24 23:41:48 413804399 114.49625 30.6909 114.496248 30.690902 0.0 165.4
2016-10-24 23:45:02 413804399 114.496248 30.690898 114.49625 30.6909 0.0 143.4
2016-10-24 23:47:37 413804399 114.496248 30.690897 114.496248 30.690898 0.0 190.1
2016-10-24 23:48:02 413804399 114.496248 30.690897 114.496248 30.690897 0.0 182.4
2016-10-24 23:50:50 413804399 114.496248 30.690895 114.496248 30.690897 0.0 355.1
2016-10-24 23:53:51 413804399 114.49625 30.690897 114.496248 30.690895 0.0 237.1
2016-10-24 23:56:46 413804399 114.49625 30.6909 114.49625 30.690897 0.0 346.7
2016-10-24 23:59:42 413804399 114.496252 30.690905 114.49625 30.6909 0.0 354.2
