2016-10-24 0:02:21 413824753 114.491828 30.69045 114.491805 30.690432 0.1 56.5 56
2016-10-24 0:06:20 413824753 114.491783 30.690467 114.491828 30.69045 0.1 206.1 206
2016-10-24 0:10:31 413824753 114.491135 30.690035 114.491783 30.690467 1.6 250.0 250
2016-10-24 0:11:41 413824753 114.490482 30.689825 114.491135 30.690035 2.1 245.5 245
2016-10-24 0:12:02 413824753 114.49012 30.689648 114.490482 30.689825 2.5 239.8 239
2016-10-24 0:12:41 413824753 114.489725 30.689495 114.49012 30.689648 2.7 245.4 245
2016-10-24 0:13:07 413824753 114.4893 30.689323 114.489725 30.689495 2.9 243.7 243
2016-10-24 0:13:44 413824753 114.488808 30.689158 114.4893 30.689323 3.3 250.1 250
2016-10-24 0:14:24 413824753 114.488112 30.688938 114.488808 30.689158 3.1 250.2 250
2016-10-24 0:15:03 413824753 114.487608 30.68877 114.488112 30.688938 3.6 246.6 246
2016-10-24 0:15:19 413824753 114.487067 30.688595 114.487608 30.68877 3.6 248.5 248
2016-10-24 0:16:07 413824753 114.486477 30.688442 114.487067 30.688595 3.7 252.9 252
2016-10-24 0:16:27 413824753 114.485865 30.688283 114.486477 30.688442 3.6 251.7 251
2016-10-24 0:17:12 413824753 114.48529 30.688143 114.485865 30.688283 3.7 254.3 254
2016-10-24 0:17:48 413824753 114.484192 30.687837 114.48529 30.688143 3.7 249.5 249
2016-10-24 0:18:34 413824753 114.483632 30.687647 114.484192 30.687837 3.7 247.6 247
2016-10-24 0:20:42 413824753 114.481102 30.687233 114.483632 30.687647 3.8 261.6 261
2016-10-24 0:21:03 413824753 114.480447 30.68713 114.481102 30.687233 4.0 258.0 258
2016-10-24 0:21:37 413824753 114.479813 30.687023 114.480447 30.68713 3.9 260.0 260
2016-10-24 0:22:23 413824753 114.479218 30.686917 114.479813 30.687023 3.7 257.4 257
2016-10-24 0:22:44 413824753 114.47838 30.686728 114.479218 30.686917 3.9 254.1 254
2016-10-24 0:23:23 413824753 114.477805 30.686578 114.47838 30.686728 3.9 255.1 255
2016-10-24 0:23:53 413824753 114.477197 30.686447 114.477805 30.686578 3.9 255.8 255
2016-10-24 0:24:12 413824753 114.47656 30.686308 114.477197 30.686447 3.9 255.5 255
2016-10-24 0:24:52 413824753 114.475922 30.686152 114.47656 30.686308 4.0 252.9 252
2016-10-24 0:25:19 413824753 114.475317 30.685947 114.475922 30.686152 4.2 247.8 247
2016-10-24 0:26:46 413824753 114.473808 30.685517 114.475317 30.685947 4.1 254.7 254
2016-10-24 0:27:23 413824753 114.472513 30.685103 114.473808 30.685517 4.2 246.4 246
2016-10-24 0:28:16 413824753 114.471867 30.684825 114.472513 30.685103 4.5 244.1 244
2016-10-24 0:29:15 413824753 114.470322 30.68407 114.471867 30.684825 4.5 244.6 244
2016-10-24 0:30:22 413824753 114.468743 30.683403 114.470322 30.68407 4.5 243.7 243
2016-10-24 0:31:03 413824753 114.468148 30.683148 114.468743 30.683403 4.6 243.5 243
2016-10-24 0:31:23 413824753 114.467413 30.682848 114.468148 30.683148 4.7 244.9 244
2016-10-24 0:31:58 413824753 114.46674 30.682613 114.467413 30.682848 4.5 248.9 248
2016-10-24 0:32:23 413824753 114.466045 30.682405 114.46674 30.682613 4.6 251.5 251
2016-10-24 0:34:00 413824753 114.463617 30.681855 114.466045 30.682405 4.7 257.8 257
2016-10-24 0:34:31 413824753 114.462872 30.681675 114.463617 30.681855 4.6 254.5 254
2016-10-24 0:35:20 413824753 114.462153 30.68152 114.462872 30.681675 4.7 255.7 255
2016-10-24 0:35:39 413824753 114.461392 30.681398 114.462153 30.68152 4.6 259.3 259
2016-10-24 0:36:22 413824753 114.460665 30.68128 114.461392 30.681398 4.6 258.9 258
2016-10-24 0:36:42 413824753 114.459665 30.681073 114.460665 30.68128 4.8 256.1 256
2016-10-24 0:37:41 413824753 114.4582 30.68081 114.459665 30.681073 4.5 260.2 260
2016-10-24 0:38:17 413824753 114.457463 30.680732 114.4582 30.68081 4.6 262.2 262
2016-10-24 0:38:53 413824753 114.456683 30.680643 114.457463 30.680732 4.6 264.6 264
2016-10-24 0:39:29 413824753 114.455955 30.680593 114.456683 30.680643 4.6 264.9 264
2016-10-24 0:40:14 413824753 114.45496 30.68039 114.455955 30.680593 4.6 259.6 259
2016-10-24 0:40:35 413824753 114.454178 30.680278 114.45496 30.68039 4.8 260.2 260
2016-10-24 0:41:08 413824753 114.453467 30.680095 114.454178 30.680278 4.7 253.5 253
2016-10-24 0:41:34 413824753 114.452575 30.679792 114.453467 30.680095 4.7 245.9 245
2016-10-24 0:42:14 413824753 114.45185 30.679557 114.452575 30.679792 4.6 251.4 251
2016-10-24 0:43:19 413824753 114.450372 30.679045 114.45185 30.679557 4.6 247.7 247
2016-10-24 0:43:38 413824753 114.449643 30.678828 114.450372 30.679045 4.5 249.9 249
2016-10-24 0:44:12 413824753 114.448957 30.678673 114.449643 30.678828 4.5 257.6 257
2016-10-24 0:45:38 413824753 114.446952 30.677943 114.448957 30.678673 4.4 242.8 242
2016-10-24 0:46:36 413824753 114.446018 30.677557 114.446952 30.677943 4.6 245.0 245
2016-10-24 0:46:51 413824753 114.445412 30.677293 114.446018 30.677557 4.4 242.6 242
2016-10-24 0:47:21 413824753 114.444743 30.677013 114.445412 30.677293 4.4 244.6 244
2016-10-24 0:48:14 413824753 114.44369 30.676612 114.444743 30.677013 4.3 241.7 241
2016-10-24 0:49:37 413824753 114.442243 30.67607 114.44369 30.676612 4.1 250.0 250
2016-10-24 0:49:52 413824753 114.441665 30.675842 114.442243 30.67607 4.1 243.9 243
2016-10-24 0:50:38 413824753 114.440817 30.675497 114.441665 30.675842 4.2 246.7 246
2016-10-24 0:51:02 413824753 114.440212 30.675267 114.440817 30.675497 4.3 245.7 245
2016-10-24 0:51:32 413824753 114.439545 30.675012 114.440212 30.675267 4.5 246.3 246
2016-10-24 0:52:09 413824753 114.438937 30.674732 114.439545 30.675012 4.5 240.8 240
2016-10-24 0:52:43 413824753 114.438278 30.674433 114.438937 30.674732 4.4 243.2 243
2016-10-24 0:53:50 413824753 114.436738 30.673842 114.438278 30.674433 4.4 246.0 245
2016-10-24 0:54:41 413824753 114.436012 30.673607 114.436738 30.673842 4.4 249.2 249
2016-10-24 0:55:14 413824753 114.434708 30.673035 114.436012 30.673607 4.7 246.2 246
2016-10-24 0:56:22 413824753 114.43309 30.672428 114.434708 30.673035 4.7 242.5 242
2016-10-24 0:57:05 413824753 114.432412 30.672085 114.43309 30.672428 4.7 239.3 239
2016-10-24 0:57:24 413824753 114.431752 30.67175 114.432412 30.672085 4.8 239.1 239
2016-10-24 0:58:00 413824753 114.431128 30.671403 114.431752 30.67175 4.8 237.5 237
2016-10-24 0:58:35 413824753 114.430422 30.671098 114.431128 30.671403 4.7 244.2 244
2016-10-24 0:59:09 413824753 114.429533 30.670683 114.430422 30.671098 4.7 238.1 238
2016-10-24 0:59:52 413824753 114.42891 30.670265 114.429533 30.670683 4.7 232.2 232
2016-10-24 1:00:12 413824753 114.428245 30.669868 114.42891 30.670265 4.7 236.9 236
2016-10-24 1:00:45 413824753 114.427593 30.66958 114.428245 30.669868 4.7 243.3 243
2016-10-24 1:01:14 413824753 114.42694 30.669258 114.427593 30.66958 4.7 238.6 238
2016-10-24 1:01:47 413824753 114.42611 30.668718 114.42694 30.669258 4.8 232.1 232
2016-10-24 1:02:30 413824753 114.425492 30.66834 114.42611 30.668718 4.7 235.2 235
2016-10-24 1:03:02 413824753 114.424823 30.66797 114.425492 30.66834 4.8 238.0 238
2016-10-24 1:03:19 413824753 114.42418 30.667602 114.424823 30.66797 4.7 238.7 238
2016-10-24 1:03:58 413824753 114.42355 30.667312 114.42418 30.667602 4.6 241.2 241
2016-10-24 1:04:32 413824753 114.422605 30.666878 114.42355 30.667312 4.6 243.2 243
2016-10-24 1:05:15 413824753 114.421947 30.66663 114.422605 30.666878 4.6 247.2 247
2016-10-24 1:05:36 413824753 114.42122 30.666397 114.421947 30.66663 4.7 249.4 249
2016-10-24 1:06:15 413824753 114.420492 30.666188 114.42122 30.666397 4.5 250.6 250
2016-10-24 1:06:34 413824753 114.419878 30.66598 114.420492 30.666188 4.5 248.8 248
2016-10-24 1:07:06 413824753 114.419138 30.665723 114.419878 30.66598 4.6 246.9 246
2016-10-24 1:08:12 413824753 114.417492 30.665153 114.419138 30.665723 4.5 249.1 249
2016-10-24 1:08:55 413824753 114.41681 30.664892 114.417492 30.665153 4.9 244.0 244
2016-10-24 1:09:29 413824753 114.416077 30.664588 114.41681 30.664892 4.7 243.1 243
2016-10-24 1:10:01 413824753 114.415387 30.66429 114.416077 30.664588 4.6 243.4 243
2016-10-24 1:11:18 413824753 114.413842 30.663672 114.415387 30.66429 4.5 248.2 248
2016-10-24 1:12:11 413824753 114.41243 30.663142 114.413842 30.663672 4.6 246.8 246
2016-10-24 1:12:41 413824753 114.41178 30.66291 114.41243 30.663142 4.5 247.1 247
2016-10-24 1:13:50 413824753 114.410167 30.662373 114.41178 30.66291 4.5 249.2 249
2016-10-24 1:14:06 413824753 114.409497 30.662133 114.410167 30.662373 4.7 246.4 246
2016-10-24 1:15:00 413824753 114.408817 30.661893 114.409497 30.662133 4.4 249.2 249
2016-10-24 1:15:15 413824753 114.408128 30.66165 114.408817 30.661893 4.5 248.5 248
2016-10-24 1:16:26 413824753 114.406597 30.661157 114.408128 30.66165 4.4 250.8 250
2016-10-24 1:16:53 413824753 114.405908 30.660913 114.406597 30.661157 4.5 247.0 247
2016-10-24 1:17:25 413824753 114.405278 30.660632 114.405908 30.660913 4.6 240.7 240
2016-10-24 1:18:03 413824753 114.404612 30.660343 114.405278 30.660632 4.6 243.9 243
2016-10-24 1:18:18 413824753 114.403945 30.660032 114.404612 30.660343 4.2 241.9 241
2016-10-24 1:19:45 413824753 114.402547 30.65951 114.403945 30.660032 4.0 248.9 248
2016-10-24 1:20:04 413824753 114.401872 30.659305 114.402547 30.65951 4.3 251.6 251
2016-10-24 1:20:34 413824753 114.401252 30.659102 114.401872 30.659305 4.2 247.8 247
2016-10-24 1:21:15 413824753 114.400632 30.65888 114.401252 30.659102 4.0 247.0 247
2016-10-24 1:22:45 413824753 114.398535 30.658218 114.400632 30.65888 4.1 254.6 254
2016-10-24 1:23:21 413824753 114.39788 30.658127 114.398535 30.658218 4.1 260.7 260
2016-10-24 1:23:52 413824753 114.397253 30.658017 114.39788 30.658127 4.1 256.5 256
2016-10-24 1:24:32 413824753 114.396617 30.657847 114.397253 30.658017 4.1 252.8 252
2016-10-24 1:24:49 413824753 114.39597 30.657663 114.396617 30.657847 4.2 252.3 252
2016-10-24 1:25:18 413824753 114.395352 30.657515 114.39597 30.657663 4.1 254.1 254
2016-10-24 1:26:03 413824753 114.39446 30.657303 114.395352 30.657515 4.3 255.2 255
2016-10-24 1:26:32 413824753 114.393822 30.65716 114.39446 30.657303 4.1 255.5 255
2016-10-24 1:26:55 413824753 114.393162 30.65704 114.393822 30.65716 4.4 259.0 259
2016-10-24 1:27:32 413824753 114.392437 30.656917 114.393162 30.65704 4.2 258.2 258
2016-10-24 1:27:57 413824753 114.391793 30.656773 114.392437 30.656917 4.5 255.5 255
2016-10-24 1:28:42 413824753 114.39082 30.656515 114.391793 30.656773 4.6 251.5 251
2016-10-24 1:29:19 413824753 114.390128 30.65629 114.39082 30.656515 4.1 247.5 247
2016-10-24 1:29:45 413824753 114.389547 30.656028 114.390128 30.65629 4.0 240.4 240
2016-10-24 1:30:12 413824753 114.38891 30.65571 114.389547 30.656028 4.6 241.4 241
2016-10-24 1:30:45 413824753 114.388217 30.655468 114.38891 30.65571 4.3 250.3 250
2016-10-24 1:31:58 413824753 114.38672 30.654982 114.388217 30.655468 4.2 242.8 242
2016-10-24 1:32:29 413824753 114.386093 30.654693 114.38672 30.654982 4.3 244.0 244
2016-10-24 1:32:56 413824753 114.385497 30.654477 114.386093 30.654693 4.1 248.9 248
2016-10-24 1:33:22 413824753 114.38479 30.654243 114.385497 30.654477 4.4 248.2 248
2016-10-24 1:33:53 413824753 114.384202 30.653983 114.38479 30.654243 4.4 242.0 242
2016-10-24 1:35:13 413824753 114.382638 30.653387 114.384202 30.653983 4.4 249.7 249
2016-10-24 1:35:35 413824753 114.381967 30.653137 114.382638 30.653387 4.6 245.7 245
2016-10-24 1:36:10 413824753 114.381348 30.65283 114.381967 30.653137 4.4 238.9 238
2016-10-24 1:37:41 413824753 114.379283 30.65177 114.381348 30.65283 4.3 233.3 233
2016-10-24 1:38:25 413824753 114.378753 30.651337 114.379283 30.65177 4.7 226.3 226
2016-10-24 1:38:54 413824753 114.378138 30.650945 114.378753 30.651337 4.6 234.3 234
2016-10-24 1:39:32 413824753 114.377298 30.650443 114.378138 30.650945 4.5 234.6 234
2016-10-24 1:40:40 413824753 114.376137 30.64971 114.377298 30.650443 4.4 238.3 238
2016-10-24 1:40:55 413824753 114.37549 30.649457 114.376137 30.64971 4.4 245.4 245
2016-10-24 1:41:37 413824753 114.374878 30.649165 114.37549 30.649457 4.3 240.3 240
2016-10-24 1:42:10 413824753 114.374283 30.64883 114.374878 30.649165 4.4 236.3 236
2016-10-24 1:42:52 413824753 114.373662 30.648448 114.374283 30.64883 4.4 236.2 236
2016-10-24 1:43:10 413824753 114.372832 30.648073 114.373662 30.648448 4.3 243.8 243
2016-10-24 1:43:40 413824753 114.372223 30.647777 114.372832 30.648073 4.3 240.9 240
2016-10-24 1:44:18 413824753 114.371588 30.647462 114.372223 30.647777 4.4 239.6 239
2016-10-24 1:44:46 413824753 114.371 30.647168 114.371588 30.647462 4.5 240.9 240
2016-10-24 1:45:11 413824753 114.370303 30.646878 114.371 30.647168 4.5 243.3 243
2016-10-24 1:46:32 413824753 114.368728 30.64608 114.370303 30.646878 4.6 241.9 241
2016-10-24 1:47:55 413824753 114.367125 30.645248 114.368728 30.64608 4.4 235.6 235
2016-10-24 1:48:34 413824753 114.366495 30.644908 114.367125 30.645248 4.4 238.0 238
2016-10-24 1:48:51 413824753 114.3659 30.644573 114.366495 30.644908 4.4 237.8 237
2016-10-24 1:49:20 413824753 114.365283 30.64426 114.3659 30.644573 4.4 238.2 238
2016-10-24 1:50:02 413824753 114.364477 30.643727 114.365283 30.64426 4.6 233.8 233
2016-10-24 1:50:29 413824753 114.36389 30.643355 114.364477 30.643727 4.5 233.0 233
2016-10-24 1:51:00 413824753 114.363363 30.642955 114.36389 30.643355 4.4 228.8 228
2016-10-24 1:51:26 413824753 114.362815 30.642562 114.363363 30.642955 4.5 230.0 230
2016-10-24 1:52:00 413824753 114.362285 30.642148 114.362815 30.642562 4.4 229.1 228
2016-10-24 1:53:47 413824753 114.3603 30.640912 114.362285 30.642148 4.4 233.0 233
2016-10-24 1:54:13 413824753 114.359708 30.640538 114.3603 30.640912 4.6 233.5 233
2016-10-24 1:54:46 413824753 114.359058 30.64016 114.359708 30.640538 4.6 237.0 237
2016-10-24 1:55:14 413824753 114.358678 30.639923 114.359058 30.64016 4.6 233.7 233
2016-10-24 1:55:56 413824753 114.35765 30.639137 114.358678 30.639923 4.7 229.8 229
2016-10-24 1:57:16 413824753 114.356272 30.638038 114.35765 30.639137 4.6 224.8 224
2016-10-24 1:58:43 413824753 114.354738 30.636728 114.356272 30.638038 4.6 227.6 227
2016-10-24 1:58:59 413824753 114.354465 30.636502 114.354738 30.636728 4.7 226.4 226
2016-10-24 1:59:26 413824753 114.353955 30.636048 114.354465 30.636502 4.5 222.8 222
2016-10-24 1:59:58 413824753 114.353458 30.635555 114.353955 30.636048 4.5 220.8 220
2016-10-24 2:00:36 413824753 114.35283 30.634877 114.353458 30.635555 4.5 219.0 219
2016-10-24 2:01:14 413824753 114.352303 30.63445 114.35283 30.634877 4.5 226.9 226
2016-10-24 2:01:55 413824753 114.351767 30.63403 114.352303 30.63445 4.4 227.9 227
2016-10-24 2:02:15 413824753 114.351248 30.633598 114.351767 30.63403 4.4 226.2 226
2016-10-24 2:02:36 413824753 114.350757 30.63316 114.351248 30.633598 4.4 223.9 223
2016-10-24 2:03:47 413824753 114.349612 30.63212 114.350757 30.63316 4.3 223.5 223
2016-10-24 2:04:23 413824753 114.349097 30.631688 114.349612 30.63212 4.3 227.1 227
2016-10-24 2:04:57 413824753 114.348555 30.631317 114.349097 30.631688 4.3 232.1 232
2016-10-24 2:05:41 413824753 114.34805 30.630925 114.348555 30.631317 4.2 228.1 228
2016-10-24 2:05:58 413824753 114.347557 30.630537 114.34805 30.630925 4.3 227.3 227
2016-10-24 2:06:38 413824753 114.346803 30.62998 114.347557 30.630537 4.3 229.4 229
2016-10-24 2:07:07 413824753 114.34636 30.629607 114.346803 30.62998 4.5 225.5 225
2016-10-24 2:07:43 413824753 114.345807 30.629155 114.34636 30.629607 4.3 227.3 227
2016-10-24 2:07:58 413824753 114.345247 30.628703 114.345807 30.629155 4.4 227.2 227
2016-10-24 2:08:35 413824753 114.344732 30.628322 114.345247 30.628703 4.4 229.5 229
2016-10-24 2:09:36 413824753 114.343992 30.627767 114.344732 30.628322 4.4 227.9 227
2016-10-24 2:11:07 413824753 114.342492 30.626595 114.343992 30.627767 4.8 225.4 225
2016-10-24 2:12:00 413824753 114.341318 30.625825 114.342492 30.626595 4.0 235.3 235
2016-10-24 2:12:24 413824753 114.340868 30.625462 114.341318 30.625825 4.0 225.4 225
2016-10-24 2:13:04 413824753 114.34039 30.625032 114.340868 30.625462 4.0 223.6 223
2016-10-24 2:13:25 413824753 114.339962 30.624632 114.34039 30.625032 4.0 223.4 223
2016-10-24 2:14:29 413824753 114.338707 30.623823 114.339962 30.624632 4.2 232.3 232
2016-10-24 2:15:09 413824753 114.338173 30.623497 114.338707 30.623823 3.9 235.0 235
2016-10-24 2:16:45 413824753 114.336572 30.622572 114.338173 30.623497 4.1 244.7 244
2016-10-24 2:17:04 413824753 114.335965 30.62232 114.336572 30.622572 4.0 242.9 242
2016-10-24 2:17:47 413824753 114.335222 30.621892 114.335965 30.62232 3.9 233.4 233
2016-10-24 2:18:28 413824753 114.334683 30.621555 114.335222 30.621892 4.1 234.3 234
2016-10-24 2:18:46 413824753 114.334125 30.62125 114.334683 30.621555 4.1 239.1 239
2016-10-24 2:19:18 413824753 114.333582 30.620965 114.334125 30.62125 3.9 238.3 238
2016-10-24 2:19:59 413824753 114.33302 30.620658 114.333582 30.620965 4.1 236.8 236
2016-10-24 2:20:14 413824753 114.33253 30.620317 114.33302 30.620658 4.1 230.3 230
2016-10-24 2:21:42 413824753 114.331302 30.619335 114.33253 30.620317 4.2 228.3 228
2016-10-24 2:22:07 413824753 114.330785 30.61893 114.331302 30.619335 4.3 226.2 226
2016-10-24 2:22:28 413824753 114.330323 30.618505 114.330785 30.61893 4.3 223.1 223
2016-10-24 2:23:02 413824753 114.329887 30.61807 114.330323 30.618505 4.2 219.8 219
2016-10-24 2:24:03 413824753 114.328852 30.61698 114.329887 30.61807 4.3 226.2 226
2016-10-24 2:24:44 413824753 114.328375 30.616548 114.328852 30.61698 4.3 221.2 221
2016-10-24 2:25:23 413824753 114.32793 30.616083 114.328375 30.616548 4.4 219.7 219
2016-10-24 2:25:42 413824753 114.327485 30.615608 114.32793 30.616083 4.5 217.8 217
2016-10-24 2:27:30 413824753 114.326123 30.613875 114.327485 30.615608 4.5 212.3 212
2016-10-24 2:27:50 413824753 114.325712 30.613403 114.326123 30.613875 4.2 219.5 219
2016-10-24 2:28:29 413824753 114.325182 30.612943 114.325712 30.613403 4.6 224.2 224
2016-10-24 2:29:00 413824753 114.324703 30.612435 114.325182 30.612943 4.5 216.2 216
2016-10-24 2:29:20 413824753 114.3243 30.611903 114.324703 30.612435 4.6 214.1 214
2016-10-24 2:29:55 413824753 114.323887 30.611413 114.3243 30.611903 4.4 216.4 216
2016-10-24 2:31:01 413824753 114.322907 30.610203 114.323887 30.611413 4.4 216.0 216
2016-10-24 2:31:41 413824753 114.322427 30.609657 114.322907 30.610203 4.7 216.9 216
2016-10-24 2:32:13 413824753 114.321965 30.609112 114.322427 30.609657 4.6 215.8 215
2016-10-24 2:32:51 413824753 114.321523 30.608615 114.321965 30.609112 4.7 217.6 217
2016-10-24 2:34:12 413824753 114.320292 30.607185 114.321523 30.608615 4.5 215.3 215
2016-10-24 2:34:34 413824753 114.319875 30.606667 114.320292 30.607185 4.8 216.9 216
2016-10-24 2:35:10 413824753 114.319172 30.605835 114.319875 30.606667 4.2 217.5 217
2016-10-24 2:36:05 413824753 114.31847 30.6051 114.319172 30.605835 4.7 219.6 219
2016-10-24 2:36:38 413824753 114.318032 30.604585 114.31847 30.6051 4.6 215.3 215
2016-10-24 2:37:05 413824753 114.317578 30.60404 114.318032 30.604585 4.7 217.3 217
2016-10-24 2:37:29 413824753 114.317108 30.603527 114.317578 30.60404 4.7 218.1 218
2016-10-24 2:38:04 413824753 114.316585 30.603007 114.317108 30.603527 4.8 220.9 220
2016-10-24 2:38:30 413824753 114.31612 30.602537 114.316585 30.603007 4.6 222.0 222
2016-10-24 2:40:09 413824753 114.314272 30.601077 114.31612 30.602537 4.5 229.6 229
2016-10-24 2:40:48 413824753 114.313687 30.600703 114.314272 30.601077 4.7 234.4 234
2016-10-24 2:41:16 413824753 114.313083 30.600272 114.313687 30.600703 4.6 228.0 228
2016-10-24 2:41:53 413824753 114.312478 30.599815 114.313083 30.600272 5.0 228.8 228
2016-10-24 2:42:07 413824753 114.311908 30.599432 114.312478 30.599815 4.7 231.6 231
2016-10-24 2:43:00 413824753 114.311055 30.598775 114.311908 30.599432 4.8 228.6 228
2016-10-24 2:43:18 413824753 114.31057 30.598323 114.311055 30.598775 4.8 222.5 222
2016-10-24 2:44:00 413824753 114.310063 30.597805 114.31057 30.598323 4.7 219.6 219
2016-10-24 2:44:17 413824753 114.309662 30.597238 114.310063 30.597805 4.6 207.8 207
2016-10-24 2:44:51 413824753 114.309347 30.596657 114.309662 30.597238 4.8 202.8 202
2016-10-24 2:46:10 413824753 114.30868 30.59524 114.309347 30.596657 4.6 208.7 208
2016-10-24 2:47:01 413824753 114.308208 30.594767 114.30868 30.59524 4.7 222.6 222
2016-10-24 2:47:38 413824753 114.307105 30.593812 114.308208 30.594767 4.7 224.6 224
2016-10-24 2:48:21 413824753 114.306562 30.593378 114.307105 30.593812 4.7 228.4 228
2016-10-24 2:49:18 413824753 114.30533 30.592253 114.306562 30.593378 4.6 219.6 219
2016-10-24 2:49:50 413824753 114.304872 30.591732 114.30533 30.592253 4.8 215.8 215
2016-10-24 2:50:28 413824753 114.304437 30.591207 114.304872 30.591732 4.6 215.5 215
2016-10-24 2:50:45 413824753 114.304088 30.590602 114.304437 30.591207 4.6 204.6 204
2016-10-24 2:52:00 413824753 114.303375 30.589212 114.304088 30.590602 4.6 208.7 208
2016-10-24 2:52:45 413824753 114.30299 30.588642 114.303375 30.589212 4.6 209.7 209
2016-10-24 2:53:05 413824753 114.302653 30.588105 114.30299 30.588642 4.5 207.3 207
2016-10-24 2:53:42 413824753 114.302312 30.587542 114.302653 30.588105 4.8 209.4 209
2016-10-24 2:54:53 413824753 114.301318 30.586035 114.302312 30.587542 4.9 208.2 208
2016-10-24 2:55:59 413824753 114.300677 30.584917 114.301318 30.586035 4.7 205.0 205
2016-10-24 2:56:14 413824753 114.300323 30.584308 114.300677 30.584917 5.1 206.6 206
2016-10-24 2:56:53 413824753 114.299897 30.583655 114.300323 30.584308 4.9 210.2 210
2016-10-24 2:57:28 413824753 114.29951 30.583092 114.299897 30.583655 4.8 210.4 210
2016-10-24 2:57:51 413824753 114.299125 30.582515 114.29951 30.583092 4.9 208.7 208
2016-10-24 2:59:03 413824753 114.29804 30.581248 114.299125 30.582515 4.8 217.2 217
2016-10-24 2:59:48 413824753 114.297632 30.580713 114.29804 30.581248 4.5 212.2 212
2016-10-24 3:00:23 413824753 114.296852 30.57959 114.297632 30.580713 4.5 209.0 209
2016-10-24 3:02:26 413824753 114.29555 30.577658 114.296852 30.57959 4.5 211.6 211
2016-10-24 3:03:18 413824753 114.294768 30.576625 114.29555 30.577658 4.7 214.6 214
2016-10-24 3:03:42 413824753 114.294362 30.576122 114.294768 30.576625 4.6 214.7 214
2016-10-24 3:04:17 413824753 114.293928 30.575568 114.294362 30.576122 4.7 213.8 213
2016-10-24 3:05:08 413824753 114.29335 30.574808 114.293928 30.575568 4.7 212.6 212
2016-10-24 3:05:51 413824753 114.292553 30.57362 114.29335 30.574808 5.1 207.1 207
2016-10-24 3:06:30 413824753 114.292132 30.573075 114.292553 30.57362 4.8 211.8 211
2016-10-24 3:07:57 413824753 114.291095 30.571255 114.292132 30.573075 4.9 198.3 198
2016-10-24 3:08:16 413824753 114.290732 30.570685 114.291095 30.571255 4.8 208.4 208
2016-10-24 3:10:43 413824753 114.288877 30.568153 114.290732 30.570685 4.9 213.1 213
2016-10-24 3:11:03 413824753 114.288473 30.567525 114.288877 30.568153 5.1 210.5 210
2016-10-24 3:11:46 413824753 114.288073 30.566933 114.288473 30.567525 5.0 209.5 209
2016-10-24 3:12:06 413824753 114.287677 30.566315 114.288073 30.566933 5.1 209.4 209
2016-10-24 3:12:46 413824753 114.287118 30.56544 114.287677 30.566315 5.1 209.2 209
2016-10-24 3:13:13 413824753 114.286698 30.564845 114.287118 30.56544 5.0 211.7 211
2016-10-24 3:13:48 413824753 114.286335 30.564248 114.286698 30.564845 4.9 207.6 207
2016-10-24 3:14:20 413824753 114.285927 30.563655 114.286335 30.564248 4.9 210.5 210
2016-10-24 3:14:55 413824753 114.285587 30.563038 114.285927 30.563655 5.0 203.3 203
2016-10-24 3:15:40 413824753 114.285043 30.562278 114.285587 30.563038 4.6 210.2 210
2016-10-24 3:16:00 413824753 114.284673 30.561653 114.285043 30.562278 4.7 204.9 204
2016-10-24 3:17:22 413824753 114.283803 30.55976 114.284673 30.561653 5.0 201.7 201
2016-10-24 3:17:56 413824753 114.283475 30.559127 114.283803 30.55976 5.1 203.0 203
2016-10-24 3:18:28 413824753 114.28322 30.558453 114.283475 30.559127 4.8 198.9 198
2016-10-24 3:20:06 413824753 114.28251 30.556442 114.28322 30.558453 5.0 198.8 198
2016-10-24 3:20:42 413824753 114.282232 30.555488 114.28251 30.556442 5.1 193.1 193
2016-10-24 3:21:08 413824753 114.282033 30.5548 114.282232 30.555488 5.1 194.5 194
2016-10-24 3:22:33 413824753 114.281397 30.553207 114.282033 30.5548 4.7 202.1 202
2016-10-24 3:23:17 413824753 114.280842 30.552272 114.281397 30.553207 4.5 208.9 208
2016-10-24 3:23:35 413824753 114.280415 30.551743 114.280842 30.552272 4.5 216.0 216
2016-10-24 3:24:44 413824753 114.279512 30.550717 114.280415 30.551743 4.7 216.7 216
2016-10-24 3:25:51 413824753 114.278538 30.549522 114.279512 30.550717 4.4 212.2 212
2016-10-24 3:26:29 413824753 114.27827 30.548973 114.278538 30.549522 4.2 202.8 202
2016-10-24 3:27:58 413824753 114.277705 30.547043 114.27827 30.548973 4.2 187.2 187
2016-10-24 3:28:44 413824753 114.27759 30.54648 114.277705 30.547043 4.2 189.2 189
2016-10-24 3:29:53 413824753 114.277145 30.545307 114.27759 30.54648 4.2 199.2 199
2016-10-24 3:30:36 413824753 114.276607 30.54421 114.277145 30.545307 4.4 204.8 204
2016-10-24 3:31:25 413824753 114.276347 30.543662 114.276607 30.54421 4.3 202.4 202
2016-10-24 3:32:57 413824753 114.275473 30.541843 114.276347 30.543662 4.2 203.4 203
2016-10-24 3:34:01 413824753 114.274927 30.540785 114.275473 30.541843 4.3 204.9 204
2016-10-24 3:34:55 413824753 114.274207 30.539675 114.274927 30.540785 3.7 212.0 212
2016-10-24 3:35:31 413824753 114.273837 30.539202 114.274207 30.539675 4.1 213.2 213
2016-10-24 3:36:32 413824753 114.273178 30.538362 114.273837 30.539202 4.0 212.1 212
2016-10-24 3:38:15 413824753 114.27197 30.536503 114.273178 30.538362 5.1 210.3 210
2016-10-24 3:38:36 413824753 114.271583 30.536003 114.27197 30.536503 4.5 213.5 213
2016-10-24 3:39:11 413824753 114.271143 30.535442 114.271583 30.536003 4.5 215.7 215
2016-10-24 3:39:40 413824753 114.270732 30.534935 114.271143 30.535442 4.4 211.2 211
2016-10-24 3:40:22 413824753 114.270423 30.534363 114.270732 30.534935 4.6 204.9 204
2016-10-24 3:42:55 413824753 114.268472 30.531328 114.270423 30.534363 4.8 213.9 213
2016-10-24 3:44:03 413824753 114.267655 30.530312 114.268472 30.531328 4.6 216.4 216
2016-10-24 3:45:42 413824753 114.266193 30.52862 114.267655 30.530312 4.3 213.8 213
2016-10-24 3:46:01 413824753 114.265818 30.52818 114.266193 30.52862 4.2 216.3 216
2016-10-24 3:47:47 413824753 114.26458 30.526902 114.265818 30.52818 4.0 220.2 220
2016-10-24 3:48:42 413824753 114.263718 30.526107 114.26458 30.526902 3.8 224.6 224
2016-10-24 3:49:17 413824753 114.263125 30.525593 114.263718 30.526107 3.9 225.3 225
2016-10-24 3:50:17 413824753 114.262255 30.524742 114.263125 30.525593 3.9 218.6 218
2016-10-24 3:51:09 413824753 114.261883 30.524315 114.262255 30.524742 4.0 216.1 216
2016-10-24 3:51:46 413824753 114.261113 30.523458 114.261883 30.524315 3.9 222.9 222
2016-10-24 3:52:34 413824753 114.26062 30.522998 114.261113 30.523458 3.9 224.1 224
2016-10-24 3:53:29 413824753 114.259607 30.521982 114.26062 30.522998 3.9 220.7 220
2016-10-24 3:56:49 413824753 114.256802 30.519185 114.259607 30.521982 4.0 220.5 220
2016-10-24 3:57:27 413824753 114.256385 30.518713 114.256802 30.519185 4.0 217.1 217
2016-10-24 3:58:08 413824753 114.255828 30.518147 114.256385 30.518713 4.0 221.5 221
2016-10-24 3:58:50 413824753 114.255367 30.517738 114.255828 30.518147 4.1 225.1 225
2016-10-24 3:59:32 413824753 114.254498 30.516827 114.255367 30.517738 4.1 216.7 216
2016-10-24 4:01:00 413824753 114.253547 30.51575 114.254498 30.516827 4.1 214.9 214
2016-10-24 4:01:20 413824753 114.253152 30.515265 114.253547 30.51575 4.2 215.3 215
2016-10-24 4:02:17 413824753 114.252428 30.514252 114.253152 30.515265 4.2 212.1 212
2016-10-24 4:03:37 413824753 114.251725 30.513265 114.252428 30.514252 4.1 214.1 214
2016-10-24 4:04:35 413824753 114.250818 30.51215 114.251725 30.513265 4.2 211.0 211
2016-10-24 4:05:05 413824753 114.250453 30.511648 114.250818 30.51215 4.2 212.3 212
2016-10-24 4:05:43 413824753 114.25004 30.511113 114.250453 30.511648 4.3 214.9 214
2016-10-24 4:06:02 413824753 114.249608 30.510638 114.25004 30.511113 4.3 217.8 217
2016-10-24 4:06:51 413824753 114.249055 30.510032 114.249608 30.510638 4.3 218.0 218
2016-10-24 4:07:08 413824753 114.248613 30.509572 114.249055 30.510032 4.3 220.2 220
2016-10-24 4:07:52 413824753 114.248157 30.50909 114.248613 30.509572 4.3 218.2 218
2016-10-24 4:08:11 413824753 114.247858 30.508735 114.248157 30.50909 4.3 216.2 216
2016-10-24 4:09:24 413824753 114.24683 30.507402 114.247858 30.508735 4.4 210.0 210
2016-10-24 4:10:57 413824753 114.245707 30.505805 114.24683 30.507402 4.3 216.1 216
2016-10-24 4:11:34 413824753 114.245303 30.505275 114.245707 30.505805 4.4 213.1 213
2016-10-24 4:12:05 413824753 114.244863 30.50478 114.245303 30.505275 4.5 219.5 219
2016-10-24 4:13:47 413824753 114.243478 30.503093 114.244863 30.50478 4.4 216.6 216
2016-10-24 4:14:08 413824753 114.243122 30.50257 114.243478 30.503093 4.3 209.1 209
2016-10-24 4:17:22 413824753 114.241045 30.499028 114.243122 30.50257 4.5 208.0 208
2016-10-24 4:19:35 413824753 114.239527 30.496962 114.241045 30.499028 4.0 208.3 208
2016-10-24 4:21:07 413824753 114.238532 30.49553 114.239527 30.496962 4.0 213.5 213
2016-10-24 4:21:27 413824753 114.238192 30.495058 114.238532 30.49553 4.0 211.9 211
2016-10-24 4:22:17 413824753 114.237662 30.494438 114.238192 30.495058 3.9 215.7 215
2016-10-24 4:22:41 413824753 114.237367 30.493968 114.237662 30.494438 3.9 206.9 206
2016-10-24 4:24:16 413824753 114.236657 30.492465 114.237367 30.493968 3.8 196.5 196
2016-10-24 4:25:06 413824753 114.236553 30.491748 114.236657 30.492465 3.6 188.3 188
2016-10-24 4:26:09 413824753 114.235942 30.490575 114.236553 30.491748 3.5 213.9 213
2016-10-24 4:26:55 413824753 114.235435 30.490043 114.235942 30.490575 3.9 218.9 218
2016-10-24 4:28:12 413824753 114.2347 30.48923 114.235435 30.490043 3.7 219.0 219
2016-10-24 4:29:15 413824753 114.233665 30.488423 114.2347 30.48923 3.5 228.9 228
2016-10-24 4:29:43 413824753 114.233278 30.488072 114.233665 30.488423 3.5 222.3 222
2016-10-24 4:30:03 413824753 114.23295 30.487708 114.233278 30.488072 3.6 217.5 217
2016-10-24 4:31:19 413824753 114.232208 30.486947 114.23295 30.487708 3.6 227.4 227
2016-10-24 4:31:59 413824753 114.231572 30.486475 114.232208 30.486947 3.2 226.5 226
2016-10-24 4:32:45 413824753 114.23093 30.485892 114.231572 30.486475 3.2 221.5 221
2016-10-24 4:34:31 413824753 114.229725 30.48473 114.23093 30.485892 3.3 224.3 224
2016-10-24 4:35:50 413824753 114.228955 30.484088 114.229725 30.48473 3.3 228.3 228
2016-10-24 4:37:58 413824753 114.227335 30.482383 114.228955 30.484088 3.6 214.4 214
2016-10-24 4:41:58 413824753 114.223958 30.478953 114.227335 30.482383 3.1 229.1 229
2016-10-24 5:04:33 413824753 114.206292 30.461625 114.208927 30.46422 3.3 229.0 229
2016-10-24 5:45:28 413824753 114.17793 30.424985 114.179372 30.427823 4.3 193.0 193
2016-10-24 5:48:06 413824753 114.176693 30.42201 114.17793 30.424985 4.1 204.4 204
2016-10-24 5:48:25 413824753 114.176387 30.421467 114.176693 30.42201 4.5 206.0 206
2016-10-24 5:49:02 413824753 114.176037 30.420893 114.176387 30.421467 4.5 208.0 208
