2016-10-20 7:51:57 413360360 114.13622 30.368837 114.135813 30.368363 6.7 34.3 17
2016-10-20 7:53:16 413360360 114.138035 30.371057 114.13622 30.368837 5.8 36.0 19
2016-10-20 7:58:22 413360360 114.144493 30.37826 114.138035 30.371057 8.2 40.7 25
2016-10-20 7:58:55 413360360 114.145895 30.379682 114.144493 30.37826 8.4 42.0 25
2016-10-20 8:01:37 413360360 114.150793 30.38433 114.145895 30.379682 8.7 43.2 26
2016-10-20 8:02:00 413360360 114.151443 30.38489 114.150793 30.38433 8.7 44.2 28
2016-10-20 8:02:27 413360360 114.15211 30.385502 114.151443 30.38489 8.7 43.9 29
2016-10-20 8:03:36 413360360 114.15439 30.387513 114.15211 30.385502 8.7 47.5 32
2016-10-20 8:04:45 413360360 114.157318 30.389543 114.15439 30.387513 8.7 51.3 39
2016-10-20 8:08:56 413360360 114.164032 30.397353 114.157318 30.389543 8.7 30.1 8
2016-10-20 8:11:19 413360360 114.166963 30.401943 114.164032 30.397353 8.7 30.4 13
2016-10-20 8:11:44 413360360 114.167917 30.403325 114.166963 30.401943 8.7 31.3 17
2016-10-20 8:14:17 413360360 114.171435 30.408782 114.167917 30.403325 8.9 26.8 9
2016-10-20 8:14:51 413360360 114.171822 30.40947 114.171435 30.408782 8.9 25.9 7
2016-10-20 8:17:09 413360360 114.174292 30.41461 114.171822 30.40947 8.8 15.2 352
2016-10-20 8:20:02 413360360 114.177237 30.421592 114.174292 30.41461 8.7 24.9 8
2016-10-20 8:20:31 413360360 114.177768 30.422643 114.177237 30.421592 8.7 23.1 5
2016-10-20 8:20:57 413360360 114.178155 30.423403 114.177768 30.422643 8.6 24.0 5
2016-10-20 8:21:51 413360360 114.179133 30.425282 114.178155 30.423403 8.7 23.4 9
2016-10-20 8:22:17 413360360 114.1799 30.426817 114.179133 30.425282 8.8 23.6 4
2016-10-20 8:23:01 413360360 114.180628 30.428227 114.1799 30.426817 8.8 24.6 8
2016-10-20 8:23:34 413360360 114.181537 30.429745 114.180628 30.428227 8.8 29.5 15
2016-10-20 8:26:14 413360360 114.1853 30.435475 114.181537 30.429745 8.9 29.1 13
2016-10-20 8:26:39 413360360 114.185522 30.435828 114.1853 30.435475 8.9 28.7 13
2016-10-20 8:27:15 413360360 114.186183 30.436885 114.185522 30.435828 8.8 28.9 13
2016-10-20 8:28:25 413360360 114.188185 30.440178 114.186183 30.436885 8.9 27.8 9
2016-10-20 8:28:58 413360360 114.18841 30.440515 114.188185 30.440178 8.9 28.4 9
2016-10-20 8:30:08 413360360 114.19038 30.443427 114.18841 30.440515 8.8 30.4 14
2016-10-20 8:30:37 413360360 114.190863 30.444152 114.19038 30.443427 8.8 30.7 12
2016-10-20 8:31:05 413360360 114.191883 30.445503 114.190863 30.444152 8.8 36.4 20
2016-10-20 8:31:29 413360360 114.192813 30.44645 114.191883 30.445503 8.6 40.4 27
2016-10-20 8:31:53 413360360 114.193085 30.446718 114.192813 30.44645 8.6 40.8 27
2016-10-20 8:32:52 413360360 114.19496 30.448497 114.193085 30.446718 8.6 41.7 26
2016-10-20 8:34:48 413360360 114.198715 30.452137 114.19496 30.448497 8.8 43.5 28
2016-10-20 8:35:11 413360360 114.199752 30.453123 114.198715 30.452137 8.8 45.1 30
2016-10-20 8:35:34 413360360 114.20004 30.453357 114.199752 30.453123 8.8 45.6 31
2016-10-20 8:36:35 413360360 114.202065 30.45509 114.20004 30.453357 8.9 44.4 29
2016-10-20 8:37:00 413360360 114.203372 30.456288 114.202065 30.45509 9.0 43.0 25
2016-10-20 8:37:51 413360360 114.20468 30.45752 114.203372 30.456288 9.1 44.3 27
2016-10-20 8:38:16 413360360 114.205718 30.458497 114.20468 30.45752 9.2 44.1 27
2016-10-20 8:38:38 413360360 114.206458 30.45911 114.205718 30.458497 9.3 43.9 27
2016-10-20 8:39:03 413360360 114.207392 30.459995 114.206458 30.45911 9.4 42.0 26
2016-10-20 8:39:38 413360360 114.208217 30.460738 114.207392 30.459995 9.5 40.6 25
2016-10-20 8:40:30 413360360 114.210175 30.462773 114.208217 30.460738 9.7 41.2 25
2016-10-20 8:41:27 413360360 114.21232 30.464787 114.210175 30.462773 9.8 43.9 29
2016-10-20 8:41:56 413360360 114.212943 30.465367 114.21232 30.464787 9.8 42.2 27
2016-10-20 8:42:22 413360360 114.214437 30.466788 114.212943 30.465367 9.9 43.0 25
2016-10-20 8:42:45 413360360 114.215127 30.467442 114.214437 30.466788 9.9 43.2 26
2016-10-20 8:43:16 413360360 114.216203 30.468435 114.215127 30.467442 9.9 42.6 25
2016-10-20 8:43:40 413360360 114.2169 30.469117 114.216203 30.468435 9.9 41.9 25
2016-10-20 8:44:21 413360360 114.21874 30.47088 114.2169 30.469117 9.9 41.5 25
2016-10-20 8:45:51 413360360 114.221767 30.473815 114.21874 30.47088 9.9 42.7 27
2016-10-20 8:46:44 413360360 114.22362 30.475565 114.221767 30.473815 9.9 41.8 27
2016-10-20 8:47:28 413360360 114.22533 30.47726 114.22362 30.475565 9.9 41.6 26
2016-10-20 8:48:19 413360360 114.22665 30.478607 114.22533 30.47726 9.9 39.1 22
2016-10-20 8:48:46 413360360 114.227378 30.479415 114.22665 30.478607 9.8 38.9 21
2016-10-20 8:50:09 413360360 114.230317 30.482607 114.227378 30.479415 9.7 39.8 23
2016-10-20 8:50:37 413360360 114.231 30.483312 114.230317 30.482607 9.6 39.2 24
2016-10-20 8:52:56 413360360 114.235067 30.48775 114.231 30.483312 9.4 36.8 19
2016-10-20 8:53:19 413360360 114.236512 30.489483 114.235067 30.48775 9.3 35.7 17
2016-10-20 8:53:52 413360360 114.237377 30.490612 114.236512 30.489483 9.3 35.5 17
2016-10-20 8:54:20 413360360 114.237955 30.491285 114.237377 30.490612 9.3 36.3 19
2016-10-20 8:54:44 413360360 114.238868 30.492347 114.237955 30.491285 9.2 35.3 18
2016-10-20 8:55:08 413360360 114.239417 30.493065 114.238868 30.492347 9.2 33.9 15
2016-10-20 8:55:37 413360360 114.240225 30.494117 114.239417 30.493065 9.1 33.3 15
2016-10-20 8:56:03 413360360 114.241002 30.495205 114.240225 30.494117 9.1 31.6 14
2016-10-20 8:56:23 413360360 114.241465 30.495935 114.241002 30.495205 9.0 28.4 8
2016-10-20 8:58:06 413360360 114.243197 30.499027 114.241465 30.495935 8.8 25.1 3
2016-10-20 8:58:33 413360360 114.243782 30.500145 114.243197 30.499027 8.8 23.9 0
2016-10-20 8:59:13 413360360 114.24465 30.501663 114.243782 30.500145 8.8 27.0 5
2016-10-20 8:59:41 413360360 114.245318 30.502742 114.24465 30.501663 8.7 26.4 7
2016-10-20 9:00:08 413360360 114.246057 30.504147 114.245318 30.502742 8.7 26.4 4
2016-10-20 9:00:35 413360360 114.246513 30.50489 114.246057 30.504147 8.7 28.4 8
2016-10-20 9:01:08 413360360 114.247217 30.505988 114.246513 30.50489 8.7 32.8 16
2016-10-20 9:02:59 413360360 114.250348 30.509832 114.247217 30.505988 8.6 35.2 17
2016-10-20 9:03:26 413360360 114.25111 30.510757 114.250348 30.509832 8.5 35.3 19
2016-10-20 9:03:48 413360360 114.251663 30.511447 114.25111 30.510757 8.4 37.3 21
2016-10-20 9:04:10 413360360 114.252185 30.512082 114.251663 30.511447 8.4 38.2 23
2016-10-20 9:05:34 413360360 114.254693 30.514847 114.252185 30.512082 8.5 37.3 23
2016-10-20 9:05:56 413360360 114.255277 30.515553 114.254693 30.514847 8.5 36.0 20
2016-10-20 9:06:30 413360360 114.256075 30.51651 114.255277 30.515553 8.5 35.1 17
2016-10-20 9:06:58 413360360 114.256333 30.516838 114.256075 30.51651 8.5 35.0 17
2016-10-20 9:08:21 413360360 114.259027 30.520275 114.256333 30.516838 8.7 35.5 18
2016-10-20 9:08:47 413360360 114.259567 30.520933 114.259027 30.520275 8.7 34.8 17
2016-10-20 9:09:12 413360360 114.260407 30.52195 114.259567 30.520933 8.7 38.2 23
2016-10-20 9:09:39 413360360 114.260992 30.52257 114.260407 30.52195 8.7 41.8 27
2016-10-20 9:10:14 413360360 114.261625 30.523113 114.260992 30.52257 8.7 45.3 33
2016-10-20 9:10:41 413360360 114.262633 30.52391 114.261625 30.523113 8.6 49.5 40
2016-10-20 9:12:09 413360360 114.26611 30.526747 114.262633 30.52391 8.7 44.5 33
2016-10-20 9:12:36 413360360 114.266507 30.527093 114.26611 30.526747 8.7 43.7 32
2016-10-20 9:12:59 413360360 114.267668 30.528235 114.266507 30.527093 8.6 41.2 27
2016-10-20 9:13:54 413360360 114.269488 30.530057 114.267668 30.528235 8.7 40.9 25
2016-10-20 9:14:22 413360360 114.270105 30.530675 114.269488 30.530057 8.8 39.8 25
2016-10-20 9:14:46 413360360 114.271002 30.531632 114.270105 30.530675 8.8 39.2 23
2016-10-20 9:15:11 413360360 114.271585 30.53227 114.271002 30.531632 8.9 38.4 23
2016-10-20 9:15:47 413360360 114.272665 30.5336 114.271585 30.53227 8.9 34.9 18
2016-10-20 9:16:17 413360360 114.273548 30.53472 114.272665 30.5336 8.9 33.1 17
2016-10-20 9:16:40 413360360 114.27401 30.535342 114.273548 30.53472 8.7 32.0 16
2016-10-20 9:17:05 413360360 114.274682 30.536368 114.27401 30.535342 8.5 30.6 13
2016-10-20 9:17:38 413360360 114.275398 30.537378 114.274682 30.536368 8.2 30.4 12
2016-10-20 9:18:06 413360360 114.276047 30.538322 114.275398 30.537378 8.0 30.1 10
2016-10-20 9:18:28 413360360 114.27644 30.538982 114.276047 30.538322 7.9 30.2 10
2016-10-20 9:18:55 413360360 114.276855 30.539623 114.27644 30.538982 7.8 30.4 10
2016-10-20 9:20:26 413360360 114.278672 30.542417 114.276855 30.539623 7.1 28.2 6
2016-10-20 9:20:49 413360360 114.278997 30.542955 114.278672 30.542417 7.0 27.5 6
2016-10-20 9:21:22 413360360 114.279712 30.544107 114.278997 30.542955 6.8 27.3 5
2016-10-20 9:21:55 413360360 114.28015 30.544905 114.279712 30.544107 6.6 25.9 3
2016-10-20 9:22:25 413360360 114.280588 30.545745 114.28015 30.544905 6.4 23.7 0
2016-10-20 9:22:49 413360360 114.280878 30.546283 114.280588 30.545745 6.3 23.9 0
2016-10-20 9:23:20 413360360 114.28112 30.54679 114.280878 30.546283 6.2 24.2 1
2016-10-20 9:23:47 413360360 114.281638 30.547797 114.28112 30.54679 6.0 23.1 1
2016-10-20 9:24:15 413360360 114.281883 30.548287 114.281638 30.547797 5.9 23.7 1
2016-10-20 9:24:42 413360360 114.282238 30.549043 114.281883 30.548287 5.7 24.0 3
2016-10-20 9:25:15 413360360 114.282712 30.550012 114.282238 30.549043 5.6 21.4 1
2016-10-20 9:25:42 413360360 114.283055 30.550747 114.282712 30.550012 5.6 25.0 5
2016-10-20 9:26:04 413360360 114.283305 30.551192 114.283055 30.550747 5.6 25.5 7
2016-10-20 9:26:25 413360360 114.283585 30.551708 114.283305 30.551192 5.8 24.4 13
2016-10-20 9:27:02 413360360 114.28407 30.552403 114.283585 30.551708 6.3 33.3 16
2016-10-20 9:27:34 413360360 114.284488 30.552972 114.28407 30.552403 6.5 32.6 19
2016-10-20 9:29:02 413360360 114.286637 30.555793 114.284488 30.552972 7.5 34.5 21
2016-10-20 9:29:33 413360360 114.287127 30.556412 114.286637 30.555793 7.6 34.6 22
2016-10-20 9:30:49 413360360 114.289168 30.559105 114.287127 30.556412 8.1 34.4 18
2016-10-20 9:31:16 413360360 114.28997 30.560127 114.289168 30.559105 8.2 34.7 18
2016-10-20 9:31:40 413360360 114.290242 30.560438 114.28997 30.560127 8.3 34.7 18
2016-10-20 9:32:04 413360360 114.29124 30.561698 114.290242 30.560438 8.4 34.4 17
2016-10-20 9:32:37 413360360 114.292005 30.56265 114.29124 30.561698 8.4 33.6 15
2016-10-20 9:33:10 413360360 114.29276 30.563633 114.292005 30.56265 8.5 33.1 13
2016-10-20 9:35:08 413360360 114.295543 30.567888 114.29276 30.563633 8.7 27.3 7
2016-10-20 9:35:29 413360360 114.295967 30.568598 114.295543 30.567888 8.7 26.6 6
2016-10-20 9:35:52 413360360 114.296422 30.569358 114.295967 30.568598 8.7 27.5 6
2016-10-20 9:36:33 413360360 114.297238 30.570765 114.296422 30.569358 8.8 27.7 7
2016-10-20 9:37:04 413360360 114.297685 30.571525 114.297238 30.570765 8.8 27.1 7
2016-10-20 9:37:32 413360360 114.298535 30.572968 114.297685 30.571525 8.8 25.6 5
2016-10-20 9:37:57 413360360 114.298977 30.573758 114.298535 30.572968 8.9 25.2 4
2016-10-20 9:38:31 413360360 114.299717 30.575205 114.298977 30.573758 8.8 25.0 3
2016-10-20 9:40:02 413360360 114.301597 30.578427 114.299717 30.575205 8.9 28.5 8
2016-10-20 9:40:37 413360360 114.302572 30.579918 114.301597 30.578427 8.9 27.8 8
2016-10-20 9:41:07 413360360 114.30278 30.580237 114.302572 30.579918 8.9 28.6 8
2016-10-20 9:42:27 413360360 114.305118 30.583923 114.30278 30.580237 8.9 28.2 10
2016-10-20 9:42:56 413360360 114.305747 30.584955 114.305118 30.583923 9.0 27.6 8
2016-10-20 9:43:24 413360360 114.306215 30.585722 114.305747 30.584955 8.9 27.8 8
2016-10-20 9:43:48 413360360 114.30689 30.586768 114.306215 30.585722 8.9 30.1 13
2016-10-20 9:44:31 413360360 114.307887 30.5882 114.30689 30.586768 8.9 31.3 15
2016-10-20 9:45:57 413360360 114.309973 30.59117 114.307887 30.5882 8.9 29.2 11
2016-10-20 9:46:32 413360360 114.310915 30.59268 114.309973 30.59117 9.0 27.7 8
2016-10-20 9:47:01 413360360 114.311348 30.593435 114.310915 30.59268 9.0 27.7 8
2016-10-20 9:47:26 413360360 114.312067 30.59456 114.311348 30.593435 9.0 28.6 10
2016-10-20 9:47:51 413360360 114.312508 30.595267 114.312067 30.59456 9.0 31.0 13
2016-10-20 9:48:23 413360360 114.313543 30.596692 114.312508 30.595267 9.0 32.3 18
2016-10-20 9:48:51 413360360 114.314035 30.597383 114.313543 30.596692 9.0 32.0 17
2016-10-20 9:50:25 413360360 114.31668 30.60086 114.314035 30.597383 8.9 36.4 23
2016-10-20 9:51:00 413360360 114.317498 30.601788 114.31668 30.60086 8.8 37.7 25
2016-10-20 9:51:30 413360360 114.318378 30.60283 114.317498 30.601788 8.8 36.7 23
2016-10-20 9:51:58 413360360 114.318947 30.603487 114.318378 30.60283 8.8 37.9 23
2016-10-20 9:53:08 413360360 114.321228 30.605918 114.318947 30.603487 8.7 38.0 25
2016-10-20 9:53:35 413360360 114.322088 30.606897 114.321228 30.605918 8.7 36.4 21
2016-10-20 9:54:00 413360360 114.322338 30.607202 114.322088 30.606897 8.7 36.3 21
2016-10-20 9:55:38 413360360 114.325443 30.610953 114.322338 30.607202 8.8 37.8 21
2016-10-20 9:56:08 413360360 114.326313 30.611878 114.325443 30.610953 8.7 40.0 25
2016-10-20 9:56:47 413360360 114.327277 30.612863 114.326313 30.611878 8.7 41.1 27
2016-10-20 9:58:15 413360360 114.33049 30.615708 114.327277 30.612863 8.6 51.4 40
2016-10-20 9:58:49 413360360 114.331593 30.616403 114.33049 30.615708 8.6 53.2 43
2016-10-20 9:59:23 413360360 114.332685 30.617118 114.331593 30.616403 8.6 53.1 41
2016-10-20 9:59:50 413360360 114.333467 30.61764 114.332685 30.617118 8.6 53.3 41
2016-10-20 10:00:18 413360360 114.334935 30.61853 114.333467 30.61764 8.7 55.2 43
2016-10-20 10:00:49 413360360 114.336143 30.61924 114.334935 30.61853 8.7 55.6 43
2016-10-20 10:02:15 413360360 114.339397 30.621178 114.336143 30.61924 8.9 55.8 45
2016-10-20 10:02:49 413360360 114.340943 30.622108 114.339397 30.621178 9.0 54.2 43
2016-10-20 10:03:21 413360360 114.342178 30.622902 114.340943 30.622108 9.1 50.7 37
2016-10-20 10:03:52 413360360 114.342533 30.623163 114.342178 30.622902 9.1 50.3 36
2016-10-20 10:04:53 413360360 114.345348 30.62534 114.342533 30.623163 9.2 47.2 32
2016-10-20 10:05:24 413360360 114.346097 30.62597 114.345348 30.62534 9.3 46.4 30
2016-10-20 10:06:13 413360360 114.348343 30.62778 0.0 0.0 9.4 46.6 31
2016-10-20 10:06:53 413360360 114.349833 30.628978 114.348343 30.62778 9.5 47.7 30
2016-10-20 10:07:28 413360360 114.350948 30.629888 114.349833 30.628978 9.5 45.0 29
2016-10-20 10:07:56 413360360 114.351657 30.630512 114.350948 30.629888 9.5 42.4 23
2016-10-20 10:08:59 413360360 114.354178 30.633073 114.351657 30.630512 9.5 41.2 18
2016-10-20 10:09:30 413360360 114.355208 30.63404 114.354178 30.633073 9.5 43.4 23
2016-10-20 10:09:59 413360360 114.356287 30.635013 114.355208 30.63404 9.6 45.4 27
2016-10-20 10:10:27 413360360 114.357448 30.635928 114.356287 30.635013 9.6 49.3 33
2016-10-20 10:11:00 413360360 114.358657 30.6368 114.357448 30.635928 9.6 51.0 36
2016-10-20 10:11:31 413360360 114.359833 30.637607 114.358657 30.6368 9.6 51.1 36
2016-10-20 10:13:08 413360360 114.363113 30.639925 114.359833 30.637607 9.5 52.8 37
2016-10-20 10:14:28 413360360 114.367367 30.64241 0.0 0.0 9.4 58.0 45
2016-10-20 10:15:06 413360360 114.367843 30.64266 114.367367 30.64241 9.4 58.3 45
2016-10-20 10:16:04 413360360 114.371497 30.644585 114.367843 30.64266 9.4 58.9 45
2016-10-20 10:16:36 413360360 114.372827 30.645292 114.371497 30.644585 9.5 58.1 44
2016-10-20 10:17:13 413360360 114.374052 30.64595 114.372827 30.645292 9.5 57.1 42
2016-10-20 10:17:47 413360360 114.375438 30.646673 114.374052 30.64595 9.5 58.9 43
2016-10-20 10:18:18 413360360 114.37668 30.647355 114.375438 30.646673 9.5 58.7 44
2016-10-20 10:18:44 413360360 114.378403 30.648242 114.37668 30.647355 9.4 58.8 43
2016-10-20 10:20:16 413360360 114.382332 30.650182 114.378403 30.648242 9.3 62.9 48
2016-10-20 10:20:40 413360360 114.383285 30.650587 114.382332 30.650182 9.3 64.3 50
2016-10-20 10:21:14 413360360 114.384673 30.651163 114.383285 30.650587 9.2 65.3 52
2016-10-20 10:21:46 413360360 114.386485 30.651863 114.384673 30.651163 9.2 65.7 52
2016-10-20 10:23:21 413360360 114.390418 30.653402 114.386485 30.651863 9.3 66.4 52
2016-10-20 10:23:53 413360360 114.392262 30.654057 114.390418 30.653402 9.3 67.9 54
2016-10-20 10:24:19 413360360 114.39318 30.654403 114.392262 30.654057 9.3 68.4 55
2016-10-20 10:24:44 413360360 114.39406 30.654697 114.39318 30.654403 9.3 68.1 54
2016-10-20 10:25:16 413360360 114.395993 30.655355 114.39406 30.654697 9.3 68.9 54
2016-10-20 10:25:46 413360360 114.397365 30.655813 114.395993 30.655355 9.4 68.5 54
2016-10-20 10:26:10 413360360 114.398298 30.656153 114.397365 30.655813 9.4 67.4 52
2016-10-20 10:26:33 413360360 114.399153 30.65649 114.398298 30.656153 9.3 65.6 49
2016-10-20 10:28:04 413360360 114.403605 30.658435 114.399153 30.65649 9.2 61.4 41
2016-10-20 10:28:33 413360360 114.404968 30.65902 114.403605 30.658435 9.2 64.6 47
2016-10-20 10:29:14 413360360 114.405912 30.659387 114.404968 30.65902 9.2 65.7 50
2016-10-20 10:30:39 413360360 114.410805 30.661028 114.405912 30.659387 9.2 70.8 57
2016-10-20 10:31:18 413360360 114.412213 30.661452 114.410805 30.661028 9.2 70.8 55
2016-10-20 10:32:39 413360360 114.416397 30.662832 114.412213 30.661452 9.2 67.7 51
2016-10-20 10:33:10 413360360 114.417745 30.663328 114.416397 30.662832 9.2 66.1 49
2016-10-20 10:33:38 413360360 114.418072 30.66345 114.417745 30.663328 9.2 65.9 49
2016-10-20 10:34:06 413360360 114.420005 30.664235 114.418072 30.66345 9.2 66.5 48
2016-10-20 10:34:36 413360360 114.421368 30.66473 114.420005 30.664235 9.1 67.8 51
2016-10-20 10:35:18 413360360 114.42223 30.665048 114.421368 30.66473 9.1 67.8 52
2016-10-20 10:36:20 413360360 114.425823 30.66636 114.42223 30.665048 9.1 65.7 48
2016-10-20 10:36:49 413360360 114.427538 30.667063 114.425823 30.66636 9.1 64.4 47
2016-10-20 10:37:24 413360360 114.428905 30.667637 114.427538 30.667063 9.1 64.4 47
2016-10-20 10:37:55 413360360 114.430208 30.668147 114.428905 30.667637 9.1 68.3 53
2016-10-20 10:38:22 413360360 114.431607 30.668587 114.430208 30.668147 9.0 69.2 56
2016-10-20 10:39:54 413360360 114.435632 30.670035 114.431607 30.668587 9.0 68.4 53
2016-10-20 10:40:19 413360360 114.436882 30.67045 114.435632 30.670035 9.0 68.5 53
2016-10-20 10:40:43 413360360 114.437873 30.670777 114.436882 30.67045 9.0 69.1 53
2016-10-20 10:41:21 413360360 114.439652 30.671368 114.437873 30.670777 9.0 69.0 54
2016-10-20 10:41:55 413360360 114.440612 30.671703 114.439652 30.671368 9.1 69.0 54
2016-10-20 10:43:30 413360360 114.4455 30.67334 114.440612 30.671703 9.2 68.5 53
2016-10-20 10:44:00 413360360 114.446517 30.673687 114.4455 30.67334 9.3 68.2 53
2016-10-20 10:44:47 413360360 114.44923 30.67476 114.446517 30.673687 9.2 64.9 47
2016-10-20 10:45:21 413360360 114.450513 30.675297 114.44923 30.67476 9.2 64.9 48
2016-10-20 10:45:55 413360360 114.45186 30.675825 114.450513 30.675297 9.2 66.2 50
2016-10-20 10:46:21 413360360 114.453277 30.676278 114.45186 30.675825 9.1 69.4 53
2016-10-20 10:46:46 413360360 114.454178 30.676605 114.453277 30.676278 9.1 69.3 56
2016-10-20 10:47:27 413360360 114.455537 30.676998 114.454178 30.676605 9.1 70.7 56
2016-10-20 10:48:00 413360360 114.457802 30.677742 114.455537 30.676998 9.0 69.7 55
2016-10-20 10:48:29 413360360 114.458293 30.677917 114.457802 30.677742 9.0 69.3 55
2016-10-20 10:48:59 413360360 114.460122 30.678515 114.458293 30.677917 9.0 68.5 53
2016-10-20 10:49:40 413360360 114.461868 30.679118 114.460122 30.678515 9.0 68.0 51
2016-10-20 10:50:10 413360360 114.462362 30.679277 114.461868 30.679118 9.0 68.3 51
2016-10-20 10:51:35 413360360 114.467397 30.681043 114.462362 30.679277 9.0 67.1 50
2016-10-20 10:52:05 413360360 114.468728 30.681522 114.467397 30.681043 8.8 67.0 50
2016-10-20 10:52:51 413360360 114.470528 30.682162 114.468728 30.681522 8.6 67.4 50
2016-10-20 10:53:22 413360360 114.471718 30.68259 114.470528 30.682162 8.4 68.3 51
2016-10-20 10:55:06 413360360 114.475838 30.684013 114.471718 30.68259 8.0 68.6 52
2016-10-20 10:55:36 413360360 114.477415 30.684578 114.475838 30.684013 7.9 67.3 51
2016-10-20 10:56:03 413360360 114.478162 30.684818 114.477415 30.684578 7.9 67.3 50
2016-10-20 10:57:03 413360360 114.480118 30.685537 0.0 0.0 7.8 68.1 51
2016-10-20 10:57:37 413360360 114.48171 30.686088 114.480118 30.685537 7.8 68.6 51
2016-10-20 10:58:07 413360360 114.483325 30.686597 114.48171 30.686088 7.8 70.8 53
2016-10-20 10:58:33 413360360 114.483633 30.686715 114.483325 30.686597 7.8 70.9 55
2016-10-20 10:59:06 413360360 114.485295 30.687203 114.483633 30.686715 7.7 72.4 57
2016-10-20 10:59:35 413360360 114.486847 30.687637 114.485295 30.687203 7.6 72.7 58
2016-10-20 11:00:34 413360360 114.48805 30.68793 114.486847 30.687637 7.5 74.1 59
2016-10-20 11:01:11 413360360 114.489975 30.688387 114.48805 30.68793 7.3 76.7 63
2016-10-20 11:02:08 413360360 114.492288 30.688798 114.489975 30.688387 7.2 79.9 67
2016-10-20 11:02:30 413360360 114.49338 30.688962 114.492288 30.688798 7.2 80.5 69
2016-10-20 11:03:03 413360360 114.494537 30.689112 114.49338 30.688962 7.1 82.0 69
2016-10-20 11:03:34 413360360 114.495233 30.689217 114.494537 30.689112 7.1 82.6 70
2016-10-20 11:05:40 413360360 114.500498 30.6895 114.495233 30.689217 6.7 93.3 85
2016-10-20 11:06:06 413360360 114.501163 30.68945 114.500498 30.6895 6.6 95.3 89
2016-10-20 11:06:34 413360360 114.502192 30.689325 114.501163 30.68945 6.5 97.8 94
2016-10-20 11:07:17 413360360 114.502925 30.689217 114.502192 30.689325 6.5 99.2 95
2016-10-20 11:07:54 413360360 114.504983 30.688965 114.502925 30.689217 6.4 99.9 93
2016-10-20 11:08:52 413360360 114.506607 30.688708 114.504983 30.688965 6.4 101.9 94
2016-10-20 11:09:31 413360360 114.508305 30.688343 114.506607 30.688708 6.4 104.8 97
2016-10-20 11:10:00 413360360 114.508963 30.688198 114.508305 30.688343 6.3 105.2 98
2016-10-20 11:10:27 413360360 114.50995 30.687965 114.508963 30.688198 6.3 104.3 98
2016-10-20 11:10:58 413360360 114.51089 30.687757 114.50995 30.687965 6.2 105.2 96
2016-10-20 11:11:39 413360360 114.512152 30.68745 114.51089 30.687757 6.2 106.8 98
2016-10-20 11:12:12 413360360 114.513137 30.687167 114.512152 30.68745 6.2 107.5 99
2016-10-20 11:12:43 413360360 114.514093 30.686915 114.513137 30.687167 6.2 108.3 100
2016-10-20 11:13:11 413360360 114.515367 30.686543 114.514093 30.686915 6.2 108.1 101
2016-10-20 11:13:46 413360360 114.516278 30.686277 114.515367 30.686543 6.2 108.8 101
2016-10-20 11:14:15 413360360 114.516917 30.6861 114.516278 30.686277 6.2 109.7 101
2016-10-20 11:15:39 413360360 114.51959 30.685192 114.516917 30.6861 6.1 111.5 104
2016-10-20 11:16:09 413360360 114.520592 30.684868 114.51959 30.685192 6.1 111.2 104
2016-10-20 11:16:37 413360360 114.521423 30.684562 114.520592 30.684868 6.1 112.2 105
2016-10-20 11:17:05 413360360 114.522323 30.684292 114.521423 30.684562 6.1 112.0 106
2016-10-20 11:19:11 413360360 114.526105 30.682862 114.522323 30.684292 6.0 116.2 112
2016-10-20 11:19:43 413360360 114.527025 30.682523 114.526105 30.682862 6.0 118.3 115
2016-10-20 11:20:13 413360360 114.527848 30.682095 114.527025 30.682523 6.0 119.6 117
2016-10-20 11:20:42 413360360 114.52867 30.681628 114.527848 30.682095 6.0 121.9 119
2016-10-20 11:21:49 413360360 114.530302 30.680677 114.52867 30.681628 6.0 125.6 123
2016-10-20 11:22:22 413360360 114.531243 30.680092 114.530302 30.680677 6.0 128.4 126
2016-10-20 11:23:58 413360360 114.53342 30.678445 114.531243 30.680092 6.0 135.5 136
2016-10-20 11:24:31 413360360 114.534325 30.67762 114.53342 30.678445 6.2 137.0 139
2016-10-20 11:25:00 413360360 114.535028 30.676943 114.534325 30.67762 6.4 137.6 139
2016-10-20 11:25:29 413360360 114.535552 30.676467 114.535028 30.676943 6.5 138.7 139
2016-10-20 11:26:04 413360360 114.53596 30.676063 114.535552 30.676467 6.6 139.2 140
2016-10-20 11:27:00 413360360 114.53776 30.674093 114.53596 30.676063 6.7 142.7 145
2016-10-20 11:27:25 413360360 114.538235 30.67357 114.53776 30.674093 6.8 142.8 145
2016-10-20 11:27:57 413360360 114.539068 30.672562 114.538235 30.67357 6.8 144.5 145
2016-10-20 11:30:03 413360360 114.541525 30.669552 114.539068 30.672562 6.1 139.6 132
2016-10-20 11:31:54 413360360 114.543218 30.667878 114.541525 30.669552 2.9 153.9 103
2016-10-20 11:32:27 413360360 114.543307 30.66767 114.543218 30.667878 2.3 158.9 100
2016-10-20 11:33:00 413360360 114.543445 30.667403 114.543307 30.66767 1.8 158.9 87
2016-10-20 11:33:27 413360360 114.543595 30.667253 114.543445 30.667403 1.6 158.9 62
2016-10-20 11:34:01 413360360 114.543782 30.667058 114.543595 30.667253 1.4 158.9 28
2016-10-20 11:35:22 413360360 114.544305 30.666902 114.543782 30.667058 1.3 63.3 343
2016-10-20 11:35:56 413360360 114.544333 30.666932 114.544305 30.666902 1.2 51.9 339
2016-10-20 11:36:27 413360360 114.544525 30.667192 114.544333 30.666932 1.5 23.2 330
2016-10-20 11:36:54 413360360 114.544565 30.667305 114.544525 30.667192 1.4 18.3 330
2016-10-20 11:37:20 413360360 114.544587 30.667463 114.544565 30.667305 1.4 15.1 328
2016-10-20 11:38:02 413360360 114.544695 30.6677 114.544587 30.667463 1.1 9.7 326
2016-10-20 11:38:37 413360360 114.5447 30.667765 114.544695 30.6677 0.9 13.2 326
2016-10-20 11:40:36 413360360 114.544823 30.6679 114.5447 30.667765 0.0 15.0 326
2016-10-20 11:41:05 413360360 114.54486 30.667898 114.544823 30.6679 0.0 15.0 326
2016-10-20 11:41:31 413360360 114.544862 30.667898 114.54486 30.667898 0.0 15.0 324
2016-10-20 11:42:06 413360360 114.54486 30.667898 114.544862 30.667898 0.0 15.0 323
2016-10-20 11:43:36 413360360 114.544858 30.667898 114.54486 30.667898 0.0 15.0 325
2016-10-20 11:44:12 413360360 114.544858 30.667897 114.544858 30.667898 0.0 15.0 323
2016-10-20 11:44:44 413360360 114.544858 30.667897 114.544858 30.667897 0.0 15.0 323
2016-10-20 11:53:49 413360360 114.544857 30.66788 114.544858 30.667883 0.0 15.0 322
2016-10-20 11:56:30 413360360 114.544862 30.66788 114.544857 30.66788 0.0 15.0 321
2016-10-20 11:59:32 413360360 114.544867 30.667877 114.544862 30.66788 0.0 15.0 321
2016-10-20 12:02:37 413360360 114.544868 30.667875 114.544867 30.667877 0.0 15.0 322
2016-10-20 12:20:38 413360360 114.544277 30.666658 114.544158 30.666885 0.0 181.9 324
2016-10-20 12:29:17 413360360 114.544275 30.666963 114.544275 30.666963 0.0 356.8 320
2016-10-20 12:29:53 413360360 114.544467 30.666943 114.544275 30.666963 1.0 35.4 344
2016-10-20 12:32:39 413360360 114.544983 30.667848 114.544467 30.666943 0.0 30.1 322
2016-10-20 12:41:52 413360360 114.545082 30.667873 114.54508 30.667878 0.0 30.1 308
2016-10-20 12:57:01 413360360 114.545102 30.667862 114.545102 30.667867 0.0 30.1 308
2016-10-20 13:14:50 413360360 114.545078 30.667872 114.545083 30.667872 0.0 30.1 308
2016-10-20 13:18:03 413360360 114.545072 30.667867 114.545078 30.667872 0.0 30.1 308
2016-10-20 13:20:53 413360360 114.545068 30.667863 114.545072 30.667867 0.0 30.1 308
2016-10-20 13:23:49 413360360 114.545068 30.66786 114.545068 30.667863 0.0 30.1 308
2016-10-20 13:27:02 413360360 114.545065 30.667855 114.545068 30.66786 0.0 30.1 308
2016-10-20 13:29:53 413360360 114.545068 30.667862 114.545065 30.667855 0.0 30.1 308
2016-10-20 13:33:05 413360360 114.545073 30.667863 114.545068 30.667862 0.0 30.1 308
2016-10-20 13:36:09 413360360 114.545077 30.667865 114.545073 30.667863 0.0 30.1 308
2016-10-20 13:37:21 413360360 114.545077 30.667863 114.545077 30.667865 0.0 30.1 308
2016-10-20 13:39:00 413360360 114.545077 30.667863 114.545077 30.667863 0.0 30.1 308
2016-10-20 13:42:13 413360360 114.545082 30.667858 114.545077 30.667863 0.0 30.1 308
2016-10-20 13:45:15 413360360 114.545082 30.667858 114.545082 30.667858 0.0 30.1 308
2016-10-20 13:45:41 413360360 114.545088 30.667857 114.545082 30.667858 0.0 30.1 308
2016-10-20 13:57:06 413360360 114.54509 30.667863 114.545092 30.66786 0.0 30.1 308
2016-10-20 14:00:07 413360360 114.545103 30.667887 114.54509 30.667863 0.0 30.1 308
2016-10-20 14:03:00 413360360 114.545108 30.66789 114.545103 30.667887 0.0 30.1 308
2016-10-20 14:15:13 413360360 114.545105 30.667883 114.54511 30.667883 0.0 30.1 308
2016-10-20 14:24:14 413360360 114.545103 30.667875 114.545102 30.667878 0.0 30.1 308
2016-10-20 14:25:58 413360360 114.545103 30.667873 114.545103 30.667875 0.0 30.1 308
2016-10-20 14:30:29 413360360 114.54511 30.667865 114.545103 30.667873 0.0 30.1 308
2016-10-20 14:32:42 413360360 114.54511 30.667867 0.0 0.0 0.0 30.1 308
2016-10-20 14:33:23 413360360 114.54511 30.667867 114.54511 30.667867 0.0 30.1 308
2016-10-20 14:54:16 413360360 114.545128 30.667882 114.545132 30.66788 0.0 30.1 308
2016-10-20 15:12:31 413360360 114.545133 30.667883 114.545133 30.667882 0.0 30.1 308
2016-10-20 15:15:17 413360360 114.545135 30.667883 114.545133 30.667883 0.0 30.1 308
2016-10-20 15:18:13 413360360 114.545132 30.667877 114.545135 30.667883 0.0 30.1 309
2016-10-20 15:27:30 413360360 114.54512 30.667883 114.545123 30.667882 0.0 30.1 309
2016-10-20 16:23:31 413360360 114.543888 30.670107 0.0 0.0 0.0 30.9 294
2016-10-20 16:24:41 413360360 114.543888 30.670105 114.543888 30.670107 0.0 30.9 293
2016-10-20 16:33:28 413360360 114.543887 30.670098 114.543888 30.6701 0.0 30.9 291
2016-10-20 16:36:29 413360360 114.543888 30.670097 114.543887 30.670098 0.0 30.9 290
2016-10-20 17:46:06 413360360 114.543743 30.670298 114.543958 30.670167 0.7 329.2 299
2016-10-20 17:55:06 413360360 114.543568 30.670637 114.543563 30.670632 0.0 331.0 295
2016-10-20 17:58:02 413360360 114.543578 30.670638 114.543568 30.670637 0.0 331.0 293
2016-10-20 18:00:47 413360360 114.543588 30.670643 0.0 0.0 0.0 331.0 293
2016-10-20 18:01:06 413360360 114.54359 30.670643 114.543588 30.670643 0.0 331.0 293
2016-10-20 18:03:56 413360360 114.543597 30.67065 114.54359 30.670643 0.0 331.0 293
2016-10-20 18:06:54 413360360 114.543593 30.670648 114.543597 30.67065 0.0 331.0 293
2016-10-20 18:09:53 413360360 114.543593 30.670648 114.543593 30.670648 0.0 331.0 293
2016-10-20 18:12:55 413360360 114.5436 30.670653 114.543593 30.670648 0.0 331.0 295
2016-10-20 18:16:27 413360360 114.543603 30.67066 114.5436 30.670653 0.0 331.0 297
2016-10-20 18:28:20 413360360 114.543605 30.670657 114.543605 30.670657 0.0 331.0 298
2016-10-20 18:40:10 413360360 114.543598 30.670665 114.54361 30.67067 0.0 331.0 297
2016-10-20 18:43:14 413360360 114.543593 30.670665 114.543598 30.670665 0.0 331.0 306
2016-10-20 19:01:11 413360360 114.543595 30.670668 114.54359 30.670668 0.0 331.0 311
2016-10-20 19:04:33 413360360 114.543603 30.670672 114.543595 30.670668 0.0 331.0 311
2016-10-20 19:07:17 413360360 114.543607 30.67067 114.543603 30.670672 0.0 331.0 311
2016-10-20 19:10:19 413360360 114.543608 30.670668 114.543607 30.67067 0.0 331.0 311
2016-10-20 19:19:33 413360360 114.543607 30.670668 114.543608 30.670668 0.0 331.0 310
2016-10-20 19:31:30 413360360 114.543602 30.670645 114.543607 30.670648 0.0 331.0 309
2016-10-20 19:34:18 413360360 114.543593 30.67064 114.543602 30.670645 0.0 331.0 310
2016-10-20 19:37:22 413360360 114.54359 30.670638 114.543593 30.67064 0.0 331.0 309
2016-10-20 19:40:22 413360360 114.543593 30.670637 114.54359 30.670638 0.0 331.0 309
2016-10-20 19:49:19 413360360 114.543592 30.67063 114.543595 30.670633 0.0 331.0 310
2016-10-20 19:52:31 413360360 114.543592 30.67063 114.543592 30.67063 0.0 331.0 310
2016-10-20 19:55:23 413360360 114.543588 30.670623 114.543592 30.67063 0.0 331.0 310
2016-10-20 19:58:36 413360360 114.543593 30.67063 114.543588 30.670623 0.0 331.0 310
2016-10-20 20:07:39 413360360 114.543583 30.670623 114.543588 30.670623 0.0 331.0 310
2016-10-20 20:10:31 413360360 114.543575 30.670627 114.543583 30.670623 0.0 331.0 310
2016-10-20 20:25:35 413360360 114.543562 30.670628 114.543562 30.670623 0.0 331.0 306
2016-10-20 20:40:36 413360360 114.543545 30.670638 114.54355 30.670642 0.0 331.0 306
2016-10-20 20:43:45 413360360 114.543543 30.670635 114.543545 30.670638 0.0 331.0 307
2016-10-20 20:46:52 413360360 114.543543 30.670635 114.543543 30.670635 0.0 331.0 307
2016-10-20 20:51:15 413360360 114.543543 30.670635 114.543543 30.670635 0.0 331.0 307
2016-10-20 20:52:41 413360360 114.543543 30.670627 0.0 0.0 0.0 331.0 307
2016-10-20 20:55:43 413360360 114.543542 30.670623 114.543543 30.670627 0.0 331.0 306
2016-10-20 20:58:40 413360360 114.543542 30.670623 114.543542 30.670623 0.0 331.0 306
2016-10-20 21:01:48 413360360 114.543533 30.670618 114.543542 30.670623 0.0 331.0 305
2016-10-20 21:22:49 413360360 114.543528 30.67064 114.543523 30.670632 0.0 331.0 300
2016-10-20 21:25:48 413360360 114.543532 30.670643 114.543528 30.67064 0.0 331.0 300
2016-10-20 21:28:45 413360360 114.543532 30.670643 114.543532 30.670643 0.0 331.0 300
2016-10-20 21:31:58 413360360 114.543542 30.67064 114.543532 30.670643 0.0 331.0 300
2016-10-20 21:34:55 413360360 114.543542 30.67064 114.543542 30.67064 0.0 331.0 300
2016-10-20 21:37:57 413360360 114.543543 30.670645 114.543542 30.67064 0.0 331.0 299
2016-10-20 21:40:49 413360360 114.543543 30.670648 114.543543 30.670645 0.0 331.0 299
2016-10-20 21:44:05 413360360 114.543543 30.67065 114.543543 30.670648 0.0 331.0 299
2016-10-20 21:46:42 413360360 114.543542 30.670648 114.543543 30.67065 0.0 331.0 299
2016-10-20 21:46:56 413360360 114.543542 30.670648 114.543542 30.670648 0.0 331.0 299
2016-10-20 21:47:18 413360360 114.543542 30.670648 114.543542 30.670648 0.0 331.0 299
2016-10-20 21:47:40 413360360 114.543542 30.670648 114.543542 30.670648 0.0 331.0 299
2016-10-20 21:47:56 413360360 114.543542 30.670648 114.543542 30.670648 0.0 331.0 298
2016-10-20 21:48:12 413360360 114.543542 30.670647 114.543542 30.670648 0.0 331.0 298
2016-10-20 21:48:32 413360360 114.543542 30.670647 114.543542 30.670647 0.0 331.0 298
2016-10-20 21:48:49 413360360 114.543542 30.670647 114.543542 30.670647 0.0 331.0 298
2016-10-20 21:49:06 413360360 114.543543 30.670645 114.543542 30.670647 0.0 331.0 298
2016-10-20 21:49:41 413360360 114.543543 30.670647 114.543543 30.670645 0.0 331.0 298
2016-10-20 21:49:59 413360360 114.543543 30.670647 114.543543 30.670647 0.0 331.0 300
2016-10-20 21:50:15 413360360 114.543543 30.670647 114.543543 30.670647 0.0 331.0 301
2016-10-20 21:50:31 413360360 114.543543 30.670647 114.543543 30.670647 0.0 331.0 302
2016-10-20 21:50:51 413360360 114.543543 30.670645 114.543543 30.670647 0.0 331.0 302
2016-10-20 21:51:11 413360360 114.543543 30.670645 114.543543 30.670645 0.0 331.0 302
2016-10-20 21:51:28 413360360 114.543543 30.670645 114.543543 30.670645 0.0 331.0 304
2016-10-20 21:51:43 413360360 114.543543 30.670647 114.543543 30.670645 0.0 331.0 304
2016-10-20 21:52:03 413360360 114.543543 30.670645 114.543543 30.670647 0.0 331.0 304
2016-10-20 21:52:19 413360360 114.543543 30.670647 114.543543 30.670645 0.0 331.0 304
2016-10-20 21:52:35 413360360 114.543543 30.670647 114.543543 30.670647 0.0 331.0 304
2016-10-20 21:52:50 413360360 114.543543 30.670648 114.543543 30.670647 0.0 331.0 304
2016-10-20 21:53:09 413360360 114.543545 30.670648 114.543543 30.670648 0.0 331.0 305
2016-10-20 21:53:28 413360360 114.543545 30.670648 114.543545 30.670648 0.0 331.0 306
2016-10-20 21:53:43 413360360 114.543545 30.670648 114.543545 30.670648 0.0 331.0 306
2016-10-20 21:54:01 413360360 114.543545 30.670648 114.543545 30.670648 0.0 331.0 307
2016-10-20 21:54:25 413360360 114.543545 30.670648 114.543545 30.670648 0.0 331.0 309
2016-10-20 21:56:08 413360360 114.543545 30.670647 114.543545 30.670648 0.0 331.0 318
2016-10-20 21:58:04 413360360 114.543508 30.670528 114.543545 30.670647 0.0 331.0 309
2016-10-20 21:58:22 413360360 114.5435 30.670492 114.543508 30.670528 0.0 331.0 308
2016-10-20 21:58:40 413360360 114.543493 30.670475 114.5435 30.670492 0.0 331.0 307
2016-10-20 21:59:01 413360360 114.543468 30.670438 114.543493 30.670475 0.0 331.0 306
2016-10-20 21:59:19 413360360 114.543452 30.670428 114.543468 30.670438 0.0 331.0 305
2016-10-20 21:59:51 413360360 114.54337 30.670393 114.543452 30.670428 0.0 331.0 302
2016-10-20 22:00:14 413360360 114.54333 30.670373 114.54337 30.670393 0.5 331.0 300
2016-10-20 22:00:32 413360360 114.543132 30.670298 114.54333 30.670373 0.8 247.7 292
2016-10-20 22:01:08 413360360 114.543022 30.670243 114.543132 30.670298 1.1 240.1 284
2016-10-20 22:01:30 413360360 114.542838 30.670108 114.543022 30.670243 1.6 224.9 268
2016-10-20 22:01:47 413360360 114.542707 30.669918 114.542838 30.670108 2.1 203.7 255
2016-10-20 22:02:01 413360360 114.542652 30.669777 114.542707 30.669918 2.4 194.4 246
2016-10-20 22:03:34 413360360 114.542763 30.668037 114.542652 30.669777 4.3 171.8 191
2016-10-20 22:03:51 413360360 114.542838 30.667785 114.542763 30.668037 4.5 171.0 187
2016-10-20 22:04:04 413360360 114.542897 30.66759 114.542838 30.667785 4.7 170.3 185
2016-10-20 22:04:19 413360360 114.542993 30.667077 114.542897 30.66759 5.1 169.6 180
2016-10-20 22:04:43 413360360 114.543062 30.666608 114.542993 30.667077 5.5 169.8 177
2016-10-20 22:04:59 413360360 114.543093 30.666278 114.543062 30.666608 5.7 169.2 175
2016-10-20 22:05:12 413360360 114.543238 30.665737 114.543093 30.666278 6.0 169.1 173
2016-10-20 22:05:24 413360360 114.54338 30.665143 114.543238 30.665737 6.3 169.0 171
2016-10-20 22:05:47 413360360 114.543518 30.664528 114.54338 30.665143 6.6 168.0 169
2016-10-20 22:06:03 413360360 114.543603 30.66422 114.543518 30.664528 6.8 167.9 168
2016-10-20 22:06:36 413360360 114.543838 30.663253 114.543603 30.66422 7.2 166.1 164
2016-10-20 22:06:56 413360360 114.544033 30.662547 114.543838 30.663253 7.5 164.5 161
2016-10-20 22:07:29 413360360 114.544535 30.66121 114.544033 30.662547 7.9 159.7 153
2016-10-20 22:08:02 413360360 114.54484 30.660473 114.544535 30.66121 8.0 158.7 149
2016-10-20 22:08:17 413360360 114.545185 30.659788 114.54484 30.660473 8.2 158.1 149
2016-10-20 22:08:34 413360360 114.545528 30.659087 114.545185 30.659788 8.3 156.3 149
2016-10-20 22:09:08 413360360 114.546263 30.657647 114.545528 30.659087 8.5 155.7 149
2016-10-20 22:09:43 413360360 114.546888 30.656562 114.546263 30.657647 8.7 153.8 148
2016-10-20 22:09:58 413360360 114.54709 30.656195 114.546888 30.656562 8.7 154.1 148
2016-10-20 22:10:21 413360360 114.547693 30.655077 114.54709 30.656195 8.8 154.6 149
2016-10-20 22:10:38 413360360 114.547897 30.6547 114.547693 30.655077 8.9 154.6 149
2016-10-20 22:10:53 413360360 114.548305 30.653945 114.547897 30.6547 9.0 154.6 150
2016-10-20 22:11:08 413360360 114.5487 30.653182 114.548305 30.653945 9.0 155.1 150
2016-10-20 22:11:28 413360360 114.548895 30.652793 114.5487 30.653182 9.0 155.4 150
2016-10-20 22:11:48 413360360 114.549318 30.651992 114.548895 30.652793 9.1 155.2 151
2016-10-20 22:12:03 413360360 114.549708 30.651252 114.549318 30.651992 9.1 155.1 150
2016-10-20 22:12:20 413360360 114.550148 30.650483 114.549708 30.651252 9.2 154.9 150
2016-10-20 22:13:00 413360360 114.550802 30.649345 114.550148 30.650483 9.2 154.5 150
2016-10-20 22:13:35 413360360 114.551622 30.647707 114.550802 30.649345 9.3 155.7 151
2016-10-20 22:14:11 413360360 114.552467 30.646158 114.551622 30.647707 9.3 156.2 153
2016-10-20 22:14:29 413360360 114.552847 30.64539 114.552467 30.646158 9.3 156.6 153
2016-10-20 22:14:45 413360360 114.553082 30.644905 114.552847 30.64539 9.3 156.8 153
2016-10-20 22:15:02 413360360 114.553443 30.64416 114.553082 30.644905 9.3 157.1 153
2016-10-20 22:15:20 413360360 114.55364 30.643762 114.553443 30.64416 9.4 156.5 153
2016-10-20 22:15:51 413360360 114.554243 30.642492 114.55364 30.643762 9.4 156.1 152
2016-10-20 22:16:31 413360360 114.555193 30.640558 114.554243 30.642492 9.4 158.9 155
2016-10-20 22:17:23 413360360 114.555952 30.638887 114.555193 30.640558 9.4 158.5 155
2016-10-20 22:19:07 413360360 114.558018 30.634453 114.555952 30.638887 9.4 158.0 153
2016-10-20 22:19:30 413360360 114.558403 30.633655 114.558018 30.634453 9.4 157.9 153
2016-10-20 22:20:07 413360360 114.559152 30.63203 114.558403 30.633655 9.4 158.9 154
2016-10-20 22:20:21 413360360 114.55949 30.631275 114.559152 30.63203 9.4 157.8 153
2016-10-20 22:20:38 413360360 114.5599 30.630462 114.55949 30.631275 9.4 157.5 152
2016-10-20 22:20:54 413360360 114.560062 30.630132 114.5599 30.630462 9.3 157.4 152
2016-10-20 22:21:10 413360360 114.560478 30.62927 114.560062 30.630132 9.3 158.6 152
2016-10-20 22:22:22 413360360 114.561677 30.626392 114.560478 30.62927 9.3 159.9 155
2016-10-20 22:23:17 413360360 114.562352 30.624793 114.561677 30.626392 9.2 160.0 155
2016-10-20 22:24:58 413360360 114.56422 30.620155 114.562352 30.624793 9.2 159.7 154
2016-10-20 22:25:37 413360360 114.564782 30.618912 114.56422 30.620155 9.2 160.0 153
2016-10-20 22:25:51 413360360 114.565065 30.618152 114.564782 30.618912 9.1 160.6 155
2016-10-20 22:26:23 413360360 114.565535 30.616932 114.565065 30.618152 9.1 161.1 157
2016-10-20 22:26:37 413360360 114.565847 30.616135 114.565535 30.616932 9.1 161.4 158
2016-10-20 22:26:51 413360360 114.565973 30.615783 114.565847 30.616135 9.1 161.9 158
2016-10-20 22:27:08 413360360 114.56629 30.614895 114.565973 30.615783 9.1 162.7 159
2016-10-20 22:27:32 413360360 114.566417 30.614528 114.56629 30.614895 9.1 162.0 159
2016-10-20 22:29:14 413360360 114.568178 30.610067 114.566417 30.614528 9.0 162.1 157
2016-10-20 22:29:31 413360360 114.568333 30.609662 114.568178 30.610067 9.0 161.6 157
2016-10-20 22:29:52 413360360 114.568755 30.608505 114.568333 30.609662 8.9 163.7 158
2016-10-20 22:30:26 413360360 114.56916 30.607272 114.568755 30.608505 8.9 166.2 163
2016-10-20 22:31:03 413360360 114.569605 30.605677 114.56916 30.607272 8.9 165.5 163
2016-10-20 22:31:22 413360360 114.569853 30.604902 114.569605 30.605677 8.9 165.7 162
2016-10-20 22:31:41 413360360 114.570147 30.60401 114.569853 30.604902 8.9 165.8 162
2016-10-20 22:32:18 413360360 114.570425 30.602845 114.570147 30.60401 8.8 166.7 163
2016-10-20 22:32:35 413360360 114.570643 30.602047 114.570425 30.602845 8.8 166.0 164
2016-10-20 22:33:02 413360360 114.571032 30.600897 114.570643 30.602047 8.8 162.8 159
2016-10-20 22:33:26 413360360 114.57131 30.600075 114.571032 30.600897 8.8 162.3 157
2016-10-20 22:34:00 413360360 114.571715 30.598892 114.57131 30.600075 8.7 163.3 159
2016-10-20 22:34:41 413360360 114.572403 30.596978 114.571715 30.598892 8.7 161.3 157
2016-10-20 22:35:54 413360360 114.57325 30.594685 114.572403 30.596978 8.7 162.1 157
2016-10-20 22:37:00 413360360 114.574428 30.591993 114.57325 30.594685 8.6 159.4 153
2016-10-20 22:38:58 413360360 114.57642 30.587535 114.574428 30.591993 8.6 157.8 151
2016-10-20 22:40:12 413360360 114.577913 30.584637 114.57642 30.587535 8.6 153.7 147
2016-10-20 22:40:33 413360360 114.57811 30.584275 114.577913 30.584637 8.6 153.4 147
2016-10-20 22:41:06 413360360 114.578727 30.583175 114.57811 30.584275 8.7 154.2 147
2016-10-20 22:41:36 413360360 114.579367 30.58214 114.578727 30.583175 8.7 154.9 149
2016-10-20 22:41:53 413360360 114.579982 30.580987 114.579367 30.58214 8.7 155.2 150
2016-10-20 22:42:44 413360360 114.58077 30.57951 114.579982 30.580987 8.7 153.1 147
2016-10-20 23:01:21 413360360 114.622812 30.554723 114.619902 30.554808 8.9 89.1 76
2016-10-20 23:01:36 413360360 114.6242 30.554815 114.622812 30.554723 8.8 85.5 70
2016-10-20 23:02:13 413360360 114.625605 30.554932 114.6242 30.554815 8.5 84.1 66
2016-10-20 23:02:47 413360360 114.626847 30.555098 114.625605 30.554932 8.4 78.8 62
2016-10-20 23:03:47 413360360 114.62931 30.555867 114.626847 30.555098 7.6 61.7 35
2016-10-20 23:06:10 413360360 114.633815 30.558933 114.62931 30.555867 7.6 41.3 18
2016-10-20 23:07:05 413360360 114.634903 30.560105 114.633815 30.558933 7.9 36.5 16
2016-10-20 23:08:22 413360360 114.637342 30.562877 114.634903 30.560105 8.5 39.5 28
2016-10-20 23:08:41 413360360 114.637952 30.563547 114.637342 30.562877 8.7 38.9 27
2016-10-20 23:09:16 413360360 114.638832 30.564457 114.637952 30.563547 8.9 39.7 27
2016-10-20 23:10:13 413360360 114.640802 30.566357 114.638832 30.564457 9.1 44.3 36
2016-10-20 23:10:30 413360360 114.641543 30.56696 114.640802 30.566357 9.1 48.8 40
2016-10-20 23:14:32 413360360 114.65078 30.571622 114.641543 30.56696 8.6 67.0 52
2016-10-20 23:25:33 413360360 114.680305 30.580502 114.675038 30.57901 8.5 71.7 57
