2016-10-17 2:53:24 413773168 114.169 30.403903 114.16864 30.403223 8.4 25.0 12
2016-10-17 2:53:39 413773168 114.169413 30.40465 114.169 30.403903 8.4 25.1 12
2016-10-17 2:53:58 413773168 114.169773 30.405327 114.169413 30.40465 8.4 25.3 12
2016-10-17 2:54:20 413773168 114.170333 30.406363 114.169773 30.405327 8.5 25.2 12
2016-10-17 2:55:11 413773168 114.17132 30.40814 114.170333 30.406363 8.4 25.3 12
2016-10-17 2:55:33 413773168 114.171507 30.408497 114.17132 30.40814 8.4 25.4 12
2016-10-17 2:56:12 413773168 114.17248 30.41032 114.171507 30.408497 8.4 24.7 12
2016-10-17 2:58:45 413773168 114.175253 30.415673 114.17248 30.41032 8.1 24.1 12
2016-10-17 2:59:22 413773168 114.175733 30.416567 114.175253 30.415673 8.1 23.8 12
2016-10-17 3:00:16 413773168 114.176853 30.41873 114.175733 30.416567 8.3 23.9 12
2016-10-17 3:00:34 413773168 114.177173 30.419363 114.176853 30.41873 8.3 24.5 12
2016-10-17 3:01:11 413773168 114.177933 30.420807 114.177173 30.419363 8.3 24.4 12
2016-10-17 3:03:20 413773168 114.180267 30.425313 114.177933 30.420807 8.3 25.0 12
2016-10-17 3:03:34 413773168 114.18048 30.4257 114.180267 30.425313 8.3 24.8 12
2016-10-17 3:04:14 413773168 114.18108 30.426793 114.18048 30.4257 8.4 26.1 12
2016-10-17 3:04:31 413773168 114.18148 30.427497 114.18108 30.426793 8.4 26.0 12
2016-10-17 3:04:47 413773168 114.18204 30.428473 114.18148 30.427497 8.4 26.6 12
2016-10-17 3:05:28 413773168 114.182867 30.42987 114.18204 30.428473 8.4 27.6 12
2016-10-17 3:06:03 413773168 114.183533 30.43093 114.182867 30.42987 8.3 29.2 12
2016-10-17 3:06:42 413773168 114.184427 30.43228 114.183533 30.43093 8.3 30.3 12
2016-10-17 3:07:51 413773168 114.18596 30.43452 114.184427 30.43228 8.1 31.4 12
2016-10-17 3:09:22 413773168 114.18784 30.437163 114.18596 30.43452 8.3 30.8 12
2016-10-17 3:09:40 413773168 114.18856 30.43821 114.18784 30.437163 8.5 30.4 12
2016-10-17 3:10:38 413773168 114.189907 30.440197 114.18856 30.43821 8.6 29.9 12
2016-10-17 3:10:55 413773168 114.190213 30.44065 114.189907 30.440197 8.6 30.0 12
2016-10-17 3:11:18 413773168 114.190693 30.44133 114.190213 30.44065 8.5 31.1 12
2016-10-17 3:12:33 413773168 114.192533 30.443983 114.190693 30.44133 8.4 30.6 12
2016-10-17 3:12:53 413773168 114.193027 30.444683 114.192533 30.443983 8.3 32.1 12
2016-10-17 3:13:14 413773168 114.193253 30.445013 114.193027 30.444683 8.2 31.6 12
2016-10-17 3:15:55 413773168 114.197453 30.450167 114.193253 30.445013 8.3 39.3 12
2016-10-17 3:20:47 413773168 114.2066 30.45917 114.197453 30.450167 9.0 42.7 12
2016-10-17 3:21:10 413773168 114.20736 30.459887 114.2066 30.45917 9.1 41.8 12
2016-10-17 3:22:58 413773168 114.210613 30.463117 114.20736 30.459887 9.3 41.1 12
2016-10-17 3:23:15 413773168 114.21128 30.46377 114.210613 30.463117 9.4 41.2 12
2016-10-17 3:24:26 413773168 114.213853 30.466267 114.21128 30.46377 9.3 40.1 12
2016-10-17 3:24:47 413773168 114.214587 30.466963 114.213853 30.466267 9.2 43.5 12
2016-10-17 3:25:06 413773168 114.215213 30.46752 114.214587 30.466963 9.2 43.5 12
2016-10-17 3:25:24 413773168 114.215853 30.468073 114.215213 30.46752 9.2 43.8 12
2016-10-17 3:26:59 413773168 114.21904 30.470927 114.215853 30.468073 9.3 43.9 12
2016-10-17 3:27:18 413773168 114.21972 30.471557 114.21904 30.470927 9.2 43.0 12
2016-10-17 3:29:08 413773168 114.223107 30.4747 114.21972 30.471557 9.2 42.1 12
2016-10-17 3:29:47 413773168 114.224787 30.476357 114.223107 30.4747 9.3 40.1 12
2016-10-17 3:31:57 413773168 114.228453 30.48036 114.224787 30.476357 9.1 37.8 12
2016-10-17 3:32:18 413773168 114.22908 30.481067 114.228453 30.48036 9.1 38.0 12
2016-10-17 3:34:08 413773168 114.232893 30.48513 114.22908 30.481067 8.8 39.0 12
2016-10-17 3:34:24 413773168 114.233267 30.485547 114.232893 30.48513 8.8 38.2 12
2016-10-17 3:35:31 413773168 114.235307 30.487797 114.233267 30.485547 8.7 38.4 12
2016-10-17 3:35:54 413773168 114.235787 30.488343 114.235307 30.487797 8.7 37.1 12
2016-10-17 3:36:32 413773168 114.236893 30.489693 114.235787 30.488343 8.5 33.1 12
2016-10-17 3:36:50 413773168 114.237413 30.49041 114.236893 30.489693 8.6 31.9 12
2016-10-17 3:37:11 413773168 114.237653 30.49075 114.237413 30.49041 8.6 31.9 12
2016-10-17 3:37:45 413773168 114.2384 30.491773 114.237653 30.49075 8.7 31.0 12
2016-10-17 3:38:22 413773168 114.239587 30.493463 114.2384 30.491773 8.6 30.6 12
2016-10-17 3:38:41 413773168 114.24008 30.494147 114.239587 30.493463 8.6 32.0 12
2016-10-17 3:38:59 413773168 114.240387 30.49455 114.24008 30.494147 8.6 33.5 12
2016-10-17 3:39:36 413773168 114.241067 30.495453 114.240387 30.49455 8.6 33.7 12
2016-10-17 3:39:56 413773168 114.241867 30.496483 114.241067 30.495453 8.6 33.6 12
2016-10-17 3:40:51 413773168 114.243493 30.498437 114.241867 30.496483 8.4 37.1 12
2016-10-17 3:41:11 413773168 114.244 30.498977 114.243493 30.498437 8.3 36.7 12
2016-10-17 3:41:27 413773168 114.24432 30.49936 114.244 30.498977 8.3 34.0 12
2016-10-17 3:42:03 413773168 114.245347 30.500643 114.24432 30.49936 8.4 35.3 12
2016-10-17 3:42:20 413773168 114.2458 30.501223 114.245347 30.500643 8.4 33.2 12
2016-10-17 3:42:38 413773168 114.24608 30.501587 114.2458 30.501223 8.4 31.9 12
2016-10-17 3:43:18 413773168 114.247107 30.502963 114.24608 30.501587 8.4 34.8 12
2016-10-17 3:43:55 413773168 114.247907 30.503907 114.247107 30.502963 8.4 37.7 12
2016-10-17 3:45:10 413773168 114.250333 30.506497 114.247907 30.503907 8.3 40.2 12
2016-10-17 3:45:28 413773168 114.2506 30.50676 114.250333 30.506497 8.2 41.1 12
2016-10-17 3:46:07 413773168 114.251827 30.507983 114.2506 30.50676 8.3 40.8 12
2016-10-17 3:46:24 413773168 114.252653 30.5088 114.251827 30.507983 8.3 40.9 12
2016-10-17 3:47:02 413773168 114.25328 30.509397 114.252653 30.5088 8.3 43.0 12
2016-10-17 3:47:21 413773168 114.254133 30.510193 114.25328 30.509397 8.3 43.3 12
2016-10-17 3:47:38 413773168 114.25476 30.5108 114.254133 30.510193 8.3 39.5 12
2016-10-17 3:47:56 413773168 114.25508 30.511123 114.25476 30.5108 8.2 42.4 12
2016-10-17 3:48:15 413773168 114.255853 30.511953 114.25508 30.511123 8.2 38.0 12
2016-10-17 3:48:36 413773168 114.256387 30.512567 114.255853 30.511953 8.2 36.1 12
2016-10-17 3:49:13 413773168 114.257147 30.513493 114.256387 30.512567 8.2 34.2 12
2016-10-17 3:49:33 413773168 114.25764 30.51417 114.257147 30.513493 8.2 31.2 12
2016-10-17 3:50:10 413773168 114.25856 30.515477 114.25764 30.51417 8.2 30.6 12
2016-10-17 3:50:28 413773168 114.258813 30.515843 114.25856 30.515477 8.2 31.0 12
2016-10-17 3:50:48 413773168 114.259493 30.51679 114.258813 30.515843 8.3 30.9 12
2016-10-17 3:51:07 413773168 114.259947 30.517497 114.259493 30.51679 8.4 28.9 12
2016-10-17 3:51:41 413773168 114.260627 30.518467 114.259947 30.517497 8.4 29.7 12
2016-10-17 3:52:17 413773168 114.261307 30.519487 114.260627 30.518467 8.5 30.6 12
2016-10-17 3:52:47 413773168 114.262267 30.520837 114.261307 30.519487 8.5 31.7 12
2016-10-17 3:53:24 413773168 114.263013 30.521883 114.262267 30.520837 8.5 31.9 12
2016-10-17 3:53:42 413773168 114.26352 30.522593 114.263013 30.521883 8.5 32.8 12
2016-10-17 3:54:00 413773168 114.263987 30.523237 114.26352 30.522593 8.6 31.9 12
2016-10-17 3:54:20 413773168 114.2642 30.52354 114.263987 30.523237 8.6 32.3 12
2016-10-17 3:54:42 413773168 114.26472 30.52421 114.2642 30.52354 8.6 33.8 12
2016-10-17 3:55:03 413773168 114.26544 30.525137 114.26472 30.52421 8.6 33.3 12
2016-10-17 3:55:19 413773168 114.26596 30.525807 114.26544 30.525137 8.6 35.2 12
2016-10-17 3:55:39 413773168 114.266533 30.526493 114.26596 30.525807 8.6 35.3 12
2016-10-17 3:55:54 413773168 114.267 30.527093 114.266533 30.526493 8.7 33.4 12
2016-10-17 3:56:11 413773168 114.267253 30.527433 114.267 30.527093 8.7 34.2 12
2016-10-17 3:56:46 413773168 114.268333 30.52885 114.267253 30.527433 8.7 32.3 12
2016-10-17 3:57:04 413773168 114.268813 30.529503 114.268333 30.52885 8.6 32.4 12
2016-10-17 3:57:22 413773168 114.269093 30.529877 114.268813 30.529503 8.6 31.9 12
2016-10-17 3:57:42 413773168 114.26952 30.530477 114.269093 30.529877 8.3 32.2 12
2016-10-17 3:58:39 413773168 114.270787 30.532237 114.26952 30.530477 6.6 32.0 12
2016-10-17 3:58:56 413773168 114.2712 30.532797 114.270787 30.532237 6.1 31.1 12
2016-10-17 3:59:18 413773168 114.27132 30.532967 114.2712 30.532797 6.1 30.8 12
2016-10-17 3:59:37 413773168 114.271853 30.53374 114.27132 30.532967 5.6 30.1 12
2016-10-17 3:59:53 413773168 114.272 30.533987 114.271853 30.53374 5.4 29.8 12
2016-10-17 4:00:10 413773168 114.272267 30.534397 114.272 30.533987 5.2 29.6 12
2016-10-17 4:00:26 413773168 114.2724 30.53459 114.272267 30.534397 5.1 30.0 12
2016-10-17 4:00:44 413773168 114.2728 30.535187 114.2724 30.53459 4.8 31.3 12
2016-10-17 4:01:20 413773168 114.273067 30.535557 114.2728 30.535187 4.6 32.0 12
2016-10-17 4:01:40 413773168 114.273493 30.53613 114.273067 30.535557 5.1 31.2 12
2016-10-17 4:01:57 413773168 114.273747 30.536503 114.273493 30.53613 5.7 31.0 12
2016-10-17 4:02:13 413773168 114.27408 30.53701 114.273747 30.536503 6.3 29.9 12
2016-10-17 4:02:30 413773168 114.274307 30.537337 114.27408 30.53701 6.7 29.6 12
2016-10-17 4:02:50 413773168 114.274627 30.537853 114.274307 30.537337 7.2 26.9 12
2016-10-17 4:03:27 413773168 114.275427 30.53919 114.274627 30.537853 8.0 28.3 12
2016-10-17 4:03:43 413773168 114.275573 30.53942 114.275427 30.53919 8.0 28.5 12
2016-10-17 4:04:04 413773168 114.276027 30.540147 114.275573 30.53942 8.2 30.3 12
2016-10-17 4:04:23 413773168 114.276547 30.540873 114.276027 30.540147 8.3 29.7 12
2016-10-17 4:05:01 413773168 114.277307 30.542017 114.276547 30.540873 8.3 29.9 12
2016-10-17 4:05:24 413773168 114.2778 30.54279 114.277307 30.542017 8.3 29.3 12
2016-10-17 4:05:44 413773168 114.278173 30.543367 114.2778 30.54279 8.2 26.6 12
2016-10-17 4:05:59 413773168 114.278573 30.544083 114.278173 30.543367 8.2 26.8 12
2016-10-17 4:06:13 413773168 114.278973 30.54476 114.278573 30.544083 8.1 27.6 12
2016-10-17 4:06:32 413773168 114.279413 30.545493 114.278973 30.54476 8.0 27.0 12
2016-10-17 4:06:49 413773168 114.279747 30.546063 114.279413 30.545493 8.0 26.3 12
2016-10-17 4:07:08 413773168 114.279933 30.546397 114.279747 30.546063 8.0 27.3 12
2016-10-17 4:07:25 413773168 114.28036 30.54709 114.279933 30.546397 7.9 27.4 12
2016-10-17 4:07:45 413773168 114.2808 30.547813 114.28036 30.54709 8.0 27.9 12
2016-10-17 4:08:02 413773168 114.28112 30.548343 114.2808 30.547813 8.0 27.7 12
2016-10-17 4:08:18 413773168 114.281333 30.548713 114.28112 30.548343 8.0 27.4 12
2016-10-17 4:08:36 413773168 114.281747 30.549377 114.281333 30.548713 8.0 28.8 12
2016-10-17 4:08:56 413773168 114.28224 30.550163 114.281747 30.549377 8.0 26.8 12
2016-10-17 4:09:17 413773168 114.282387 30.550433 114.28224 30.550163 8.0 26.9 12
2016-10-17 4:09:37 413773168 114.28308 30.55141 114.282387 30.550433 7.9 30.7 12
2016-10-17 4:09:53 413773168 114.283453 30.551983 114.28308 30.55141 7.9 28.9 12
2016-10-17 4:10:34 413773168 114.284227 30.553313 114.283453 30.551983 8.0 24.5 12
2016-10-17 4:10:52 413773168 114.28456 30.55396 114.284227 30.553313 8.1 24.9 12
2016-10-17 4:11:09 413773168 114.284787 30.554373 114.28456 30.55396 8.2 25.5 12
2016-10-17 4:11:29 413773168 114.285133 30.554957 114.284787 30.554373 8.2 28.3 12
2016-10-17 4:11:49 413773168 114.285627 30.555777 114.285133 30.554957 8.2 26.2 12
2016-10-17 4:12:07 413773168 114.285973 30.55636 114.285627 30.555777 8.2 27.9 12
2016-10-17 4:12:43 413773168 114.286787 30.557707 114.285973 30.55636 8.1 26.4 12
2016-10-17 4:13:02 413773168 114.287013 30.558113 114.286787 30.557707 8.1 26.2 12
2016-10-17 4:13:20 413773168 114.287587 30.559087 114.287013 30.558113 8.0 27.8 12
2016-10-17 4:13:36 413773168 114.2878 30.559417 114.287587 30.559087 8.1 27.3 12
2016-10-17 4:13:56 413773168 114.28828 30.560217 114.2878 30.559417 8.0 27.6 12
2016-10-17 4:14:13 413773168 114.288573 30.560713 114.28828 30.560217 8.0 27.7 12
2016-10-17 4:14:32 413773168 114.288973 30.561367 114.288573 30.560713 8.0 28.5 12
2016-10-17 4:14:53 413773168 114.2892 30.561727 114.288973 30.561367 8.0 28.6 12
2016-10-17 4:15:16 413773168 114.289787 30.562647 114.2892 30.561727 8.0 29.1 12
2016-10-17 4:15:36 413773168 114.290213 30.5633 114.289787 30.562647 8.0 28.5 12
2016-10-17 4:16:11 413773168 114.291053 30.564633 114.290213 30.5633 7.8 28.7 12
2016-10-17 4:16:31 413773168 114.29144 30.565277 114.291053 30.564633 7.9 27.9 12
2016-10-17 4:16:51 413773168 114.291787 30.56583 114.29144 30.565277 7.9 27.8 12
2016-10-17 4:17:09 413773168 114.292013 30.566187 114.291787 30.56583 7.9 28.8 12
2016-10-17 4:17:27 413773168 114.2926 30.567123 114.292013 30.566187 7.9 27.9 12
2016-10-17 4:17:48 413773168 114.293013 30.567817 114.2926 30.567123 8.0 26.4 12
2016-10-17 4:18:06 413773168 114.293213 30.568153 114.293013 30.567817 8.0 25.8 12
2016-10-17 4:18:23 413773168 114.29356 30.568873 114.293213 30.568153 7.9 24.6 12
2016-10-17 4:18:43 413773168 114.293907 30.569473 114.29356 30.568873 7.9 26.1 12
2016-10-17 4:19:07 413773168 114.294333 30.57015 114.293907 30.569473 7.9 28.1 12
2016-10-17 4:19:27 413773168 114.294813 30.570857 114.294333 30.57015 7.9 34.0 12
2016-10-17 4:19:43 413773168 114.29528 30.571483 114.294813 30.570857 8.0 34.3 12
2016-10-17 4:20:04 413773168 114.29576 30.572017 114.29528 30.571483 7.9 38.6 12
2016-10-17 4:20:26 413773168 114.296267 30.572567 114.29576 30.572017 8.0 38.6 12
2016-10-17 4:20:45 413773168 114.296867 30.573213 114.296267 30.572567 8.1 41.2 12
2016-10-17 4:21:44 413773168 114.298427 30.57494 114.296867 30.573213 8.2 33.4 12
2016-10-17 4:22:01 413773168 114.29872 30.575323 114.298427 30.57494 8.2 33.0 12
2016-10-17 4:22:20 413773168 114.29944 30.576287 114.29872 30.575323 8.2 32.5 12
2016-10-17 4:22:38 413773168 114.29988 30.576907 114.29944 30.576287 8.2 31.3 12
2016-10-17 4:23:02 413773168 114.300147 30.57727 114.29988 30.576907 8.2 31.1 12
2016-10-17 4:23:20 413773168 114.300787 30.578183 114.300147 30.57727 8.2 30.1 12
2016-10-17 4:23:38 413773168 114.301053 30.578583 114.300787 30.578183 8.2 29.4 12
2016-10-17 4:23:54 413773168 114.30144 30.57919 114.301053 30.578583 8.2 28.9 12
2016-10-17 4:24:12 413773168 114.301907 30.579933 114.30144 30.57919 8.3 28.7 12
2016-10-17 4:24:29 413773168 114.302307 30.580543 114.301907 30.579933 8.3 28.3 12
2016-10-17 4:24:48 413773168 114.30256 30.580953 114.302307 30.580543 8.3 27.7 12
2016-10-17 4:25:06 413773168 114.302947 30.581607 114.30256 30.580953 8.3 27.2 12
2016-10-17 4:25:27 413773168 114.30356 30.582637 114.302947 30.581607 8.3 27.4 12
2016-10-17 4:25:47 413773168 114.303907 30.583223 114.30356 30.582637 8.3 27.4 12
2016-10-17 4:26:05 413773168 114.30432 30.583907 114.303907 30.583223 8.3 27.7 12
2016-10-17 4:26:23 413773168 114.304573 30.584317 114.30432 30.583907 8.3 27.8 12
2016-10-17 4:26:43 413773168 114.305 30.584997 114.304573 30.584317 8.2 27.7 12
2016-10-17 4:27:03 413773168 114.30536 30.585573 114.305 30.584997 8.2 28.0 12
2016-10-17 4:27:19 413773168 114.305827 30.58631 114.30536 30.585573 8.2 28.8 12
2016-10-17 4:27:38 413773168 114.306267 30.58705 114.305827 30.58631 8.2 27.2 12
2016-10-17 4:27:59 413773168 114.306667 30.5877 114.306267 30.58705 8.2 26.8 12
2016-10-17 4:28:18 413773168 114.307013 30.588313 114.306667 30.5877 8.0 26.2 12
2016-10-17 4:28:37 413773168 114.30736 30.588973 114.307013 30.588313 7.7 23.2 12
2016-10-17 4:28:55 413773168 114.307533 30.5893 114.30736 30.588973 7.6 23.9 12
2016-10-17 4:29:17 413773168 114.30812 30.590283 114.307533 30.5893 7.9 28.8 12
2016-10-17 4:29:35 413773168 114.30852 30.590867 114.30812 30.590283 8.1 32.1 12
2016-10-17 4:29:50 413773168 114.3088 30.591253 114.30852 30.590867 8.2 32.1 12
2016-10-17 4:30:08 413773168 114.309213 30.591847 114.3088 30.591253 8.3 30.8 12
2016-10-17 4:30:29 413773168 114.309787 30.592633 114.309213 30.591847 8.3 32.4 12
2016-10-17 4:30:49 413773168 114.310253 30.593257 114.309787 30.592633 8.3 32.2 12
2016-10-17 4:31:09 413773168 114.310733 30.59391 114.310253 30.593257 8.3 32.9 12
2016-10-17 4:31:26 413773168 114.3112 30.594527 114.310733 30.59391 8.3 33.2 12
2016-10-17 4:31:45 413773168 114.31144 30.594847 114.3112 30.594527 8.2 33.4 12
2016-10-17 4:32:02 413773168 114.31192 30.59546 114.31144 30.594847 8.3 33.6 12
2016-10-17 4:32:19 413773168 114.312413 30.5961 114.31192 30.59546 8.3 33.9 12
2016-10-17 4:32:38 413773168 114.312973 30.596803 114.312413 30.5961 8.3 34.5 12
2016-10-17 4:32:57 413773168 114.313453 30.597407 114.312973 30.596803 8.3 34.2 12
2016-10-17 4:33:14 413773168 114.31364 30.59766 114.313453 30.597407 8.3 34.7 12
2016-10-17 4:33:32 413773168 114.314267 30.598407 114.31364 30.59766 8.2 36.0 12
2016-10-17 4:33:50 413773168 114.314787 30.599023 114.314267 30.598407 8.2 36.3 12
2016-10-17 4:34:09 413773168 114.31532 30.599643 114.314787 30.599023 8.3 36.5 12
2016-10-17 4:34:28 413773168 114.3158 30.600197 114.31532 30.599643 8.3 37.7 12
2016-10-17 4:34:47 413773168 114.316333 30.60078 114.3158 30.600197 8.3 37.4 12
2016-10-17 4:35:06 413773168 114.31668 30.601177 114.316333 30.60078 8.2 38.5 12
2016-10-17 4:35:27 413773168 114.317133 30.601653 114.31668 30.601177 8.2 39.0 12
2016-10-17 4:35:45 413773168 114.317987 30.602547 114.317133 30.601653 8.3 39.3 12
2016-10-17 4:36:02 413773168 114.31824 30.602817 114.317987 30.602547 8.3 39.4 12
2016-10-17 4:36:17 413773168 114.318813 30.603443 114.31824 30.602817 8.3 39.7 12
2016-10-17 4:36:38 413773168 114.319427 30.60406 114.318813 30.603443 8.2 40.4 12
2016-10-17 4:36:56 413773168 114.319933 30.60454 114.319427 30.60406 8.1 43.1 12
2016-10-17 4:37:14 413773168 114.32056 30.605177 114.319933 30.60454 8.2 39.7 12
2016-10-17 4:37:33 413773168 114.320813 30.605447 114.32056 30.605177 8.1 39.9 12
2016-10-17 4:37:54 413773168 114.32168 30.606303 114.320813 30.605447 8.2 41.0 12
2016-10-17 4:38:17 413773168 114.322267 30.606877 114.32168 30.606303 8.2 41.6 12
2016-10-17 4:38:32 413773168 114.32284 30.60742 114.322267 30.606877 8.2 42.3 12
2016-10-17 4:38:49 413773168 114.323133 30.607707 114.32284 30.60742 8.2 42.7 12
2016-10-17 4:39:09 413773168 114.3238 30.60832 114.323133 30.607707 8.2 43.6 12
2016-10-17 4:39:30 413773168 114.32444 30.60891 114.3238 30.60832 8.2 43.3 12
2016-10-17 4:39:48 413773168 114.32496 30.609383 114.32444 30.60891 8.2 44.2 12
2016-10-17 4:40:06 413773168 114.32568 30.61001 114.32496 30.609383 8.2 44.6 12
2016-10-17 4:40:26 413773168 114.326227 30.610503 114.32568 30.61001 8.3 44.8 12
2016-10-17 4:40:47 413773168 114.32652 30.61075 114.326227 30.610503 8.3 45.0 12
2016-10-17 4:41:06 413773168 114.327533 30.61162 114.32652 30.61075 8.2 45.1 12
2016-10-17 4:41:23 413773168 114.328133 30.61213 114.327533 30.61162 8.2 45.6 12
2016-10-17 4:41:42 413773168 114.32848 30.61242 114.328133 30.61213 8.2 45.9 12
2016-10-17 4:42:01 413773168 114.329093 30.612927 114.32848 30.61242 8.2 46.2 12
2016-10-17 4:42:39 413773168 114.330293 30.61391 114.329093 30.612927 7.6 46.5 12
2016-10-17 4:42:57 413773168 114.330613 30.614177 114.330293 30.61391 7.5 46.3 12
2016-10-17 4:43:17 413773168 114.331507 30.614913 114.330613 30.614177 7.2 47.0 12
2016-10-17 4:43:35 413773168 114.332027 30.61533 114.331507 30.614913 7.2 46.1 12
2016-10-17 4:43:50 413773168 114.33236 30.61561 114.332027 30.61533 7.2 45.4 12
2016-10-17 4:44:11 413773168 114.33288 30.616063 114.33236 30.61561 7.2 44.6 12
2016-10-17 4:44:29 413773168 114.333413 30.616547 114.33288 30.616063 7.2 43.4 12
2016-10-17 4:44:47 413773168 114.333987 30.617067 114.333413 30.616547 7.2 42.4 12
2016-10-17 4:45:04 413773168 114.33448 30.61754 114.333987 30.617067 7.2 42.4 12
2016-10-17 4:45:24 413773168 114.335053 30.618093 114.33448 30.61754 7.2 42.4 12
2016-10-17 4:45:42 413773168 114.335253 30.618267 114.335053 30.618093 7.3 42.3 12
2016-10-17 4:46:02 413773168 114.33604 30.619017 114.335253 30.618267 7.3 42.1 12
2016-10-17 4:46:20 413773168 114.33628 30.619243 114.33604 30.619017 7.3 42.1 12
2016-10-17 4:46:41 413773168 114.33704 30.61998 114.33628 30.619243 7.3 41.1 12
2016-10-17 4:47:01 413773168 114.337293 30.620233 114.33704 30.61998 7.3 41.4 12
2016-10-17 4:47:20 413773168 114.33812 30.621017 114.337293 30.620233 7.3 42.3 12
2016-10-17 4:47:38 413773168 114.338413 30.621297 114.33812 30.621017 7.3 42.4 12
2016-10-17 4:47:57 413773168 114.338867 30.621723 114.338413 30.621297 7.3 43.4 12
2016-10-17 4:48:12 413773168 114.339467 30.62227 114.338867 30.621723 7.2 42.4 12
2016-10-17 4:48:32 413773168 114.339973 30.62277 114.339467 30.62227 7.0 41.8 12
2016-10-17 4:48:49 413773168 114.340187 30.62296 114.339973 30.62277 6.8 42.0 12
2016-10-17 4:49:14 413773168 114.34088 30.623633 114.340187 30.62296 6.1 43.2 12
2016-10-17 4:49:35 413773168 114.34136 30.62407 114.34088 30.623633 5.7 42.3 12
2016-10-17 4:49:53 413773168 114.341733 30.624437 114.34136 30.62407 5.3 42.7 12
2016-10-17 4:50:12 413773168 114.342147 30.62478 114.341733 30.624437 4.9 49.0 12
2016-10-17 4:50:36 413773168 114.342573 30.625083 114.342147 30.62478 4.8 50.5 12
2016-10-17 4:50:56 413773168 114.34292 30.625327 114.342573 30.625083 5.0 51.2 12
2016-10-17 4:51:16 413773168 114.3432 30.62552 114.34292 30.625327 5.1 51.2 12
2016-10-17 4:51:36 413773168 114.343827 30.62594 114.3432 30.62552 5.8 53.2 12
2016-10-17 4:51:57 413773168 114.34444 30.626323 114.343827 30.62594 6.2 54.9 12
2016-10-17 4:52:17 413773168 114.344947 30.62661 114.34444 30.626323 6.4 55.0 12
2016-10-17 4:52:34 413773168 114.345573 30.627037 114.344947 30.62661 7.0 51.0 12
2016-10-17 4:52:51 413773168 114.346173 30.627483 114.345573 30.627037 7.7 46.6 12
2016-10-17 4:53:13 413773168 114.346773 30.627983 114.346173 30.627483 8.4 45.2 12
2016-10-17 4:53:32 413773168 114.347427 30.62855 114.346773 30.627983 8.8 44.5 12
2016-10-17 4:53:50 413773168 114.348027 30.629087 114.347427 30.62855 9.1 43.4 12
2016-10-17 4:54:07 413773168 114.348413 30.629427 114.348027 30.629087 9.2 43.7 12
2016-10-17 4:54:26 413773168 114.34904 30.630037 114.348413 30.629427 9.4 41.9 12
2016-10-17 4:54:46 413773168 114.349787 30.630707 114.34904 30.630037 9.4 44.8 12
2016-10-17 4:55:03 413773168 114.35056 30.6314 114.349787 30.630707 9.5 44.9 12
2016-10-17 4:55:21 413773168 114.350813 30.63162 114.35056 30.6314 9.5 45.4 12
2016-10-17 4:55:44 413773168 114.352027 30.6326 114.350813 30.63162 9.6 46.7 12
2016-10-17 4:56:06 413773168 114.352347 30.632873 114.352027 30.6326 9.6 46.5 12
2016-10-17 4:56:26 413773168 114.353387 30.633687 114.352347 30.632873 9.5 48.1 12
2016-10-17 4:56:45 413773168 114.354227 30.634327 114.353387 30.633687 9.5 48.9 12
2016-10-17 4:57:06 413773168 114.355267 30.635113 114.354227 30.634327 9.4 48.7 12
2016-10-17 4:57:25 413773168 114.356027 30.635707 114.355267 30.635113 9.5 47.2 12
2016-10-17 4:57:43 413773168 114.356507 30.636097 114.356027 30.635707 9.5 47.4 12
2016-10-17 4:58:41 413773168 114.358787 30.637723 114.356507 30.636097 9.4 51.4 12
2016-10-17 4:58:57 413773168 114.359573 30.638273 114.358787 30.637723 9.5 50.8 12
2016-10-17 4:59:17 413773168 114.36032 30.638797 114.359573 30.638273 9.4 53.1 12
2016-10-17 4:59:42 413773168 114.361187 30.639333 114.36032 30.638797 9.4 55.2 12
2016-10-17 5:00:02 413773168 114.362107 30.63988 114.361187 30.639333 9.4 55.6 12
2016-10-17 5:00:20 413773168 114.362827 30.640303 114.362107 30.63988 9.5 56.2 12
2016-10-17 5:00:38 413773168 114.36368 30.640797 114.362827 30.640303 9.5 56.6 12
2016-10-17 5:00:59 413773168 114.364587 30.641303 114.36368 30.640797 9.5 57.6 12
2016-10-17 5:01:20 413773168 114.365547 30.641813 114.364587 30.641303 9.5 59.5 12
2016-10-17 5:01:41 413773168 114.366467 30.64228 114.365547 30.641813 9.3 59.5 12
2016-10-17 5:01:59 413773168 114.367293 30.642677 114.366467 30.64228 9.1 61.0 12
2016-10-17 5:02:19 413773168 114.368107 30.643067 114.367293 30.642677 9.1 60.6 12
2016-10-17 5:02:38 413773168 114.368973 30.643473 114.368107 30.643067 8.9 62.0 12
2016-10-17 5:02:54 413773168 114.369387 30.643673 114.368973 30.643473 8.9 60.7 12
2016-10-17 5:03:12 413773168 114.370173 30.644067 114.369387 30.643673 8.9 60.1 12
2016-10-17 5:03:33 413773168 114.371133 30.644523 114.370173 30.644067 8.8 60.7 12
2016-10-17 5:03:51 413773168 114.371827 30.644873 114.371133 30.644523 8.8 59.5 12
2016-10-17 5:04:08 413773168 114.372653 30.645293 114.371827 30.644873 8.9 59.6 12
2016-10-17 5:04:24 413773168 114.37316 30.645547 114.372653 30.645293 8.9 59.9 12
2016-10-17 5:05:00 413773168 114.374813 30.646377 114.37316 30.645547 8.8 59.8 12
2016-10-17 5:05:19 413773168 114.375547 30.64675 114.374813 30.646377 8.9 59.9 12
2016-10-17 5:05:37 413773168 114.376373 30.64716 114.375547 30.64675 8.9 59.6 12
2016-10-17 5:05:59 413773168 114.37728 30.64762 114.376373 30.64716 8.8 59.6 12
2016-10-17 5:06:39 413773168 114.378707 30.64835 114.37728 30.64762 8.8 59.6 12
2016-10-17 5:06:59 413773168 114.379613 30.648803 114.378707 30.64835 8.7 59.2 12
2016-10-17 5:07:18 413773168 114.3804 30.649233 114.379613 30.648803 8.7 57.1 12
2016-10-17 5:07:39 413773168 114.38112 30.649603 114.3804 30.649233 8.7 60.4 12
2016-10-17 5:07:55 413773168 114.381987 30.650017 114.38112 30.649603 8.6 60.8 12
2016-10-17 5:08:17 413773168 114.38236 30.650193 114.381987 30.650017 8.6 60.8 12
2016-10-17 5:08:41 413773168 114.383587 30.650777 114.38236 30.650193 8.6 61.1 12
2016-10-17 5:09:01 413773168 114.38436 30.651147 114.383587 30.650777 8.6 61.1 12
2016-10-17 5:09:19 413773168 114.3852 30.651563 114.38436 30.651147 8.5 62.2 12
2016-10-17 5:09:38 413773168 114.386133 30.65198 114.3852 30.651563 8.5 63.1 12
2016-10-17 5:10:00 413773168 114.386787 30.652267 114.386133 30.65198 8.5 63.8 12
2016-10-17 5:10:20 413773168 114.387787 30.65268 114.386787 30.652267 8.5 64.5 12
2016-10-17 5:10:37 413773168 114.388573 30.653 114.387787 30.65268 8.6 65.4 12
2016-10-17 5:10:54 413773168 114.389013 30.653167 114.388573 30.653 8.6 65.7 12
2016-10-17 5:11:17 413773168 114.39024 30.653637 114.389013 30.653167 8.7 67.0 12
2016-10-17 5:11:37 413773168 114.391107 30.653937 114.39024 30.653637 8.7 67.4 12
2016-10-17 5:11:55 413773168 114.391973 30.654253 114.391107 30.653937 8.7 66.9 12
2016-10-17 5:12:13 413773168 114.392373 30.654397 114.391973 30.654253 8.7 67.0 12
2016-10-17 5:12:33 413773168 114.393333 30.65474 114.392373 30.654397 8.8 67.6 12
2016-10-17 5:12:52 413773168 114.394253 30.655067 114.393333 30.65474 8.8 67.7 12
2016-10-17 5:13:11 413773168 114.39504 30.655347 114.394253 30.655067 8.7 68.5 12
2016-10-17 5:13:29 413773168 114.395933 30.655647 114.39504 30.655347 8.7 68.8 12
2016-10-17 5:13:51 413773168 114.396413 30.655807 114.395933 30.655647 8.7 69.0 12
2016-10-17 5:14:12 413773168 114.39772 30.656243 114.396413 30.655807 8.7 69.0 12
2016-10-17 5:14:28 413773168 114.39856 30.65652 114.39772 30.656243 8.8 69.0 12
2016-10-17 5:14:46 413773168 114.39944 30.656807 114.39856 30.65652 8.8 69.7 12
2016-10-17 5:15:08 413773168 114.400373 30.65708 114.39944 30.656807 8.7 71.7 12
2016-10-17 5:15:29 413773168 114.401307 30.65738 114.400373 30.65708 8.7 67.9 12
2016-10-17 5:15:50 413773168 114.40208 30.657657 114.401307 30.65738 8.7 66.9 12
2016-10-17 5:16:08 413773168 114.402893 30.657963 114.40208 30.657657 8.6 65.8 12
2016-10-17 5:16:28 413773168 114.4034 30.658163 114.402893 30.657963 8.6 65.2 12
2016-10-17 5:16:50 413773168 114.40472 30.658697 114.4034 30.658163 8.6 64.2 12
2016-10-17 5:17:10 413773168 114.405347 30.65896 114.40472 30.658697 8.6 63.9 12
2016-10-17 5:17:27 413773168 114.406227 30.659333 114.405347 30.65896 8.6 63.7 12
2016-10-17 5:17:49 413773168 114.407 30.65968 114.406227 30.659333 8.6 62.7 12
2016-10-17 5:18:11 413773168 114.407787 30.66002 114.407 30.65968 8.5 63.5 12
2016-10-17 5:18:29 413773168 114.408693 30.660403 114.407787 30.66002 8.5 64.6 12
2016-10-17 5:18:48 413773168 114.409587 30.660757 114.408693 30.660403 8.5 65.9 12
2016-10-17 5:19:11 413773168 114.40992 30.660883 114.409587 30.660757 8.5 66.7 12
2016-10-17 5:19:29 413773168 114.4112 30.66135 114.40992 30.660883 8.6 67.1 12
2016-10-17 5:19:47 413773168 114.41204 30.661663 114.4112 30.66135 8.6 67.1 12
2016-10-17 5:20:05 413773168 114.41252 30.661833 114.41204 30.661663 8.6 66.6 12
2016-10-17 5:20:26 413773168 114.413787 30.662323 114.41252 30.661833 8.6 66.8 12
2016-10-17 5:20:45 413773168 114.414613 30.662617 114.413787 30.662323 8.5 67.9 12
2016-10-17 5:21:03 413773168 114.415413 30.662907 114.414613 30.662617 8.5 67.3 12
2016-10-17 5:21:23 413773168 114.416253 30.66322 114.415413 30.662907 8.5 66.1 12
2016-10-17 5:21:46 413773168 114.41708 30.66354 114.416253 30.66322 8.5 66.3 12
2016-10-17 5:22:08 413773168 114.417973 30.663863 114.41708 30.66354 8.5 67.8 12
2016-10-17 5:22:28 413773168 114.41892 30.66417 114.417973 30.663863 8.5 69.4 12
2016-10-17 5:22:46 413773168 114.41968 30.66442 114.41892 30.66417 8.5 69.4 12
2016-10-17 5:23:09 413773168 114.42064 30.66471 114.41968 30.66442 8.5 69.6 12
2016-10-17 5:23:48 413773168 114.421773 30.665107 114.42064 30.66471 8.4 68.0 12
2016-10-17 5:24:06 413773168 114.423053 30.665547 114.421773 30.665107 8.5 68.7 12
2016-10-17 5:24:27 413773168 114.423907 30.665833 114.423053 30.665547 8.5 68.9 12
2016-10-17 5:24:47 413773168 114.4248 30.666133 114.423907 30.665833 8.5 68.9 12
2016-10-17 5:25:07 413773168 114.425693 30.666437 114.4248 30.666133 8.5 68.8 12
2016-10-17 5:25:26 413773168 114.426507 30.6667 114.425693 30.666437 8.5 69.0 12
2016-10-17 5:25:47 413773168 114.42736 30.66698 114.426507 30.6667 8.5 68.5 12
2016-10-17 5:26:08 413773168 114.428227 30.667273 114.42736 30.66698 8.5 68.7 12
2016-10-17 5:26:25 413773168 114.429213 30.667607 114.428227 30.667273 8.5 68.5 12
2016-10-17 5:26:42 413773168 114.429947 30.667853 114.429213 30.667607 8.5 67.9 12
2016-10-17 5:27:57 413773168 114.433173 30.669027 114.429947 30.667853 8.5 66.5 12
2016-10-17 5:28:21 413773168 114.434067 30.669363 114.433173 30.669027 8.5 65.7 12
2016-10-17 5:28:43 413773168 114.434933 30.669707 114.434067 30.669363 8.5 65.6 12
2016-10-17 5:29:02 413773168 114.435693 30.669997 114.434933 30.669707 8.4 65.0 12
2016-10-17 5:29:21 413773168 114.436547 30.670357 114.435693 30.669997 8.4 63.3 12
2016-10-17 5:29:45 413773168 114.437373 30.6707 114.436547 30.670357 8.5 65.5 12
2016-10-17 5:30:05 413773168 114.43816 30.67101 114.437373 30.6707 8.5 65.0 12
2016-10-17 5:30:23 413773168 114.439107 30.67142 114.43816 30.67101 8.5 63.6 12
2016-10-17 5:30:42 413773168 114.43956 30.671607 114.439107 30.67142 8.5 65.2 12
2016-10-17 5:31:06 413773168 114.440693 30.672033 114.43956 30.671607 8.5 66.8 12
2016-10-17 5:31:28 413773168 114.441533 30.672347 114.440693 30.672033 8.5 66.6 12
2016-10-17 5:31:48 413773168 114.442773 30.672797 114.441533 30.672347 8.5 67.3 12
2016-10-17 5:32:08 413773168 114.443187 30.67295 114.442773 30.672797 8.5 67.3 12
2016-10-17 5:32:27 413773168 114.444093 30.67327 114.443187 30.67295 8.6 67.7 12
2016-10-17 5:32:49 413773168 114.445053 30.673607 114.444093 30.67327 8.8 67.3 12
2016-10-17 5:33:11 413773168 114.445933 30.673927 114.445053 30.673607 8.9 68.0 12
2016-10-17 5:33:30 413773168 114.447227 30.674363 114.445933 30.673927 8.9 68.8 12
2016-10-17 5:33:54 413773168 114.448093 30.674647 114.447227 30.674363 8.8 69.1 12
2016-10-17 5:34:14 413773168 114.449053 30.674977 114.448093 30.674647 8.8 68.9 12
2016-10-17 5:34:32 413773168 114.449413 30.675093 114.449053 30.674977 8.8 69.1 12
2016-10-17 5:34:49 413773168 114.450733 30.675523 114.449413 30.675093 8.7 69.3 12
2016-10-17 5:35:12 413773168 114.451613 30.675797 114.450733 30.675523 8.6 70.0 12
2016-10-17 5:35:32 413773168 114.452053 30.675933 114.451613 30.675797 8.6 70.0 12
2016-10-17 5:35:52 413773168 114.453333 30.676347 114.452053 30.675933 8.5 69.2 12
2016-10-17 5:36:10 413773168 114.454187 30.67663 114.453333 30.676347 8.5 69.5 12
2016-10-17 5:36:31 413773168 114.455093 30.67693 114.454187 30.67663 8.5 68.3 12
2016-10-17 5:36:51 413773168 114.455867 30.67719 114.455093 30.67693 8.5 68.0 12
2016-10-17 5:37:34 413773168 114.45756 30.677777 114.455867 30.67719 8.4 68.6 12
2016-10-17 5:37:57 413773168 114.457973 30.67792 114.45756 30.677777 8.4 68.4 12
2016-10-17 5:38:18 413773168 114.459627 30.678473 114.457973 30.67792 8.4 69.9 12
2016-10-17 5:38:39 413773168 114.46052 30.67875 114.459627 30.678473 8.3 70.3 12
2016-10-17 5:39:22 413773168 114.462227 30.679267 114.46052 30.67875 8.4 71.2 12
2016-10-17 5:39:45 413773168 114.46308 30.679523 114.462227 30.679267 8.3 70.5 12
2016-10-17 5:40:03 413773168 114.463933 30.67977 114.46308 30.679523 8.3 70.0 12
2016-10-17 5:40:23 413773168 114.464733 30.680027 114.463933 30.67977 8.3 69.5 12
2016-10-17 5:40:44 413773168 114.465627 30.68031 114.464733 30.680027 8.2 69.3 12
2016-10-17 5:41:02 413773168 114.46636 30.68057 114.465627 30.68031 8.2 66.3 12
2016-10-17 5:41:21 413773168 114.467173 30.68088 114.46636 30.68057 8.2 66.3 12
2016-10-17 5:41:41 413773168 114.467987 30.681187 114.467173 30.68088 8.2 66.4 12
2016-10-17 5:42:02 413773168 114.46888 30.68154 114.467987 30.681187 8.2 64.9 12
2016-10-17 5:42:20 413773168 114.469693 30.68186 114.46888 30.68154 8.2 65.1 12
2016-10-17 5:42:39 413773168 114.470373 30.682133 114.469693 30.68186 8.2 65.0 12
2016-10-17 5:42:57 413773168 114.471213 30.682467 114.470373 30.682133 8.2 65.8 12
2016-10-17 5:43:20 413773168 114.472093 30.682813 114.471213 30.682467 8.1 65.1 12
2016-10-17 5:43:41 413773168 114.47284 30.683127 114.472093 30.682813 8.1 64.1 12
2016-10-17 5:44:00 413773168 114.473627 30.683463 114.47284 30.683127 8.1 63.4 12
2016-10-17 5:44:21 413773168 114.474507 30.68382 114.473627 30.683463 8.1 65.3 12
2016-10-17 5:44:44 413773168 114.475227 30.684103 114.474507 30.68382 8.1 65.2 12
2016-10-17 5:45:05 413773168 114.476027 30.684427 114.475227 30.684103 8.1 64.4 12
2016-10-17 5:45:24 413773168 114.476893 30.684783 114.476027 30.684427 8.1 64.2 12
2016-10-17 5:45:44 413773168 114.477653 30.6851 114.476893 30.684783 8.2 63.4 12
2016-10-17 5:46:06 413773168 114.478773 30.68557 114.477653 30.6851 8.2 64.7 12
2016-10-17 5:46:27 413773168 114.479653 30.68593 114.478773 30.68557 8.3 65.0 12
2016-10-17 5:46:48 413773168 114.480373 30.686223 114.479653 30.68593 8.3 65.5 12
2016-10-17 5:47:08 413773168 114.480747 30.68637 114.480373 30.686223 8.3 65.9 12
2016-10-17 5:47:31 413773168 114.481307 30.686587 114.480747 30.68637 8.3 66.7 12
2016-10-17 5:47:52 413773168 114.482733 30.68709 114.481307 30.686587 8.3 68.5 12
2016-10-17 5:48:12 413773168 114.483667 30.687403 114.482733 30.68709 8.3 70.0 12
2016-10-17 5:48:32 413773168 114.484507 30.687657 114.483667 30.687403 8.3 71.0 12
2016-10-17 5:48:57 413773168 114.485827 30.688057 114.484507 30.687657 8.3 72.5 12
2016-10-17 5:49:18 413773168 114.48664 30.688277 114.485827 30.688057 8.3 73.7 12
2016-10-17 5:49:36 413773168 114.487453 30.688473 114.48664 30.688277 8.3 75.2 12
2016-10-17 5:49:57 413773168 114.488427 30.688663 114.487453 30.688473 8.2 78.7 12
2016-10-17 5:50:19 413773168 114.48912 30.688783 114.488427 30.688663 8.2 79.1 12
2016-10-17 5:50:40 413773168 114.49004 30.688913 114.48912 30.688783 8.2 81.7 12
2016-10-17 5:50:59 413773168 114.490947 30.68901 114.49004 30.688913 8.2 84.4 12
2016-10-17 5:51:19 413773168 114.491787 30.689067 114.490947 30.68901 8.2 87.6 12
2016-10-17 5:51:43 413773168 114.492733 30.689107 114.491787 30.689067 8.2 89.0 12
2016-10-17 5:52:03 413773168 114.493187 30.68911 114.492733 30.689107 8.3 89.0 12
2016-10-17 5:52:22 413773168 114.494933 30.689093 114.493187 30.68911 8.3 91.5 12
2016-10-17 5:53:09 413773168 114.496827 30.689027 114.494933 30.689093 8.4 93.2 12
2016-10-17 5:53:31 413773168 114.49772 30.68897 114.496827 30.689027 8.3 95.7 12
2016-10-17 5:53:51 413773168 114.498573 30.688893 114.49772 30.68897 8.3 96.0 12
2016-10-17 5:54:12 413773168 114.499507 30.6888 114.498573 30.688893 8.3 97.7 12
2016-10-17 5:54:35 413773168 114.50076 30.68865 114.499507 30.6888 8.3 97.9 12
2016-10-17 5:54:55 413773168 114.501693 30.688543 114.50076 30.68865 8.3 98.2 12
2016-10-17 5:55:15 413773168 114.50268 30.68842 114.501693 30.688543 8.3 98.4 12
2016-10-17 5:55:36 413773168 114.503427 30.68832 114.50268 30.68842 8.3 98.1 12
2016-10-17 5:56:01 413773168 114.503867 30.68826 114.503427 30.68832 8.2 98.3 12
2016-10-17 5:56:23 413773168 114.50532 30.688077 114.503867 30.68826 8.1 99.2 12
2016-10-17 5:56:45 413773168 114.506533 30.687913 114.50532 30.688077 8.0 98.4 12
2016-10-17 5:57:06 413773168 114.507373 30.68778 114.506533 30.687913 8.0 101.2 12
2016-10-17 5:57:31 413773168 114.5078 30.68771 114.507373 30.68778 8.0 100.6 12
2016-10-17 5:57:53 413773168 114.509413 30.68744 114.5078 30.68771 8.1 101.9 12
2016-10-17 5:58:10 413773168 114.50976 30.687377 114.509413 30.68744 8.1 102.2 12
2016-10-17 5:58:28 413773168 114.510747 30.687177 114.50976 30.687377 8.2 103.1 12
2016-10-17 5:58:52 413773168 114.5116 30.68699 114.510747 30.687177 8.2 105.2 12
2016-10-17 5:59:15 413773168 114.512747 30.686713 114.5116 30.68699 8.2 105.9 12
2016-10-17 5:59:51 413773168 114.514587 30.686243 114.512747 30.686713 8.3 107.6 12
2016-10-17 6:00:12 413773168 114.515027 30.68612 114.514587 30.686243 8.3 108.4 12
2016-10-17 6:00:34 413773168 114.51616 30.68581 114.515027 30.68612 8.3 106.8 12
2016-10-17 6:00:56 413773168 114.517067 30.68556 114.51616 30.68581 8.2 108.7 12
2016-10-17 6:01:16 413773168 114.517947 30.68529 114.517067 30.68556 8.3 109.8 12
2016-10-17 6:01:42 413773168 114.519173 30.684897 114.517947 30.68529 8.3 111.2 12
2016-10-17 6:02:04 413773168 114.52008 30.684577 114.519173 30.684897 8.3 112.7 12
2016-10-17 6:02:23 413773168 114.520787 30.684323 114.52008 30.684577 8.4 113.3 12
2016-10-17 6:02:41 413773168 114.52132 30.684113 114.520787 30.684323 8.4 114.2 12
2016-10-17 6:03:02 413773168 114.522507 30.683637 114.52132 30.684113 8.4 115.2 12
2016-10-17 6:03:24 413773168 114.523413 30.683257 114.522507 30.683637 8.5 116.7 12
2016-10-17 6:03:45 413773168 114.52408 30.68297 114.523413 30.683257 8.5 116.9 12
2016-10-17 6:04:05 413773168 114.52496 30.68257 114.52408 30.68297 8.5 118.0 12
2016-10-17 6:04:31 413773168 114.52608 30.682027 114.52496 30.68257 8.4 120.1 12
2016-10-17 6:04:53 413773168 114.52656 30.681783 114.52608 30.682027 8.4 120.9 12
2016-10-17 6:05:14 413773168 114.527293 30.681393 114.52656 30.681783 8.4 122.5 12
2016-10-17 6:05:34 413773168 114.52848 30.680733 114.527293 30.681393 8.5 123.6 12
2016-10-17 6:06:01 413773168 114.52928 30.680267 114.52848 30.680733 8.5 124.2 12
2016-10-17 6:06:22 413773168 114.53036 30.6796 114.52928 30.680267 8.5 127.3 12
2016-10-17 6:07:00 413773168 114.531107 30.679087 114.53036 30.6796 8.5 129.4 12
2016-10-17 6:10:15 413773168 114.537933 30.67311 114.531107 30.679087 8.8 140.9 12
2016-10-17 6:11:11 413773168 114.539373 30.671557 114.537933 30.67311 8.8 142.4 12
2016-10-17 6:11:32 413773168 114.54024 30.670567 114.539373 30.671557 8.8 146.2 12
2016-10-17 6:12:28 413773168 114.541333 30.669073 114.54024 30.670567 8.8 149.5 12
2016-10-17 6:12:50 413773168 114.542187 30.667693 114.541333 30.669073 8.8 153.5 12
2016-10-17 6:13:12 413773168 114.54256 30.666987 114.542187 30.667693 8.8 156.0 12
2016-10-17 6:13:53 413773168 114.543333 30.665377 114.54256 30.666987 8.9 158.6 12
2016-10-17 6:14:21 413773168 114.543627 30.664673 114.543333 30.665377 9.0 160.1 12
2016-10-17 6:14:46 413773168 114.544147 30.663493 114.543627 30.664673 9.0 159.1 12
2016-10-17 6:15:48 413773168 114.545253 30.660973 114.544147 30.663493 9.3 158.3 12
2016-10-17 6:16:49 413773168 114.5462 30.658977 114.545253 30.660973 9.0 157.0 12
2016-10-17 6:17:56 413773168 114.5476 30.656377 114.5462 30.658977 9.2 152.9 12
2016-10-17 6:20:13 413773168 114.5508 30.65055 114.5476 30.656377 9.2 155.1 12
2016-10-17 6:20:35 413773168 114.551227 30.649773 114.5508 30.65055 9.2 155.0 12
2016-10-17 6:20:57 413773168 114.55184 30.64865 114.551227 30.649773 9.1 154.6 12
2016-10-17 6:21:44 413773168 114.552467 30.64746 114.55184 30.64865 9.0 155.5 12
2016-10-17 6:22:06 413773168 114.553 30.64642 114.552467 30.64746 9.0 155.8 12
2016-10-17 6:22:27 413773168 114.553613 30.64523 114.553 30.64642 9.0 156.3 12
2016-10-17 6:23:12 413773168 114.554173 30.64411 114.553613 30.64523 9.0 157.1 12
2016-10-17 6:23:37 413773168 114.554787 30.64287 114.554173 30.64411 9.1 156.2 12
2016-10-17 6:23:59 413773168 114.55516 30.642133 114.554787 30.64287 9.1 155.2 12
2016-10-17 6:24:20 413773168 114.55556 30.641403 114.55516 30.642133 9.1 155.3 12
2016-10-17 6:24:48 413773168 114.556013 30.640557 114.55556 30.641403 9.1 154.7 12
2016-10-17 6:25:10 413773168 114.556813 30.639067 114.556013 30.640557 9.0 155.0 12
2016-10-17 6:25:51 413773168 114.557653 30.637503 114.556813 30.639067 9.1 156.0 12
2016-10-17 6:26:42 413773168 114.55844 30.63596 114.557653 30.637503 9.0 157.4 12
2016-10-17 6:27:04 413773168 114.558773 30.63522 114.55844 30.63596 9.0 158.0 12
2016-10-17 6:27:26 413773168 114.559333 30.634053 114.558773 30.63522 9.0 157.1 12
2016-10-17 6:27:52 413773168 114.55996 30.632773 114.559333 30.634053 9.0 157.8 12
2016-10-17 6:28:14 413773168 114.56012 30.632423 114.55996 30.632773 9.0 157.8 12
2016-10-17 6:28:36 413773168 114.56048 30.631637 114.56012 30.632423 9.0 158.3 12
2016-10-17 6:28:58 413773168 114.56104 30.63044 114.56048 30.631637 8.9 157.9 12
2016-10-17 6:29:24 413773168 114.561387 30.62971 114.56104 30.63044 8.9 157.8 12
2016-10-17 6:30:32 413773168 114.56272 30.62677 114.561387 30.62971 8.8 159.5 12
2016-10-17 6:31:00 413773168 114.563027 30.626037 114.56272 30.62677 8.8 159.5 12
2016-10-17 6:31:25 413773168 114.563693 30.624453 114.563027 30.626037 8.8 160.0 12
2016-10-17 6:31:49 413773168 114.564013 30.623683 114.563693 30.624453 8.7 160.6 12
2016-10-17 6:32:11 413773168 114.56432 30.62292 114.564013 30.623683 8.7 161.4 12
2016-10-17 6:32:39 413773168 114.56464 30.62212 114.56432 30.62292 8.7 161.4 12
2016-10-17 6:33:03 413773168 114.565013 30.621113 114.56464 30.62212 8.7 162.3 12
2016-10-17 6:33:24 413773168 114.565427 30.61991 114.565013 30.621113 8.7 163.9 12
2016-10-17 6:34:33 413773168 114.56628 30.617197 114.565427 30.61991 8.6 165.0 12
2016-10-17 6:36:07 413773168 114.567307 30.613643 114.56628 30.617197 8.6 165.4 12
2016-10-17 6:37:18 413773168 114.56804 30.611317 114.567307 30.613643 8.6 165.3 12
2016-10-17 6:37:59 413773168 114.568587 30.60938 114.56804 30.611317 8.5 167.0 12
2016-10-17 6:38:16 413773168 114.56868 30.609033 114.568587 30.60938 8.5 167.5 12
2016-10-17 6:38:39 413773168 114.568947 30.607913 114.56868 30.609033 8.4 167.5 12
2016-10-17 6:39:22 413773168 114.56932 30.606667 114.568947 30.607913 8.2 164.5 12
2016-10-17 6:40:11 413773168 114.570053 30.604473 114.56932 30.606667 8.1 163.1 12
2016-10-17 6:40:53 413773168 114.570533 30.60313 114.570053 30.604473 8.2 162.4 12
2016-10-17 6:41:43 413773168 114.57136 30.600987 114.570533 30.60313 8.3 161.8 12
2016-10-17 6:42:06 413773168 114.57164 30.600253 114.57136 30.600987 8.3 161.1 12
2016-10-17 6:42:26 413773168 114.571787 30.599883 114.57164 30.600253 8.3 161.4 12
2016-10-17 6:43:13 413773168 114.572533 30.597963 114.571787 30.599883 8.3 160.8 12
2016-10-17 6:43:34 413773168 114.572987 30.59687 114.572533 30.597963 8.3 160.1 12
2016-10-17 6:43:54 413773168 114.573133 30.596543 114.572987 30.59687 8.3 159.8 12
2016-10-17 6:44:17 413773168 114.573547 30.595527 114.573133 30.596543 8.2 160.1 12
2016-10-17 6:45:05 413773168 114.574347 30.5937 114.573547 30.595527 8.2 158.9 12
2016-10-17 6:45:49 413773168 114.575013 30.592243 114.574347 30.5937 8.2 158.7 12
2016-10-17 6:46:37 413773168 114.57564 30.590887 114.575013 30.592243 8.3 158.3 12
2016-10-17 6:47:52 413773168 114.57684 30.588027 114.57564 30.590887 8.8 162.7 12
2016-10-17 6:48:18 413773168 114.577253 30.58686 114.57684 30.588027 9.1 163.7 12
2016-10-17 6:49:03 413773168 114.578 30.584753 114.577253 30.58686 9.3 162.2 12
2016-10-17 6:49:27 413773168 114.57832 30.58393 114.578 30.584753 9.3 161.0 12
2016-10-17 6:49:51 413773168 114.57864 30.58315 114.57832 30.58393 9.4 160.3 12
2016-10-17 6:50:13 413773168 114.579173 30.581873 114.57864 30.58315 9.4 158.2 12
2016-10-17 6:51:27 413773168 114.580467 30.579197 114.579173 30.581873 9.5 155.4 12
2016-10-17 6:51:49 413773168 114.580933 30.578353 114.580467 30.579197 9.5 154.9 12
2016-10-17 6:52:13 413773168 114.581573 30.577187 114.580933 30.578353 9.6 153.9 12
2016-10-17 6:52:38 413773168 114.582293 30.575953 114.581573 30.577187 9.5 152.5 12
2016-10-17 6:52:58 413773168 114.582533 30.57556 114.582293 30.575953 9.5 151.9 12
2016-10-17 6:53:20 413773168 114.58332 30.574323 114.582533 30.57556 9.5 151.1 12
2016-10-17 6:53:44 413773168 114.583747 30.573667 114.58332 30.574323 9.6 149.6 12
2016-10-17 6:54:08 413773168 114.584333 30.572827 114.583747 30.573667 9.5 148.1 12
2016-10-17 6:54:32 413773168 114.585133 30.571787 114.584333 30.572827 9.5 145.5 12
2016-10-17 6:54:53 413773168 114.58552 30.571317 114.585133 30.571787 9.5 143.8 12
2016-10-17 6:55:15 413773168 114.58644 30.570253 114.58552 30.571317 9.5 142.3 12
2016-10-17 6:56:03 413773168 114.587987 30.568587 114.58644 30.570253 9.5 141.0 12
2016-10-17 6:57:15 413773168 114.590307 30.566283 114.587987 30.568587 9.5 136.9 12
2016-10-17 6:58:31 413773168 114.593293 30.563733 114.590307 30.566283 9.7 132.4 12
2016-10-17 6:59:26 413773168 114.59484 30.56259 114.593293 30.563733 9.5 128.0 12
2016-10-17 6:59:50 413773168 114.596413 30.561553 114.59484 30.56259 8.9 124.5 12
2016-10-17 7:00:15 413773168 114.59688 30.561273 114.596413 30.561553 8.8 124.3 12
2016-10-17 7:00:44 413773168 114.5984 30.56046 114.59688 30.561273 8.7 119.1 12
2016-10-17 7:02:22 413773168 114.602213 30.55886 114.5984 30.56046 8.9 113.8 12
2016-10-17 7:02:49 413773168 114.603547 30.55835 114.602213 30.55886 9.0 113.2 12
2016-10-17 7:03:14 413773168 114.604907 30.55786 114.603547 30.55835 9.1 112.1 12
2016-10-17 7:04:10 413773168 114.607707 30.556933 114.604907 30.55786 9.1 109.7 12
2016-10-17 7:04:59 413773168 114.610067 30.556283 114.607707 30.556933 9.2 105.6 12
2016-10-17 7:05:22 413773168 114.61088 30.5561 114.610067 30.556283 9.3 103.8 12
2016-10-17 7:05:48 413773168 114.611907 30.55588 114.61088 30.5561 9.3 103.3 12
2016-10-17 7:06:14 413773168 114.612987 30.555667 114.611907 30.55588 9.3 102.1 12
2016-10-17 7:06:38 413773168 114.614973 30.555327 114.612987 30.555667 9.4 99.7 12
2016-10-17 7:07:03 413773168 114.615853 30.5552 114.614973 30.555327 9.4 98.2 12
2016-10-17 7:07:31 413773168 114.617373 30.55504 114.615853 30.5552 9.4 96.5 12
2016-10-17 7:07:58 413773168 114.618493 30.554933 114.617373 30.55504 9.4 95.8 12
2016-10-17 7:08:46 413773168 114.620467 30.554837 114.618493 30.554933 9.5 90.8 12
2016-10-17 7:09:18 413773168 114.622987 30.554867 114.620467 30.554837 9.6 87.6 12
2016-10-17 7:09:48 413773168 114.624027 30.554913 114.622987 30.554867 9.5 86.8 12
2016-10-17 7:10:41 413773168 114.6266 30.555113 114.624027 30.554913 9.4 81.7 12
2016-10-17 7:11:16 413773168 114.6286 30.555487 114.6266 30.555113 9.0 71.1 12
2016-10-17 7:11:45 413773168 114.629667 30.555857 114.6286 30.555487 8.8 67.2 12
2016-10-17 7:14:05 413773168 114.63476 30.559557 114.629667 30.555857 9.0 37.8 12
2016-10-17 7:15:28 413773168 114.63716 30.56244 114.63476 30.559557 9.5 35.3 12
2016-10-17 7:15:53 413773168 114.63804 30.56338 114.63716 30.56244 9.0 45.0 12
2016-10-17 7:16:48 413773168 114.63992 30.56486 114.63804 30.56338 9.1 51.1 12
2016-10-17 7:17:14 413773168 114.641307 30.5658 114.63992 30.56486 8.4 52.3 12
2016-10-17 7:18:08 413773168 114.643133 30.566867 114.641307 30.5658 7.5 59.3 12
2016-10-17 7:19:54 413773168 114.646547 30.56844 114.643133 30.566867 7.2 62.3 12
2016-10-17 7:20:26 413773168 114.64724 30.568743 114.646547 30.56844 7.2 64.1 12
2016-10-17 7:20:54 413773168 114.649053 30.569467 114.64724 30.568743 7.3 65.3 12
2016-10-17 7:21:48 413773168 114.650987 30.570207 114.649053 30.569467 7.4 66.1 12
2016-10-17 7:22:48 413773168 114.652987 30.57096 114.650987 30.570207 7.5 66.8 12
2016-10-17 7:23:11 413773168 114.654067 30.571367 114.652987 30.57096 7.6 66.3 12
2016-10-17 7:23:32 413773168 114.654453 30.57151 114.654067 30.571367 7.7 65.4 12
2016-10-17 7:24:04 413773168 114.655627 30.57195 114.654453 30.57151 7.7 68.2 12
2016-10-17 7:24:30 413773168 114.657107 30.572453 114.655627 30.57195 7.8 68.8 12
2016-10-17 7:25:19 413773168 114.659147 30.573103 114.657107 30.572453 7.8 69.3 12
2016-10-17 7:25:46 413773168 114.660013 30.57339 114.659147 30.573103 7.9 69.2 12
2016-10-17 7:26:35 413773168 114.66164 30.57389 114.660013 30.57339 8.0 69.9 12
2016-10-17 7:27:48 413773168 114.664467 30.57474 114.66164 30.57389 8.1 71.8 12
2016-10-17 7:28:38 413773168 114.666933 30.575447 114.664467 30.57474 8.2 70.8 12
2016-10-17 7:29:09 413773168 114.6682 30.575837 114.666933 30.575447 8.3 70.1 12
2016-10-17 7:30:24 413773168 114.671573 30.57696 114.6682 30.575837 8.3 68.8 12
2016-10-17 7:31:27 413773168 114.671907 30.57707 114.671573 30.57696 8.3 68.8 12
2016-10-17 7:33:22 413773168 114.679053 30.579213 114.67516 30.57811 8.2 72.7 12
2016-10-17 7:34:13 413773168 114.681027 30.579773 114.679053 30.579213 8.2 71.4 12
2016-10-17 7:35:25 413773168 114.683613 30.580527 114.681027 30.579773 8.2 70.0 12
2016-10-17 7:36:55 413773168 114.687693 30.581827 114.683613 30.580527 8.2 69.5 12
2016-10-17 7:38:59 413773168 114.69312 30.58354 114.687693 30.581827 8.4 69.4 12
2016-10-17 7:51:43 413773168 114.726627 30.596543 114.725493 30.596003 8.8 60.3 12
2016-10-17 7:54:59 413773168 114.7354 30.600827 114.726627 30.596543 8.9 62.3 12
2016-10-17 7:56:51 413773168 114.74096 30.60315 114.7354 30.600827 8.7 65.9 12
2016-10-17 7:57:41 413773168 114.742587 30.603763 114.74096 30.60315 8.6 67.1 12
2016-10-17 7:58:05 413773168 114.74396 30.60426 114.742587 30.603763 8.6 67.5 12
2016-10-17 7:59:25 413773168 114.746947 30.60539 114.74396 30.60426 8.6 64.6 12
2016-10-17 8:00:24 413773168 114.749827 30.60663 114.746947 30.60539 8.4 63.1 12
2016-10-17 8:00:53 413773168 114.75072 30.607027 114.749827 30.60663 8.5 62.0 12
2016-10-17 8:01:17 413773168 114.751867 30.60755 114.75072 30.607027 8.5 62.7 12
2016-10-17 8:02:14 413773168 114.753987 30.60849 114.751867 30.60755 8.5 63.9 12
2016-10-17 8:02:41 413773168 114.7556 30.609137 114.753987 30.60849 8.5 65.6 12
2016-10-17 8:03:08 413773168 114.755933 30.609263 114.7556 30.609137 8.5 65.9 12
2016-10-17 8:04:40 413773168 114.759453 30.610527 114.755933 30.609263 8.5 68.5 12
2016-10-17 8:05:58 413773168 114.763653 30.611717 114.759453 30.610527 8.4 75.0 12
2016-10-17 8:06:52 413773168 114.76632 30.612243 114.763653 30.611717 8.5 79.0 12
2016-10-17 8:09:20 413773168 114.7726 30.612957 114.76632 30.612243 8.5 86.4 12
2016-10-17 8:11:12 413773168 114.777787 30.613193 114.7726 30.612957 8.8 87.8 12
