2016-10-17 14:33:30 413832106 114.19066 30.442315 114.186855 30.437398 5.3 35.3 35
2016-10-17 14:45:58 413832106 114.205183 30.456633 114.20263 30.454253 5.8 43.1 43
2016-10-17 15:09:22 413832106 114.234187 30.485387 114.233452 30.484543 5.6 36.6 36
2016-10-17 15:10:27 413832106 114.235105 30.486442 114.234187 30.485387 5.6 37.1 36
2016-10-17 15:11:58 413832106 114.237297 30.488955 114.235105 30.486442 5.6 35.8 36
2016-10-17 15:12:34 413832106 114.237825 30.48958 114.237297 30.488955 5.6 35.7 35
2016-10-17 15:13:29 413832106 114.238888 30.49086 114.237825 30.48958 5.6 36.2 36
2016-10-17 15:16:00 413832106 114.241452 30.494077 114.238888 30.49086 5.6 33.7 33
2016-10-17 15:16:37 413832106 114.241955 30.494738 114.241452 30.494077 5.7 32.6 33
2016-10-17 15:17:37 413832106 114.24294 30.496082 114.241955 30.494738 5.6 31.5 31
2016-10-17 15:19:12 413832106 114.244382 30.4981 114.24294 30.496082 5.6 31.7 31
2016-10-17 15:27:14 413832106 114.25183 30.508822 114.250252 30.506688 5.2 34.0 33
2016-10-17 15:28:10 413832106 114.252573 30.509753 114.25183 30.508822 5.2 35.5 35
2016-10-17 15:29:45 413832106 114.254042 30.511562 114.252573 30.509753 5.3 34.8 34
2016-10-17 15:32:48 413832106 114.256952 30.51529 114.254042 30.511562 5.4 33.6 33
2016-10-17 15:34:16 413832106 114.258433 30.517158 114.256952 30.51529 5.5 34.4 34
2016-10-17 15:35:24 413832106 114.259443 30.518438 114.258433 30.517158 5.6 34.6 34
2016-10-17 15:36:19 413832106 114.26048 30.519722 114.259443 30.518438 5.6 34.4 34
2016-10-17 15:37:29 413832106 114.262043 30.52171 114.26048 30.519722 5.7 33.5 33
2016-10-17 15:38:27 413832106 114.263053 30.523047 114.262043 30.52171 5.7 33.1 32
2016-10-17 15:39:02 413832106 114.263557 30.523695 114.263053 30.523047 5.7 33.8 33
2016-10-17 15:39:29 413832106 114.264077 30.524377 114.263557 30.523695 5.5 33.0 32
2016-10-17 15:39:57 413832106 114.264592 30.524987 114.264077 30.524377 5.8 38.6 38
2016-10-17 15:41:03 413832106 114.265747 30.526342 114.264592 30.524987 5.9 35.8 35
2016-10-17 15:41:34 413832106 114.266288 30.526982 114.265747 30.526342 5.9 36.5 36
2016-10-17 15:42:01 413832106 114.266853 30.527643 114.266288 30.526982 5.8 36.4 36
2016-10-17 15:43:04 413832106 114.267973 30.528957 114.266853 30.527643 5.8 36.1 36
2016-10-17 15:44:06 413832106 114.26912 30.530252 114.267973 30.528957 5.8 37.9 37
2016-10-17 15:44:37 413832106 114.2697 30.53089 114.26912 30.530252 5.8 38.1 38
2016-10-17 15:45:13 413832106 114.270278 30.531527 114.2697 30.53089 5.7 38.3 38
2016-10-17 15:46:43 413832106 114.271932 30.533422 114.270278 30.531527 5.6 35.8 35
2016-10-17 15:48:23 413832106 114.27348 30.535345 114.271932 30.533422 5.6 34.3 34
2016-10-17 15:49:31 413832106 114.274988 30.537262 114.27348 30.535345 5.5 33.5 33
2016-10-17 15:50:50 413832106 114.275988 30.538575 114.274988 30.537262 5.5 33.6 33
2016-10-17 15:51:53 413832106 114.276937 30.539848 114.275988 30.538575 5.4 32.1 32
2016-10-17 15:53:27 413832106 114.278263 30.541798 114.276937 30.539848 5.3 29.5 29
2016-10-17 15:54:55 413832106 114.279462 30.543722 114.278263 30.541798 5.1 26.9 26
2016-10-17 15:55:30 413832106 114.280193 30.545023 114.279462 30.543722 5.0 25.1 25
2016-10-17 15:56:29 413832106 114.28084 30.546263 114.280193 30.545023 4.9 23.1 23
2016-10-17 15:57:35 413832106 114.281317 30.547257 114.28084 30.546263 4.9 22.7 22
2016-10-17 15:58:36 413832106 114.282053 30.548838 114.281317 30.547257 4.9 21.3 21
2016-10-17 15:59:06 413832106 114.282337 30.54948 114.282053 30.548838 4.8 20.3 20
2016-10-17 16:00:17 413832106 114.282877 30.550687 114.282337 30.54948 4.5 21.8 21
2016-10-17 16:01:19 413832106 114.283477 30.551857 114.282877 30.550687 4.5 24.8 24
2016-10-17 16:02:28 413832106 114.284077 30.55299 114.283477 30.551857 4.5 25.0 25
2016-10-17 16:03:27 413832106 114.284873 30.55441 114.284077 30.55299 4.3 26.0 25
2016-10-17 16:04:37 413832106 114.285675 30.555743 114.284873 30.55441 4.3 27.8 27
2016-10-17 16:05:41 413832106 114.286363 30.556848 114.285675 30.555743 4.5 30.2 30
2016-10-17 16:06:20 413832106 114.286745 30.557422 114.286363 30.556848 4.6 29.5 30
2016-10-17 16:07:19 413832106 114.287515 30.55854 114.286745 30.557422 4.7 31.3 31
2016-10-17 16:08:27 413832106 114.288325 30.559675 114.287515 30.55854 4.8 32.9 33
2016-10-17 16:09:23 413832106 114.289413 30.561112 114.288325 30.559675 4.9 33.8 33
2016-10-17 16:10:35 413832106 114.290532 30.56257 114.289413 30.561112 5.1 33.3 33
2016-10-17 16:11:06 413832106 114.290982 30.563162 114.290532 30.56257 5.0 33.2 33
2016-10-17 16:11:35 413832106 114.291442 30.563745 114.290982 30.563162 5.0 33.9 34
2016-10-17 16:12:07 413832106 114.291907 30.56432 114.291442 30.563745 5.0 35.7 36
2016-10-17 16:12:44 413832106 114.292383 30.564885 114.291907 30.56432 5.0 36.1 35
2016-10-17 16:13:16 413832106 114.292847 30.565458 114.292383 30.564885 5.0 34.5 34
2016-10-17 16:14:22 413832106 114.29374 30.566617 114.292847 30.565458 4.9 33.6 33
2016-10-17 16:15:29 413832106 114.294902 30.568125 114.29374 30.566617 5.0 33.0 33
2016-10-17 16:16:29 413832106 114.29552 30.568947 114.294902 30.568125 5.0 32.3 32
2016-10-17 16:17:34 413832106 114.296858 30.570755 114.29552 30.568947 5.1 31.5 31
2016-10-17 16:18:04 413832106 114.297283 30.571338 114.296858 30.570755 5.1 32.1 32
2016-10-17 16:18:35 413832106 114.29773 30.571963 114.297283 30.571338 5.1 31.5 31
2016-10-17 16:19:15 413832106 114.298147 30.572548 114.29773 30.571963 5.1 31.6 31
2016-10-17 16:19:49 413832106 114.298597 30.573178 114.298147 30.572548 5.1 32.0 31
2016-10-17 16:20:52 413832106 114.299477 30.574392 9.441417 30.482587 5.1 32.7 32
2016-10-17 16:21:32 413832106 114.30019 30.575365 114.299477 30.574392 5.1 31.6 32
2016-10-17 16:22:03 413832106 114.300803 30.576198 114.30019 30.575365 5.2 32.1 32
2016-10-17 16:22:35 413832106 114.301265 30.576833 114.300803 30.576198 5.2 31.7 32
2016-10-17 16:23:34 413832106 114.30214 30.578047 114.301265 30.576833 5.2 32.2 32
2016-10-17 16:24:05 413832106 114.302593 30.578663 114.30214 30.578047 5.2 32.7 32
2016-10-17 16:25:07 413832106 114.303513 30.579942 114.302593 30.578663 5.2 31.0 31
2016-10-17 16:25:45 413832106 114.30395 30.580572 114.303513 30.579942 5.2 30.8 30
2016-10-17 16:26:19 413832106 114.30438 30.58121 114.30395 30.580572 5.2 29.3 29
2016-10-17 16:26:51 413832106 114.304792 30.581855 114.30438 30.58121 5.3 28.6 28
2016-10-17 16:27:57 413832106 114.305625 30.583152 114.304792 30.581855 5.3 28.4 28
2016-10-17 16:28:59 413832106 114.306442 30.584417 114.305625 30.583152 5.2 29.6 29
2016-10-17 16:30:09 413832106 114.307647 30.586323 114.306442 30.584417 5.1 26.8 26
2016-10-17 16:30:40 413832106 114.308013 30.586913 114.307647 30.586323 5.1 28.5 28
2016-10-17 16:31:08 413832106 114.30844 30.587585 114.308013 30.586913 5.1 28.4 28
2016-10-17 16:31:38 413832106 114.308835 30.588193 114.30844 30.587585 5.2 29.2 29
2016-10-17 16:32:19 413832106 114.309248 30.588825 114.308835 30.588193 5.2 29.2 28
2016-10-17 16:32:51 413832106 114.30964 30.589433 114.309248 30.588825 5.1 28.9 28
2016-10-17 16:33:23 413832106 114.310043 30.59006 114.30964 30.589433 5.1 29.4 29
2016-10-17 16:34:34 413832106 114.310842 30.591308 114.310043 30.59006 5.0 28.3 28
2016-10-17 16:35:11 413832106 114.311645 30.59263 114.310842 30.591308 5.1 27.6 27
2016-10-17 16:35:42 413832106 114.312027 30.593265 114.311645 30.59263 5.1 28.2 28
2016-10-17 16:36:12 413832106 114.312417 30.593892 114.312027 30.593265 5.1 27.8 27
2016-10-17 16:36:48 413832106 114.3128 30.594517 114.312417 30.593892 5.0 27.8 27
2016-10-17 16:37:20 413832106 114.313192 30.595143 114.3128 30.594517 5.1 28.2 28
2016-10-17 16:37:51 413832106 114.313583 30.595773 114.313192 30.595143 5.1 28.9 28
2016-10-17 16:38:21 413832106 114.313987 30.596403 114.313583 30.595773 5.1 28.8 28
2016-10-17 16:38:59 413832106 114.314405 30.597052 114.313987 30.596403 5.1 29.3 29
2016-10-17 16:39:30 413832106 114.31508 30.598038 114.314405 30.597052 5.1 32.4 32
2016-10-17 16:40:27 413832106 114.315687 30.598878 114.31508 30.598038 5.1 32.8 32
2016-10-17 16:41:35 413832106 114.317078 30.600667 114.315687 30.598878 5.1 34.4 34
2016-10-17 16:42:36 413832106 114.318033 30.601858 114.317078 30.600667 5.2 34.2 34
2016-10-17 16:43:19 413832106 114.318513 30.602458 114.318033 30.601858 5.2 35.2 35
2016-10-17 16:43:52 413832106 114.31901 30.603053 114.318513 30.602458 5.2 36.2 36
2016-10-17 16:44:22 413832106 114.319525 30.603633 114.31901 30.603053 5.1 38.1 38
2016-10-17 16:45:25 413832106 114.320937 30.605073 114.319525 30.603633 5.0 40.3 39
2016-10-17 16:46:25 413832106 114.32166 30.605825 114.320937 30.605073 5.1 39.2 38
2016-10-17 16:47:32 413832106 114.3227 30.606913 114.32166 30.605825 5.1 40.1 40
2016-10-17 16:48:33 413832106 114.32378 30.608043 114.3227 30.606913 5.1 40.7 40
2016-10-17 16:49:37 413832106 114.324865 30.609152 114.32378 30.608043 5.1 39.6 39
2016-10-17 16:50:07 413832106 114.325938 30.610272 114.324865 30.609152 5.2 39.2 39
2016-10-17 16:50:37 413832106 114.326473 30.610837 114.325938 30.610272 5.2 37.6 38
2016-10-17 16:51:34 413832106 114.327328 30.6118 114.326473 30.610837 5.2 37.2 37
2016-10-17 16:52:31 413832106 114.328003 30.612582 114.327328 30.6118 5.2 36.0 35
2016-10-17 16:53:29 413832106 114.329052 30.613748 114.328003 30.612582 5.3 39.3 39
2016-10-17 16:54:25 413832106 114.330188 30.614872 114.329052 30.613748 5.3 42.6 42
2016-10-17 16:55:24 413832106 114.331387 30.615958 114.330188 30.614872 5.3 44.8 44
2016-10-17 16:56:23 413832106 114.332632 30.617022 114.331387 30.615958 5.4 45.7 45
2016-10-17 16:57:27 413832106 114.334367 30.61844 114.332632 30.617022 5.5 47.4 47
2016-10-17 16:58:25 413832106 114.335233 30.619115 114.334367 30.61844 5.6 47.8 47
2016-10-17 16:59:22 413832106 114.336583 30.62017 114.335233 30.619115 5.6 48.6 48
2016-10-17 17:00:17 413832106 114.33793 30.621243 114.336583 30.62017 5.6 46.1 46
2016-10-17 17:00:45 413832106 114.338588 30.62178 114.33793 30.621243 5.6 47.4 47
2016-10-17 17:01:21 413832106 114.339255 30.622313 114.338588 30.62178 5.6 46.5 46
2016-10-17 17:01:47 413832106 114.339922 30.622853 114.339255 30.622313 5.7 48.0 47
2016-10-17 17:02:11 413832106 114.340585 30.623362 114.339922 30.622853 5.6 47.7 47
2016-10-17 17:02:40 413832106 114.34126 30.623883 114.340585 30.623362 5.5 48.6 48
2016-10-17 17:03:14 413832106 114.341957 30.624413 114.34126 30.623883 5.5 48.7 48
2016-10-17 17:03:39 413832106 114.342615 30.624907 114.341957 30.624413 5.6 50.2 50
2016-10-17 17:04:03 413832106 114.343332 30.625427 114.342615 30.624907 5.6 50.2 50
2016-10-17 17:05:04 413832106 114.344002 30.625908 114.343332 30.625427 5.5 50.8 50
2016-10-17 17:05:37 413832106 114.345398 30.626915 114.344002 30.625908 5.6 49.8 50
2016-10-17 17:06:26 413832106 114.346102 30.627425 114.345398 30.626915 5.6 50.0 50
2016-10-17 17:07:27 413832106 114.347532 30.62845 114.346102 30.627425 5.8 50.8 50
2016-10-17 17:08:20 413832106 114.348982 30.629477 114.347532 30.62845 5.8 51.3 51
2016-10-17 17:08:58 413832106 114.349712 30.629985 114.348982 30.629477 5.8 50.6 50
2016-10-17 17:09:27 413832106 114.351 30.63087 114.349712 30.629985 5.8 52.2 52
2016-10-17 17:10:19 413832106 114.351918 30.631485 114.351 30.63087 5.8 51.6 51
2016-10-17 17:10:53 413832106 114.352675 30.631988 114.351918 30.631485 5.9 52.2 52
2016-10-17 17:11:50 413832106 114.354178 30.633007 114.352675 30.631988 5.8 51.9 51
2016-10-17 17:12:46 413832106 114.355677 30.634032 114.354178 30.633007 5.9 51.7 51
2016-10-17 17:13:13 413832106 114.356432 30.63454 114.355677 30.634032 5.9 52.5 52
2016-10-17 17:13:42 413832106 114.357203 30.635038 114.356432 30.63454 5.9 52.9 52
2016-10-17 17:14:08 413832106 114.35796 30.635548 114.357203 30.635038 5.9 51.7 51
2016-10-17 17:14:42 413832106 114.358718 30.636058 114.35796 30.635548 5.9 51.9 51
2016-10-17 17:15:37 413832106 114.36024 30.637092 114.358718 30.636058 5.9 51.0 51
2016-10-17 17:16:34 413832106 114.360983 30.637617 114.36024 30.637092 5.9 50.4 50
2016-10-17 17:17:22 413832106 114.362465 30.638655 114.360983 30.637617 5.9 50.7 51
2016-10-17 17:18:28 413832106 114.363963 30.639682 114.362465 30.638655 5.9 50.9 50
2016-10-17 17:19:17 413832106 114.365452 30.640703 114.363963 30.639682 5.8 51.3 51
2016-10-17 17:19:39 413832106 114.366222 30.641235 114.365452 30.640703 5.9 51.5 51
2016-10-17 17:20:12 413832106 114.36698 30.64175 114.366222 30.641235 5.9 51.7 51
2016-10-17 17:20:40 413832106 114.367738 30.642257 114.36698 30.64175 5.9 51.5 51
2016-10-17 17:21:09 413832106 114.368485 30.642768 114.367738 30.642257 5.9 52.0 52
2016-10-17 17:21:33 413832106 114.36925 30.643268 114.368485 30.642768 5.9 53.6 53
2016-10-17 17:22:08 413832106 114.370002 30.643738 114.36925 30.643268 5.9 54.9 54
2016-10-17 17:22:35 413832106 114.370753 30.644202 114.370002 30.643738 5.8 54.7 54
2016-10-17 17:23:23 413832106 114.3715 30.644653 114.370753 30.644202 5.8 55.6 55
2016-10-17 17:24:26 413832106 114.373107 30.645568 114.3715 30.644653 5.7 57.1 56
2016-10-17 17:25:19 413832106 114.37469 30.646418 114.373107 30.645568 5.7 58.6 58
2016-10-17 17:25:53 413832106 114.375488 30.646837 114.37469 30.646418 5.7 59.1 59
2016-10-17 17:26:44 413832106 114.37707 30.647667 114.375488 30.646837 5.7 59.0 58
2016-10-17 17:27:37 413832106 114.378618 30.648465 115.030662 30.648075 5.6 59.1 59
2016-10-17 17:28:02 413832106 114.379443 30.648897 114.378618 30.648465 5.5 58.6 58
2016-10-17 17:28:53 413832106 114.380212 30.649307 114.379443 30.648897 5.6 58.7 58
2016-10-17 17:30:16 413832106 114.382565 30.650543 114.380212 30.649307 5.6 59.1 59
2016-10-17 17:30:41 413832106 114.383347 30.65094 114.382565 30.650543 5.5 59.3 59
2016-10-17 17:31:15 413832106 114.384133 30.65133 114.383347 30.65094 5.5 60.4 60
2016-10-17 17:31:45 413832106 114.384925 30.65171 114.384133 30.65133 5.6 61.6 61
2016-10-17 17:32:09 413832106 114.385718 30.652082 114.384925 30.65171 5.6 61.9 61
2016-10-17 17:32:35 413832106 114.386518 30.652453 114.385718 30.652082 5.6 62.1 62
2016-10-17 17:33:09 413832106 114.387327 30.652818 114.386518 30.652453 5.6 62.6 62
2016-10-17 17:33:33 413832106 114.388142 30.653175 114.387327 30.652818 5.6 63.6 63
2016-10-17 17:34:17 413832106 114.388957 30.653523 114.388142 30.653175 5.6 63.9 63
2016-10-17 17:34:48 413832106 114.389775 30.653863 114.388957 30.653523 5.6 64.8 64
2016-10-17 17:35:13 413832106 114.390608 30.654192 114.389775 30.653863 5.6 66.1 66
2016-10-17 17:35:35 413832106 114.391435 30.654505 114.390608 30.654192 5.6 66.8 66
2016-10-17 17:36:24 413832106 114.392272 30.654808 114.391435 30.654505 5.6 67.5 67
2016-10-17 17:37:06 413832106 114.393947 30.655395 114.392272 30.654808 5.6 69.3 69
2016-10-17 17:38:00 413832106 114.394798 30.655677 114.393947 30.655395 5.6 69.4 69
2016-10-17 17:38:53 413832106 114.396515 30.65622 114.394798 30.655677 5.6 69.8 69
2016-10-17 17:39:16 413832106 114.39737 30.656483 114.396515 30.65622 5.6 70.9 70
2016-10-17 17:39:46 413832106 114.398235 30.656748 114.39737 30.656483 5.7 70.2 70
2016-10-17 17:40:10 413832106 114.399108 30.657018 114.398235 30.656748 5.7 70.3 70
2016-10-17 17:40:31 413832106 114.399987 30.657288 114.399108 30.657018 5.7 69.8 70
2016-10-17 17:41:24 413832106 114.40086 30.657562 114.399987 30.657288 5.6 70.5 70
2016-10-17 17:42:14 413832106 114.402605 30.658075 114.40086 30.657562 5.7 71.0 71
2016-10-17 17:42:34 413832106 114.403472 30.658332 114.402605 30.658075 5.6 70.1 70
2016-10-17 17:43:24 413832106 114.404333 30.65861 114.403472 30.658332 5.7 70.1 70
2016-10-17 17:44:09 413832106 114.406045 30.659145 114.404333 30.65861 5.6 70.5 70
2016-10-17 17:44:37 413832106 114.406895 30.65941 114.406045 30.659145 5.5 69.3 69
2016-10-17 17:45:25 413832106 114.407732 30.659688 114.406895 30.65941 5.5 68.6 68
2016-10-17 17:46:18 413832106 114.409413 30.660227 114.407732 30.659688 5.6 69.3 69
2016-10-17 17:46:42 413832106 114.41025 30.660497 114.409413 30.660227 5.5 70.0 70
2016-10-17 17:47:06 413832106 114.411092 30.66077 114.41025 30.660497 5.5 69.8 69
2016-10-17 17:47:58 413832106 114.411928 30.661035 114.411092 30.66077 5.4 70.0 70
2016-10-17 17:48:46 413832106 114.413563 30.661553 114.411928 30.661035 5.3 70.0 70
2016-10-17 17:49:39 413832106 114.415177 30.662088 114.413563 30.661553 5.3 69.0 69
2016-10-17 17:50:03 413832106 114.415988 30.662357 114.415177 30.662088 5.3 69.3 69
2016-10-17 17:50:51 413832106 114.416793 30.662625 114.415988 30.662357 5.3 69.5 69
2016-10-17 17:51:44 413832106 114.418393 30.663157 114.416793 30.662625 5.3 68.5 68
2016-10-17 17:52:06 413832106 114.419202 30.663415 114.418393 30.663157 5.3 70.5 70
2016-10-17 17:53:00 413832106 114.420005 30.663673 114.419202 30.663415 5.3 69.9 69
2016-10-17 17:53:49 413832106 114.421567 30.664167 114.420005 30.663673 5.2 69.6 69
2016-10-17 17:54:12 413832106 114.422385 30.664433 114.421567 30.664167 5.1 69.4 69
2016-10-17 17:55:07 413832106 114.423935 30.664957 114.422385 30.664433 5.2 69.1 69
2016-10-17 17:55:44 413832106 114.424727 30.66522 114.423935 30.664957 5.2 68.7 68
2016-10-17 17:56:13 413832106 114.42552 30.66548 114.424727 30.66522 5.2 69.4 69
2016-10-17 17:56:36 413832106 114.426317 30.665745 114.42552 30.66548 5.3 67.7 67
2016-10-17 17:57:18 413832106 114.427118 30.66602 114.426317 30.665745 5.3 68.0 68
2016-10-17 17:57:48 413832106 114.427923 30.66629 114.427118 30.66602 5.3 69.1 69
2016-10-17 17:58:14 413832106 114.42874 30.66656 114.427923 30.66629 5.4 68.4 68
2016-10-17 17:58:35 413832106 114.429562 30.66683 114.42874 30.66656 5.4 69.0 69
2016-10-17 17:59:29 413832106 114.430387 30.667087 114.429562 30.66683 5.4 69.1 69
2016-10-17 18:00:13 413832106 114.432023 30.667623 114.430387 30.667087 5.3 67.9 67
2016-10-17 18:00:33 413832106 114.432825 30.667893 114.432023 30.667623 5.3 68.2 68
2016-10-17 18:01:52 413832106 114.434495 30.668412 114.432825 30.667893 5.4 70.2 70
2016-10-17 18:02:17 413832106 114.43533 30.66867 114.434495 30.668412 5.4 69.8 69
2016-10-17 18:02:45 413832106 114.436158 30.668927 114.43533 30.66867 5.4 69.8 69
2016-10-17 18:03:09 413832106 114.436943 30.669182 114.436158 30.668927 5.3 69.3 69
2016-10-17 18:03:30 413832106 114.437733 30.669433 114.436943 30.669182 5.4 69.4 69
2016-10-17 18:04:21 413832106 114.438605 30.669718 114.437733 30.669433 5.3 68.3 68
2016-10-17 18:04:45 413832106 114.439397 30.669995 114.438605 30.669718 5.3 66.8 67
2016-10-17 18:05:06 413832106 114.440163 30.670272 114.439397 30.669995 5.3 67.5 67
2016-10-17 18:06:38 413832106 114.44255 30.671155 114.440163 30.670272 5.3 66.1 66
2016-10-17 18:07:31 413832106 114.443417 30.671493 114.44255 30.671155 5.3 65.1 65
2016-10-17 18:08:20 413832106 114.445045 30.672122 114.443417 30.671493 5.6 67.3 67
2016-10-17 18:08:42 413832106 114.445908 30.672433 114.445045 30.672122 5.8 67.2 67
2016-10-17 18:09:15 413832106 114.446775 30.672752 114.445908 30.672433 5.7 65.6 65
2016-10-17 18:09:36 413832106 114.447612 30.673085 114.446775 30.672752 5.7 65.4 65
2016-10-17 18:10:17 413832106 114.448445 30.673422 114.447612 30.673085 5.7 64.9 64
2016-10-17 18:10:44 413832106 114.449282 30.673755 114.448445 30.673422 5.6 64.8 65
2016-10-17 18:11:07 413832106 114.450108 30.674085 114.449282 30.673755 5.6 66.3 65
2016-10-17 18:11:51 413832106 114.450937 30.674392 114.450108 30.674085 5.5 65.6 65
2016-10-17 18:12:22 413832106 114.45174 30.67472 114.450937 30.674392 5.4 64.8 65
2016-10-17 18:12:47 413832106 114.452528 30.67505 114.45174 30.67472 5.4 64.6 64
2016-10-17 18:13:07 413832106 114.453312 30.67538 114.452528 30.67505 5.4 63.7 63
2016-10-17 18:14:03 413832106 114.454095 30.675718 114.453312 30.67538 5.4 64.0 64
2016-10-17 18:14:52 413832106 114.45569 30.67638 114.454095 30.675718 5.4 64.7 65
2016-10-17 18:15:14 413832106 114.456455 30.676703 114.45569 30.67638 5.4 64.1 64
2016-10-17 18:15:41 413832106 114.457278 30.677045 114.456455 30.676703 5.4 64.0 64
2016-10-17 18:16:06 413832106 114.458068 30.677383 114.457278 30.677045 5.4 64.1 64
2016-10-17 18:16:47 413832106 114.458862 30.677707 114.458068 30.677383 5.4 64.2 64
2016-10-17 18:17:39 413832106 114.460443 30.678352 114.458862 30.677707 5.4 65.3 65
2016-10-17 18:18:21 413832106 114.461242 30.678657 114.460443 30.678352 5.3 66.1 66
2016-10-17 18:19:15 413832106 114.46281 30.679242 114.461242 30.678657 5.3 65.9 66
2016-10-17 18:19:38 413832106 114.46362 30.67954 114.46281 30.679242 5.2 67.1 67
2016-10-17 18:20:32 413832106 114.464412 30.67982 114.46362 30.67954 5.2 67.7 67
2016-10-17 18:21:16 413832106 114.465988 30.680365 114.464412 30.67982 5.2 68.2 68
2016-10-17 18:21:36 413832106 114.46678 30.680638 114.465988 30.680365 5.3 67.8 67
2016-10-17 18:22:20 413832106 114.46758 30.680915 114.46678 30.680638 5.3 67.7 67
2016-10-17 18:22:41 413832106 114.468378 30.6812 114.46758 30.680915 5.3 67.9 67
2016-10-17 18:23:34 413832106 114.46918 30.681483 114.468378 30.6812 5.3 67.9 67
2016-10-17 18:24:18 413832106 114.470785 30.682048 114.46918 30.681483 5.3 67.6 67
2016-10-17 18:24:39 413832106 114.471593 30.682325 114.470785 30.682048 5.3 68.5 68
2016-10-17 18:25:07 413832106 114.472403 30.6826 114.471593 30.682325 5.3 68.8 68
2016-10-17 18:25:48 413832106 114.473212 30.682867 114.472403 30.6826 5.3 69.4 69
2016-10-17 18:26:10 413832106 114.474015 30.683133 114.473212 30.682867 5.3 69.0 68
2016-10-17 18:26:55 413832106 114.474822 30.683383 114.474015 30.683133 5.3 69.8 69
2016-10-17 18:27:19 413832106 114.475617 30.683645 114.474822 30.683383 5.2 68.5 68
2016-10-17 18:27:39 413832106 114.4764 30.68391 114.475617 30.683645 5.2 68.7 68
2016-10-17 18:28:05 413832106 114.477157 30.684165 114.4764 30.68391 5.2 68.6 68
2016-10-17 18:28:52 413832106 114.47797 30.684438 114.477157 30.684165 5.2 68.3 68
2016-10-17 18:29:16 413832106 114.478763 30.684697 114.47797 30.684438 5.2 69.5 69
2016-10-17 18:29:49 413832106 114.47956 30.684958 114.478763 30.684697 5.2 69.2 69
2016-10-17 18:30:16 413832106 114.48036 30.685217 114.47956 30.684958 5.3 69.5 69
2016-10-17 18:30:35 413832106 114.481152 30.685483 114.48036 30.685217 5.2 67.1 67
2016-10-17 18:31:23 413832106 114.481938 30.68576 114.481152 30.685483 5.2 68.9 68
2016-10-17 18:31:46 413832106 114.482737 30.686028 114.481938 30.68576 5.3 68.2 68
2016-10-17 18:32:08 413832106 114.48352 30.686283 114.482737 30.686028 5.3 70.2 70
2016-10-17 18:32:55 413832106 114.484413 30.686563 114.48352 30.686283 5.3 69.1 69
2016-10-17 18:33:18 413832106 114.485223 30.686822 114.484413 30.686563 5.3 70.6 70
2016-10-17 18:33:40 413832106 114.486047 30.687053 114.485223 30.686822 5.3 73.6 73
2016-10-17 18:34:30 413832106 114.486867 30.687285 114.486047 30.687053 5.3 70.3 70
2016-10-17 18:35:10 413832106 114.488513 30.687737 114.486867 30.687285 5.4 72.7 72
2016-10-17 18:36:03 413832106 114.489353 30.687958 114.488513 30.687737 5.4 74.4 74
2016-10-17 18:36:52 413832106 114.49102 30.688317 114.489353 30.687958 5.3 77.1 76
2016-10-17 18:37:18 413832106 114.491868 30.688478 114.49102 30.688317 5.3 78.1 78
2016-10-17 18:37:44 413832106 114.492728 30.68862 114.491868 30.688478 5.4 79.6 79
2016-10-17 18:39:21 413832106 114.495345 30.688913 115.030662 30.688742 5.4 85.2 85
2016-10-17 18:39:44 413832106 114.496253 30.688965 114.495345 30.688913 5.4 86.8 86
2016-10-17 18:40:28 413832106 114.497132 30.689003 114.496253 30.688965 5.4 88.0 87
2016-10-17 18:41:19 413832106 114.498878 30.688988 114.497132 30.689003 5.3 89.8 89
2016-10-17 18:41:44 413832106 114.499712 30.688985 114.498878 30.688988 5.3 90.6 90
2016-10-17 18:42:10 413832106 114.50057 30.688967 114.499712 30.688985 5.3 91.8 91
2016-10-17 18:42:38 413832106 114.501437 30.688927 114.50057 30.688967 5.3 94.0 93
2016-10-17 18:43:27 413832106 114.502292 30.68888 114.501437 30.688927 5.2 93.1 92
2016-10-17 18:44:19 413832106 114.503985 30.688777 114.502292 30.68888 5.2 94.7 94
2016-10-17 18:44:41 413832106 114.504833 30.688712 114.503985 30.688777 5.2 95.8 95
2016-10-17 18:45:21 413832106 114.505675 30.688615 114.504833 30.688712 5.2 99.2 99
2016-10-17 18:46:11 413832106 114.50734 30.68835 114.505675 30.688615 5.2 100.6 100
2016-10-17 18:46:50 413832106 114.508195 30.688187 114.50734 30.68835 5.2 103.4 103
2016-10-17 18:47:53 413832106 114.509832 30.68783 114.508195 30.688187 5.1 105.2 105
2016-10-17 18:48:13 413832106 114.510628 30.687635 114.509832 30.68783 5.1 105.6 105
2016-10-17 18:48:36 413832106 114.51142 30.687448 114.510628 30.687635 5.0 105.6 105
2016-10-17 18:49:19 413832106 114.512217 30.68726 114.51142 30.687448 5.1 106.0 106
2016-10-17 18:49:40 413832106 114.513015 30.687053 114.512217 30.68726 5.2 106.9 106
2016-10-17 18:51:10 413832106 114.51544 30.686373 114.513015 30.687053 5.3 110.1 110
2016-10-17 18:52:18 413832106 114.517035 30.68584 114.51544 30.686373 5.3 113.4 113
2016-10-17 18:52:42 413832106 114.517823 30.68555 114.517035 30.68584 5.3 113.6 113
2016-10-17 18:53:31 413832106 114.518628 30.68524 114.517823 30.68555 5.2 114.6 114
2016-10-17 18:54:16 413832106 114.520167 30.684613 114.518628 30.68524 5.3 116.4 116
2016-10-17 18:54:45 413832106 114.520938 30.68429 114.520167 30.684613 5.3 116.1 116
2016-10-17 18:55:28 413832106 114.521687 30.683972 114.520938 30.68429 5.3 116.3 115
2016-10-17 18:56:17 413832106 114.52324 30.68328 114.521687 30.683972 5.4 117.4 117
2016-10-17 18:56:39 413832106 114.52405 30.68291 114.52324 30.68328 5.4 117.8 117
2016-10-17 18:57:22 413832106 114.524803 30.682563 114.52405 30.68291 5.4 118.2 118
2016-10-17 18:57:49 413832106 114.525658 30.682158 114.524803 30.682563 5.5 120.1 120
2016-10-17 18:58:12 413832106 114.526358 30.681803 114.525658 30.682158 5.4 120.2 120
2016-10-17 18:58:50 413832106 114.52712 30.681422 114.526358 30.681803 5.4 120.4 120
2016-10-17 18:59:16 413832106 114.527878 30.681038 114.52712 30.681422 5.4 120.8 120
2016-10-17 19:00:22 413832106 114.529392 30.680245 114.527878 30.681038 5.5 122.1 122
2016-10-17 19:02:19 413832106 114.532288 30.6784 114.529392 30.680245 5.6 129.9 130
2016-10-17 19:03:25 413832106 114.53367 30.677357 114.532288 30.6784 5.7 132.5 132
2016-10-17 19:03:53 413832106 114.534443 30.676733 114.53367 30.677357 5.8 133.4 133
2016-10-17 19:04:15 413832106 114.535025 30.676238 114.534443 30.676733 5.8 135.4 135
2016-10-17 19:04:37 413832106 114.535687 30.675648 114.535025 30.676238 5.9 136.6 136
2016-10-17 19:07:19 413832106 114.538758 30.672467 114.535687 30.675648 5.9 143.9 144
2016-10-17 19:07:40 413832106 114.539308 30.671792 114.538758 30.672467 5.9 145.3 145
2016-10-17 19:08:48 413832106 114.540302 30.670398 114.539308 30.671792 5.8 150.6 150
2016-10-17 19:09:56 413832106 114.541165 30.668918 114.540302 30.670398 5.8 155.6 155
2016-10-17 19:10:20 413832106 114.541563 30.668128 114.541165 30.668918 5.8 157.2 156
2016-10-17 19:10:39 413832106 114.541893 30.667427 114.541563 30.668128 5.8 158.5 158
2016-10-17 19:11:23 413832106 114.542257 30.666612 114.541893 30.667427 5.9 159.2 159
2016-10-17 19:11:42 413832106 114.54259 30.665845 114.542257 30.666612 5.8 160.6 160
2016-10-17 19:12:25 413832106 114.542903 30.665073 114.54259 30.665845 5.8 160.8 160
2016-10-17 19:13:12 413832106 114.543465 30.663515 114.542903 30.665073 5.8 164.2 164
2016-10-17 19:13:50 413832106 114.543713 30.66272 114.543465 30.663515 5.9 165.6 165
2016-10-17 19:14:16 413832106 114.54395 30.661915 114.543713 30.66272 5.9 165.4 165
2016-10-17 19:14:54 413832106 114.544227 30.661152 114.54395 30.661915 5.6 161.3 161
2016-10-17 19:15:56 413832106 114.544862 30.659668 114.544227 30.661152 5.7 156.1 156
2016-10-17 19:17:01 413832106 114.545648 30.658198 114.544862 30.659668 5.8 154.3 154
2016-10-17 19:18:33 413832106 114.546872 30.655993 114.545648 30.658198 5.8 154.2 154
2016-10-17 19:19:16 413832106 114.547693 30.654543 114.546872 30.655993 5.7 153.5 153
2016-10-17 19:21:20 413832106 114.549412 30.651658 114.547693 30.654543 5.8 152.1 152
2016-10-17 19:21:59 413832106 114.549898 30.650797 114.549412 30.651658 5.9 153.6 153
2016-10-17 19:22:46 413832106 114.55064 30.649428 114.549898 30.650797 5.9 155.2 155
2016-10-17 19:23:27 413832106 114.551042 30.648683 114.55064 30.649428 5.8 155.4 155
2016-10-17 19:23:49 413832106 114.551432 30.647943 114.551042 30.648683 5.8 155.2 155
2016-10-17 19:24:17 413832106 114.55182 30.647208 114.551432 30.647943 5.7 155.9 155
2016-10-17 19:25:02 413832106 114.552212 30.64647 114.55182 30.647208 5.8 154.2 154
2016-10-17 19:26:04 413832106 114.553007 30.645013 114.552212 30.64647 5.7 155.3 155
2016-10-17 19:26:47 413832106 114.553752 30.64354 114.553007 30.645013 5.8 156.8 156
2016-10-17 19:27:57 413832106 114.554513 30.642005 114.553752 30.64354 5.8 156.9 156
2016-10-17 19:28:17 413832106 114.554883 30.641263 114.554513 30.642005 5.7 157.0 156
2016-10-17 19:28:43 413832106 114.555258 30.640525 114.554883 30.641263 5.7 156.7 156
2016-10-17 19:29:21 413832106 114.555623 30.639812 114.555258 30.640525 5.7 156.2 156
2016-10-17 19:30:07 413832106 114.556 30.639075 114.555623 30.639812 5.8 156.6 156
2016-10-17 19:30:51 413832106 114.556752 30.637588 114.556 30.639075 5.7 155.0 155
2016-10-17 19:31:12 413832106 114.557137 30.63685 114.556752 30.637588 5.7 156.4 156
2016-10-17 19:32:21 413832106 114.55795 30.635303 114.557137 30.63685 5.8 157.0 156
2016-10-17 19:33:08 413832106 114.558317 30.63455 114.55795 30.635303 5.8 157.9 157
2016-10-17 19:33:54 413832106 114.559012 30.633018 114.558317 30.63455 5.8 159.2 159
2016-10-17 19:34:18 413832106 114.559342 30.632252 114.559012 30.633018 5.8 160.2 160
2016-10-17 19:35:08 413832106 114.559673 30.631485 114.559342 30.632252 5.8 159.0 159
2016-10-17 19:35:51 413832106 114.56036 30.629972 114.559673 30.631485 5.7 157.7 157
2016-10-17 19:36:15 413832106 114.560698 30.629227 114.56036 30.629972 5.7 159.1 159
2016-10-17 19:37:03 413832106 114.561045 30.628453 114.560698 30.629227 5.7 158.4 158
2016-10-17 19:37:22 413832106 114.56137 30.627712 114.561045 30.628453 5.6 159.9 159
2016-10-17 19:38:35 413832106 114.561985 30.626222 114.56137 30.627712 5.6 159.7 159
2016-10-17 19:39:26 413832106 114.562595 30.624737 114.561985 30.626222 5.6 161.5 161
2016-10-17 19:40:12 413832106 114.562932 30.623885 114.562595 30.624737 5.5 160.7 160
2016-10-17 19:41:01 413832106 114.563442 30.622588 114.562932 30.623885 5.4 160.7 160
2016-10-17 19:41:25 413832106 114.563732 30.621878 114.563442 30.622588 5.3 160.5 160
2016-10-17 19:41:47 413832106 114.564032 30.621175 114.563732 30.621878 5.4 159.6 159
2016-10-17 19:43:23 413832106 114.564935 30.619057 114.564032 30.621175 5.3 159.0 159
2016-10-17 19:46:48 413832106 114.56702 30.614203 114.564935 30.619057 5.3 159.8 159
2016-10-17 19:47:28 413832106 114.567313 30.613502 114.56702 30.614203 5.3 160.7 160
2016-10-17 19:48:37 413832106 114.567892 30.612103 114.567313 30.613502 5.3 160.5 160
2016-10-17 19:49:14 413832106 114.56844 30.610695 114.567892 30.612103 5.3 161.6 161
2016-10-17 19:49:48 413832106 114.568685 30.610008 114.56844 30.610695 5.3 163.5 163
2016-10-17 19:50:23 413832106 114.56893 30.60928 114.568685 30.610008 5.2 164.7 164
