2016-10-20 8:55:44 413827045 114.299702 30.566615 114.299702 30.566615 0.0 0.0
2016-10-20 8:58:11 413827045 114.299718 30.566582 114.299702 30.566615 0.0 115.1
2016-10-20 9:07:28 413827045 114.299715 30.566578 114.299692 30.566608 0.0 115.1
2016-10-20 9:16:22 413827045 114.299712 30.566583 114.299713 30.566583 0.0 115.1
2016-10-20 9:19:40 413827045 114.299712 30.566573 114.299712 30.566583 0.0 115.1
2016-10-20 9:22:31 413827045 114.299707 30.56658 114.299712 30.566573 0.0 115.1
2016-10-20 9:25:23 413827045 114.299702 30.566577 114.299707 30.56658 0.0 115.1
2016-10-20 9:28:08 413827045 114.299697 30.566588 114.299702 30.566577 0.0 115.1
2016-10-20 9:31:22 413827045 114.299697 30.566577 114.299697 30.566588 0.0 115.1
2016-10-20 9:34:07 413827045 114.299705 30.566585 114.299697 30.566577 0.0 115.1
2016-10-20 9:37:12 413827045 114.299705 30.566585 114.299705 30.566585 0.0 115.1
2016-10-20 9:46:39 413827045 114.299692 30.566593 114.299685 30.566593 0.0 115.1
2016-10-20 9:49:22 413827045 114.299692 30.566593 114.299692 30.566593 0.0 115.1
2016-10-20 9:52:45 413827045 114.299687 30.566583 114.299692 30.566593 0.0 115.1
2016-10-20 9:55:18 413827045 114.299687 30.566583 114.299687 30.566583 0.0 115.1
2016-10-20 9:58:20 413827045 114.299677 30.566582 114.299687 30.566583 0.0 89.4
2016-10-20 10:01:27 413827045 114.299698 30.56657 114.299677 30.566582 0.0 89.4
2016-10-20 10:04:24 413827045 114.299708 30.566575 114.299698 30.56657 0.0 89.4
2016-10-20 10:07:36 413827045 114.299708 30.566575 114.299708 30.566575 0.0 89.4
2016-10-20 10:16:42 413827045 114.299712 30.566607 114.299695 30.566613 0.0 89.4
2016-10-20 10:19:29 413827045 114.299698 30.5666 114.299712 30.566607 0.0 89.4
2016-10-20 10:22:21 413827045 114.2997 30.566598 114.299698 30.5666 0.0 89.4
2016-10-20 10:25:24 413827045 114.299707 30.566578 114.2997 30.566598 0.0 89.4
2016-10-20 10:31:55 413827045 114.299707 30.566575 114.299707 30.566575 0.0 89.4
2016-10-20 10:34:43 413827045 114.29971 30.566582 114.299707 30.566575 0.0 89.4
2016-10-20 10:37:32 413827045 114.299717 30.566583 114.29971 30.566582 0.0 89.4
2016-10-20 10:40:25 413827045 114.299718 30.566578 114.299717 30.566583 0.0 89.4
2016-10-20 10:43:38 413827045 114.299715 30.566572 114.299718 30.566578 0.0 89.4
2016-10-20 10:48:07 413827045 114.299713 30.566593 114.299715 30.566572 0.2 0.0
2016-10-20 10:57:45 413827045 114.299713 30.566602 114.299713 30.566602 0.0 0.0
2016-10-20 10:58:13 413827045 114.29971 30.566593 114.299713 30.566602 0.0 0.0
2016-10-20 11:09:37 413827045 114.299702 30.566565 114.299702 30.566565 0.0 198.7
2016-10-20 11:13:17 413827045 114.299695 30.566573 114.299702 30.566565 0.0 198.7
2016-10-20 11:15:47 413827045 114.299695 30.566573 114.299695 30.566573 0.0 198.7
2016-10-20 11:19:17 413827045 114.299685 30.566587 114.299695 30.566573 0.0 207.9
2016-10-20 11:21:57 413827045 114.299685 30.566587 114.299685 30.566587 0.0 207.9
2016-10-20 11:25:08 413827045 114.299682 30.566603 114.299685 30.566587 0.0 207.9
2016-10-20 11:28:06 413827045 114.29968 30.5666 114.299682 30.566603 0.0 207.9
2016-10-20 11:31:02 413827045 114.299687 30.566612 114.29968 30.5666 0.0 207.9
2016-10-20 11:34:10 413827045 114.299692 30.566615 114.299687 30.566612 0.0 207.9
2016-10-20 11:37:01 413827045 114.299683 30.566597 114.299692 30.566615 0.0 207.9
2016-10-20 11:40:12 413827045 114.299677 30.56659 114.299683 30.566597 0.0 207.9
2016-10-20 11:43:15 413827045 114.299685 30.566582 114.299677 30.56659 0.0 207.9
2016-10-20 11:45:44 413827045 114.299685 30.566582 114.299685 30.566582 0.0 207.9
2016-10-20 11:46:25 413827045 114.299683 30.566587 114.299685 30.566582 0.0 207.9
2016-10-20 11:49:20 413827045 114.299682 30.566575 114.299683 30.566587 0.0 207.9
2016-10-20 11:51:52 413827045 114.299682 30.566575 114.299682 30.566575 0.0 207.9
2016-10-20 11:55:03 413827045 114.299682 30.566597 114.299682 30.566575 0.0 207.9
2016-10-20 11:57:57 413827045 114.299682 30.566597 114.299682 30.566597 0.0 207.9
2016-10-20 12:01:19 413827045 114.299702 30.566602 114.299682 30.566597 0.0 207.9
2016-10-20 12:04:40 413827045 114.299702 30.566597 114.299702 30.566602 0.0 207.9
2016-10-20 12:07:26 413827045 114.299693 30.566592 114.299702 30.566597 0.0 207.9
2016-10-20 12:10:29 413827045 114.2997 30.566592 114.299693 30.566592 0.0 207.9
2016-10-20 12:13:19 413827045 114.299702 30.566595 114.2997 30.566592 0.0 207.9
2016-10-20 12:15:43 413827045 114.299702 30.566595 114.299702 30.566595 0.0 207.9
2016-10-20 12:31:18 413827045 114.299698 30.56663 114.299678 30.566627 0.0 207.9
2016-10-20 12:33:54 413827045 114.299698 30.56663 114.299698 30.56663 0.0 207.9
2016-10-20 12:34:20 413827045 114.299705 30.566618 114.299698 30.56663 0.0 207.9
2016-10-20 12:37:08 413827045 114.29969 30.566612 114.299705 30.566618 0.0 207.9
2016-10-20 12:39:54 413827045 114.29969 30.566612 114.29969 30.566612 0.0 207.9
2016-10-20 12:40:23 413827045 114.299688 30.566623 114.29969 30.566612 0.0 207.9
2016-10-20 12:43:25 413827045 114.299705 30.566593 114.299688 30.566623 0.0 207.9
2016-10-20 12:46:03 413827045 114.299705 30.566593 114.299705 30.566593 0.0 207.9
2016-10-20 12:49:18 413827045 114.299717 30.566593 114.299705 30.566593 0.0 207.9
2016-10-20 12:51:50 413827045 114.299717 30.566593 114.299717 30.566593 0.0 207.9
2016-10-20 12:52:29 413827045 114.299702 30.566583 114.299717 30.566593 0.0 207.9
2016-10-20 12:55:15 413827045 114.299697 30.566587 114.299702 30.566583 0.0 207.9
2016-10-20 12:58:04 413827045 114.299697 30.566587 114.299697 30.566587 0.0 207.9
2016-10-20 13:01:35 413827045 114.299685 30.5666 114.299697 30.566587 0.0 207.9
2016-10-20 13:03:48 413827045 114.299685 30.5666 114.299685 30.5666 0.0 207.9
2016-10-20 13:04:10 413827045 114.299705 30.5666 114.299685 30.5666 0.0 207.9
2016-10-20 13:07:11 413827045 114.29971 30.566583 114.299705 30.5666 0.0 207.9
2016-10-20 13:10:01 413827045 114.29971 30.566583 114.29971 30.566583 0.0 207.9
2016-10-20 13:19:23 413827045 114.29968 30.566593 114.299685 30.56658 0.0 55.0
2016-10-20 13:21:48 413827045 114.29968 30.566593 114.29968 30.566593 0.0 55.0
2016-10-20 13:22:11 413827045 114.299682 30.56659 114.29968 30.566593 0.0 55.0
2016-10-20 13:25:07 413827045 114.299682 30.566607 114.299682 30.56659 0.0 55.0
2016-10-20 13:28:00 413827045 114.299682 30.566607 114.299682 30.566607 0.0 55.0
2016-10-20 13:43:16 413827045 114.299672 30.566588 114.299668 30.566602 0.0 55.0
2016-10-20 13:46:08 413827045 114.299667 30.566593 114.299672 30.566588 0.0 55.0
2016-10-20 13:49:10 413827045 114.299678 30.566597 114.299667 30.566593 0.0 55.0
2016-10-20 13:59:41 413827045 114.299725 30.566627 114.299718 30.566625 0.0 0.0
2016-10-20 14:02:43 413827045 114.299713 30.566607 114.299725 30.566627 0.0 294.2
2016-10-20 14:05:38 413827045 114.299723 30.566615 114.299713 30.566607 0.0 216.0
2016-10-20 14:08:39 413827045 114.299702 30.566605 114.299723 30.566615 0.0 183.7
2016-10-20 14:11:24 413827045 114.299702 30.566605 114.299702 30.566605 0.0 183.7
2016-10-20 14:12:20 413827045 114.296798 30.566455 114.299702 30.566605 6.1 273.4
2016-10-20 14:13:36 413827045 114.294857 30.566368 114.296798 30.566455 5.9 266.3
2016-10-20 14:14:30 413827045 114.29307 30.56606 114.294857 30.566368 5.6 256.8
2016-10-20 14:15:19 413827045 114.29132 30.5656 114.29307 30.56606 5.6 242.9
2016-10-20 14:15:45 413827045 114.290597 30.565103 114.29132 30.5656 6.0 225.2
2016-10-20 14:17:07 413827045 114.289288 30.563793 114.290597 30.565103 6.3 217.8
2016-10-20 14:17:32 413827045 114.288675 30.56309 114.289288 30.563793 6.2 216.3
2016-10-20 14:18:21 413827045 114.287542 30.561647 114.288675 30.56309 6.3 213.7
2016-10-20 14:19:23 413827045 114.286475 30.560147 114.287542 30.561647 6.2 208.8
2016-10-20 14:19:45 413827045 114.286037 30.559375 114.286475 30.560147 6.2 209.9
2016-10-20 14:20:08 413827045 114.285502 30.558627 114.286037 30.559375 6.5 214.4
2016-10-20 14:20:58 413827045 114.284902 30.557858 114.285502 30.558627 6.7 212.3
2016-10-20 14:23:25 413827045 114.284335 30.557092 114.284902 30.557858 6.6 215.7
2016-10-20 14:26:04 413827045 114.280757 30.551618 114.284335 30.557092 4.1 198.9
2016-10-20 14:26:44 413827045 114.280198 30.550405 114.280757 30.551618 4.8 203.2
2016-10-20 14:27:55 413827045 114.279722 30.549315 114.280198 30.550405 3.7 198.7
2016-10-20 14:29:19 413827045 114.279377 30.548162 114.279722 30.549315 4.9 193.9
2016-10-20 14:30:35 413827045 114.278878 30.54592 114.279377 30.548162 5.9 176.4
2016-10-20 14:33:27 413827045 114.281358 30.541028 114.278878 30.54592 6.3 167.6
2016-10-20 14:34:02 413827045 114.281518 30.540125 114.281358 30.541028 6.8 167.8
2016-10-20 14:34:29 413827045 114.281798 30.539215 114.281518 30.540125 6.5 167.5
2016-10-20 14:34:52 413827045 114.281953 30.538382 114.281798 30.539215 5.6 171.5
2016-10-20 14:35:52 413827045 114.282083 30.537647 114.281953 30.538382 4.9 179.7
2016-10-20 14:37:59 413827045 114.282445 30.535287 114.282083 30.537647 0.7 120.6
2016-10-20 14:40:54 413827045 114.282622 30.535328 114.282445 30.535287 0.0 65.3
2016-10-20 14:41:43 413827045 114.282622 30.535328 114.282622 30.535328 0.0 65.3
2016-10-20 14:44:14 413827045 114.28263 30.535337 114.282622 30.535328 0.0 205.9
2016-10-20 14:53:36 413827045 114.282605 30.535335 114.282605 30.535335 0.0 205.9
2016-10-20 14:56:01 413827045 114.282612 30.535337 114.282605 30.535335 0.0 205.9
2016-10-20 15:17:03 413827045 114.282633 30.535343 114.28262 30.535352 0.0 205.9
2016-10-20 15:19:52 413827045 114.282617 30.535355 114.282633 30.535343 0.0 205.9
2016-10-20 15:23:26 413827045 114.282643 30.535353 114.282617 30.535355 0.0 0.0
2016-10-20 15:38:20 413827045 114.282608 30.535337 114.282608 30.53536 0.0 0.0
2016-10-20 15:41:30 413827045 114.282608 30.535337 114.282608 30.535337 0.0 0.0
2016-10-20 16:05:35 413827045 114.282607 30.53533 114.282607 30.53533 0.0 0.0
2016-10-20 16:08:51 413827045 114.28261 30.535337 114.282607 30.53533 0.0 0.0
2016-10-20 16:17:59 413827045 114.282383 30.53185 114.282252 30.53236 3.5 176.5
2016-10-20 16:18:27 413827045 114.282328 30.531377 114.282383 30.53185 3.3 196.2
2016-10-20 16:22:35 413827045 114.281013 30.527803 114.282328 30.531377 2.8 202.0
2016-10-20 16:26:57 413827045 114.28062 30.526797 114.281013 30.527803 0.0 9.6
2016-10-20 16:47:59 413827045 114.280673 30.526793 114.280673 30.526793 0.0 9.6
2016-10-20 17:00:00 413827045 114.280657 30.526803 114.280657 30.526803 0.0 9.6
2016-10-20 17:23:49 413827045 114.280675 30.526773 114.280675 30.526773 0.0 9.6
2016-10-20 17:27:11 413827045 114.280672 30.526743 114.280675 30.526773 0.0 9.6
2016-10-20 17:30:10 413827045 114.280672 30.526743 114.280672 30.526743 0.0 9.6
