2016-10-23 1:22:42 413802092 114.312655 30.586195 0.0 0.0 0.3 92.1 92
2016-10-23 1:25:41 413802092 114.31259 30.586213 114.312655 30.586195 0.1 1.0 1
2016-10-23 1:28:52 413802092 114.312653 30.58618 114.31259 30.586213 0.0 106.0 106
2016-10-23 1:30:10 413802092 114.312652 30.586187 114.312653 30.58618 0.0 106.0 106
2016-10-23 1:31:52 413802092 114.312665 30.58618 114.312652 30.586187 0.0 106.0 106
2016-10-23 1:34:49 413802092 114.31266 30.586175 114.312665 30.58618 0.0 106.0 106
2016-10-23 1:36:10 413802092 114.312658 30.586173 114.31266 30.586175 0.0 106.0 106
2016-10-23 1:37:43 413802092 114.31266 30.586142 114.312658 30.586173 0.0 106.0 106
2016-10-23 1:40:56 413802092 114.312633 30.586173 114.31266 30.586142 0.0 106.0 106
2016-10-23 1:42:05 413802092 114.31265 30.586162 114.312633 30.586173 0.0 106.0 106
2016-10-23 1:43:45 413802092 114.312642 30.586155 114.31265 30.586162 0.0 106.0 106
2016-10-23 1:46:47 413802092 114.312642 30.586153 114.312642 30.586155 0.0 106.0 106
2016-10-23 1:48:06 413802092 114.312647 30.586162 114.312642 30.586153 0.0 106.0 106
2016-10-23 1:50:04 413802092 114.312628 30.586187 114.312647 30.586162 0.0 106.0 106
2016-10-23 1:52:54 413802092 114.312645 30.586197 114.312628 30.586187 0.0 106.0 106
2016-10-23 1:54:14 413802092 114.312647 30.58617 114.312645 30.586197 0.0 106.0 106
2016-10-23 1:55:44 413802092 114.312652 30.586153 114.312647 30.58617 0.0 106.0 106
2016-10-23 1:59:01 413802092 114.312653 30.586148 114.312652 30.586153 0.0 106.0 106
2016-10-23 2:00:09 413802092 114.312657 30.586155 114.312653 30.586148 0.0 106.0 106
2016-10-23 2:01:55 413802092 114.312652 30.586158 114.312657 30.586155 0.0 106.0 106
2016-10-23 2:05:00 413802092 114.312655 30.58617 114.312652 30.586158 0.0 106.0 106
2016-10-23 2:06:16 413802092 114.312663 30.586167 114.312655 30.58617 0.0 106.0 106
2016-10-23 2:07:48 413802092 114.312648 30.586178 114.312663 30.586167 0.0 106.0 106
2016-10-23 2:16:45 413802092 114.312657 30.586178 114.31266 30.586188 0.0 106.0 106
2016-10-23 2:18:18 413802092 114.312652 30.586182 114.312657 30.586178 0.0 106.0 106
2016-10-23 2:19:44 413802092 114.312638 30.586185 114.312652 30.586182 0.0 106.0 106
2016-10-23 2:22:46 413802092 114.312638 30.586182 114.312638 30.586185 0.0 106.0 106
2016-10-23 2:24:04 413802092 114.312652 30.586187 114.312638 30.586182 0.0 106.0 106
2016-10-23 2:25:42 413802092 114.312648 30.586188 114.312652 30.586187 0.0 106.0 106
2016-10-23 2:28:43 413802092 114.312628 30.586185 114.312648 30.586188 0.0 106.0 106
2016-10-23 2:30:15 413802092 114.312633 30.586178 114.312628 30.586185 0.0 106.0 106
2016-10-23 2:31:45 413802092 114.312647 30.586167 114.312633 30.586178 0.0 106.0 106
2016-10-23 2:34:48 413802092 114.312642 30.586172 114.312647 30.586167 0.0 106.0 106
2016-10-23 2:36:12 413802092 114.312667 30.586165 114.312642 30.586172 0.0 106.0 106
2016-10-23 2:43:45 413802092 114.31264 30.586177 114.312663 30.586167 0.0 106.0 106
2016-10-23 2:46:44 413802092 114.312655 30.586173 114.31264 30.586177 0.0 106.0 106
2016-10-23 2:48:07 413802092 114.312653 30.586165 114.312655 30.586173 0.0 106.0 106
2016-10-23 2:49:43 413802092 114.31266 30.586157 114.312653 30.586165 0.0 106.0 106
2016-10-23 2:52:43 413802092 114.312662 30.586158 114.31266 30.586157 0.0 106.0 106
2016-10-23 2:54:09 413802092 114.312675 30.586152 114.312662 30.586158 0.0 106.0 106
2016-10-23 2:56:01 413802092 114.31267 30.58616 114.312675 30.586152 0.0 106.0 106
2016-10-23 3:00:06 413802092 114.31267 30.586178 114.31267 30.58616 0.0 106.0 106
2016-10-23 3:02:01 413802092 114.312673 30.58618 114.31267 30.586178 0.0 106.0 106
2016-10-23 3:04:43 413802092 114.312643 30.586195 114.312673 30.58618 0.0 106.0 106
2016-10-23 3:06:13 413802092 114.312637 30.5862 114.312643 30.586195 0.0 106.0 106
2016-10-23 3:07:51 413802092 114.312665 30.586177 114.312637 30.5862 0.0 106.0 106
2016-10-23 3:11:01 413802092 114.312667 30.5862 114.312665 30.586177 0.0 106.0 106
2016-10-23 3:12:21 413802092 114.312675 30.586188 114.312667 30.5862 0.0 106.0 106
2016-10-23 3:13:51 413802092 114.312663 30.586192 114.312675 30.586188 0.0 106.0 106
2016-10-23 3:16:59 413802092 114.312657 30.586192 114.312663 30.586192 0.0 106.0 106
2016-10-23 3:18:11 413802092 114.31265 30.586198 114.312657 30.586192 0.0 106.0 106
2016-10-23 3:19:53 413802092 114.312653 30.586198 114.31265 30.586198 0.0 106.0 106
2016-10-23 3:22:53 413802092 114.312657 30.586198 114.312653 30.586198 0.0 106.0 106
2016-10-23 3:24:23 413802092 114.312658 30.586195 114.312657 30.586198 0.0 106.0 106
2016-10-23 3:25:51 413802092 114.312657 30.586155 114.312658 30.586195 0.0 106.0 106
2016-10-23 3:28:49 413802092 114.31266 30.586148 114.312657 30.586155 0.0 106.0 106
2016-10-23 3:30:17 413802092 114.312658 30.586163 114.31266 30.586148 0.0 106.0 106
2016-10-23 3:31:45 413802092 114.312657 30.586148 114.312658 30.586163 0.0 106.0 106
2016-10-23 3:34:54 413802092 114.312637 30.586167 114.312657 30.586148 0.0 106.0 106
2016-10-23 3:36:13 413802092 114.31263 30.586167 114.312637 30.586167 0.0 106.0 106
2016-10-23 3:37:50 413802092 114.31264 30.586173 114.31263 30.586167 0.0 106.0 106
2016-10-23 3:40:43 413802092 114.312648 30.586163 114.31264 30.586173 0.0 106.0 106
2016-10-23 3:42:12 413802092 114.312628 30.58617 114.312648 30.586163 0.0 106.0 106
2016-10-23 3:43:48 413802092 114.312632 30.586173 114.312628 30.58617 0.0 106.0 106
2016-10-23 3:46:48 413802092 114.312638 30.586192 114.312632 30.586173 0.0 106.0 106
2016-10-23 3:48:10 413802092 114.312635 30.586187 114.312638 30.586192 0.0 106.0 106
2016-10-23 3:49:44 413802092 114.312637 30.586205 114.312635 30.586187 0.0 106.0 106
2016-10-23 3:55:52 413802092 114.31265 30.586202 114.312642 30.586208 0.0 106.0 106
2016-10-23 3:58:53 413802092 114.312638 30.586205 114.31265 30.586202 0.0 106.0 106
2016-10-23 4:00:18 413802092 114.312645 30.586222 114.312638 30.586205 0.0 106.0 106
2016-10-23 4:01:48 413802092 114.312635 30.586213 114.312645 30.586222 0.0 106.0 106
2016-10-23 4:04:51 413802092 114.312642 30.586185 114.312635 30.586213 0.0 106.0 106
2016-10-23 4:06:13 413802092 114.312632 30.586187 114.312642 30.586185 0.0 106.0 106
2016-10-23 4:07:44 413802092 114.312643 30.586188 114.312632 30.586187 0.0 106.0 106
2016-10-23 4:10:49 413802092 114.312658 30.586187 114.312643 30.586188 0.0 106.0 106
2016-10-23 4:12:26 413802092 114.31266 30.586185 114.312658 30.586187 0.0 106.0 106
2016-10-23 4:13:51 413802092 114.312663 30.58619 114.31266 30.586185 0.0 106.0 106
2016-10-23 4:16:50 413802092 114.312667 30.586202 114.312663 30.58619 0.0 106.0 106
2016-10-23 4:19:44 413802092 114.312658 30.586175 114.312667 30.586202 0.0 106.0 106
2016-10-23 4:22:54 413802092 114.31265 30.586178 114.312658 30.586175 0.0 106.0 106
2016-10-23 4:24:18 413802092 114.312658 30.5862 114.31265 30.586178 0.0 106.0 106
2016-10-23 4:30:26 413802092 114.312645 30.586177 114.31266 30.586177 0.0 106.0 106
2016-10-23 4:34:59 413802092 114.312648 30.586172 114.312645 30.586177 0.0 106.0 106
2016-10-23 4:36:18 413802092 114.312652 30.586192 114.312648 30.586172 0.0 106.0 106
2016-10-23 4:37:59 413802092 114.31266 30.586197 114.312652 30.586192 0.0 106.0 106
2016-10-23 4:40:59 413802092 114.312625 30.586185 114.31266 30.586197 0.0 106.0 106
2016-10-23 4:42:30 413802092 114.312632 30.586183 114.312625 30.586185 0.0 106.0 106
2016-10-23 4:43:59 413802092 114.312645 30.586183 114.312632 30.586183 0.0 106.0 106
2016-10-23 4:46:59 413802092 114.312653 30.58617 114.312645 30.586183 0.0 106.0 106
2016-10-23 4:48:29 413802092 114.312637 30.586168 114.312653 30.58617 0.0 106.0 106
2016-10-23 4:50:08 413802092 114.312635 30.586167 114.312637 30.586168 0.0 106.0 106
2016-10-23 4:53:01 413802092 114.312618 30.586162 114.312635 30.586167 0.0 106.0 106
2016-10-23 4:54:30 413802092 114.312638 30.586145 114.312618 30.586162 0.0 106.0 106
2016-10-23 4:55:55 413802092 114.312647 30.586148 114.312638 30.586145 0.0 106.0 106
2016-10-23 4:58:49 413802092 114.312638 30.586162 114.312647 30.586148 0.0 106.0 106
2016-10-23 5:00:26 413802092 114.312628 30.586163 114.312638 30.586162 0.0 106.0 106
2016-10-23 5:01:55 413802092 114.312623 30.586158 114.312628 30.586163 0.0 106.0 106
2016-10-23 5:05:08 413802092 114.312598 30.58617 114.312623 30.586158 0.0 106.0 106
2016-10-23 5:06:27 413802092 114.312598 30.586188 114.312598 30.58617 0.0 106.0 106
2016-10-23 5:07:57 413802092 114.312603 30.586193 114.312598 30.586188 0.0 106.0 106
2016-10-23 5:10:51 413802092 114.312618 30.586177 114.312603 30.586193 0.0 106.0 106
2016-10-23 5:13:56 413802092 114.312635 30.586162 114.312618 30.586177 0.0 106.0 106
2016-10-23 5:17:11 413802092 114.312643 30.586142 114.312635 30.586162 0.0 106.0 106
2016-10-23 5:18:28 413802092 114.312655 30.586147 114.312643 30.586142 0.0 106.0 106
2016-10-23 5:19:59 413802092 114.312665 30.58613 114.312655 30.586147 0.0 106.0 106
2016-10-23 5:23:10 413802092 114.312655 30.58616 114.312665 30.58613 0.0 106.0 106
2016-10-23 5:24:23 413802092 114.312663 30.586152 114.312655 30.58616 0.0 106.0 106
2016-10-23 5:25:56 413802092 114.312635 30.586135 114.312663 30.586152 0.0 106.0 106
2016-10-23 5:30:34 413802092 114.312663 30.586138 114.312635 30.586135 0.0 106.0 106
2016-10-23 5:32:02 413802092 114.312653 30.586142 114.312663 30.586138 0.0 106.0 106
2016-10-23 5:35:11 413802092 114.312653 30.586142 114.312653 30.586142 0.0 106.0 106
2016-10-23 5:36:17 413802092 114.312655 30.586137 114.312653 30.586142 0.0 106.0 106
2016-10-23 5:38:17 413802092 114.312643 30.586152 114.312655 30.586137 0.0 106.0 106
2016-10-23 5:40:50 413802092 114.312633 30.586157 114.312643 30.586152 0.0 106.0 106
2016-10-23 5:42:29 413802092 114.31264 30.586158 114.312633 30.586157 0.0 106.0 106
2016-10-23 5:43:57 413802092 114.31264 30.58616 114.31264 30.586158 0.0 106.0 106
2016-10-23 5:47:04 413802092 114.312642 30.586162 114.31264 30.58616 0.0 106.0 106
2016-10-23 5:48:12 413802092 114.31265 30.586163 114.312642 30.586162 0.0 106.0 106
2016-10-23 5:49:49 413802092 114.312655 30.586158 114.31265 30.586163 0.0 106.0 106
2016-10-23 5:53:04 413802092 114.312637 30.586148 114.312655 30.586158 0.0 106.0 106
2016-10-23 5:54:14 413802092 114.31264 30.586132 114.312637 30.586148 0.0 106.0 106
2016-10-23 5:55:59 413802092 114.312633 30.58613 114.31264 30.586132 0.0 106.0 106
2016-10-23 5:59:01 413802092 114.312617 30.586165 114.312633 30.58613 0.0 106.0 106
2016-10-23 6:00:21 413802092 114.31262 30.586162 114.312617 30.586165 0.0 106.0 106
2016-10-23 6:01:55 413802092 114.312635 30.586202 114.31262 30.586162 0.0 106.0 106
2016-10-23 6:05:08 413802092 114.312638 30.586152 114.312635 30.586202 0.0 106.0 106
2016-10-23 6:06:14 413802092 114.312628 30.586177 114.312638 30.586152 0.0 106.0 106
2016-10-23 6:07:56 413802092 114.312635 30.58618 114.312628 30.586177 0.0 106.0 106
2016-10-23 6:10:56 413802092 114.312617 30.586183 114.312635 30.58618 0.0 106.0 106
2016-10-23 6:12:28 413802092 114.312628 30.586193 114.312617 30.586183 0.0 106.0 106
2016-10-23 6:13:55 413802092 114.312643 30.586185 114.312628 30.586193 0.0 106.0 106
2016-10-23 6:16:56 413802092 114.312622 30.586202 114.312643 30.586185 0.0 106.0 106
2016-10-23 6:18:30 413802092 114.312617 30.586188 114.312622 30.586202 0.0 106.0 106
2016-10-23 6:19:55 413802092 114.312627 30.586187 114.312617 30.586188 0.0 106.0 106
2016-10-23 6:22:57 413802092 114.312618 30.586192 114.312627 30.586187 0.0 106.0 106
2016-10-23 6:24:32 413802092 114.312612 30.58618 114.312618 30.586192 0.0 106.0 106
2016-10-23 6:26:01 413802092 114.31262 30.586187 114.312612 30.58618 0.0 106.0 106
2016-10-23 6:28:58 413802092 114.312627 30.586188 114.31262 30.586187 0.0 106.0 106
2016-10-23 6:30:36 413802092 114.312633 30.58618 114.312627 30.586188 0.0 106.0 106
2016-10-23 6:32:10 413802092 114.312675 30.586183 114.312633 30.58618 0.0 106.0 106
2016-10-23 6:35:09 413802092 114.312635 30.58619 114.312675 30.586183 0.0 106.0 106
2016-10-23 6:36:18 413802092 114.312648 30.58617 114.312635 30.58619 0.0 106.0 106
2016-10-23 6:38:02 413802092 114.312657 30.58618 114.312648 30.58617 0.0 106.0 106
2016-10-23 6:41:02 413802092 114.312633 30.586177 114.312657 30.58618 0.0 106.0 106
2016-10-23 6:42:31 413802092 114.312647 30.586177 114.312633 30.586177 0.0 106.0 106
2016-10-23 6:44:03 413802092 114.312643 30.586183 114.312647 30.586177 0.0 106.0 106
2016-10-23 6:47:03 413802092 114.312657 30.586167 114.312643 30.586183 0.0 106.0 106
2016-10-23 6:50:15 413802092 114.312647 30.586178 114.312657 30.586167 0.0 106.0 106
2016-10-23 6:53:11 413802092 114.312658 30.586173 114.312647 30.586178 0.0 106.0 106
2016-10-23 6:54:42 413802092 114.312673 30.586178 114.312658 30.586173 0.0 106.0 106
2016-10-23 6:56:20 413802092 114.312658 30.586182 114.312673 30.586178 0.0 106.0 106
2016-10-23 6:58:53 413802092 114.31265 30.586183 114.312658 30.586182 0.0 106.0 106
2016-10-23 7:00:30 413802092 114.312645 30.58618 114.31265 30.586183 0.0 106.0 106
2016-10-23 7:01:54 413802092 114.312637 30.586183 114.312645 30.58618 0.0 106.0 106
2016-10-23 7:05:00 413802092 114.312638 30.586193 114.312637 30.586183 0.0 106.0 106
2016-10-23 7:06:17 413802092 114.31265 30.58618 114.312638 30.586193 0.0 106.0 106
2016-10-23 7:08:02 413802092 114.312657 30.58619 114.31265 30.58618 0.0 106.0 106
2016-10-23 7:10:52 413802092 114.312653 30.586193 114.312657 30.58619 0.0 106.0 106
2016-10-23 7:12:42 413802092 114.312665 30.586188 114.312653 30.586193 0.0 106.0 106
2016-10-23 7:13:58 413802092 114.312663 30.586195 114.312665 30.586188 0.0 106.0 106
2016-10-23 7:16:58 413802092 114.312642 30.586207 114.312663 30.586195 0.0 106.0 106
2016-10-23 7:18:40 413802092 114.31265 30.58618 114.312642 30.586207 0.0 106.0 106
2016-10-23 7:20:21 413802092 114.312627 30.586188 114.31265 30.58618 0.0 106.0 106
2016-10-23 7:23:08 413802092 114.312643 30.586163 114.312627 30.586188 0.0 106.0 106
2016-10-23 7:26:05 413802092 114.312623 30.58617 114.312643 30.586163 0.0 106.0 106
2016-10-23 7:29:13 413802092 114.312638 30.5862 114.312623 30.58617 0.0 106.0 106
2016-10-23 7:30:27 413802092 114.312638 30.586193 114.312638 30.5862 0.0 106.0 106
2016-10-23 7:32:03 413802092 114.31265 30.586212 114.312638 30.586193 0.0 106.0 106
2016-10-23 7:34:56 413802092 114.312662 30.586195 114.31265 30.586212 0.0 106.0 106
2016-10-23 7:36:17 413802092 114.312672 30.586187 114.312662 30.586195 0.0 106.0 106
2016-10-23 7:37:52 413802092 114.31267 30.586165 114.312672 30.586187 0.0 106.0 106
2016-10-23 7:41:04 413802092 114.312655 30.586177 114.31267 30.586165 0.0 106.0 106
2016-10-23 7:42:30 413802092 114.31267 30.58617 114.312655 30.586177 0.0 106.0 106
2016-10-23 7:44:12 413802092 114.312672 30.586158 114.31267 30.58617 0.0 106.0 106
2016-10-23 7:46:58 413802092 114.312662 30.58616 114.312672 30.586158 0.0 106.0 106
2016-10-23 7:48:33 413802092 114.312655 30.586153 114.312662 30.58616 0.0 106.0 106
2016-10-23 7:50:04 413802092 114.312653 30.586165 114.312655 30.586153 0.0 106.0 106
2016-10-23 7:53:06 413802092 114.312655 30.586155 114.312653 30.586165 0.0 106.0 106
2016-10-23 7:54:21 413802092 114.31266 30.58616 114.312655 30.586155 0.0 106.0 106
2016-10-23 7:56:15 413802092 114.312627 30.586195 114.31266 30.58616 0.0 106.0 106
2016-10-23 7:59:02 413802092 114.31267 30.58618 114.312627 30.586195 0.0 106.0 106
2016-10-23 8:00:28 413802092 114.312678 30.58619 114.31267 30.58618 0.0 106.0 106
2016-10-23 8:01:52 413802092 114.312678 30.58619 114.312678 30.58619 0.0 106.0 106
2016-10-23 8:05:15 413802092 114.312673 30.586185 114.312678 30.58619 0.0 106.0 106
2016-10-23 8:06:23 413802092 114.312663 30.586185 114.312673 30.586185 0.0 106.0 106
2016-10-23 8:08:15 413802092 114.31266 30.586195 114.312663 30.586185 0.0 106.0 106
2016-10-23 8:11:01 413802092 114.312643 30.586212 114.31266 30.586195 0.0 106.0 106
2016-10-23 8:12:33 413802092 114.312668 30.58621 114.312643 30.586212 0.0 106.0 106
2016-10-23 8:14:25 413802092 114.312662 30.58622 114.312668 30.58621 0.0 106.0 106
2016-10-23 8:17:10 413802092 114.31267 30.586208 114.312662 30.58622 0.0 106.0 106
2016-10-23 8:18:28 413802092 114.31268 30.58619 114.31267 30.586208 0.0 106.0 106
2016-10-23 8:20:11 413802092 114.312677 30.58619 114.31268 30.58619 0.0 106.0 106
2016-10-23 8:23:18 413802092 114.312652 30.586217 114.312677 30.58619 0.0 106.0 106
2016-10-23 8:24:42 413802092 114.312675 30.586217 114.312652 30.586217 0.0 106.0 106
2016-10-23 8:25:54 413802092 114.31266 30.586215 114.312675 30.586217 0.0 106.0 106
2016-10-23 8:29:08 413802092 114.312655 30.586158 114.31266 30.586215 0.0 106.0 106
2016-10-23 8:30:32 413802092 114.312662 30.586167 114.312655 30.586158 0.0 106.0 106
2016-10-23 8:31:56 413802092 114.312638 30.586158 114.312662 30.586167 0.0 106.0 106
2016-10-23 8:35:00 413802092 114.312652 30.586155 114.312638 30.586158 0.0 106.0 106
2016-10-23 8:36:23 413802092 114.312658 30.58614 114.312652 30.586155 0.0 106.0 106
2016-10-23 8:37:55 413802092 114.31267 30.58615 114.312658 30.58614 0.0 106.0 106
2016-10-23 8:41:00 413802092 114.31266 30.586157 114.31267 30.58615 0.0 106.0 106
2016-10-23 8:42:50 413802092 114.312667 30.586153 114.31266 30.586157 0.0 106.0 106
2016-10-23 8:47:07 413802092 114.312677 30.586143 114.312667 30.586153 0.0 106.0 106
2016-10-23 8:50:13 413802092 114.31267 30.586158 114.312677 30.586143 0.0 106.0 106
2016-10-23 8:53:20 413802092 114.312657 30.586158 114.31267 30.586158 0.0 106.0 106
2016-10-23 8:54:31 413802092 114.312667 30.586158 114.312657 30.586158 0.0 106.0 106
2016-10-23 8:56:01 413802092 114.312657 30.586143 114.312667 30.586158 0.1 106.0 106
2016-10-23 8:59:13 413802092 114.312682 30.586158 114.312657 30.586143 0.0 106.0 106
2016-10-23 9:00:36 413802092 114.312672 30.586165 114.312682 30.586158 0.0 106.0 106
2016-10-23 9:02:26 413802092 114.312657 30.586168 114.312672 30.586165 0.0 106.0 106
2016-10-23 9:56:06 413802092 114.312667 30.586202 0.0 0.0 0.0 106.0 106
2016-10-23 9:58:57 413802092 114.312627 30.586187 114.312667 30.586202 0.0 106.0 106
2016-10-23 10:00:54 413802092 114.312647 30.586207 114.312627 30.586187 0.0 106.0 106
2016-10-23 10:01:57 413802092 114.31264 30.586215 114.312647 30.586207 0.0 106.0 106
2016-10-23 10:05:01 413802092 114.312643 30.586225 114.31264 30.586215 0.0 106.0 106
2016-10-23 10:06:47 413802092 114.312653 30.58622 114.312643 30.586225 0.0 106.0 106
2016-10-23 10:08:02 413802092 114.312642 30.586223 114.312653 30.58622 0.0 106.0 106
2016-10-23 10:11:18 413802092 114.312652 30.58619 114.312642 30.586223 0.0 106.0 106
2016-10-23 10:12:24 413802092 114.312653 30.586182 114.312652 30.58619 0.0 106.0 106
2016-10-23 10:14:04 413802092 114.312637 30.586172 114.312653 30.586182 0.0 106.0 106
2016-10-23 10:17:14 413802092 114.312655 30.586167 114.312637 30.586172 0.0 106.0 106
2016-10-23 10:18:43 413802092 114.31265 30.586155 114.312655 30.586167 0.0 106.0 106
2016-10-23 10:20:11 413802092 114.312665 30.586158 114.31265 30.586155 0.0 106.0 106
2016-10-23 10:23:12 413802092 114.312657 30.586162 114.312665 30.586158 0.0 106.0 106
2016-10-23 10:24:37 413802092 114.312653 30.586168 114.312657 30.586162 0.0 106.0 106
2016-10-23 10:26:12 413802092 114.312648 30.58617 114.312653 30.586168 0.0 106.0 106
2016-10-23 10:29:15 413802092 114.312652 30.586158 114.312648 30.58617 0.0 106.0 106
2016-10-23 10:30:23 413802092 114.312665 30.586155 114.312652 30.586158 0.0 106.0 106
2016-10-23 10:32:10 413802092 114.312658 30.586158 114.312665 30.586155 0.0 106.0 106
2016-10-23 10:35:16 413802092 114.31267 30.586148 114.312658 30.586158 0.0 106.0 106
2016-10-23 10:36:39 413802092 114.312667 30.58615 114.31267 30.586148 0.0 106.0 106
2016-10-23 10:38:06 413802092 114.312667 30.58615 114.312667 30.58615 0.0 106.0 106
2016-10-23 10:41:07 413802092 114.312658 30.586153 114.312667 30.58615 0.0 106.0 106
2016-10-23 10:42:32 413802092 114.31265 30.586147 114.312658 30.586153 0.0 106.0 106
2016-10-23 10:44:10 413802092 114.312655 30.586155 114.31265 30.586147 0.0 106.0 106
2016-10-23 10:47:02 413802092 114.312657 30.58617 114.312655 30.586155 0.0 106.0 106
2016-10-23 10:48:42 413802092 114.312638 30.586147 114.312657 30.58617 0.0 106.0 106
2016-10-23 10:50:20 413802092 114.312643 30.586157 114.312638 30.586147 0.0 106.0 106
2016-10-23 10:52:58 413802092 114.312607 30.586167 114.312643 30.586157 0.0 106.0 106
2016-10-23 10:54:27 413802092 114.312627 30.586188 114.312607 30.586167 0.0 106.0 106
2016-10-23 10:56:15 413802092 114.312665 30.58619 114.312627 30.586188 0.0 106.0 106
2016-10-23 10:58:56 413802092 114.312642 30.586198 114.312665 30.58619 0.0 106.0 106
2016-10-23 11:00:49 413802092 114.312648 30.586198 114.312642 30.586198 0.0 106.0 106
2016-10-23 11:02:07 413802092 114.312638 30.586202 114.312648 30.586198 0.0 106.0 106
2016-10-23 11:05:01 413802092 114.312645 30.58619 114.312638 30.586202 0.0 106.0 106
2016-10-23 11:06:43 413802092 114.312635 30.586187 114.312645 30.58619 0.0 106.0 106
2016-10-23 11:08:21 413802092 114.312633 30.586187 114.312635 30.586187 0.0 106.0 106
2016-10-23 11:10:58 413802092 114.312652 30.58619 114.312633 30.586187 0.0 106.0 106
2016-10-23 11:12:39 413802092 114.312647 30.586193 114.312652 30.58619 0.0 106.0 106
2016-10-23 11:13:58 413802092 114.312647 30.586195 114.312647 30.586193 0.0 106.0 106
2016-10-23 11:17:06 413802092 114.312652 30.586198 114.312647 30.586195 0.0 106.0 106
2016-10-23 11:18:44 413802092 114.31265 30.586205 114.312652 30.586198 0.0 106.0 106
2016-10-23 11:20:16 413802092 114.31265 30.586207 114.31265 30.586205 0.0 106.0 106
2016-10-23 11:22:58 413802092 114.312627 30.586205 114.31265 30.586207 0.0 106.0 106
2016-10-23 11:24:25 413802092 114.312642 30.586202 114.312627 30.586205 0.0 106.0 106
2016-10-23 11:26:18 413802092 114.312645 30.586207 114.312642 30.586202 0.0 106.0 106
2016-10-23 11:29:16 413802092 114.312633 30.5862 114.312645 30.586207 0.0 106.0 106
2016-10-23 11:30:22 413802092 114.312625 30.586202 114.312633 30.5862 0.0 106.0 106
2016-10-23 11:32:04 413802092 114.312627 30.586187 114.312625 30.586202 0.0 106.0 106
2016-10-23 11:35:13 413802092 114.312632 30.586193 114.312627 30.586187 0.0 106.0 106
2016-10-23 11:36:33 413802092 114.312637 30.586203 114.312632 30.586193 0.0 106.0 106
2016-10-23 11:38:04 413802092 114.31264 30.586208 114.312637 30.586203 0.0 106.0 106
2016-10-23 11:40:58 413802092 114.312638 30.58621 114.31264 30.586208 0.0 106.0 106
2016-10-23 11:42:24 413802092 114.312645 30.5862 114.312638 30.58621 0.0 106.0 106
2016-10-23 11:44:08 413802092 114.312645 30.586205 114.312645 30.5862 0.0 106.0 106
2016-10-23 11:47:23 413802092 114.312648 30.586212 114.312645 30.586205 0.0 106.0 106
2016-10-23 11:48:43 413802092 114.31265 30.586212 114.312648 30.586212 0.0 106.0 106
2016-10-23 11:50:27 413802092 114.312655 30.58621 114.31265 30.586212 0.0 106.0 106
2016-10-23 11:53:08 413802092 114.312653 30.586207 114.312655 30.58621 0.0 106.0 106
2016-10-23 11:54:37 413802092 114.312645 30.586203 114.312653 30.586207 0.0 106.0 106
2016-10-23 11:56:12 413802092 114.312655 30.586202 114.312645 30.586203 0.0 106.0 106
2016-10-23 11:59:22 413802092 114.312642 30.586208 114.312655 30.586202 0.0 106.0 106
2016-10-23 12:00:28 413802092 114.312652 30.586208 114.312642 30.586208 0.0 106.0 106
2016-10-23 12:02:11 413802092 114.312648 30.586205 114.312652 30.586208 0.0 106.0 106
2016-10-23 12:05:03 413802092 114.312647 30.586203 114.312648 30.586205 0.0 106.0 106
2016-10-23 12:06:45 413802092 114.312637 30.586197 114.312647 30.586203 0.0 106.0 106
2016-10-23 12:08:10 413802092 114.31266 30.58621 114.312637 30.586197 0.0 106.0 106
2016-10-23 12:11:01 413802092 114.312665 30.586225 114.31266 30.58621 0.0 106.0 106
2016-10-23 12:12:27 413802092 114.312672 30.58623 114.312665 30.586225 0.0 106.0 106
2016-10-23 12:13:56 413802092 114.312665 30.586238 114.312672 30.58623 0.0 106.0 106
2016-10-23 12:17:03 413802092 114.312665 30.586237 114.312665 30.586238 0.0 106.0 106
2016-10-23 12:18:39 413802092 114.312668 30.586238 114.312665 30.586237 0.0 106.0 106
2016-10-23 12:20:07 413802092 114.312662 30.586237 114.312668 30.586238 0.0 106.0 106
2016-10-23 12:22:57 413802092 114.312657 30.586258 114.312662 30.586237 0.0 106.0 106
2016-10-23 12:24:33 413802092 114.312655 30.586263 114.312657 30.586258 0.0 106.0 106
2016-10-23 12:26:11 413802092 114.312652 30.586252 114.312655 30.586263 0.0 106.0 106
2016-10-23 12:29:12 413802092 114.312657 30.58624 114.312652 30.586252 0.0 106.0 106
2016-10-23 12:32:04 413802092 114.312665 30.58624 114.312657 30.58624 0.0 106.0 106
2016-10-23 12:35:34 413802092 114.312663 30.586238 114.312665 30.58624 0.0 106.0 106
2016-10-23 12:36:42 413802092 114.312653 30.586237 114.312663 30.586238 0.0 106.0 106
2016-10-23 12:38:01 413802092 114.312668 30.586242 114.312653 30.586237 0.0 106.0 106
2016-10-23 12:41:07 413802092 114.312655 30.586228 114.312668 30.586242 0.0 106.0 106
2016-10-23 12:42:29 413802092 114.31265 30.586227 114.312655 30.586228 0.0 106.0 106
2016-10-23 12:44:07 413802092 114.312657 30.586223 114.31265 30.586227 0.0 106.0 106
2016-10-23 12:46:57 413802092 114.31266 30.586238 114.312657 30.586223 0.0 106.0 106
2016-10-23 12:48:41 413802092 114.31264 30.586237 114.31266 30.586238 0.0 106.0 106
2016-10-23 12:49:57 413802092 114.312637 30.586235 114.31264 30.586237 0.0 106.0 106
2016-10-23 12:53:16 413802092 114.31262 30.586235 114.312637 30.586235 0.0 106.0 106
2016-10-23 12:54:40 413802092 114.312622 30.586238 114.31262 30.586235 0.0 106.0 106
2016-10-23 12:59:06 413802092 114.312588 30.586223 114.312622 30.586238 0.0 106.0 106
2016-10-23 13:00:29 413802092 114.312573 30.586205 114.312588 30.586223 0.0 106.0 106
2016-10-23 13:02:16 413802092 114.312558 30.586192 114.312573 30.586205 0.0 106.0 106
2016-10-23 13:05:14 413802092 114.312585 30.586178 114.312558 30.586192 0.0 106.0 106
2016-10-23 13:06:26 413802092 114.312595 30.586178 114.312585 30.586178 0.0 106.0 106
2016-10-23 13:08:06 413802092 114.312595 30.586173 114.312595 30.586178 0.0 106.0 106
2016-10-23 13:11:02 413802092 114.312587 30.586182 114.312595 30.586173 0.0 106.0 106
2016-10-23 13:12:31 413802092 114.312593 30.58619 114.312587 30.586182 0.0 106.0 106
2016-10-23 13:14:14 413802092 114.312598 30.586213 114.312593 30.58619 0.0 106.0 106
2016-10-23 13:17:30 413802092 114.312597 30.586217 114.312598 30.586213 0.0 106.0 106
2016-10-23 13:18:41 413802092 114.312587 30.58622 114.312597 30.586217 0.0 106.0 106
2016-10-23 13:19:59 413802092 114.312592 30.586225 114.312587 30.58622 0.0 106.0 106
2016-10-23 13:23:12 413802092 114.312595 30.58621 114.312592 30.586225 0.0 106.0 106
2016-10-23 13:24:31 413802092 114.312598 30.5862 114.312595 30.58621 0.0 106.0 106
2016-10-23 13:26:11 413802092 114.312592 30.586203 114.312598 30.5862 0.0 106.0 106
2016-10-23 13:29:12 413802092 114.312583 30.5862 114.312592 30.586203 0.0 106.0 106
2016-10-23 13:30:54 413802092 114.312573 30.586195 114.312583 30.5862 0.0 106.0 106
2016-10-23 13:32:04 413802092 114.312602 30.58622 114.312573 30.586195 0.0 106.0 106
2016-10-23 13:35:03 413802092 114.312642 30.586207 114.312602 30.58622 0.0 106.0 106
2016-10-23 13:36:32 413802092 114.312627 30.586203 114.312642 30.586207 0.0 106.0 106
2016-10-23 13:38:03 413802092 114.312642 30.586207 114.312627 30.586203 0.0 106.0 106
2016-10-23 13:41:04 413802092 114.312627 30.58621 114.312642 30.586207 0.0 106.0 106
2016-10-23 13:42:46 413802092 114.312647 30.586207 114.312627 30.58621 0.0 106.0 106
2016-10-23 13:44:07 413802092 114.312642 30.586208 114.312647 30.586207 0.0 106.0 106
2016-10-23 13:47:04 413802092 114.312655 30.586208 114.312642 30.586208 0.0 106.0 106
2016-10-23 13:48:44 413802092 114.312668 30.586208 114.312655 30.586208 0.0 106.0 106
2016-10-23 13:50:22 413802092 114.312658 30.586202 114.312668 30.586208 0.0 106.0 106
2016-10-23 13:53:04 413802092 114.31265 30.586205 114.312658 30.586202 0.0 106.0 106
2016-10-23 13:54:46 413802092 114.31265 30.586213 114.31265 30.586205 0.0 106.0 106
2016-10-23 13:56:11 413802092 114.31264 30.586202 114.31265 30.586213 0.0 106.0 106
2016-10-23 13:59:04 413802092 114.312653 30.586192 114.31264 30.586202 0.0 106.0 106
2016-10-23 14:00:49 413802092 114.312662 30.586177 114.312653 30.586192 0.0 106.0 106
2016-10-23 14:01:57 413802092 114.31266 30.586177 114.312662 30.586177 0.0 106.0 106
2016-10-23 14:05:19 413802092 114.312648 30.586155 114.31266 30.586177 0.0 106.0 106
2016-10-23 14:06:35 413802092 114.312655 30.586162 114.312648 30.586155 0.0 106.0 106
2016-10-23 14:08:12 413802092 114.312647 30.586188 114.312655 30.586162 0.0 106.0 106
2016-10-23 14:11:07 413802092 114.312673 30.586197 114.312647 30.586188 0.0 106.0 106
2016-10-23 14:12:49 413802092 114.31267 30.586198 114.312673 30.586197 0.0 106.0 106
2016-10-23 14:16:57 413802092 114.31267 30.5862 114.31267 30.586198 0.0 106.0 106
2016-10-23 14:19:00 413802092 114.31268 30.586202 114.31267 30.5862 0.0 106.0 106
2016-10-23 14:20:07 413802092 114.312675 30.586203 114.31268 30.586202 0.0 106.0 106
2016-10-23 14:23:15 413802092 114.312682 30.586197 114.312675 30.586203 0.0 106.0 106
2016-10-23 14:24:44 413802092 114.31268 30.5862 114.312682 30.586197 0.0 106.0 106
2016-10-23 14:25:59 413802092 114.312672 30.5862 114.31268 30.5862 0.0 106.0 106
2016-10-23 14:29:16 413802092 114.312692 30.586197 114.312672 30.5862 0.0 106.0 106
2016-10-23 14:30:42 413802092 114.312667 30.586198 114.312692 30.586197 0.0 106.0 106
2016-10-23 14:32:14 413802092 114.312652 30.586215 114.312667 30.586198 0.0 106.0 106
2016-10-23 14:35:30 413802092 114.312675 30.586217 114.312652 30.586215 0.0 106.0 106
2016-10-23 14:36:32 413802092 114.312643 30.586218 114.312675 30.586217 0.0 106.0 106
2016-10-23 14:37:59 413802092 114.312632 30.586222 114.312643 30.586218 0.0 106.0 106
2016-10-23 14:41:04 413802092 114.312628 30.58622 114.312632 30.586222 0.0 106.0 106
2016-10-23 14:42:31 413802092 114.312628 30.586222 114.312628 30.58622 0.0 106.0 106
2016-10-23 14:44:10 413802092 114.312632 30.586217 114.312628 30.586222 0.0 106.0 106
2016-10-23 14:47:17 413802092 114.312632 30.586215 114.312632 30.586217 0.0 106.0 106
2016-10-23 14:48:38 413802092 114.312635 30.586212 114.312632 30.586215 0.0 106.0 106
2016-10-23 14:50:14 413802092 114.312628 30.586212 114.312635 30.586212 0.0 106.0 106
2016-10-23 14:53:16 413802092 114.312637 30.586213 114.312628 30.586212 0.0 106.0 106
2016-10-23 14:54:44 413802092 114.312647 30.586212 114.312637 30.586213 0.0 106.0 106
2016-10-23 14:56:14 413802092 114.312633 30.586218 114.312647 30.586212 0.0 106.0 106
2016-10-23 14:59:10 413802092 114.312625 30.586235 114.312633 30.586218 0.0 106.0 106
2016-10-23 15:00:45 413802092 114.312628 30.586233 114.312625 30.586235 0.0 106.0 106
2016-10-23 15:02:23 413802092 114.312633 30.586238 114.312628 30.586233 0.0 106.0 106
2016-10-23 15:05:13 413802092 114.312627 30.58622 114.312633 30.586238 0.0 106.0 106
2016-10-23 15:06:29 413802092 114.312622 30.586218 114.312627 30.58622 0.0 106.0 106
2016-10-23 15:08:10 413802092 114.312628 30.586228 114.312622 30.586218 0.0 106.0 106
2016-10-23 15:11:12 413802092 114.312618 30.586233 114.312628 30.586228 0.0 106.0 106
2016-10-23 15:12:55 413802092 114.312632 30.586237 114.312618 30.586233 0.0 106.0 106
2016-10-23 15:14:14 413802092 114.312637 30.58624 114.312632 30.586237 0.0 106.0 106
2016-10-23 15:17:19 413802092 114.312618 30.586247 114.312637 30.58624 0.0 106.0 106
2016-10-23 15:18:55 413802092 114.312615 30.586238 114.312618 30.586247 0.0 106.0 106
2016-10-23 15:20:04 413802092 114.312608 30.586235 114.312615 30.586238 0.0 106.0 106
2016-10-23 15:23:01 413802092 114.312597 30.586227 114.312608 30.586235 0.0 106.0 106
2016-10-23 15:24:29 413802092 114.312585 30.586225 114.312597 30.586227 0.0 106.0 106
2016-10-23 15:26:03 413802092 114.312595 30.586213 114.312585 30.586225 0.0 106.0 106
2016-10-23 15:29:00 413802092 114.312617 30.586175 114.312595 30.586213 0.0 106.0 106
2016-10-23 15:30:32 413802092 114.312618 30.586163 114.312617 30.586175 0.0 106.0 106
2016-10-23 15:32:08 413802092 114.312625 30.586177 114.312618 30.586163 0.0 106.0 106
2016-10-23 15:35:13 413802092 114.312613 30.586183 114.312625 30.586177 0.0 106.0 106
2016-10-23 15:36:43 413802092 114.312625 30.586185 114.312613 30.586183 0.0 106.0 106
2016-10-23 15:38:11 413802092 114.312625 30.58619 114.312625 30.586185 0.0 106.0 106
2016-10-23 15:41:20 413802092 114.31261 30.586198 114.312625 30.58619 0.0 106.0 106
2016-10-23 15:42:35 413802092 114.312622 30.58621 114.31261 30.586198 0.0 106.0 106
2016-10-23 15:44:06 413802092 114.312632 30.586213 114.312622 30.58621 0.0 106.0 106
2016-10-23 15:47:25 413802092 114.312612 30.586207 114.312632 30.586213 0.0 106.0 106
2016-10-23 15:48:58 413802092 114.312625 30.586217 114.312612 30.586207 0.0 106.0 106
2016-10-23 15:50:06 413802092 114.312643 30.586217 114.312625 30.586217 0.0 106.0 106
2016-10-23 15:53:07 413802092 114.312628 30.586223 114.312643 30.586217 0.0 106.0 106
2016-10-23 15:54:32 413802092 114.312633 30.586227 114.312628 30.586223 0.0 106.0 106
2016-10-23 15:56:10 413802092 114.312623 30.586227 114.312633 30.586227 0.0 106.0 106
2016-10-23 15:59:11 413802092 114.312608 30.586222 114.312623 30.586227 0.0 106.0 106
2016-10-23 16:00:33 413802092 114.312602 30.586213 114.312608 30.586222 0.0 106.0 106
2016-10-23 16:02:08 413802092 114.312613 30.586232 114.312602 30.586213 0.0 106.0 106
2016-10-23 16:05:01 413802092 114.312602 30.586238 114.312613 30.586232 0.0 106.0 106
2016-10-23 16:06:32 413802092 114.31261 30.586245 114.312602 30.586238 0.0 106.0 106
2016-10-23 16:07:57 413802092 114.312635 30.586228 114.31261 30.586245 0.0 106.0 106
2016-10-23 16:11:09 413802092 114.312658 30.586218 114.312635 30.586228 0.0 106.0 106
2016-10-23 16:12:33 413802092 114.31266 30.58622 114.312658 30.586218 0.0 106.0 106
2016-10-23 16:17:06 413802092 114.31266 30.586208 114.31266 30.58622 0.0 106.0 106
2016-10-23 16:20:11 413802092 114.312635 30.586222 114.31266 30.586208 0.0 106.0 106
2016-10-23 16:24:49 413802092 114.312648 30.58623 114.312635 30.586222 0.0 106.0 106
2016-10-23 16:26:04 413802092 114.312653 30.586213 114.312648 30.58623 0.0 106.0 106
2016-10-23 16:29:02 413802092 114.312653 30.5862 114.312653 30.586213 0.0 106.0 106
2016-10-23 16:30:36 413802092 114.312653 30.586217 114.312653 30.5862 0.0 106.0 106
2016-10-23 16:32:17 413802092 114.31266 30.586225 114.312653 30.586217 0.0 106.0 106
2016-10-23 16:35:25 413802092 114.31266 30.586238 114.31266 30.586225 0.0 106.0 106
2016-10-23 16:38:25 413802092 114.312672 30.586233 114.31266 30.586238 0.0 106.0 106
2016-10-23 16:41:09 413802092 114.31266 30.586228 114.312672 30.586233 0.0 106.0 106
2016-10-23 16:42:49 413802092 114.312662 30.586227 114.31266 30.586228 0.0 106.0 106
2016-10-23 16:44:04 413802092 114.312665 30.586202 114.312662 30.586227 0.0 106.0 106
2016-10-23 16:47:06 413802092 114.312633 30.586208 114.312665 30.586202 0.0 106.0 106
2016-10-23 16:48:46 413802092 114.312633 30.586203 114.312633 30.586208 0.0 106.0 106
2016-10-23 16:50:22 413802092 114.312632 30.586192 114.312633 30.586203 0.0 106.0 106
2016-10-23 16:53:11 413802092 114.312647 30.586188 114.312632 30.586192 0.0 106.0 106
2016-10-23 16:54:52 413802092 114.312645 30.58619 114.312647 30.586188 0.0 106.0 106
2016-10-23 16:56:32 413802092 114.31266 30.586192 114.312645 30.58619 0.0 106.0 106
2016-10-23 16:59:10 413802092 114.312673 30.586192 114.31266 30.586192 0.0 106.0 106
2016-10-23 17:00:38 413802092 114.312675 30.58621 114.312673 30.586192 0.0 106.0 106
2016-10-23 17:05:22 413802092 114.31258 30.586215 114.312675 30.58621 0.0 106.0 106
2016-10-23 17:06:33 413802092 114.312582 30.586215 114.31258 30.586215 0.0 106.0 106
2016-10-23 17:08:05 413802092 114.3126 30.586232 114.312582 30.586215 0.0 106.0 106
2016-10-23 17:11:02 413802092 114.31258 30.58621 114.3126 30.586232 0.0 106.0 106
2016-10-23 17:12:36 413802092 114.312568 30.586218 114.31258 30.58621 0.0 106.0 106
2016-10-23 17:14:03 413802092 114.312572 30.586225 114.312568 30.586218 0.0 106.0 106
2016-10-23 17:17:20 413802092 114.312592 30.58622 114.312572 30.586225 0.0 106.0 106
2016-10-23 17:18:47 413802092 114.312592 30.586225 114.312592 30.58622 0.0 106.0 106
2016-10-23 17:20:16 413802092 114.312597 30.586218 114.312592 30.586225 0.0 106.0 106
2016-10-23 17:23:05 413802092 114.312605 30.586228 114.312597 30.586218 0.0 106.0 106
2016-10-23 17:24:39 413802092 114.312607 30.586233 114.312605 30.586228 0.0 106.0 106
2016-10-23 17:26:02 413802092 114.312598 30.586235 114.312607 30.586233 0.0 106.0 106
2016-10-23 17:29:22 413802092 114.312598 30.586237 114.312598 30.586235 0.0 106.0 106
2016-10-23 17:30:45 413802092 114.312615 30.586255 114.312598 30.586237 0.0 106.0 106
2016-10-23 17:35:11 413802092 114.312593 30.586237 114.312615 30.586255 0.0 106.0 106
2016-10-23 17:36:45 413802092 114.312603 30.586237 114.312593 30.586237 0.0 106.0 106
2016-10-23 17:38:13 413802092 114.31261 30.586225 114.312603 30.586237 0.0 106.0 106
2016-10-23 17:41:02 413802092 114.312635 30.586197 114.31261 30.586225 0.0 106.0 106
2016-10-23 17:42:40 413802092 114.312635 30.586178 114.312635 30.586197 0.0 106.0 106
2016-10-23 17:44:00 413802092 114.312628 30.586163 114.312635 30.586178 0.0 106.0 106
2016-10-23 17:47:08 413802092 114.31264 30.586173 114.312628 30.586163 0.0 106.0 106
2016-10-23 17:48:45 413802092 114.31264 30.586162 114.31264 30.586173 0.0 106.0 106
2016-10-23 17:50:10 413802092 114.312628 30.58616 114.31264 30.586162 0.0 106.0 106
2016-10-23 17:53:19 413802092 114.312638 30.586148 114.312628 30.58616 0.0 106.0 106
2016-10-23 17:54:35 413802092 114.312648 30.586147 114.312638 30.586148 0.0 106.0 106
2016-10-23 17:56:03 413802092 114.312638 30.586152 114.312648 30.586147 0.0 106.0 106
2016-10-23 17:59:14 413802092 114.312622 30.58616 114.312638 30.586152 0.0 106.0 106
2016-10-23 18:00:39 413802092 114.312613 30.586163 114.312622 30.58616 0.0 106.0 106
2016-10-23 18:02:02 413802092 114.312622 30.58618 114.312613 30.586163 0.0 106.0 106
2016-10-23 18:05:10 413802092 114.312627 30.58617 114.312622 30.58618 0.0 106.0 106
2016-10-23 18:06:43 413802092 114.312605 30.586172 114.312627 30.58617 0.0 106.0 106
2016-10-23 18:08:09 413802092 114.312605 30.586175 114.312605 30.586172 0.0 106.0 106
2016-10-23 18:11:02 413802092 114.312617 30.586152 114.312605 30.586175 0.0 106.0 106
2016-10-23 18:14:07 413802092 114.312623 30.58617 114.312617 30.586152 0.0 106.0 106
2016-10-23 18:17:01 413802092 114.312625 30.586165 114.312623 30.58617 0.0 106.0 106
2016-10-23 18:20:05 413802092 114.31262 30.586178 114.312625 30.586165 0.0 106.0 106
2016-10-23 18:23:13 413802092 114.312623 30.58617 114.31262 30.586178 0.0 106.0 106
2016-10-23 18:24:47 413802092 114.312642 30.586183 114.312623 30.58617 0.0 106.0 106
2016-10-23 18:26:18 413802092 114.312628 30.586187 114.312642 30.586183 0.0 106.0 106
2016-10-23 18:29:11 413802092 114.312615 30.586187 114.312628 30.586187 0.0 106.0 106
2016-10-23 18:30:42 413802092 114.312615 30.586183 114.312615 30.586187 0.0 106.0 106
2016-10-23 18:32:02 413802092 114.312613 30.586183 114.312615 30.586183 0.0 106.0 106
2016-10-23 18:35:08 413802092 114.312647 30.586182 114.312613 30.586183 0.0 106.0 106
2016-10-23 18:36:43 413802092 114.312625 30.586192 114.312647 30.586182 0.0 106.0 106
2016-10-23 18:38:07 413802092 114.31264 30.586197 114.312625 30.586192 0.0 106.0 106
2016-10-23 18:41:04 413802092 114.312643 30.586195 114.31264 30.586197 0.0 106.0 106
2016-10-23 18:42:49 413802092 114.312638 30.58619 114.312643 30.586195 0.0 106.0 106
2016-10-23 18:44:04 413802092 114.312633 30.58619 114.312638 30.58619 0.0 106.0 106
2016-10-23 18:48:50 413802092 114.31264 30.586188 114.312633 30.58619 0.0 106.0 106
2016-10-23 18:50:04 413802092 114.312645 30.586183 114.31264 30.586188 0.0 106.0 106
2016-10-23 18:53:11 413802092 114.312647 30.58619 114.312645 30.586183 0.0 106.0 106
2016-10-23 18:54:44 413802092 114.31264 30.586183 114.312647 30.58619 0.0 106.0 106
2016-10-23 18:56:09 413802092 114.312622 30.586185 114.31264 30.586183 0.0 106.0 106
2016-10-23 18:59:10 413802092 114.312635 30.586197 114.312622 30.586185 0.0 106.0 106
2016-10-23 19:00:39 413802092 114.312625 30.586197 114.312635 30.586197 0.0 106.0 106
2016-10-23 19:02:00 413802092 114.31263 30.586197 114.312625 30.586197 0.0 106.0 106
2016-10-23 19:05:03 413802092 114.312612 30.586198 114.31263 30.586197 0.0 106.0 106
2016-10-23 19:06:42 413802092 114.312617 30.586197 114.312612 30.586198 0.0 106.0 106
2016-10-23 19:08:09 413802092 114.312618 30.586212 114.312617 30.586197 0.0 106.0 106
2016-10-23 19:11:02 413802092 114.312628 30.586193 114.312618 30.586212 0.0 106.0 106
2016-10-23 19:12:33 413802092 114.312627 30.586197 114.312628 30.586193 0.0 106.0 106
2016-10-23 19:14:03 413802092 114.312623 30.586197 114.312627 30.586197 0.0 106.0 106
2016-10-23 19:17:12 413802092 114.31263 30.586207 114.312623 30.586197 0.0 106.0 106
2016-10-23 19:18:55 413802092 114.31263 30.586198 114.31263 30.586207 0.0 106.0 106
2016-10-23 19:20:09 413802092 114.31263 30.586197 114.31263 30.586198 0.0 106.0 106
2016-10-23 19:22:59 413802092 114.312643 30.586202 114.31263 30.586197 0.0 106.0 106
2016-10-23 19:24:49 413802092 114.31264 30.586192 114.312643 30.586202 0.0 106.0 106
2016-10-23 19:26:10 413802092 114.312633 30.586193 114.31264 30.586192 0.0 106.0 106
2016-10-23 19:29:06 413802092 114.312622 30.586202 114.312633 30.586193 0.0 106.0 106
2016-10-23 19:30:44 413802092 114.312635 30.586207 114.312622 30.586202 0.0 106.0 106
2016-10-23 19:32:10 413802092 114.312628 30.586213 114.312635 30.586207 0.0 106.0 106
2016-10-23 19:35:10 413802092 114.312625 30.586207 114.312628 30.586213 0.0 106.0 106
2016-10-23 19:36:52 413802092 114.31262 30.586218 114.312625 30.586207 0.0 106.0 106
2016-10-23 19:38:04 413802092 114.312625 30.58622 114.31262 30.586218 0.0 106.0 106
2016-10-23 19:41:02 413802092 114.312623 30.586197 114.312625 30.58622 0.0 106.0 106
2016-10-23 19:44:18 413802092 114.312632 30.5862 114.312623 30.586197 0.0 106.0 106
2016-10-23 19:47:12 413802092 114.312615 30.5862 114.312632 30.5862 0.0 106.0 106
2016-10-23 19:48:57 413802092 114.312627 30.586195 114.312615 30.5862 0.0 106.0 106
2016-10-23 19:50:06 413802092 114.312617 30.586197 114.312627 30.586195 0.0 106.0 106
2016-10-23 19:53:04 413802092 114.312617 30.586195 114.312617 30.586197 0.0 106.0 106
2016-10-23 19:54:35 413802092 114.312628 30.586195 114.312617 30.586195 0.0 106.0 106
2016-10-23 19:56:05 413802092 114.31263 30.586192 114.312628 30.586195 0.0 106.0 106
2016-10-23 19:59:17 413802092 114.312628 30.586197 114.31263 30.586192 0.0 106.0 106
2016-10-23 20:00:53 413802092 114.31262 30.5862 114.312628 30.586197 0.0 106.0 106
2016-10-23 20:02:08 413802092 114.312617 30.586203 114.31262 30.5862 0.0 106.0 106
2016-10-23 20:05:15 413802092 114.312617 30.586192 114.312617 30.586203 0.0 106.0 106
2016-10-23 20:06:43 413802092 114.31263 30.586197 114.312617 30.586192 0.0 106.0 106
2016-10-23 20:08:11 413802092 114.312615 30.586202 114.31263 30.586197 0.0 106.0 106
2016-10-23 20:11:20 413802092 114.312638 30.586198 114.312615 30.586202 0.0 106.0 106
2016-10-23 20:12:53 413802092 114.312643 30.58619 114.312638 30.586198 0.0 106.0 106
2016-10-23 20:13:59 413802092 114.312635 30.586203 114.312643 30.58619 0.0 106.0 106
2016-10-23 20:17:23 413802092 114.312625 30.586215 114.312635 30.586203 0.0 106.0 106
2016-10-23 20:18:55 413802092 114.312628 30.58621 114.312625 30.586215 0.0 106.0 106
2016-10-23 20:20:06 413802092 114.31264 30.586222 114.312628 30.58621 0.0 106.0 106
2016-10-23 20:23:18 413802092 114.312615 30.586207 114.31264 30.586222 0.0 106.0 106
2016-10-23 20:24:46 413802092 114.312627 30.586213 114.312615 30.586207 0.0 106.0 106
2016-10-23 20:26:02 413802092 114.312625 30.586207 114.312627 30.586213 0.0 106.0 106
2016-10-23 20:29:11 413802092 114.31263 30.58618 114.312625 30.586207 0.0 106.0 106
2016-10-23 20:30:47 413802092 114.312623 30.586198 114.31263 30.58618 0.0 106.0 106
2016-10-23 20:32:05 413802092 114.312635 30.586213 114.312623 30.586198 0.0 106.0 106
2016-10-23 20:35:10 413802092 114.312637 30.586202 114.312635 30.586213 0.0 106.0 106
2016-10-23 20:38:01 413802092 114.31265 30.586202 114.312637 30.586202 0.0 106.0 106
2016-10-23 20:41:19 413802092 114.312662 30.5862 114.31265 30.586202 0.0 106.0 106
2016-10-23 20:42:39 413802092 114.312678 30.586195 114.312662 30.5862 0.0 106.0 106
2016-10-23 20:44:10 413802092 114.312673 30.586193 114.312678 30.586195 0.0 106.0 106
2016-10-23 20:47:14 413802092 114.312675 30.586178 114.312673 30.586193 0.0 106.0 106
2016-10-23 20:48:42 413802092 114.312653 30.586178 114.312675 30.586178 0.0 106.0 106
2016-10-23 20:50:23 413802092 114.312665 30.586188 114.312653 30.586178 0.0 106.0 106
2016-10-23 20:53:11 413802092 114.312663 30.586192 114.312665 30.586188 0.0 106.0 106
2016-10-23 20:54:51 413802092 114.312667 30.586188 114.312663 30.586192 0.0 106.0 106
2016-10-23 20:56:13 413802092 114.31267 30.586187 114.312667 30.586188 0.0 106.0 106
2016-10-23 21:00:48 413802092 114.312678 30.586185 114.31267 30.586187 0.0 106.0 106
2016-10-23 21:02:04 413802092 114.312685 30.586188 114.312678 30.586185 0.0 106.0 106
2016-10-23 21:05:12 413802092 114.312657 30.586173 114.312685 30.586188 0.0 106.0 106
2016-10-23 21:06:36 413802092 114.312672 30.58618 114.312657 30.586173 0.0 106.0 106
2016-10-23 21:08:16 413802092 114.312683 30.586187 114.312672 30.58618 0.0 106.0 106
2016-10-23 21:11:04 413802092 114.312673 30.586183 114.312683 30.586187 0.0 106.0 106
2016-10-23 21:12:47 413802092 114.312665 30.586178 114.312673 30.586183 0.0 106.0 106
2016-10-23 21:14:04 413802092 114.312675 30.58619 114.312665 30.586178 0.0 106.0 106
2016-10-23 21:17:21 413802092 114.312668 30.58619 114.312675 30.58619 0.0 106.0 106
2016-10-23 21:18:47 413802092 114.312667 30.586195 114.312668 30.58619 0.0 106.0 106
2016-10-23 21:20:09 413802092 114.31266 30.586188 114.312667 30.586195 0.0 106.0 106
2016-10-23 21:23:11 413802092 114.312647 30.586188 114.31266 30.586188 0.0 106.0 106
2016-10-23 21:24:44 413802092 114.312643 30.586183 114.312647 30.586188 0.0 106.0 106
2016-10-23 21:26:04 413802092 114.312638 30.586192 114.312643 30.586183 0.0 106.0 106
2016-10-23 21:29:10 413802092 114.312632 30.5862 114.312638 30.586192 0.0 106.0 106
2016-10-23 21:30:39 413802092 114.312647 30.586192 114.312632 30.5862 0.0 106.0 106
2016-10-23 21:31:59 413802092 114.312653 30.58619 114.312647 30.586192 0.0 106.0 106
2016-10-23 21:35:10 413802092 114.31264 30.586202 114.312653 30.58619 0.0 106.0 106
2016-10-23 21:36:36 413802092 114.312632 30.586197 114.31264 30.586202 0.0 106.0 106
2016-10-23 21:38:10 413802092 114.312627 30.586197 114.312632 30.586197 0.0 106.0 106
2016-10-23 21:41:03 413802092 114.312615 30.586195 114.312627 30.586197 0.0 106.0 106
2016-10-23 21:42:44 413802092 114.312608 30.58619 114.312615 30.586195 0.0 106.0 106
2016-10-23 21:44:03 413802092 114.312628 30.58619 114.312608 30.58619 0.0 106.0 106
2016-10-23 21:47:17 413802092 114.312623 30.586197 114.312628 30.58619 0.0 106.0 106
2016-10-23 21:48:37 413802092 114.312627 30.586205 114.312623 30.586197 0.0 106.0 106
2016-10-23 21:50:18 413802092 114.312632 30.58618 114.312627 30.586205 0.0 106.0 106
2016-10-23 21:52:59 413802092 114.312643 30.586182 114.312632 30.58618 0.0 106.0 106
2016-10-23 21:54:49 413802092 114.31262 30.586188 114.312643 30.586182 0.0 106.0 106
2016-10-23 21:56:11 413802092 114.312618 30.58619 114.31262 30.586188 0.0 106.0 106
2016-10-23 21:59:03 413802092 114.312618 30.586197 114.312618 30.58619 0.0 106.0 106
2016-10-23 22:02:15 413802092 114.312632 30.586197 114.312618 30.586197 0.0 106.0 106
2016-10-23 22:05:08 413802092 114.312648 30.586193 114.312632 30.586197 0.0 106.0 106
2016-10-23 22:06:46 413802092 114.312625 30.586192 114.312648 30.586193 0.0 106.0 106
2016-10-23 22:08:08 413802092 114.312627 30.58619 114.312625 30.586192 0.0 106.0 106
2016-10-23 22:11:05 413802092 114.312628 30.58619 114.312627 30.58619 0.0 106.0 106
2016-10-23 22:12:43 413802092 114.312605 30.586197 114.312628 30.58619 0.0 106.0 106
2016-10-23 22:14:27 413802092 114.312622 30.586198 114.312605 30.586197 0.0 106.0 106
2016-10-23 22:17:15 413802092 114.312607 30.58619 114.312622 30.586198 0.0 106.0 106
2016-10-23 22:18:51 413802092 114.312627 30.586197 114.312607 30.58619 0.0 106.0 106
2016-10-23 22:20:09 413802092 114.312617 30.586193 114.312627 30.586197 0.0 106.0 106
2016-10-23 22:23:05 413802092 114.312617 30.5862 114.312617 30.586193 0.0 106.0 106
2016-10-23 22:24:42 413802092 114.312617 30.586197 114.312617 30.5862 0.0 106.0 106
2016-10-23 22:26:06 413802092 114.31262 30.586192 114.312617 30.586197 0.0 106.0 106
2016-10-23 22:29:08 413802092 114.3126 30.586193 114.31262 30.586192 0.0 106.0 106
2016-10-23 22:30:54 413802092 114.3126 30.58621 114.3126 30.586193 0.0 106.0 106
2016-10-23 22:32:14 413802092 114.312612 30.58621 114.3126 30.58621 0.0 106.0 106
2016-10-23 22:35:14 413802092 114.312628 30.586195 114.312612 30.58621 0.0 106.0 106
2016-10-23 22:37:04 413802092 114.31264 30.586195 114.312628 30.586195 0.0 106.0 106
2016-10-23 22:38:17 413802092 114.312623 30.586212 114.31264 30.586195 0.0 106.0 106
2016-10-23 22:41:11 413802092 114.312588 30.586195 114.312623 30.586212 0.0 106.0 106
2016-10-23 22:42:45 413802092 114.312587 30.586187 114.312588 30.586195 0.0 106.0 106
2016-10-23 22:44:23 413802092 114.312602 30.586183 114.312587 30.586187 0.0 106.0 106
2016-10-23 22:47:20 413802092 114.312647 30.586198 114.312602 30.586183 0.0 106.0 106
2016-10-23 22:48:52 413802092 114.31265 30.586197 114.312647 30.586198 0.0 106.0 106
2016-10-23 22:56:06 413802092 114.312642 30.586192 114.312653 30.586208 0.0 106.0 106
2016-10-23 22:59:17 413802092 114.312665 30.586213 114.312642 30.586192 0.0 106.0 106
2016-10-23 23:00:42 413802092 114.31264 30.586203 114.312665 30.586213 0.0 106.0 106
2016-10-23 23:02:25 413802092 114.312642 30.58619 114.31264 30.586203 0.0 106.0 106
2016-10-23 23:05:17 413802092 114.312648 30.586218 114.312642 30.58619 0.0 106.0 106
2016-10-23 23:06:56 413802092 114.31265 30.586213 114.312648 30.586218 0.0 106.0 106
2016-10-23 23:08:16 413802092 114.312643 30.586205 114.31265 30.586213 0.0 106.0 106
2016-10-23 23:11:13 413802092 114.312645 30.586205 114.312643 30.586205 0.0 106.0 106
2016-10-23 23:13:04 413802092 114.31266 30.586193 114.312645 30.586205 0.0 106.0 106
2016-10-23 23:14:05 413802092 114.312672 30.586207 114.31266 30.586193 0.0 106.0 106
2016-10-23 23:17:11 413802092 114.312643 30.586192 114.312672 30.586207 0.0 106.0 106
2016-10-23 23:18:44 413802092 114.312662 30.5862 114.312643 30.586192 0.0 106.0 106
2016-10-23 23:20:11 413802092 114.312657 30.586192 114.312662 30.5862 0.0 106.0 106
2016-10-23 23:23:21 413802092 114.312652 30.586198 114.312657 30.586192 0.0 106.0 106
2016-10-23 23:24:42 413802092 114.312668 30.586212 114.312652 30.586198 0.0 106.0 106
2016-10-23 23:26:15 413802092 114.312652 30.586208 114.312668 30.586212 0.0 106.0 106
2016-10-23 23:29:18 413802092 114.312658 30.586208 114.312652 30.586208 0.0 106.0 106
2016-10-23 23:30:58 413802092 114.312643 30.586213 114.312658 30.586208 0.0 106.0 106
2016-10-23 23:32:18 413802092 114.31265 30.58621 114.312643 30.586213 0.0 106.0 106
2016-10-23 23:35:13 413802092 114.31265 30.586218 114.31265 30.58621 0.0 106.0 106
2016-10-23 23:38:07 413802092 114.312633 30.586203 114.31265 30.586218 0.0 106.0 106
2016-10-23 23:41:07 413802092 114.312632 30.58619 114.312633 30.586203 0.0 106.0 106
2016-10-23 23:42:51 413802092 114.312628 30.58619 114.312632 30.58619 0.0 106.0 106
2016-10-23 23:44:20 413802092 114.312627 30.586192 114.312628 30.58619 0.0 106.0 106
2016-10-23 23:47:13 413802092 114.312625 30.586188 114.312627 30.586192 0.0 106.0 106
2016-10-23 23:50:23 413802092 114.312653 30.5862 114.312625 30.586188 0.0 106.0 106
2016-10-23 23:53:10 413802092 114.31264 30.586182 114.312653 30.5862 0.0 106.0 106
2016-10-23 23:54:55 413802092 114.31263 30.58618 114.31264 30.586182 0.0 106.0 106
2016-10-23 23:56:03 413802092 114.312617 30.586188 114.31263 30.58618 0.0 106.0 106
2016-10-23 23:59:16 413802092 114.31267 30.586187 114.312617 30.586188 0.0 106.0 106
