2016-10-24 2:46:35 413773136 114.215487 30.46679 114.207212 30.458773 9.5 40.9
2016-10-24 2:49:03 413773136 114.220582 30.471732 114.215487 30.46679 9.4 43.1
2016-10-24 3:06:07 413773136 114.250562 30.505837 114.249522 30.504515 8.6 33.5
2016-10-24 3:07:14 413773136 114.251795 30.50743 114.250562 30.505837 7.9 33.3
2016-10-24 3:08:01 413773136 114.252707 30.508615 114.251795 30.50743 7.5 31.8
2016-10-24 3:08:34 413773136 114.253757 30.510043 114.252707 30.508615 7.0 35.5
2016-10-24 3:09:22 413773136 114.255037 30.511575 114.253757 30.510043 6.6 33.5
2016-10-24 3:10:45 413773136 114.256403 30.513343 114.255037 30.511575 6.5 33.7
2016-10-24 3:11:50 413773136 114.257548 30.514833 114.256403 30.513343 6.4 32.3
2016-10-24 3:12:09 413773136 114.258077 30.515593 114.257548 30.514833 6.3 32.6
2016-10-24 3:12:49 413773136 114.258813 30.516572 114.258077 30.515593 6.3 32.6
2016-10-24 3:13:16 413773136 114.259358 30.517308 114.258813 30.516572 6.3 32.3
2016-10-24 3:15:15 413773136 114.261462 30.520257 114.259358 30.517308 5.9 31.7
2016-10-24 3:15:44 413773136 114.261783 30.52071 114.261462 30.520257 5.6 32.1
2016-10-24 3:16:19 413773136 114.262407 30.521553 114.261783 30.52071 5.2 32.0
2016-10-24 3:17:24 413773136 114.263253 30.5227 114.262407 30.521553 4.6 33.1
2016-10-24 3:17:59 413773136 114.263825 30.523418 114.263253 30.5227 4.6 34.3
2016-10-24 3:18:31 413773136 114.264103 30.523765 114.263825 30.523418 4.5 33.5
2016-10-24 3:19:08 413773136 114.264623 30.52444 114.264103 30.523765 4.3 32.8
2016-10-24 3:19:49 413773136 114.26525 30.525262 114.264623 30.52444 4.7 33.4
2016-10-24 3:20:45 413773136 114.266035 30.526268 114.26525 30.525262 4.3 32.6
2016-10-24 3:21:31 413773136 114.266528 30.526935 114.266035 30.526268 4.2 32.9
2016-10-24 3:22:09 413773136 114.267005 30.527542 114.266528 30.526935 4.0 33.6
2016-10-24 3:22:37 413773136 114.267353 30.527997 114.267005 30.527542 3.8 34.9
2016-10-24 3:23:20 413773136 114.267878 30.528615 114.267353 30.527997 4.6 35.6
2016-10-24 3:24:28 413773136 114.268848 30.52987 114.267878 30.528615 4.3 33.4
2016-10-24 3:25:02 413773136 114.26923 30.530352 114.268848 30.52987 4.2 34.8
2016-10-24 3:26:14 413773136 114.270363 30.53181 114.26923 30.530352 5.9 33.8
2016-10-24 3:27:09 413773136 114.271298 30.533015 114.270363 30.53181 7.0 32.8
2016-10-24 3:27:46 413773136 114.27233 30.534502 114.271298 30.533015 7.7 30.4
2016-10-24 3:28:25 413773136 114.273165 30.535763 114.27233 30.534502 7.9 29.2
2016-10-24 3:29:57 413773136 114.274763 30.53796 114.273165 30.535763 8.0 33.4
2016-10-24 3:30:39 413773136 114.275948 30.539515 114.274763 30.53796 8.0 33.4
2016-10-24 3:31:28 413773136 114.277077 30.541077 114.275948 30.539515 7.9 30.8
2016-10-24 3:32:41 413773136 114.278732 30.543508 114.277077 30.541077 7.5 30.4
2016-10-24 3:33:15 413773136 114.27951 30.544728 114.278732 30.543508 7.4 27.4
2016-10-24 3:34:05 413773136 114.280088 30.545655 114.27951 30.544728 7.7 27.9
2016-10-24 3:34:23 413773136 114.28089 30.546978 114.280088 30.545655 8.4 27.4
2016-10-24 3:34:58 413773136 114.281302 30.547687 114.28089 30.546978 8.6 26.8
2016-10-24 3:35:35 413773136 114.282152 30.549135 114.281302 30.547687 8.7 26.8
2016-10-24 3:35:56 413773136 114.282722 30.55025 114.282152 30.549135 8.7 23.6
2016-10-24 3:36:34 413773136 114.283318 30.551338 114.282722 30.55025 8.6 24.3
2016-10-24 3:36:57 413773136 114.283932 30.55237 114.283318 30.551338 8.4 29.4
2016-10-24 3:37:16 413773136 114.284392 30.553055 114.283932 30.55237 8.2 30.6
2016-10-24 3:37:38 413773136 114.284845 30.553693 114.284392 30.553055 8.1 33.3
2016-10-24 3:37:55 413773136 114.285335 30.554318 114.284845 30.553693 8.2 35.0
2016-10-24 3:38:19 413773136 114.28583 30.554947 114.285335 30.554318 8.2 35.0
2016-10-24 3:38:39 413773136 114.28633 30.555575 114.28583 30.554947 8.1 35.4
2016-10-24 3:38:57 413773136 114.286852 30.556177 114.28633 30.555575 8.1 38.3
2016-10-24 3:39:44 413773136 114.287655 30.557077 114.286852 30.556177 8.2 37.7
2016-10-24 3:40:05 413773136 114.288695 30.55831 114.287655 30.557077 8.1 34.2
2016-10-24 3:41:12 413773136 114.290162 30.560195 114.288695 30.55831 8.2 31.9
2016-10-24 3:41:50 413773136 114.291057 30.561502 114.290162 30.560195 8.2 30.0
2016-10-24 3:42:35 413773136 114.29214 30.563147 114.291057 30.561502 7.9 29.6
2016-10-24 3:42:58 413773136 114.292555 30.563757 114.29214 30.563147 7.5 31.3
2016-10-24 3:43:17 413773136 114.29296 30.564342 114.292555 30.563757 7.2 31.4
2016-10-24 3:44:06 413773136 114.293718 30.565425 114.29296 30.564342 6.6 31.0
2016-10-24 3:44:25 413773136 114.294265 30.566188 114.293718 30.565425 6.3 31.8
2016-10-24 3:45:01 413773136 114.29479 30.566917 114.294265 30.566188 6.1 32.4
2016-10-24 3:45:25 413773136 114.295315 30.56763 114.29479 30.566917 6.0 32.5
2016-10-24 3:45:45 413773136 114.295653 30.568112 114.295315 30.56763 6.0 32.2
2016-10-24 3:46:04 413773136 114.295997 30.568583 114.295653 30.568112 5.9 33.4
2016-10-24 3:46:51 413773136 114.2967 30.569507 114.295997 30.568583 6.0 34.2
2016-10-24 3:47:13 413773136 114.297065 30.569977 114.2967 30.569507 6.0 32.9
2016-10-24 3:47:50 413773136 114.297743 30.570942 114.297065 30.569977 6.0 29.5
2016-10-24 3:48:25 413773136 114.298212 30.571658 114.297743 30.570942 6.0 30.4
2016-10-24 3:48:44 413773136 114.298693 30.572363 114.298212 30.571658 5.9 30.7
2016-10-24 3:49:20 413773136 114.299177 30.573057 114.298693 30.572363 5.8 31.2
2016-10-24 3:49:45 413773136 114.2995 30.573512 114.299177 30.573057 5.8 31.2
2016-10-24 3:50:20 413773136 114.299992 30.574203 114.2995 30.573512 5.8 31.5
2016-10-24 3:50:38 413773136 114.300477 30.574892 114.299992 30.574203 5.8 31.1
2016-10-24 3:51:12 413773136 114.300977 30.5756 114.300477 30.574892 5.9 30.7
2016-10-24 3:51:32 413773136 114.301312 30.576068 114.300977 30.5756 5.9 31.1
2016-10-24 3:51:49 413773136 114.301635 30.576535 114.301312 30.576068 5.9 31.5
2016-10-24 3:52:08 413773136 114.301963 30.577002 114.301635 30.576535 5.9 31.5
2016-10-24 3:52:38 413773136 114.302285 30.577477 114.301963 30.577002 5.9 30.5
2016-10-24 3:52:57 413773136 114.302762 30.578202 114.302285 30.577477 5.9 29.4
2016-10-24 3:53:14 413773136 114.303072 30.57868 114.302762 30.578202 5.9 29.2
2016-10-24 3:54:02 413773136 114.303695 30.579592 114.303072 30.57868 5.9 31.0
2016-10-24 3:54:20 413773136 114.304017 30.580053 114.303695 30.579592 5.9 30.8
2016-10-24 3:54:39 413773136 114.30434 30.58052 114.304017 30.580053 5.9 31.6
2016-10-24 3:55:30 413773136 114.305113 30.581737 114.30434 30.58052 5.9 28.9
2016-10-24 3:55:52 413773136 114.305413 30.582203 114.305113 30.581737 5.9 29.5
2016-10-24 3:56:10 413773136 114.305732 30.582673 114.305413 30.582203 5.9 29.2
2016-10-24 3:56:25 413773136 114.306052 30.58316 114.305732 30.582673 6.0 29.5
2016-10-24 3:56:52 413773136 114.30637 30.583662 114.306052 30.58316 6.5 28.7
2016-10-24 3:57:45 413773136 114.307563 30.585507 114.30637 30.583662 8.2 28.7
2016-10-24 3:58:32 413773136 114.308215 30.586527 114.307563 30.585507 8.5 28.8
2016-10-24 3:58:54 413773136 114.308895 30.587575 114.308215 30.586527 8.7 30.3
2016-10-24 3:59:36 413773136 114.310018 30.589357 114.308895 30.587575 8.8 27.7
2016-10-24 3:59:57 413773136 114.31046 30.590087 114.310018 30.589357 8.9 27.4
2016-10-24 4:00:14 413773136 114.31089 30.590817 114.31046 30.590087 8.8 26.8
2016-10-24 4:01:04 413773136 114.31173 30.592273 114.31089 30.590817 8.8 25.7
2016-10-24 4:01:22 413773136 114.312353 30.593403 114.31173 30.592273 8.8 24.8
2016-10-24 4:01:39 413773136 114.312547 30.593768 114.312353 30.593403 8.8 25.1
2016-10-24 4:01:56 413773136 114.31294 30.594502 114.312547 30.593768 8.8 24.9
2016-10-24 4:02:38 413773136 114.31375 30.595988 114.31294 30.594502 8.8 25.6
2016-10-24 4:02:58 413773136 114.31417 30.596742 114.31375 30.595988 8.8 26.7
2016-10-24 4:03:14 413773136 114.314595 30.59747 114.31417 30.596742 8.8 26.6
2016-10-24 4:03:40 413773136 114.315025 30.598193 114.314595 30.59747 8.7 28.4
2016-10-24 4:04:01 413773136 114.315475 30.598902 114.315025 30.598193 8.7 27.9
2016-10-24 4:04:18 413773136 114.315938 30.599593 114.315475 30.598902 8.4 30.4
2016-10-24 4:04:38 413773136 114.316358 30.600245 114.315938 30.599593 7.7 29.8
2016-10-24 4:05:08 413773136 114.316967 30.601115 114.316358 30.600245 7.1 31.2
2016-10-24 4:05:27 413773136 114.317343 30.601665 114.316967 30.601115 6.8 32.6
2016-10-24 4:06:05 413773136 114.318082 30.602692 114.317343 30.601665 6.3 31.8
2016-10-24 4:06:54 413773136 114.318872 30.603768 114.318082 30.602692 7.4 31.7
2016-10-24 4:07:29 413773136 114.319772 30.60499 114.318872 30.603768 7.9 29.2
2016-10-24 4:07:56 413773136 114.320232 30.605598 114.319772 30.60499 7.8 39.6
2016-10-24 4:08:15 413773136 114.32127 30.606348 114.320232 30.605598 9.0 53.3
2016-10-24 4:08:45 413773136 114.322508 30.607133 114.32127 30.606348 9.8 53.5
2016-10-24 4:09:07 413773136 114.323335 30.607728 114.322508 30.607133 10.1 49.5
2016-10-24 4:09:27 413773136 114.324177 30.608333 114.323335 30.607728 10.4 47.7
2016-10-24 4:09:49 413773136 114.324985 30.609005 114.324177 30.608333 10.4 46.2
2016-10-24 4:10:08 413773136 114.325767 30.609677 114.324985 30.609005 10.3 44.5
2016-10-24 4:10:40 413773136 114.32694 30.610715 114.325767 30.609677 10.4 44.3
2016-10-24 4:11:01 413773136 114.327688 30.611427 114.32694 30.610715 10.3 40.0
2016-10-24 4:11:18 413773136 114.328403 30.612165 114.327688 30.611427 10.4 39.9
2016-10-24 4:11:39 413773136 114.32913 30.612887 114.328403 30.612165 10.4 40.7
2016-10-24 4:12:10 413773136 114.330225 30.613988 114.32913 30.612887 10.4 43.0
2016-10-24 4:12:29 413773136 114.331013 30.614675 114.330225 30.613988 10.5 45.7
2016-10-24 4:12:45 413773136 114.331838 30.615347 114.331013 30.614675 10.5 46.8
2016-10-24 4:13:29 413773136 114.333523 30.616682 114.331838 30.615347 10.6 47.2
2016-10-24 4:13:50 413773136 114.334348 30.617327 114.333523 30.616682 10.1 47.8
2016-10-24 4:14:11 413773136 114.335137 30.617948 114.334348 30.617327 9.7 48.1
2016-10-24 4:14:30 413773136 114.33589 30.618532 114.335137 30.617948 9.2 48.8
2016-10-24 4:14:58 413773136 114.337002 30.619352 114.33589 30.618532 8.9 49.1
2016-10-24 4:15:19 413773136 114.337712 30.619903 114.337002 30.619352 8.9 48.9
2016-10-24 4:15:39 413773136 114.338422 30.620442 114.337712 30.619903 8.8 48.7
2016-10-24 4:16:27 413773136 114.340243 30.621755 114.338422 30.620442 8.9 49.3
2016-10-24 4:16:48 413773136 114.340972 30.62229 114.340243 30.621755 8.9 49.1
2016-10-24 4:17:10 413773136 114.341697 30.62283 114.340972 30.62229 8.9 48.9
2016-10-24 4:17:25 413773136 114.342415 30.623377 114.341697 30.62283 9.0 48.4
2016-10-24 4:17:54 413773136 114.34313 30.623938 114.342415 30.623377 9.0 47.2
2016-10-24 4:18:28 413773136 114.344567 30.625068 114.34313 30.623938 9.1 47.6
2016-10-24 4:19:18 413773136 114.346345 30.626507 114.344567 30.625068 9.1 47.2
2016-10-24 4:19:58 413773136 114.347718 30.62768 114.346345 30.626507 8.4 43.7
2016-10-24 4:20:18 413773136 114.348335 30.628218 114.347718 30.62768 8.0 45.2
2016-10-24 4:20:49 413773136 114.349215 30.628978 114.348335 30.628218 7.5 45.0
2016-10-24 4:21:11 413773136 114.349775 30.629453 114.349215 30.628978 7.3 46.7
2016-10-24 4:21:30 413773136 114.35033 30.629902 114.349775 30.629453 7.1 46.0
2016-10-24 4:21:48 413773136 114.350868 30.630338 114.35033 30.629902 7.0 46.2
2016-10-24 4:22:20 413773136 114.351673 30.631 114.350868 30.630338 6.9 46.7
2016-10-24 4:23:00 413773136 114.352802 30.631888 114.351673 30.631 7.4 48.7
2016-10-24 4:23:17 413773136 114.353415 30.632345 114.352802 30.631888 8.1 48.4
2016-10-24 4:23:42 413773136 114.354077 30.63287 114.353415 30.632345 8.5 45.0
2016-10-24 4:24:02 413773136 114.354755 30.633438 114.354077 30.63287 8.8 42.9
2016-10-24 4:24:19 413773136 114.355403 30.634032 114.354755 30.633438 9.1 44.2
2016-10-24 4:25:10 413773136 114.357192 30.635572 114.355403 30.634032 9.5 46.9
2016-10-24 4:25:34 413773136 114.357943 30.636168 114.357192 30.635572 9.6 47.2
2016-10-24 4:25:55 413773136 114.359085 30.637068 114.357943 30.636168 9.6 48.9
2016-10-24 4:26:36 413773136 114.360265 30.637908 114.359085 30.637068 9.6 52.1
2016-10-24 4:26:57 413773136 114.3615 30.638703 114.360265 30.637908 9.6 55.3
2016-10-24 4:27:19 413773136 114.362347 30.639198 114.3615 30.638703 9.5 55.1
2016-10-24 4:27:39 413773136 114.363187 30.639708 114.362347 30.639198 9.5 56.7
2016-10-24 4:28:16 413773136 114.364447 30.640445 114.363187 30.639708 9.4 53.1
2016-10-24 4:28:40 413773136 114.365657 30.641247 114.364447 30.640445 9.4 53.9
2016-10-24 4:29:01 413773136 114.36647 30.641777 114.365657 30.641247 9.4 51.2
2016-10-24 4:29:19 413773136 114.367257 30.642322 114.36647 30.641777 9.4 50.3
2016-10-24 4:29:47 413773136 114.368423 30.643167 114.367257 30.642322 9.4 49.0
2016-10-24 4:30:07 413773136 114.369182 30.64374 114.368423 30.643167 9.4 47.2
2016-10-24 4:30:23 413773136 114.369932 30.644332 114.369182 30.64374 9.5 47.9
2016-10-24 4:31:04 413773136 114.371078 30.645207 114.369932 30.644332 9.4 48.2
2016-10-24 4:31:21 413773136 114.37183 30.645772 114.371078 30.645207 9.3 50.0
2016-10-24 4:31:43 413773136 114.37261 30.646312 114.37183 30.645772 9.2 52.9
2016-10-24 4:32:28 413773136 114.374658 30.6475 114.37261 30.646312 9.1 57.8
2016-10-24 4:32:47 413773136 114.375497 30.647937 114.374658 30.6475 9.1 59.9
2016-10-24 4:33:04 413773136 114.376342 30.648332 114.375497 30.647937 9.0 61.3
2016-10-24 4:33:23 413773136 114.376765 30.648537 114.376342 30.648332 9.0 61.4
2016-10-24 4:33:52 413773136 114.378052 30.649138 114.376765 30.648537 9.0 63.6
2016-10-24 4:34:13 413773136 114.378918 30.64952 114.378052 30.649138 9.0 63.5
2016-10-24 4:34:34 413773136 114.379797 30.649883 114.378918 30.64952 9.1 64.4
2016-10-24 4:34:56 413773136 114.381112 30.650398 114.379797 30.649883 9.1 65.8
2016-10-24 4:35:31 413773136 114.382453 30.65092 114.381112 30.650398 9.1 66.2
2016-10-24 4:35:53 413773136 114.383347 30.651253 114.382453 30.65092 9.1 66.8
2016-10-24 4:36:10 413773136 114.384247 30.651585 114.383347 30.651253 9.1 66.7
2016-10-24 4:36:28 413773136 114.385138 30.651912 114.384247 30.651585 9.1 66.9
2016-10-24 4:36:58 413773136 114.38648 30.652405 114.385138 30.651912 9.2 67.4
2016-10-24 4:37:43 413773136 114.388277 30.653082 114.38648 30.652405 9.1 67.1
2016-10-24 4:38:49 413773136 114.391373 30.654218 114.388277 30.653082 8.1 65.4
2016-10-24 4:39:22 413773136 114.392502 30.654652 114.391373 30.654218 7.6 67.1
2016-10-24 4:39:52 413773136 114.393588 30.655038 114.392502 30.654652 7.2 67.7
2016-10-24 4:40:12 413773136 114.394293 30.655283 114.393588 30.655038 7.0 68.1
2016-10-24 4:40:30 413773136 114.394995 30.655533 114.394293 30.655283 6.9 66.7
2016-10-24 4:40:48 413773136 114.39566 30.65578 114.394995 30.655533 6.6 66.7
2016-10-24 4:41:21 413773136 114.396292 30.656003 114.39566 30.65578 6.2 67.4
2016-10-24 4:41:39 413773136 114.397148 30.656302 114.396292 30.656003 5.7 68.9
2016-10-24 4:42:01 413773136 114.397713 30.656483 114.397148 30.656302 5.5 68.7
2016-10-24 4:42:52 413773136 114.399018 30.65696 114.397713 30.656483 5.1 62.8
2016-10-24 4:43:11 413773136 114.399532 30.65717 114.399018 30.65696 5.9 69.6
2016-10-24 4:43:31 413773136 114.400202 30.6573 114.399532 30.65717 7.1 80.2
2016-10-24 4:43:51 413773136 114.401033 30.65742 114.400202 30.6573 7.9 80.8
2016-10-24 4:44:23 413773136 114.402357 30.657547 114.401033 30.65742 8.6 81.7
2016-10-24 4:45:01 413773136 114.404292 30.657877 114.402357 30.657547 9.0 76.8
2016-10-24 4:45:44 413773136 114.405708 30.658205 114.404292 30.657877 9.0 75.3
2016-10-24 4:46:00 413773136 114.407122 30.658525 114.405708 30.658205 9.0 74.0
2016-10-24 4:47:36 413773136 114.411242 30.659578 114.407122 30.658525 8.9 73.6
2016-10-24 4:48:11 413773136 114.412595 30.659953 114.411242 30.659578 8.9 72.3
2016-10-24 4:51:08 413773136 114.420542 30.662525 114.412595 30.659953 8.7 69.5
2016-10-24 4:51:35 413773136 114.421842 30.662963 114.420542 30.662525 8.7 68.6
2016-10-24 4:52:38 413773136 114.424417 30.663868 114.421842 30.662963 8.6 67.1
2016-10-24 4:53:38 413773136 114.426975 30.664815 114.424417 30.663868 8.6 67.1
2016-10-24 4:53:55 413773136 114.428257 30.665295 114.426975 30.664815 8.7 66.5
2016-10-24 4:54:43 413773136 114.429533 30.665777 114.428257 30.665295 8.8 67.4
2016-10-24 4:55:01 413773136 114.430822 30.666232 114.429533 30.665777 8.7 67.1
2016-10-24 4:55:54 413773136 114.43211 30.66672 114.430822 30.666232 8.8 66.8
2016-10-24 4:56:32 413773136 114.434697 30.667665 114.43211 30.66672 8.8 67.6
2016-10-24 4:57:32 413773136 114.43736 30.668587 114.434697 30.667665 8.9 69.0
2016-10-24 4:58:10 413773136 114.438685 30.669023 114.43736 30.668587 8.9 67.7
2016-10-24 5:00:09 413773136 114.443983 30.670877 114.438685 30.669023 8.9 66.7
2016-10-24 5:01:09 413773136 114.4466 30.671952 114.443983 30.670877 9.1 62.9
2016-10-24 5:01:30 413773136 114.44792 30.672542 114.4466 30.671952 9.0 63.1
2016-10-24 5:02:46 413773136 114.450492 30.673673 114.44792 30.672542 8.9 63.0
2016-10-24 5:03:25 413773136 114.451765 30.674252 114.450492 30.673673 8.9 63.2
2016-10-24 5:04:15 413773136 114.45428 30.675375 114.451765 30.674252 8.9 63.2
2016-10-24 5:05:33 413773136 114.456818 30.676512 114.45428 30.675375 8.8 61.7
2016-10-24 5:06:15 413773136 114.459465 30.677667 114.456818 30.676512 10.2 65.6
2016-10-24 5:08:02 413773136 114.465997 30.679938 114.459465 30.677667 11.2 69.3
2016-10-24 5:08:29 413773136 114.46769 30.680473 114.465997 30.679938 11.1 69.3
2016-10-24 5:10:39 413773136 114.474372 30.682795 114.46769 30.680473 11.1 67.3
2016-10-24 5:10:59 413773136 114.475985 30.683402 114.474372 30.682795 11.1 67.5
2016-10-24 5:11:36 413773136 114.477685 30.683917 114.475985 30.683402 11.2 71.8
2016-10-24 5:12:32 413773136 114.481115 30.684875 114.477685 30.683917 11.2 71.9
2016-10-24 5:14:01 413773136 114.486217 30.686517 114.481115 30.684875 11.1 69.6
2016-10-24 5:14:31 413773136 114.487887 30.687028 114.486217 30.686517 11.1 71.2
2016-10-24 5:15:09 413773136 114.489563 30.687507 114.487887 30.687028 11.1 72.4
2016-10-24 5:15:55 413773136 114.49128 30.687953 114.489563 30.687507 11.1 75.3
2016-10-24 5:16:33 413773136 114.494765 30.688617 114.49128 30.687953 11.1 85.0
2016-10-24 5:17:37 413773136 114.498343 30.688773 114.494765 30.688617 11.1 89.7
2016-10-24 5:17:55 413773136 114.5001 30.68874 114.498343 30.688773 11.0 92.7
2016-10-24 5:18:36 413773136 114.501873 30.688647 114.5001 30.68874 11.1 94.7
2016-10-24 5:20:15 413773136 114.507197 30.687895 114.501873 30.688647 11.1 104.5
2016-10-24 5:20:57 413773136 114.51065 30.687067 114.507197 30.687895 11.2 107.3
2016-10-24 5:23:31 413773136 114.519032 30.684552 114.51065 30.687067 11.0 112.5
2016-10-24 5:24:35 413773136 114.522318 30.683312 114.519032 30.684552 11.2 115.4
2016-10-24 5:25:39 413773136 114.525458 30.681945 114.522318 30.683312 10.7 119.6
2016-10-24 5:26:31 413773136 114.52835 30.680475 114.525458 30.681945 10.4 123.0
2016-10-24 5:29:38 413773136 114.537203 30.67431 114.52835 30.680475 12.2 141.9
2016-10-24 5:32:38 413773136 114.542273 30.665398 114.537203 30.67431 10.8 156.7
2016-10-24 5:40:08 413773136 114.552743 30.6471 114.549845 30.651815 9.5 152.3
2016-10-24 5:40:44 413773136 114.553443 30.645923 114.552743 30.6471 9.5 152.6
2016-10-24 5:42:48 413773136 114.55614 30.641183 114.553443 30.645923 9.5 154.8
2016-10-24 5:43:56 413773136 114.558038 30.637593 114.55614 30.641183 9.4 155.8
