2016-10-21 4:04:04 413828573 114.633893 30.56018 114.636307 30.56574 6.0 212.2 238
2016-10-21 4:06:01 413828573 114.631533 30.55821 114.633893 30.56018 4.8 235.5 238
2016-10-21 4:06:44 413828573 114.63096 30.55778 114.631533 30.55821 4.9 233.2 237
2016-10-21 4:07:13 413828573 114.630333 30.557303 114.63096 30.55778 4.8 235.3 238
2016-10-21 4:09:01 413828573 114.627853 30.556213 114.630333 30.557303 3.9 280.4 238
2016-10-21 4:15:07 413828573 114.61956 30.556183 114.621053 30.55619 4.6 272.9 238
2016-10-21 4:16:08 413828573 114.618013 30.556143 114.61956 30.556183 4.7 273.2 238
2016-10-21 5:20:40 413828573 114.554667 30.637093 114.555973 30.634013 6.0 344.1 238
2016-10-21 5:21:46 413828573 114.55404 30.638673 114.554667 30.637093 5.9 344.5 238
2016-10-21 5:23:53 413828573 114.552827 30.641827 114.55404 30.638673 5.8 345.6 238
2016-10-21 5:24:15 413828573 114.55252 30.64263 114.552827 30.641827 5.9 345.9 238
2016-10-21 5:24:32 413828573 114.552253 30.643353 114.55252 30.64263 5.8 345.6 238
2016-10-21 5:26:05 413828573 114.551307 30.6457 114.552253 30.643353 5.7 343.2 238
2016-10-21 5:27:03 413828573 114.550947 30.646443 114.551307 30.6457 5.7 341.8 238
2016-10-21 5:27:48 413828573 114.550253 30.64789 114.550947 30.646443 5.6 341.2 238
2016-10-21 5:30:23 413828573 114.548293 30.651533 114.550253 30.64789 5.5 340.1 238
2016-10-21 5:32:01 413828573 114.547267 30.65361 114.548293 30.651533 5.3 341.5 238
2016-10-21 5:32:44 413828573 114.546627 30.654997 114.547267 30.65361 5.2 341.4 238
2016-10-21 5:36:28 413828573 114.544133 30.65948 114.546627 30.654997 5.0 337.5 238
2016-10-21 5:37:43 413828573 114.542973 30.66131 114.544133 30.65948 5.1 335.0 238
2016-10-21 5:38:33 413828573 114.54252 30.661977 114.542973 30.66131 5.2 334.9 238
2016-10-21 5:39:13 413828573 114.541787 30.663257 114.54252 30.661977 5.1 338.3 238
2016-10-21 5:39:57 413828573 114.541427 30.663907 114.541787 30.663257 5.2 338.9 238
2016-10-21 5:40:38 413828573 114.540813 30.66524 114.541427 30.663907 5.3 346.4 238
2016-10-21 5:41:37 413828573 114.540587 30.665927 114.540813 30.66524 5.3 348.7 238
2016-10-21 5:44:24 413828573 114.538707 30.669997 114.540587 30.665927 5.2 332.0 238
2016-10-21 5:44:56 413828573 114.538253 30.670607 114.538707 30.669997 5.2 331.0 238
2016-10-21 5:45:20 413828573 114.537747 30.671273 114.538253 30.670607 5.2 330.3 238
2016-10-21 5:45:39 413828573 114.53732 30.67183 114.537747 30.671273 5.2 331.6 238
2016-10-21 5:46:36 413828573 114.536813 30.67252 114.53732 30.67183 5.3 332.1 238
2016-10-21 5:48:46 413828573 114.534413 30.675487 114.536813 30.67252 5.1 318.6 238
2016-10-21 5:49:05 413828573 114.53376 30.67595 114.534413 30.675487 5.0 310.1 238
2016-10-21 5:50:41 413828573 114.531733 30.67705 114.53376 30.67595 5.1 304.2 238
2016-10-21 5:51:29 413828573 114.53096 30.677437 114.531733 30.67705 5.2 305.4 238
2016-10-21 5:52:15 413828573 114.529547 30.678223 114.53096 30.677437 5.3 307.7 238
2016-10-21 5:52:59 413828573 114.528773 30.678677 114.529547 30.678223 5.4 307.6 238
2016-10-21 5:55:16 413828573 114.525173 30.680897 114.528773 30.678677 5.6 313.0 238
2016-10-21 5:56:31 413828573 114.52364 30.681897 114.525173 30.680897 5.7 309.2 238
2016-10-21 5:57:44 413828573 114.522907 30.682307 114.52364 30.681897 5.7 305.0 238
2016-10-21 6:01:32 413828573 114.51516 30.684603 114.52036 30.68333 5.6 290.2 238
2016-10-21 6:02:18 413828573 114.513493 30.68509 114.51516 30.684603 5.5 294.7 238
2016-10-21 6:04:53 413828573 114.50928 30.686433 114.513493 30.68509 5.6 292.5 238
2016-10-21 6:05:18 413828573 114.50836 30.68668 114.50928 30.686433 5.7 292.2 238
2016-10-21 6:05:42 413828573 114.507427 30.686933 114.50836 30.68668 5.8 292.0 238
2016-10-21 6:06:35 413828573 114.505667 30.687307 114.507427 30.686933 5.8 284.9 238
2016-10-21 6:08:50 413828573 114.50176 30.687687 114.505667 30.687307 5.9 271.9 238
2016-10-21 6:09:22 413828573 114.5008 30.6876 114.50176 30.687687 5.8 266.8 238
2016-10-21 6:09:45 413828573 114.499947 30.687497 114.5008 30.6876 5.8 266.1 238
2016-10-21 6:10:07 413828573 114.499027 30.687383 114.499947 30.687497 5.8 265.9 238
2016-10-21 6:11:27 413828573 114.497213 30.687113 114.499027 30.687383 5.8 265.0 238
2016-10-21 6:11:47 413828573 114.496227 30.686977 114.497213 30.687113 5.7 266.7 238
2016-10-21 6:13:01 413828573 114.494387 30.686783 114.496227 30.686977 5.6 268.6 238
2016-10-21 6:14:13 413828573 114.491733 30.68646 114.494387 30.686783 5.4 261.8 238
2016-10-21 6:14:58 413828573 114.49084 30.68631 114.491733 30.68646 5.4 261.6 238
2016-10-21 6:15:19 413828573 114.490013 30.686153 114.49084 30.68631 5.4 262.3 238
2016-10-21 6:15:47 413828573 114.489107 30.685987 114.490013 30.686153 5.2 263.6 238
2016-10-21 6:16:10 413828573 114.48828 30.685833 114.489107 30.685987 5.3 261.0 238
2016-10-21 6:16:49 413828573 114.48744 30.685627 114.48828 30.685833 5.4 256.8 238
2016-10-21 6:18:32 413828573 114.484933 30.68507 114.48744 30.685627 5.3 259.9 238
2016-10-21 6:19:20 413828573 114.48332 30.684667 114.484933 30.68507 5.3 257.7 238
2016-10-21 6:20:36 413828573 114.481693 30.684207 114.48332 30.684667 5.3 256.5 238
2016-10-21 6:21:25 413828573 114.479973 30.68377 114.481693 30.684207 5.3 257.1 238
2016-10-21 6:22:12 413828573 114.478347 30.683317 114.479973 30.68377 5.3 256.5 238
2016-10-21 6:23:25 413828573 114.476627 30.68278 114.478347 30.683317 5.4 252.4 238
2016-10-21 6:24:53 413828573 114.474293 30.681783 114.476627 30.68278 5.4 245.4 238
2016-10-21 6:25:24 413828573 114.473493 30.681417 114.474293 30.681783 5.4 246.7 238
2016-10-21 6:26:13 413828573 114.47192 30.680753 114.473493 30.681417 5.4 250.3 238
2016-10-21 6:27:12 413828573 114.470307 30.68018 114.47192 30.680753 5.3 254.3 238
2016-10-21 6:29:06 413828573 114.467853 30.679473 114.470307 30.68018 5.4 257.0 238
2016-10-21 6:29:59 413828573 114.466107 30.678993 114.467853 30.679473 5.4 256.5 238
2016-10-21 6:30:21 413828573 114.465307 30.678753 114.466107 30.678993 5.5 252.6 238
2016-10-21 6:30:52 413828573 114.46456 30.67848 114.465307 30.678753 5.4 249.7 238
2016-10-21 6:31:58 413828573 114.462907 30.677887 114.46456 30.67848 5.4 253.9 238
2016-10-21 6:32:29 413828573 114.462093 30.677643 114.462907 30.677887 5.4 255.3 238
2016-10-21 6:32:57 413828573 114.461253 30.67739 114.462093 30.677643 5.4 256.5 238
2016-10-21 6:33:44 413828573 114.459827 30.6766 114.461253 30.67739 5.0 235.3 238
2016-10-21 6:34:16 413828573 114.45916 30.676113 114.459827 30.6766 5.1 233.5 238
2016-10-21 6:34:45 413828573 114.45852 30.675687 114.45916 30.676113 5.1 239.4 238
2016-10-21 6:36:00 413828573 114.45712 30.6749 114.45852 30.675687 5.2 243.2 238
2016-10-21 6:37:43 413828573 114.454067 30.673563 114.45712 30.6749 5.4 251.3 238
2016-10-21 6:38:48 413828573 114.4524 30.67297 114.454067 30.673563 5.6 251.9 238
2016-10-21 6:39:19 413828573 114.451493 30.67266 114.4524 30.67297 5.6 253.0 238
2016-10-21 6:39:43 413828573 114.450747 30.672397 114.451493 30.67266 5.6 252.3 238
2016-10-21 6:40:25 413828573 114.449827 30.672063 114.450747 30.672397 5.6 251.1 238
2016-10-21 6:40:54 413828573 114.449013 30.671777 114.449827 30.672063 5.6 253.9 238
2016-10-21 6:41:18 413828573 114.448147 30.67154 114.449013 30.671777 5.6 257.3 238
2016-10-21 6:41:40 413828573 114.447267 30.67131 114.448147 30.67154 5.5 258.5 238
2016-10-21 6:42:32 413828573 114.4464 30.671133 114.447267 30.67131 5.5 261.5 238
2016-10-21 6:43:49 413828573 114.443947 30.67105 114.4464 30.671133 4.8 287.6 238
2016-10-21 6:44:22 413828573 114.443227 30.671233 114.443947 30.67105 4.8 292.6 238
2016-10-21 6:45:32 413828573 114.441733 30.671743 114.443227 30.671233 5.1 297.0 238
2016-10-21 6:46:28 413828573 114.440093 30.6723 114.441733 30.671743 5.4 294.2 237
2016-10-21 6:46:51 413828573 114.439333 30.672523 114.440093 30.6723 5.5 292.4 238
2016-10-21 6:47:15 413828573 114.438453 30.67275 114.439333 30.672523 5.6 290.0 238
2016-10-21 6:47:46 413828573 114.4376 30.672923 114.438453 30.67275 5.6 285.3 238
2016-10-21 6:48:14 413828573 114.436627 30.67303 114.4376 30.672923 5.5 276.4 237
2016-10-21 6:48:43 413828573 114.435813 30.672993 114.436627 30.67303 5.2 266.2 238
2016-10-21 6:49:36 413828573 114.43496 30.672817 114.435813 30.672993 5.1 256.6 238
2016-10-21 6:50:29 413828573 114.43344 30.672267 114.43496 30.672817 5.3 248.4 238
2016-10-21 6:50:51 413828573 114.43264 30.671923 114.43344 30.672267 5.4 247.6 238
2016-10-21 6:51:25 413828573 114.43184 30.671563 114.43264 30.671923 5.6 246.4 237
2016-10-21 6:51:49 413828573 114.431013 30.671173 114.43184 30.671563 5.7 245.7 238
2016-10-21 6:53:02 413828573 114.42944 30.670413 114.431013 30.671173 5.8 245.4 238
2016-10-21 6:53:50 413828573 114.427787 30.66963 114.42944 30.670413 5.9 246.1 238
2016-10-21 6:54:09 413828573 114.426947 30.669243 114.427787 30.66963 5.9 247.2 238
2016-10-21 6:55:03 413828573 114.426053 30.66883 114.426947 30.669243 5.9 245.3 238
2016-10-21 6:55:51 413828573 114.424493 30.668023 114.426053 30.66883 5.9 241.7 238
2016-10-21 6:56:27 413828573 114.423667 30.667563 114.424493 30.668023 6.0 242.1 238
2016-10-21 6:56:53 413828573 114.422813 30.667103 114.423667 30.667563 5.9 242.7 238
2016-10-21 6:58:41 413828573 114.42032 30.665897 114.422813 30.667103 5.8 248.9 238
2016-10-21 6:59:25 413828573 114.418613 30.665267 114.42032 30.665897 5.7 252.6 238
2016-10-21 7:00:09 413828573 114.41772 30.66495 114.418613 30.665267 5.7 253.4 238
2016-10-21 7:01:07 413828573 114.416013 30.664397 114.41772 30.66495 5.7 253.9 238
2016-10-21 7:01:59 413828573 114.414227 30.66383 114.416013 30.664397 5.8 254.1 238
2016-10-21 7:02:24 413828573 114.413347 30.66355 114.414227 30.66383 5.8 254.4 237
2016-10-21 7:03:44 413828573 114.411653 30.66297 114.413347 30.66355 5.8 251.4 238
2016-10-21 7:04:35 413828573 114.409867 30.662317 114.411653 30.66297 5.7 252.4 237
2016-10-21 7:04:57 413828573 114.409027 30.66204 114.409867 30.662317 5.6 253.6 238
2016-10-21 7:05:58 413828573 114.407373 30.661477 114.409027 30.66204 5.6 253.2 238
2016-10-21 7:06:20 413828573 114.406467 30.66117 114.407373 30.661477 5.6 251.9 237
2016-10-21 7:07:10 413828573 114.4056 30.660867 114.406467 30.66117 5.5 252.9 238
2016-10-21 7:08:01 413828573 114.404013 30.660313 114.4056 30.660867 5.5 250.7 238
2016-10-21 7:08:24 413828573 114.403107 30.66 114.404013 30.660313 5.4 253.2 237
2016-10-21 7:08:57 413828573 114.40232 30.659733 114.403107 30.66 5.4 253.0 238
2016-10-21 7:09:25 413828573 114.40152 30.65946 114.40232 30.659733 5.3 254.1 237
2016-10-21 7:10:41 413828573 114.399907 30.658917 114.40152 30.65946 5.2 252.4 237
2016-10-21 7:11:49 413828573 114.397533 30.658113 114.399907 30.658917 5.3 254.8 238
2016-10-21 7:12:27 413828573 114.396667 30.657847 114.397533 30.658113 5.3 255.5 237
2016-10-21 7:12:58 413828573 114.39588 30.657613 114.396667 30.657847 5.3 255.6 238
2016-10-21 7:13:19 413828573 114.395053 30.657413 114.39588 30.657613 5.2 262.8 237
2016-10-21 7:14:15 413828573 114.39424 30.657327 114.395053 30.657413 5.2 270.2 238
2016-10-21 7:15:05 413828573 114.392467 30.6573 114.39424 30.657327 5.4 274.5 238
2016-10-21 7:15:27 413828573 114.39168 30.657297 114.392467 30.6573 5.4 273.4 238
2016-10-21 7:16:00 413828573 114.39068 30.657233 114.39168 30.657297 5.4 265.8 238
2016-10-21 7:16:30 413828573 114.389933 30.65709 114.39068 30.657233 5.3 259.2 238
2016-10-21 7:16:58 413828573 114.38908 30.656847 114.389933 30.65709 5.4 254.4 238
2016-10-21 7:18:00 413828573 114.387373 30.65623 114.38908 30.656847 5.6 249.9 238
2016-10-21 7:19:24 413828573 114.384827 30.655193 114.387373 30.65623 5.9 249.6 237
2016-10-21 7:19:58 413828573 114.38404 30.654867 114.384827 30.655193 6.0 248.7 238
2016-10-21 7:20:23 413828573 114.383053 30.654437 114.38404 30.654867 6.0 246.8 237
2016-10-21 7:21:38 413828573 114.381373 30.653597 114.383053 30.654437 6.0 243.1 237
2016-10-21 7:22:29 413828573 114.379747 30.652707 114.381373 30.653597 6.1 239.9 237
2016-10-21 7:22:54 413828573 114.37892 30.652177 114.379747 30.652707 6.1 236.4 238
2016-10-21 7:23:35 413828573 114.378147 30.65164 114.37892 30.652177 6.1 235.3 237
2016-10-21 7:24:02 413828573 114.377413 30.651107 114.378147 30.65164 6.2 233.9 238
2016-10-21 7:24:28 413828573 114.376693 30.6506 114.377413 30.651107 6.0 239.3 237
2016-10-21 7:24:52 413828573 114.375827 30.650137 114.376693 30.6506 5.8 243.4 238
2016-10-21 7:25:25 413828573 114.374973 30.649733 114.375827 30.650137 5.7 247.7 237
2016-10-21 7:25:54 413828573 114.37412 30.649393 114.374973 30.649733 5.8 250.4 238
2016-10-21 7:26:17 413828573 114.373347 30.64909 114.37412 30.649393 5.8 249.6 237
2016-10-21 7:27:17 413828573 114.3716 30.648367 114.373347 30.64909 5.9 249.9 237
2016-10-21 7:27:50 413828573 114.370707 30.648023 114.3716 30.648367 6.0 250.4 238
2016-10-21 7:28:38 413828573 114.36976 30.647663 114.370707 30.648023 6.0 249.3 237
2016-10-21 7:29:42 413828573 114.367947 30.64686 114.36976 30.647663 6.2 246.9 237
2016-10-21 7:30:30 413828573 114.366213 30.646063 114.367947 30.64686 6.2 245.1 237
2016-10-21 7:31:02 413828573 114.3654 30.645647 114.366213 30.646063 6.2 242.9 238
2016-10-21 7:31:24 413828573 114.36452 30.645153 114.3654 30.645647 6.2 239.4 237
2016-10-21 7:31:51 413828573 114.36368 30.644583 114.36452 30.645153 6.1 234.2 238
2016-10-21 7:32:46 413828573 114.362973 30.644023 114.36368 30.644583 6.1 230.8 237
2016-10-21 7:33:37 413828573 114.362227 30.643417 114.362973 30.644023 6.0 230.0 238
2016-10-21 7:34:43 413828573 114.36016 30.6416 114.362227 30.643417 6.1 229.7 237
2016-10-21 7:35:34 413828573 114.358693 30.640407 114.36016 30.6416 6.1 231.5 237
2016-10-21 7:35:58 413828573 114.357947 30.639803 114.358693 30.640407 6.1 231.5 238
2016-10-21 7:36:32 413828573 114.357227 30.63921 114.357947 30.639803 6.2 230.6 237
2016-10-21 7:37:17 413828573 114.355853 30.638047 114.357227 30.63921 6.1 228.7 237
2016-10-21 7:38:19 413828573 114.355133 30.637403 114.355853 30.638047 6.0 228.0 238
2016-10-21 7:39:08 413828573 114.353813 30.63615 114.355133 30.637403 6.0 227.1 238
2016-10-21 7:39:28 413828573 114.353147 30.635543 114.353813 30.63615 5.9 228.4 237
2016-10-21 7:40:03 413828573 114.352507 30.634983 114.353147 30.635543 5.8 230.3 238
2016-10-21 7:40:28 413828573 114.351827 30.634407 114.352507 30.634983 5.8 228.0 237
2016-10-21 7:40:55 413828573 114.3512 30.633783 114.351827 30.634407 5.7 225.5 238
2016-10-21 7:41:21 413828573 114.35064 30.63322 114.3512 30.633783 5.6 225.7 237
2016-10-21 7:41:50 413828573 114.350027 30.632623 114.35064 30.63322 5.6 225.7 238
2016-10-21 7:42:36 413828573 114.349387 30.632007 114.350027 30.632623 5.5 226.7 237
2016-10-21 7:43:00 413828573 114.348773 30.63144 114.349387 30.632007 5.5 227.3 238
2016-10-21 7:43:30 413828573 114.3482 30.630917 114.348773 30.63144 5.5 226.8 237
2016-10-21 7:43:57 413828573 114.3476 30.63035 114.3482 30.630917 5.4 228.8 238
2016-10-21 7:44:16 413828573 114.34696 30.629787 114.3476 30.63035 5.4 229.4 237
2016-10-21 7:45:12 413828573 114.346373 30.629273 114.34696 30.629787 5.4 229.5 238
2016-10-21 7:45:35 413828573 114.345707 30.62869 114.346373 30.629273 5.3 228.8 237
2016-10-21 7:45:58 413828573 114.345147 30.62819 114.345707 30.62869 5.3 228.5 238
2016-10-21 7:46:23 413828573 114.34452 30.627627 114.345147 30.62819 5.3 228.8 237
2016-10-21 7:47:00 413828573 114.34396 30.627143 114.34452 30.627627 5.3 228.9 238
2016-10-21 7:47:31 413828573 114.343307 30.626593 114.34396 30.627143 5.2 228.7 237
2016-10-21 7:47:56 413828573 114.342693 30.626063 114.343307 30.626593 5.2 230.3 238
2016-10-21 7:48:22 413828573 114.342133 30.625587 114.342693 30.626063 5.2 230.7 237
2016-10-21 7:48:55 413828573 114.34148 30.62509 114.342133 30.625587 5.1 235.8 238
2016-10-21 7:49:25 413828573 114.34084 30.624653 114.34148 30.62509 5.1 236.6 237
2016-10-21 7:49:50 413828573 114.34012 30.6242 114.34084 30.624653 5.1 240.0 238
2016-10-21 7:50:46 413828573 114.339467 30.62383 114.34012 30.6242 5.1 242.1 237
2016-10-21 7:51:34 413828573 114.338027 30.623057 114.339467 30.62383 5.2 242.9 237
2016-10-21 7:51:56 413828573 114.337333 30.622673 114.338027 30.623057 5.2 241.0 238
2016-10-21 7:52:31 413828573 114.336587 30.622227 114.337333 30.622673 5.3 238.3 237
2016-10-21 7:52:59 413828573 114.33588 30.621767 114.336587 30.622227 5.2 235.4 238
2016-10-21 7:53:25 413828573 114.335253 30.621307 114.33588 30.621767 5.2 233.3 237
2016-10-21 7:54:20 413828573 114.334627 30.62082 114.335253 30.621307 5.2 231.8 238
2016-10-21 7:54:50 413828573 114.333467 30.61988 114.334627 30.62082 5.2 230.6 238
2016-10-21 7:55:43 413828573 114.332813 30.619333 114.333467 30.61988 5.2 230.5 237
2016-10-21 7:56:23 413828573 114.33164 30.61831 114.332813 30.619333 5.3 229.2 237
2016-10-21 7:57:10 413828573 114.331 30.617747 114.33164 30.61831 5.3 227.9 238
2016-10-21 7:57:35 413828573 114.33044 30.61724 114.331 30.617747 5.3 227.6 237
2016-10-21 7:58:08 413828573 114.329827 30.616677 114.33044 30.61724 5.4 227.4 238
2016-10-21 7:58:32 413828573 114.329253 30.616143 114.329827 30.616677 5.4 226.7 237
2016-10-21 7:59:00 413828573 114.32868 30.615583 114.329253 30.616143 5.4 226.7 238
2016-10-21 7:59:24 413828573 114.328053 30.614993 114.32868 30.615583 5.5 226.2 237
2016-10-21 8:00:00 413828573 114.327507 30.614457 114.328053 30.614993 5.5 225.6 238
2016-10-21 8:00:24 413828573 114.326827 30.61379 114.327507 30.614457 5.6 226.0 237
2016-10-21 8:01:05 413828573 114.326293 30.613273 114.326827 30.61379 5.6 226.6 238
2016-10-21 8:01:37 413828573 114.325693 30.612707 114.326293 30.613273 5.6 226.2 237
2016-10-21 8:02:07 413828573 114.32504 30.61205 114.325693 30.612707 5.7 225.8 238
2016-10-21 8:02:39 413828573 114.324427 30.611447 114.32504 30.61205 5.7 225.6 237
2016-10-21 8:03:04 413828573 114.323853 30.610893 114.324427 30.611447 5.7 225.6 238
2016-10-21 8:03:38 413828573 114.323187 30.610227 114.323853 30.610893 5.8 224.8 237
2016-10-21 8:04:04 413828573 114.322653 30.609677 114.323187 30.610227 5.7 223.6 238
2016-10-21 8:04:28 413828573 114.322013 30.60902 114.322653 30.609677 5.7 223.9 237
2016-10-21 8:04:55 413828573 114.321493 30.608463 114.322013 30.60902 5.7 222.7 238
2016-10-21 8:05:27 413828573 114.32084 30.607747 114.321493 30.608463 5.7 222.2 237
2016-10-21 8:05:53 413828573 114.320307 30.60714 114.32084 30.607747 5.5 221.6 238
2016-10-21 8:06:35 413828573 114.319827 30.60659 114.320307 30.60714 5.1 221.7 237
2016-10-21 8:07:07 413828573 114.319347 30.606047 114.319827 30.60659 4.7 222.5 238
2016-10-21 8:07:38 413828573 114.318827 30.605503 114.319347 30.606047 4.4 224.9 237
2016-10-21 8:08:07 413828573 114.318413 30.605067 114.318827 30.605503 4.2 226.9 238
2016-10-21 8:08:36 413828573 114.317933 30.604613 114.318413 30.605067 4.1 226.2 237
2016-10-21 8:09:12 413828573 114.31752 30.604183 114.317933 30.604613 4.1 223.3 238
2016-10-21 8:09:35 413828573 114.31712 30.6037 114.31752 30.604183 4.1 219.5 237
2016-10-21 8:09:58 413828573 114.31676 30.603263 114.31712 30.6037 4.1 218.6 238
2016-10-21 8:10:19 413828573 114.316373 30.602763 114.31676 30.603263 4.1 219.0 237
2016-10-21 8:10:56 413828573 114.315987 30.60228 114.316373 30.602763 4.2 219.1 238
2016-10-21 8:11:26 413828573 114.31556 30.60176 114.315987 30.60228 4.2 220.1 237
2016-10-21 8:12:10 413828573 114.31516 30.601277 114.31556 30.60176 4.3 220.5 238
2016-10-21 8:12:50 413828573 114.314773 30.600803 114.31516 30.601277 4.3 219.9 237
2016-10-21 8:14:13 413828573 114.313627 30.599343 114.314773 30.600803 4.4 217.6 238
2016-10-21 8:15:15 413828573 114.312827 30.598257 114.313627 30.599343 4.8 216.2 238
2016-10-21 8:15:35 413828573 114.312427 30.597677 114.312827 30.598257 5.0 215.1 237
2016-10-21 8:16:01 413828573 114.311973 30.597027 114.312427 30.597677 5.2 214.5 238
2016-10-21 8:16:37 413828573 114.311547 30.596373 114.311973 30.597027 5.3 213.9 237
2016-10-21 8:17:05 413828573 114.31112 30.59572 114.311547 30.596373 5.4 215.1 238
2016-10-21 8:17:33 413828573 114.310667 30.595057 114.31112 30.59572 5.5 216.9 237
2016-10-21 8:17:57 413828573 114.310187 30.59441 114.310667 30.595057 5.5 217.7 238
2016-10-21 8:18:36 413828573 114.30968 30.59377 114.310187 30.59441 5.5 221.1 237
2016-10-21 8:19:05 413828573 114.3092 30.593213 114.30968 30.59377 5.4 221.5 238
2016-10-21 8:19:33 413828573 114.30864 30.59258 114.3092 30.593213 5.5 223.4 237
2016-10-21 8:19:54 413828573 114.308093 30.591997 114.30864 30.59258 5.4 224.0 238
2016-10-21 8:20:25 413828573 114.307493 30.591373 114.308093 30.591997 5.4 224.4 237
2016-10-21 8:21:16 413828573 114.30692 30.5908 114.307493 30.591373 5.5 226.1 238
2016-10-21 8:21:41 413828573 114.30632 30.590237 114.30692 30.5908 5.5 226.3 237
2016-10-21 8:22:20 413828573 114.305707 30.589627 114.30632 30.590237 5.6 224.3 238
2016-10-21 8:23:19 413828573 114.30464 30.58841 114.305707 30.589627 5.6 220.7 238
2016-10-21 8:24:17 413828573 114.303573 30.587053 114.30464 30.58841 5.6 218.2 238
2016-10-21 8:25:08 413828573 114.30256 30.58577 114.303573 30.587053 5.7 218.4 238
2016-10-21 8:25:35 413828573 114.302067 30.58512 114.30256 30.58577 5.8 218.2 237
2016-10-21 8:26:13 413828573 114.30152 30.584413 114.302067 30.58512 5.8 216.6 238
2016-10-21 8:26:44 413828573 114.301053 30.583703 114.30152 30.584413 5.9 213.1 237
2016-10-21 8:27:35 413828573 114.30024 30.582283 114.301053 30.583703 5.8 209.7 237
2016-10-21 8:28:10 413828573 114.29984 30.58149 114.30024 30.582283 5.8 207.2 238
2016-10-21 8:28:40 413828573 114.29948 30.580713 114.29984 30.58149 5.7 204.9 237
2016-10-21 8:29:08 413828573 114.299133 30.57997 114.29948 30.580713 5.6 207.0 238
2016-10-21 8:30:19 413828573 114.2984 30.57853 114.299133 30.57997 5.7 211.7 238
2016-10-21 8:31:11 413828573 114.297533 30.57717 114.2984 30.57853 5.7 214.0 238
2016-10-21 8:31:36 413828573 114.297027 30.576427 114.297533 30.57717 5.8 217.1 237
2016-10-21 8:33:02 413828573 114.295467 30.574397 114.297027 30.576427 5.9 219.9 238
2016-10-21 8:33:24 413828573 114.294867 30.573673 114.295467 30.574397 5.9 219.5 237
2016-10-21 8:34:04 413828573 114.29436 30.573047 114.294867 30.573673 5.9 219.5 238
2016-10-21 8:34:33 413828573 114.293827 30.572363 114.29436 30.573047 5.8 218.7 237
2016-10-21 8:34:59 413828573 114.293293 30.57168 114.293827 30.572363 5.8 219.3 238
2016-10-21 8:35:27 413828573 114.29276 30.57102 114.293293 30.57168 5.8 218.7 237
2016-10-21 8:36:01 413828573 114.292253 30.57036 114.29276 30.57102 5.8 217.6 238
2016-10-21 8:36:27 413828573 114.291693 30.569653 114.292253 30.57036 5.8 218.4 237
2016-10-21 8:36:54 413828573 114.291227 30.569027 114.291693 30.569653 5.8 217.9 238
2016-10-21 8:38:00 413828573 114.29064 30.56827 114.291227 30.569027 5.8 218.2 237
2016-10-21 8:40:02 413828573 114.2884 30.564703 114.29064 30.56827 5.9 213.0 238
2016-10-21 8:40:34 413828573 114.287893 30.563913 114.2884 30.564703 5.9 215.1 237
2016-10-21 8:41:02 413828573 114.2874 30.56322 114.287893 30.563913 5.9 217.5 238
2016-10-21 8:41:29 413828573 114.286893 30.562627 114.2874 30.56322 5.7 224.3 237
2016-10-21 8:42:02 413828573 114.286213 30.561947 114.286893 30.562627 5.8 226.6 238
2016-10-21 8:42:59 413828573 114.284973 30.560787 114.286213 30.561947 5.9 227.4 238
2016-10-21 8:44:37 413828573 114.28328 30.55878 114.284973 30.560787 5.8 211.9 237
2016-10-21 8:44:56 413828573 114.28288 30.558003 114.28328 30.55878 5.8 204.7 238
2016-10-21 8:46:57 413828573 114.28224 30.555683 114.28288 30.558003 5.9 195.8 237
2016-10-21 8:47:35 413828573 114.28172 30.553977 114.28224 30.555683 5.8 204.1 237
2016-10-21 8:48:16 413828573 114.2814 30.55328 114.28172 30.553977 5.8 206.3 238
2016-10-21 8:49:12 413828573 114.280573 30.55182 114.2814 30.55328 5.7 214.0 238
2016-10-21 8:49:38 413828573 114.280107 30.551107 114.280573 30.55182 5.7 214.1 237
2016-10-21 8:51:31 413828573 114.278347 30.548263 114.280107 30.551107 5.7 209.4 237
2016-10-21 8:52:12 413828573 114.278027 30.547567 114.278347 30.548263 5.6 205.0 238
2016-10-21 8:53:35 413828573 114.277173 30.545303 114.278027 30.547567 5.5 203.5 237
2016-10-21 8:54:16 413828573 114.276867 30.54454 114.277173 30.545303 5.5 205.4 238
2016-10-21 8:55:33 413828573 114.275693 30.54254 114.276867 30.54454 5.3 212.1 237
2016-10-21 8:56:09 413828573 114.275293 30.541917 114.275693 30.54254 5.2 212.7 238
2016-10-21 8:56:40 413828573 114.27492 30.541317 114.275293 30.541917 5.2 211.5 237
2016-10-21 8:57:03 413828573 114.274507 30.540607 114.27492 30.541317 5.1 212.0 238
2016-10-21 8:57:30 413828573 114.274107 30.539943 114.274507 30.540607 5.1 212.4 237
2016-10-21 8:59:12 413828573 114.272947 30.53811 114.274107 30.539943 5.0 212.7 238
2016-10-21 8:59:40 413828573 114.272573 30.537527 114.272947 30.53811 5.0 213.7 237
2016-10-21 9:00:15 413828573 114.272133 30.53685 114.272573 30.537527 5.0 213.6 238
2016-10-21 9:01:31 413828573 114.270813 30.535087 114.272133 30.53685 5.0 218.3 237
2016-10-21 9:04:01 413828573 114.269507 30.533623 114.270813 30.535087 0.1 4.4 238
2016-10-21 9:04:29 413828573 114.269453 30.533587 114.269507 30.533623 1.0 262.1 237
2016-10-21 9:09:58 413828573 114.269453 30.533587 114.269453 30.533587 1.0 262.1 237
2016-10-21 9:15:35 413828573 114.259827 30.523483 114.263387 30.52698 4.8 222.3 237
2016-10-21 9:19:07 413828573 114.256507 30.519597 114.259827 30.523483 5.1 221.0 238
2016-10-21 9:22:07 413828573 114.25352 30.516063 114.256507 30.519597 5.2 219.2 238
2016-10-21 9:22:34 413828573 114.253067 30.515487 114.25352 30.516063 5.2 218.1 237
2016-10-21 9:23:06 413828573 114.252573 30.51483 114.253067 30.515487 5.2 217.5 238
2016-10-21 9:26:11 413828573 114.2498 30.511013 114.252573 30.51483 5.5 215.6 238
2016-10-21 9:26:39 413828573 114.249347 30.510377 114.2498 30.511013 5.5 216.2 237
2016-10-21 9:35:37 413828573 114.240307 30.498973 114.243347 30.50354 4.6 211.5 237
2016-10-21 9:36:20 413828573 114.23992 30.498353 114.240307 30.498973 4.3 212.5 238
2016-10-21 9:36:53 413828573 114.2396 30.497823 114.23992 30.498353 4.0 211.2 237
2016-10-21 9:41:47 413828573 114.237133 30.492907 114.2396 30.497823 3.6 211.2 238
2016-10-21 9:42:26 413828573 114.236867 30.492473 114.237133 30.492907 3.6 212.0 238
2016-10-21 9:46:09 413828573 114.23448 30.489073 114.236867 30.492473 4.2 224.6 238
2016-10-21 9:47:42 413828573 114.232933 30.487763 114.23448 30.489073 4.5 230.4 237
2016-10-21 9:50:08 413828573 114.230547 30.485283 114.232933 30.487763 4.5 224.8 238
2016-10-21 9:55:10 413828573 114.22572 30.4805 114.230547 30.485283 4.6 221.4 238
2016-10-21 10:08:37 413828573 114.213627 30.468167 114.215293 30.46934 4.4 231.9 238
