2016-10-18 9:34:07 413827047 114.538393 30.6689 114.538415 30.668955 0 121.7
2016-10-18 9:39:18 413827047 114.538393 30.668902 114.538393 30.6689 0 121.7
2016-10-18 9:42:04 413827047 114.538398 30.668902 114.538393 30.668902 0 121.7
2016-10-18 9:44:58 413827047 114.538403 30.668905 114.538398 30.668902 0 121.7
2016-10-18 9:48:03 413827047 114.538405 30.668905 114.538403 30.668905 0 121.7
2016-10-18 9:50:51 413827047 114.538408 30.66891 114.538405 30.668905 0 121.7
2016-10-18 9:53:56 413827047 114.538413 30.66891 114.538408 30.66891 0 121.7
2016-10-18 9:57:17 413827047 114.538423 30.668913 114.538413 30.66891 0 121.7
2016-10-18 10:03:18 413827047 114.538433 30.668922 114.538423 30.668913 0 121.7
2016-10-18 10:06:12 413827047 114.538433 30.668917 114.538433 30.668922 0 121.7
2016-10-18 10:09:15 413827047 114.538437 30.668915 114.538433 30.668917 0 121.7
2016-10-18 10:11:59 413827047 114.53844 30.668927 114.538437 30.668915 0 121.7
2016-10-18 10:14:59 413827047 114.538448 30.668925 114.53844 30.668927 0 121.7
2016-10-18 10:18:09 413827047 114.538465 30.668927 114.538448 30.668925 0 121.7
2016-10-18 10:27:05 413827047 114.538472 30.668923 114.538463 30.668923 0 121.7
2016-10-18 10:29:53 413827047 114.538472 30.668925 114.538472 30.668923 0 121.7
2016-10-18 10:50:51 413827047 114.538495 30.668947 114.538492 30.668942 0 121.7
2016-10-18 10:54:01 413827047 114.538498 30.668952 114.538495 30.668947 0 121.7
2016-10-18 10:56:53 413827047 114.538507 30.66895 114.538498 30.668952 0 121.7
2016-10-18 11:00:09 413827047 114.538508 30.668953 114.538507 30.66895 0 121.7
2016-10-18 11:03:17 413827047 114.53851 30.668958 114.538508 30.668953 0 121.7
2016-10-18 11:06:22 413827047 114.538512 30.668953 114.53851 30.668958 0 121.7
2016-10-18 11:08:54 413827047 114.538513 30.668963 114.538512 30.668953 0 121.7
2016-10-18 11:12:28 413827047 114.53851 30.668967 114.538513 30.668963 0 121.7
2016-10-18 11:15:22 413827047 114.53851 30.668968 114.53851 30.668967 0 121.7
2016-10-18 11:18:06 413827047 114.538508 30.668968 114.53851 30.668968 0 121.7
2016-10-18 11:30:24 413827047 114.538505 30.668973 114.538505 30.668975 0 121.7
2016-10-18 11:33:20 413827047 114.53851 30.668977 114.538505 30.668973 0 121.7
2016-10-18 11:36:22 413827047 114.538513 30.668973 114.53851 30.668977 0 121.7
2016-10-18 11:38:57 413827047 114.538518 30.66897 114.538513 30.668973 0 121.7
2016-10-18 11:42:00 413827047 114.538517 30.668982 114.538518 30.66897 0 121.7
2016-10-18 11:45:20 413827047 114.538525 30.668975 114.538517 30.668982 0 121.7
2016-10-18 12:03:25 413827047 114.538538 30.668977 114.538533 30.668977 0 121.7
2016-10-18 12:06:08 413827047 114.538552 30.668978 114.538538 30.668977 0 121.7
2016-10-18 12:09:09 413827047 114.538547 30.668982 114.538552 30.668978 0 121.7
2016-10-18 12:12:18 413827047 114.538552 30.668983 114.538547 30.668982 0 121.7
2016-10-18 12:15:22 413827047 114.538555 30.668982 114.538552 30.668983 0 121.7
2016-10-18 12:24:06 413827047 114.538565 30.668985 114.538557 30.668987 0 121.7
2016-10-18 12:27:07 413827047 114.538553 30.668988 114.538565 30.668985 0 121.7
2016-10-18 12:30:14 413827047 114.538553 30.668978 114.538553 30.668988 0 121.7
2016-10-18 12:33:17 413827047 114.538555 30.668985 114.538553 30.668978 0 121.7
2016-10-18 12:36:23 413827047 114.538543 30.668978 114.538555 30.668985 0 121.7
2016-10-18 12:57:18 413827047 114.538527 30.668978 114.538527 30.66898 0 121.7
2016-10-18 13:00:23 413827047 114.53852 30.668992 114.538527 30.668978 0 121.7
2016-10-18 13:03:16 413827047 114.538523 30.66899 114.53852 30.668992 0 121.7
2016-10-18 13:12:22 413827047 114.538523 30.668998 114.538517 30.668998 0 121.7
2016-10-18 13:15:21 413827047 114.53852 30.668998 114.538523 30.668998 0 121.7
2016-10-18 13:18:41 413827047 114.538518 30.669 114.53852 30.668998 0 121.7
2016-10-18 13:21:16 413827047 114.53852 30.669002 114.538518 30.669 0 121.7
2016-10-18 13:24:06 413827047 114.538528 30.669002 114.53852 30.669002 0 121.7
2016-10-18 13:30:48 413827047 114.538532 30.669005 114.538528 30.66901 0 121.7
2016-10-18 13:36:10 413827047 114.538533 30.66902 114.538532 30.669005 0 121.7
2016-10-18 13:45:20 413827047 114.538533 30.669027 114.538532 30.669022 0 121.7
2016-10-18 13:48:12 413827047 114.538537 30.669035 114.538533 30.669027 0 121.7
2016-10-18 13:51:22 413827047 114.538537 30.66904 114.538537 30.669035 0 121.7
2016-10-18 13:54:25 413827047 114.538542 30.669035 114.538537 30.66904 0 121.7
2016-10-18 13:57:10 413827047 114.538533 30.669037 114.538542 30.669035 0 121.7
2016-10-18 14:00:11 413827047 114.538532 30.669032 114.538533 30.669037 0 121.7
2016-10-18 14:03:29 413827047 114.538543 30.669033 114.538532 30.669032 0 121.7
2016-10-18 14:06:26 413827047 114.538545 30.669037 114.538543 30.669033 0 121.7
2016-10-18 14:09:22 413827047 114.538538 30.66903 114.538545 30.669037 0 121.7
2016-10-18 14:12:41 413827047 114.53854 30.669035 114.538538 30.66903 0 121.7
2016-10-18 14:18:39 413827047 114.538548 30.669037 114.538552 30.66903 0 121.7
2016-10-18 14:21:41 413827047 114.538553 30.66903 114.538548 30.669037 0 121.7
2016-10-18 14:24:11 413827047 114.538552 30.66903 114.538553 30.66903 0 121.7
2016-10-18 14:24:40 413827047 114.538552 30.669028 114.538552 30.66903 0 121.7
2016-10-18 14:36:29 413827047 114.538542 30.669018 114.538547 30.669022 0 121.7
2016-10-18 14:39:12 413827047 114.538537 30.669022 114.538542 30.669018 0 121.7
2016-10-18 14:42:33 413827047 114.538538 30.669015 114.538537 30.669022 0 121.7
2016-10-18 14:45:14 413827047 114.53854 30.669018 114.538538 30.669015 0 121.7
2016-10-18 14:48:43 413827047 114.538548 30.669018 114.53854 30.669018 0 121.7
2016-10-18 14:51:18 413827047 114.538547 30.669017 114.538548 30.669018 0 121.7
2016-10-18 14:54:27 413827047 114.538542 30.669018 114.538547 30.669017 0 121.7
2016-10-18 14:57:26 413827047 114.538542 30.669018 114.538542 30.669018 0 121.7
2016-10-18 15:00:32 413827047 114.53854 30.669018 114.538542 30.669018 0 121.7
2016-10-18 15:03:12 413827047 114.538548 30.669013 114.53854 30.669018 0 121.7
2016-10-18 15:06:21 413827047 114.538557 30.669015 114.538548 30.669013 0 121.7
2016-10-18 15:09:24 413827047 114.538545 30.669017 114.538557 30.669015 0 121.7
2016-10-18 15:12:55 413827047 114.538547 30.669015 114.538545 30.669017 0 121.7
2016-10-18 15:21:23 413827047 114.53856 30.669017 114.538548 30.669015 0 121.7
2016-10-18 15:24:30 413827047 114.538565 30.669015 114.53856 30.669017 0 121.7
2016-10-18 15:27:21 413827047 114.538553 30.669017 114.538565 30.669015 0 121.7
2016-10-18 15:30:30 413827047 114.538557 30.669013 114.538553 30.669017 0 121.7
2016-10-18 15:33:29 413827047 114.538553 30.669012 114.538557 30.669013 0 121.7
2016-10-18 15:36:26 413827047 114.538552 30.669013 114.538553 30.669012 0 121.7
2016-10-18 15:42:36 413827047 114.538553 30.669013 114.538552 30.669013 0 121.7
2016-10-18 15:45:19 413827047 114.538555 30.669012 114.538553 30.669013 0 121.7
2016-10-18 15:48:21 413827047 114.538552 30.669015 114.538555 30.669012 0 121.7
2016-10-18 15:51:34 413827047 114.538552 30.669017 114.538552 30.669015 0 121.7
2016-10-18 15:54:42 413827047 114.538557 30.669018 114.538552 30.669017 0 121.7
2016-10-18 15:57:34 413827047 114.538555 30.669018 114.538557 30.669018 0 121.7
2016-10-18 16:00:25 413827047 114.538557 30.669022 114.538555 30.669018 0 121.7
2016-10-18 16:03:13 413827047 114.538547 30.66902 114.538557 30.669022 0 121.7
2016-10-18 16:06:14 413827047 114.53855 30.669012 114.538547 30.66902 0 121.7
2016-10-18 16:06:49 413827047 114.53855 30.669018 114.53855 30.669012 0 121.7
2016-10-18 16:09:17 413827047 114.538547 30.669017 114.53855 30.669018 0 121.7
2016-10-18 16:12:26 413827047 114.538538 30.66902 114.538547 30.669017 0 121.7
2016-10-18 16:18:42 413827047 114.538535 30.66901 114.538532 30.669012 0 121.7
2016-10-18 16:21:16 413827047 114.538537 30.66901 114.538535 30.66901 0 121.7
2016-10-18 16:24:21 413827047 114.538527 30.669017 114.538537 30.66901 0 121.7
2016-10-18 16:33:13 413827047 114.538527 30.669007 114.538532 30.669007 0 121.7
2016-10-18 16:36:29 413827047 114.538528 30.669003 114.538527 30.669007 0 121.7
2016-10-18 16:39:28 413827047 114.538523 30.669002 114.538528 30.669003 0 121.7
2016-10-18 16:42:19 413827047 114.538523 30.668995 114.538523 30.669002 0 121.7
2016-10-18 16:45:43 413827047 114.538523 30.669005 114.538523 30.668995 0 121.7
2016-10-18 16:48:36 413827047 114.538517 30.668997 114.538523 30.669005 0 121.7
2016-10-18 16:51:31 413827047 114.538512 30.668993 114.538517 30.668997 0 121.7
2016-10-18 16:54:30 413827047 114.53851 30.668992 114.538512 30.668993 0 121.7
2016-10-18 16:57:17 413827047 114.538512 30.66899 114.53851 30.668992 0 121.7
2016-10-18 17:00:33 413827047 114.538505 30.66899 114.538512 30.66899 0 121.7
2016-10-18 17:03:40 413827047 114.538502 30.668982 114.538505 30.66899 0 121.7
2016-10-18 17:06:35 413827047 114.538503 30.668985 114.538502 30.668982 0 121.7
2016-10-18 17:27:21 413827047 114.538482 30.668972 114.538485 30.668972 0 121.7
2016-10-18 17:30:21 413827047 114.538477 30.668967 114.538482 30.668972 0 121.7
2016-10-18 17:45:13 413827047 114.538447 30.668953 114.53845 30.668958 0 121.7
2016-10-18 17:48:33 413827047 114.538433 30.668945 114.538447 30.668953 0 121.7
2016-10-18 17:51:23 413827047 114.538427 30.668948 114.538433 30.668945 0 121.7
2016-10-18 17:54:20 413827047 114.538418 30.668953 114.538427 30.668948 0 121.7
2016-10-18 18:03:25 413827047 114.538407 30.66894 114.538412 30.668943 0 121.7
2016-10-18 18:06:28 413827047 114.538405 30.66894 114.538407 30.66894 0 121.7
2016-10-18 18:18:42 413827047 114.538383 30.668928 114.538378 30.668928 0 121.7
2016-10-18 18:27:25 413827047 114.538373 30.668928 114.538373 30.668927 0 121.7
2016-10-18 18:30:30 413827047 114.538372 30.668922 114.538373 30.668928 0 121.7
2016-10-18 18:33:25 413827047 114.538358 30.66892 114.538372 30.668922 0 121.7
2016-10-18 18:36:26 413827047 114.53836 30.668918 114.538358 30.66892 0 121.7
2016-10-18 18:42:48 413827047 114.538353 30.668912 114.538348 30.668913 0 121.7
2016-10-18 18:51:33 413827047 114.538343 30.66891 114.538345 30.668907 0 121.7
2016-10-18 19:30:40 413827047 114.538267 30.668877 114.538272 30.668878 0 121.7
2016-10-18 19:33:34 413827047 114.538257 30.668873 114.538267 30.668877 0 121.7
2016-10-18 19:36:23 413827047 114.53825 30.668872 114.538257 30.668873 0 121.7
2016-10-18 19:39:32 413827047 114.53824 30.668865 114.53825 30.668872 0 121.7
2016-10-18 19:42:31 413827047 114.538235 30.66886 114.53824 30.668865 0 121.7
2016-10-18 19:42:46 413827047 114.538237 30.668862 114.538235 30.66886 0 121.7
2016-10-18 19:45:21 413827047 114.538237 30.668855 114.538237 30.668862 0 121.7
2016-10-18 20:03:27 413827047 114.538215 30.668838 114.53822 30.668845 0 121.7
2016-10-18 20:06:30 413827047 114.53821 30.668833 114.538215 30.668838 0 121.7
2016-10-18 20:09:43 413827047 114.538202 30.668833 114.53821 30.668833 0 121.7
2016-10-18 20:24:37 413827047 114.538193 30.668822 114.538198 30.668823 0 121.7
2016-10-18 20:33:31 413827047 114.53818 30.668818 114.538187 30.668818 0 121.7
2016-10-18 20:36:31 413827047 114.538188 30.668817 114.53818 30.668818 0 121.7
2016-10-18 20:39:36 413827047 114.538187 30.668815 114.538188 30.668817 0 121.7
2016-10-18 20:42:35 413827047 114.538187 30.668813 114.538187 30.668815 0 121.7
2016-10-18 20:45:31 413827047 114.538183 30.668817 114.538187 30.668813 0 121.7
2016-10-18 20:48:23 413827047 114.538178 30.668813 114.538183 30.668817 0 121.7
2016-10-18 20:48:45 413827047 114.53818 30.668815 114.538178 30.668813 0 121.7
2016-10-18 20:51:40 413827047 114.53818 30.668813 114.53818 30.668815 0 121.7
2016-10-18 20:54:35 413827047 114.538177 30.668812 114.53818 30.668813 0 121.7
2016-10-18 21:00:44 413827047 114.538173 30.668812 114.538177 30.66881 0 121.7
2016-10-18 21:24:51 413827047 114.538185 30.668808 114.538172 30.668808 0 121.7
2016-10-18 21:27:39 413827047 114.538183 30.66881 114.538185 30.668808 0 121.7
2016-10-18 21:30:28 413827047 114.538178 30.668813 114.538183 30.66881 0 121.7
2016-10-18 21:39:29 413827047 114.538185 30.668813 114.538182 30.668815 0 121.7
2016-10-18 21:42:56 413827047 114.538183 30.668815 114.538185 30.668813 0 121.7
2016-10-18 21:45:40 413827047 114.538188 30.66882 114.538183 30.668815 0 121.7
2016-10-18 21:48:37 413827047 114.538197 30.66882 114.538188 30.66882 0 121.7
2016-10-18 22:00:29 413827047 114.538213 30.66882 114.538207 30.66882 0 121.7
2016-10-18 22:03:35 413827047 114.538212 30.668833 114.538213 30.66882 0 121.7
2016-10-18 22:06:32 413827047 114.538222 30.668825 114.538212 30.668833 0 121.7
2016-10-18 22:12:51 413827047 114.538232 30.668833 114.538233 30.66883 0 121.7
2016-10-18 22:18:55 413827047 114.538243 30.668827 114.53824 30.668825 0 121.7
2016-10-18 22:21:38 413827047 114.53824 30.668823 114.538243 30.668827 0 121.7
2016-10-18 22:24:41 413827047 114.538243 30.668825 114.53824 30.668823 0 121.7
2016-10-18 22:42:39 413827047 114.538257 30.668832 114.538253 30.668832 0 121.7
2016-10-18 22:42:53 413827047 114.538257 30.668827 114.538257 30.668832 0 121.7
2016-10-18 22:45:32 413827047 114.538262 30.668828 114.538257 30.668827 0 121.7
2016-10-18 22:48:38 413827047 114.538262 30.668828 114.538262 30.668828 0 121.7
2016-10-18 22:48:53 413827047 114.538263 30.668832 114.538262 30.668828 0 121.7
2016-10-18 22:51:44 413827047 114.538268 30.668828 114.538263 30.668832 0 121.7
2016-10-18 22:54:57 413827047 114.538267 30.66883 114.538268 30.668828 0 121.7
2016-10-18 23:12:43 413827047 114.538287 30.668833 114.538287 30.668832 0 121.7
2016-10-18 23:15:39 413827047 114.53829 30.668842 114.538287 30.668833 0 121.7
2016-10-18 23:18:44 413827047 114.538285 30.66884 114.53829 30.668842 0 121.7
2016-10-18 23:21:36 413827047 114.538292 30.668842 114.538285 30.66884 0 121.7
2016-10-18 23:24:43 413827047 114.53829 30.668845 114.538292 30.668842 0 121.7
2016-10-18 23:24:57 413827047 114.538295 30.668847 114.53829 30.668845 0 121.7
2016-10-18 23:27:42 413827047 114.538287 30.66885 114.538295 30.668847 0 121.7
2016-10-18 23:30:43 413827047 114.538293 30.668842 114.538287 30.66885 0 121.7
2016-10-18 23:39:51 413827047 114.538292 30.66885 114.538297 30.668835 0 121.7
2016-10-18 23:57:45 413827047 114.53829 30.668848 114.538292 30.668848 0 121.7
