2016-10-17 0:04:12 413812515 114.301297 30.588778 114.301297 30.588778 0.0 339.5 339
2016-10-17 0:05:32 413812515 114.301297 30.588778 114.301297 30.588778 0.0 120.7 185
2016-10-17 0:10:12 413812515 114.301298 30.588778 114.301297 30.588778 0.0 224.3 224
2016-10-17 0:11:27 413812515 114.301298 30.588778 114.301298 30.588778 0.0 342.3 342
2016-10-17 0:14:39 413812515 114.301298 30.58878 114.301298 30.588778 0.0 52.6 22
2016-10-17 0:17:30 413812515 114.3013 30.58878 114.301298 30.58878 0.0 15.0 62
2016-10-17 0:20:29 413812515 114.301298 30.588778 114.3013 30.58878 0.0 41.6 41
2016-10-17 0:28:14 413812515 114.3013 30.588783 114.301298 30.588782 0.0 239.2 239
2016-10-17 0:29:39 413812515 114.301298 30.588783 114.3013 30.588783 0.0 64.1 64
2016-10-17 0:32:34 413812515 114.3013 30.588785 114.301298 30.588783 0.0 244.3 218
2016-10-17 0:40:28 413812515 114.301303 30.588787 114.301303 30.588787 0.0 32.7 105
2016-10-17 0:41:40 413812515 114.301303 30.588785 114.301303 30.588787 0.0 167.6 162
2016-10-17 0:44:44 413812515 114.301305 30.588783 114.301303 30.588785 0.0 47.0 205
2016-10-17 0:46:16 413812515 114.301307 30.588782 114.301305 30.588783 0.0 304.2 0
2016-10-17 0:47:39 413812515 114.301307 30.588782 114.301307 30.588782 0.0 62.0 52
2016-10-17 0:50:32 413812515 114.301305 30.588782 114.301307 30.588782 0.0 250.6 250
2016-10-17 0:52:29 413812515 114.301305 30.58878 114.301305 30.588782 0.0 230.5 158
2016-10-17 0:53:37 413812515 114.301303 30.58878 114.301305 30.58878 0.0 323.9 341
2016-10-17 0:56:30 413812515 114.301303 30.58878 114.301303 30.58878 0.0 353.0 239
2016-10-17 0:58:08 413812515 114.301305 30.58878 114.301303 30.58878 0.0 55.8 257
2016-10-17 0:59:42 413812515 114.301303 30.58878 114.301305 30.58878 0.0 298.4 11
2016-10-17 1:02:34 413812515 114.301303 30.58878 114.301303 30.58878 0.0 149.3 321
2016-10-17 1:04:21 413812515 114.301303 30.58878 114.301303 30.58878 0.0 154.1 277
2016-10-17 1:05:49 413812515 114.301303 30.58878 114.301303 30.58878 0.0 77.2 77
2016-10-17 1:08:47 413812515 114.301303 30.58878 114.301303 30.58878 0.0 145.1 231
2016-10-17 1:10:10 413812515 114.301303 30.58878 114.301303 30.58878 0.0 323.5 323
2016-10-17 1:11:36 413812515 114.301303 30.588778 114.301303 30.58878 0.0 62.4 62
2016-10-17 1:14:30 413812515 114.301303 30.588778 114.301303 30.588778 0.0 31.0 18
2016-10-17 1:22:20 413812515 114.301303 30.588782 114.301303 30.58878 0.0 193.3 185
2016-10-17 1:23:44 413812515 114.301303 30.588782 114.301303 30.588782 0.0 254.5 230
2016-10-17 1:26:33 413812515 114.301305 30.588782 114.301303 30.588782 0.0 92.0 346
2016-10-17 1:28:22 413812515 114.301307 30.588782 114.301305 30.588782 0.0 79.8 62
2016-10-17 1:29:45 413812515 114.301307 30.58878 114.301307 30.588782 0.0 182.8 142
2016-10-17 1:32:50 413812515 114.301305 30.58878 114.301307 30.58878 0.0 65.0 27
2016-10-17 1:35:48 413812515 114.301303 30.58878 114.301305 30.58878 0.0 21.7 24
2016-10-17 1:38:37 413812515 114.301302 30.588778 114.301303 30.58878 0.0 26.7 46
2016-10-17 1:40:25 413812515 114.301302 30.588778 114.301302 30.588778 0.0 240.9 151
2016-10-17 1:41:39 413812515 114.301302 30.588778 114.301302 30.588778 0.0 81.5 54
2016-10-17 1:44:36 413812515 114.3013 30.588775 114.301302 30.588778 0.0 27.4 44
2016-10-17 1:46:15 413812515 114.3013 30.588773 114.3013 30.588775 0.0 159.0 200
2016-10-17 1:47:38 413812515 114.3013 30.588773 114.3013 30.588773 0.0 12.4 12
2016-10-17 1:50:38 413812515 114.301302 30.588772 114.3013 30.588773 0.0 231.5 231
2016-10-17 1:52:27 413812515 114.301302 30.588772 114.301302 30.588772 0.0 55.4 306
2016-10-17 1:59:48 413812515 114.301305 30.588772 114.301303 30.588772 0.0 235.3 126
2016-10-17 2:02:50 413812515 114.301305 30.588772 114.301305 30.588772 0.0 81.3 313
2016-10-17 2:04:16 413812515 114.301305 30.58877 114.301305 30.588772 0.0 51.6 51
2016-10-17 2:10:19 413812515 114.301307 30.588772 114.301307 30.588772 0.0 73.5 324
2016-10-17 2:11:49 413812515 114.301307 30.588772 114.301307 30.588772 0.0 70.0 70
2016-10-17 2:14:41 413812515 114.301307 30.58877 114.301307 30.588772 0.0 56.5 56
2016-10-17 2:16:30 413812515 114.301307 30.588772 114.301307 30.58877 0.0 0.0 0
2016-10-17 2:20:42 413812515 114.301305 30.588772 114.301307 30.588772 0.0 14.9 73
2016-10-17 2:22:25 413812515 114.301305 30.588773 114.301305 30.588772 0.0 44.8 334
2016-10-17 2:23:41 413812515 114.301305 30.588772 114.301305 30.588773 0.0 190.8 147
2016-10-17 2:26:41 413812515 114.301307 30.58877 114.301305 30.588772 0.0 59.7 41
2016-10-17 2:28:19 413812515 114.301305 30.588768 114.301307 30.58877 0.0 0.4 26
2016-10-17 2:29:46 413812515 114.301305 30.588767 114.301305 30.588768 0.0 353.7 353
2016-10-17 2:32:49 413812515 114.301305 30.588767 114.301305 30.588767 0.0 53.8 31
2016-10-17 2:34:18 413812515 114.301305 30.588765 114.301305 30.588767 0.0 46.0 104
2016-10-17 2:35:43 413812515 114.301303 30.588765 114.301305 30.588765 0.0 248.0 248
2016-10-17 2:38:37 413812515 114.301302 30.588763 114.301303 30.588765 0.0 5.4 322
2016-10-17 2:40:27 413812515 114.301303 30.588763 114.301302 30.588763 0.0 38.7 344
2016-10-17 2:41:41 413812515 114.301302 30.588762 114.301303 30.588763 0.0 70.3 119
2016-10-17 2:44:38 413812515 114.301302 30.58876 114.301302 30.588762 0.0 220.2 221
2016-10-17 2:46:29 413812515 114.301302 30.588762 114.301302 30.58876 0.0 37.9 27
2016-10-17 2:47:50 413812515 114.3013 30.58876 114.301302 30.588762 0.0 236.5 236
2016-10-17 2:50:43 413812515 114.301298 30.588758 114.3013 30.58876 0.0 8.3 14
2016-10-17 2:52:27 413812515 114.301298 30.588758 114.301298 30.588758 0.0 52.9 66
2016-10-17 2:53:40 413812515 114.301297 30.588758 114.301298 30.588758 0.0 65.7 0
2016-10-17 2:56:46 413812515 114.301297 30.588757 114.301297 30.588758 0.0 218.5 274
2016-10-17 2:58:29 413812515 114.301298 30.588757 114.301297 30.588757 0.0 118.2 96
2016-10-17 2:59:57 413812515 114.301298 30.588757 114.301298 30.588757 0.0 212.6 212
2016-10-17 3:08:46 413812515 114.301297 30.588755 114.3013 30.588755 0.0 128.4 136
2016-10-17 3:10:22 413812515 114.301297 30.588755 114.301297 30.588755 0.0 8.3 58
2016-10-17 3:11:54 413812515 114.301295 30.588755 114.301297 30.588755 0.0 269.4 187
2016-10-17 3:14:43 413812515 114.301295 30.588757 114.301295 30.588755 0.0 99.4 99
2016-10-17 3:16:31 413812515 114.301295 30.588755 114.301295 30.588757 0.0 101.6 14
2016-10-17 3:17:47 413812515 114.301293 30.588757 114.301295 30.588755 0.0 241.7 0
2016-10-17 3:20:49 413812515 114.301293 30.588757 114.301293 30.588757 0.0 241.1 241
2016-10-17 3:22:23 413812515 114.301293 30.588755 114.301293 30.588757 0.0 343.8 30
2016-10-17 3:23:52 413812515 114.301292 30.588755 114.301293 30.588755 0.0 272.0 237
2016-10-17 3:26:42 413812515 114.301292 30.588755 114.301292 30.588755 0.0 148.0 148
2016-10-17 3:28:30 413812515 114.30129 30.588753 114.301292 30.588755 0.0 247.4 264
2016-10-17 3:29:48 413812515 114.30129 30.588753 114.30129 30.588753 0.0 242.9 242
2016-10-17 3:32:56 413812515 114.301288 30.588753 114.30129 30.588753 0.0 340.4 340
2016-10-17 3:34:26 413812515 114.301287 30.588753 114.301288 30.588753 0.0 338.2 56
2016-10-17 3:35:56 413812515 114.301287 30.588753 114.301287 30.588753 0.0 203.7 203
2016-10-17 3:38:43 413812515 114.301287 30.588755 114.301287 30.588753 0.0 277.6 277
2016-10-17 3:40:30 413812515 114.301287 30.588755 114.301287 30.588755 0.0 207.1 212
2016-10-17 3:41:45 413812515 114.301282 30.58875 114.301287 30.588755 0.0 46.4 46
2016-10-17 3:44:51 413812515 114.301283 30.588752 114.301282 30.58875 0.0 25.9 139
2016-10-17 3:46:25 413812515 114.301283 30.588752 114.301283 30.588752 0.0 356.7 356
2016-10-17 3:47:57 413812515 114.301283 30.58875 114.301283 30.588752 0.0 251.0 290
2016-10-17 3:50:49 413812515 114.301285 30.588752 114.301283 30.58875 0.0 226.9 226
2016-10-17 3:52:31 413812515 114.301285 30.588752 114.301285 30.588752 0.0 34.1 34
2016-10-17 3:53:44 413812515 114.301285 30.588752 114.301285 30.588752 0.0 172.9 172
2016-10-17 3:56:47 413812515 114.301285 30.588752 114.301285 30.588752 0.0 315.7 315
2016-10-17 3:58:22 413812515 114.301285 30.588752 114.301285 30.588752 0.0 23.4 23
2016-10-17 3:59:53 413812515 114.301285 30.588752 114.301285 30.588752 0.0 243.2 243
2016-10-17 4:02:51 413812515 114.301285 30.588752 114.301285 30.588752 0.0 117.2 117
2016-10-17 4:04:25 413812515 114.301287 30.588752 114.301285 30.588752 0.0 119.7 119
2016-10-17 4:05:45 413812515 114.301285 30.588752 114.301287 30.588752 0.0 196.2 196
2016-10-17 4:08:57 413812515 114.301287 30.58875 114.301285 30.588752 0.0 290.1 290
2016-10-17 4:10:35 413812515 114.301287 30.58875 114.301287 30.58875 0.0 280.0 280
2016-10-17 4:11:51 413812515 114.301287 30.58875 114.301287 30.58875 0.0 130.9 130
2016-10-17 4:16:32 413812515 114.301288 30.588752 114.301287 30.58875 0.0 291.5 291
2016-10-17 4:17:49 413812515 114.301288 30.588752 114.301288 30.588752 0.0 231.2 231
2016-10-17 4:20:47 413812515 114.301288 30.58875 114.301288 30.588752 0.0 15.6 15
2016-10-17 4:22:39 413812515 114.301288 30.58875 114.301288 30.58875 0.0 29.8 29
2016-10-17 4:23:56 413812515 114.30129 30.58875 114.301288 30.58875 0.0 274.0 266
2016-10-17 4:26:44 413812515 114.301288 30.588748 114.30129 30.58875 0.0 174.7 266
2016-10-17 4:28:38 413812515 114.30129 30.588748 114.301288 30.588748 0.0 351.9 351
2016-10-17 4:32:59 413812515 114.301288 30.58875 114.30129 30.588748 0.0 91.1 9
2016-10-17 4:34:30 413812515 114.301292 30.58875 114.301288 30.58875 0.0 141.2 186
2016-10-17 4:35:46 413812515 114.301292 30.58875 114.301292 30.58875 0.0 166.5 166
2016-10-17 4:38:51 413812515 114.301292 30.588748 114.301292 30.58875 0.0 153.4 298
2016-10-17 4:42:02 413812515 114.30129 30.588747 114.301292 30.588748 0.0 171.3 171
2016-10-17 4:44:47 413812515 114.301288 30.588745 114.30129 30.588747 0.0 45.3 45
2016-10-17 4:46:42 413812515 114.30129 30.588745 114.301288 30.588745 0.0 313.7 313
2016-10-17 4:47:57 413812515 114.301292 30.588745 114.30129 30.588745 0.0 239.3 301
2016-10-17 4:50:57 413812515 114.301293 30.588747 114.301292 30.588745 0.0 217.7 217
2016-10-17 4:52:36 413812515 114.301295 30.588747 114.301293 30.588747 0.0 49.4 41
2016-10-17 4:53:51 413812515 114.301297 30.588747 114.301295 30.588747 0.0 214.1 214
2016-10-17 4:56:46 413812515 114.301298 30.588747 114.301297 30.588747 0.0 74.0 74
2016-10-17 4:58:42 413812515 114.301298 30.588747 114.301298 30.588747 0.0 39.1 39
2016-10-17 5:00:04 413812515 114.301297 30.588747 114.301298 30.588747 0.0 45.9 45
2016-10-17 5:02:55 413812515 114.301297 30.588747 114.301297 30.588747 0.0 315.5 315
2016-10-17 5:04:25 413812515 114.301298 30.588745 114.301297 30.588747 0.0 175.0 175
2016-10-17 5:06:00 413812515 114.3013 30.588745 114.301298 30.588745 0.0 44.7 44
2016-10-17 5:09:02 413812515 114.3013 30.588745 114.3013 30.588745 0.0 261.3 178
2016-10-17 5:10:38 413812515 114.3013 30.588745 114.3013 30.588745 0.0 38.8 38
2016-10-17 5:11:56 413812515 114.301298 30.588743 114.3013 30.588745 0.0 335.8 335
2016-10-17 5:14:48 413812515 114.301298 30.588745 114.301298 30.588743 0.0 86.0 86
2016-10-17 5:16:30 413812515 114.301298 30.588745 114.301298 30.588745 0.0 218.7 113
2016-10-17 5:17:51 413812515 114.301298 30.588745 114.301298 30.588745 0.0 260.8 260
2016-10-17 5:20:47 413812515 114.3013 30.588745 114.301298 30.588745 0.0 268.1 224
2016-10-17 5:22:30 413812515 114.3013 30.588743 114.3013 30.588745 0.0 40.3 40
2016-10-17 5:23:50 413812515 114.3013 30.588743 114.3013 30.588743 0.0 144.7 206
2016-10-17 5:27:05 413812515 114.3013 30.588743 114.3013 30.588743 0.0 197.3 200
2016-10-17 5:28:45 413812515 114.3013 30.588743 114.3013 30.588743 0.0 35.9 35
2016-10-17 5:29:47 413812515 114.3013 30.588743 114.3013 30.588743 0.0 173.2 173
2016-10-17 5:32:51 413812515 114.301298 30.588745 114.3013 30.588743 0.0 54.1 54
2016-10-17 5:34:33 413812515 114.301298 30.588745 114.301298 30.588745 0.0 283.1 283
2016-10-17 5:45:07 413812515 114.301298 30.588745 114.301298 30.588745 0.0 216.2 206
2016-10-17 5:47:54 413812515 114.301295 30.588745 159.73959 30.598668 0.0 102.4 118
2016-10-17 5:51:01 413812515 114.301295 30.588745 114.301295 30.588745 0.0 42.6 47
2016-10-17 5:53:53 413812515 114.301287 30.588738 114.301295 30.588745 0.0 356.7 28
2016-10-17 5:57:08 413812515 114.301287 30.58874 114.301287 30.588738 0.0 206.2 288
2016-10-17 5:58:54 413812515 114.301288 30.588742 114.301287 30.58874 0.0 103.1 69
2016-10-17 5:59:52 413812515 114.301285 30.588738 114.301288 30.588742 0.0 38.0 39
2016-10-17 6:03:04 413812515 114.301285 30.58874 114.301285 30.588738 0.0 306.6 223
2016-10-17 6:06:03 413812515 114.301285 30.588738 114.301285 30.58874 0.0 42.3 37
2016-10-17 6:08:53 413812515 114.301285 30.58874 114.301285 30.588738 0.0 166.9 166
2016-10-17 6:24:00 413812515 114.301278 30.588745 114.30128 30.588743 0.0 258.6 258
2016-10-17 6:27:06 413812515 114.301277 30.588745 114.301278 30.588745 0.0 44.4 44
2016-10-17 6:28:38 413812515 114.301277 30.588745 114.301277 30.588745 0.0 174.3 174
2016-10-17 6:30:11 413812515 114.301277 30.588745 114.301277 30.588745 0.0 26.1 26
2016-10-17 6:33:05 413812515 114.301278 30.588745 114.301277 30.588745 0.0 192.3 192
2016-10-17 6:40:54 413812515 114.30128 30.588747 114.30128 30.588745 0.0 327.4 213
2016-10-17 6:45:07 413812515 114.30128 30.588748 114.30128 30.588747 0.0 290.3 236
2016-10-17 6:47:01 413812515 114.30128 30.588748 114.30128 30.588748 0.0 307.7 352
2016-10-17 6:48:20 413812515 114.301282 30.588748 114.30128 30.588748 0.0 90.2 115
2016-10-17 6:51:05 413812515 114.30128 30.58875 114.301282 30.588748 0.0 98.1 98
2016-10-17 6:53:00 413812515 114.30128 30.58875 114.30128 30.58875 0.0 64.8 50
2016-10-17 6:54:10 413812515 114.30128 30.588752 114.30128 30.58875 0.0 183.0 223
2016-10-17 6:57:18 413812515 114.30128 30.588752 114.30128 30.588752 0.0 239.5 327
2016-10-17 6:59:01 413812515 114.301278 30.588752 114.30128 30.588752 0.0 73.7 73
2016-10-17 7:00:18 413812515 114.301278 30.588752 114.301278 30.588752 0.0 258.9 285
2016-10-17 7:09:21 413812515 114.30128 30.588757 114.30128 30.588757 0.0 163.7 163
2016-10-17 7:11:19 413812515 114.301282 30.588758 114.30128 30.588757 0.0 220.6 263
2016-10-17 7:15:30 413812515 114.301283 30.588758 114.301282 30.588758 0.0 22.6 345
2016-10-17 7:16:51 413812515 114.301283 30.588758 114.301283 30.588758 0.0 325.8 99
2016-10-17 7:18:11 413812515 114.301283 30.588758 114.301283 30.588758 0.0 118.5 352
2016-10-17 7:54:30 413812515 114.301292 30.588762 114.301292 30.58876 0.0 247.2 275
2016-10-17 7:59:04 413812515 114.301292 30.588763 114.301292 30.588762 0.0 16.0 16
2016-10-17 8:00:26 413812515 114.30129 30.58876 114.301292 30.588763 0.0 193.9 193
2016-10-17 8:03:41 413812515 114.301292 30.588762 114.30129 30.58876 0.0 238.2 242
2016-10-17 8:12:46 413812515 114.301293 30.588765 114.301293 30.588765 0.0 260.9 260
2016-10-17 8:15:28 413812515 114.301293 30.588767 114.301293 30.588765 0.0 74.9 63
2016-10-17 8:17:17 413812515 114.301293 30.588767 114.301293 30.588767 0.0 233.6 233
2016-10-17 8:24:42 413812515 114.301297 30.58877 114.301295 30.58877 0.0 255.7 45
2016-10-17 8:55:55 413812515 114.301303 30.588777 114.301298 30.588772 0.0 140.3 140
2016-10-17 8:57:50 413812515 114.301305 30.588777 114.301303 30.588777 0.0 305.4 305
2016-10-17 8:59:28 413812515 114.301305 30.588777 114.301305 30.588777 0.0 274.1 132
2016-10-17 9:00:53 413812515 114.301305 30.588777 114.301305 30.588777 0.0 241.4 241
2016-10-17 9:13:07 413812515 114.301297 30.58878 114.301305 30.588777 0.0 296.7 296
2016-10-17 9:15:59 413812515 114.3013 30.58878 114.301297 30.58878 0.0 95.6 95
2016-10-17 9:24:38 413812515 114.301302 30.588782 114.301302 30.588782 0.0 311.1 311
2016-10-17 9:27:39 413812515 114.301302 30.58878 114.301302 30.588782 0.0 115.4 115
2016-10-17 9:41:25 413812515 114.301305 30.588773 114.301305 30.588773 0.0 330.1 330
2016-10-17 9:43:06 413812515 114.301307 30.58877 114.301305 30.588773 0.1 100.3 100
2016-10-17 9:51:44 413812515 114.301308 30.588768 114.301303 30.588763 0.0 42.6 42
2016-10-17 9:59:43 413812515 114.301305 30.588767 114.301307 30.588768 0.0 41.8 41
2016-10-17 10:01:11 413812515 114.301307 30.588768 114.301305 30.588767 0.0 44.1 79
2016-10-17 10:09:48 413812515 114.301312 30.588767 114.301312 30.588767 0.0 240.9 240
2016-10-17 10:11:39 413812515 114.301312 30.588767 114.301312 30.588767 0.0 129.6 110
2016-10-17 10:13:01 413812515 114.301313 30.588768 114.301312 30.588767 0.6 294.4 294
2016-10-17 10:16:03 413812515 114.301315 30.58876 114.301313 30.588768 0.0 279.2 279
2016-10-17 10:17:40 413812515 114.301313 30.588758 114.301315 30.58876 0.0 73.0 73
2016-10-17 10:24:55 413812515 114.301313 30.588758 114.301313 30.588758 0.0 164.2 164
2016-10-17 10:29:50 413812515 114.301315 30.588758 114.301313 30.588758 0.0 275.0 141
2016-10-17 10:30:58 413812515 114.301315 30.588758 114.301315 30.588758 0.0 316.7 316
2016-10-17 10:39:55 413812515 114.301313 30.588758 114.301313 30.588755 0.0 120.3 120
2016-10-17 10:41:47 413812515 114.301313 30.588758 114.301313 30.588758 0.0 62.7 300
2016-10-17 10:43:03 413812515 114.301312 30.58876 114.301313 30.588758 0.0 58.9 58
2016-10-17 10:49:02 413812515 114.30131 30.588758 114.301313 30.588757 0.1 83.9 83
2016-10-17 10:52:19 413812515 114.301308 30.588758 114.30131 30.588758 0.0 79.7 351
2016-10-17 10:54:00 413812515 114.301308 30.588758 114.301308 30.588758 0.0 111.2 111
2016-10-17 11:01:03 413812515 114.301307 30.588763 114.301307 30.588762 0.0 130.7 130
2016-10-17 11:05:52 413812515 114.301303 30.588765 114.301307 30.588763 0.0 153.2 153
2016-10-17 11:07:17 413812515 114.301303 30.588765 114.301303 30.588765 0.0 77.1 71
2016-10-17 11:12:03 413812515 114.301302 30.588765 114.301303 30.588765 0.0 278.4 278
2016-10-17 11:13:27 413812515 114.301302 30.588765 114.301302 30.588765 0.0 280.3 280
2016-10-17 11:16:16 413812515 114.301302 30.588765 114.301302 30.588765 0.0 289.4 289
2016-10-17 11:18:10 413812515 114.301302 30.588765 114.301302 30.588765 0.0 98.8 98
2016-10-17 11:19:06 413812515 114.301302 30.588765 114.301302 30.588765 0.0 125.5 210
2016-10-17 11:22:08 413812515 114.301302 30.588767 114.301302 30.588765 0.0 104.2 94
2016-10-17 11:23:53 413812515 114.3013 30.588772 114.301302 30.588767 0.0 109.2 109
2016-10-17 11:25:15 413812515 114.3013 30.58877 114.3013 30.588772 0.0 185.3 185
2016-10-17 11:28:26 413812515 114.301298 30.588772 114.3013 30.58877 0.0 310.0 327
2016-10-17 11:30:09 413812515 114.301298 30.588773 114.301298 30.588772 0.0 81.3 49
2016-10-17 11:46:12 413812515 114.301297 30.588777 114.301297 30.588777 0.0 34.7 34
2016-10-17 11:48:10 413812515 114.301297 30.588775 114.301297 30.588777 0.0 121.3 121
2016-10-17 11:55:23 413812515 114.301295 30.588772 114.301295 30.588772 0.0 218.5 218
2016-10-17 11:58:28 413812515 114.301293 30.58877 114.301295 30.588772 0.0 284.6 138
2016-10-17 12:00:22 413812515 114.301292 30.58877 114.301293 30.58877 0.0 264.2 274
2016-10-17 12:07:19 413812515 114.301288 30.588772 114.301288 30.588772 0.0 255.2 255
2016-10-17 12:16:34 413812515 114.301287 30.588775 114.301285 30.588775 0.0 305.5 81
2016-10-17 12:18:04 413812515 114.301287 30.588775 114.301287 30.588775 0.0 218.5 218
2016-10-17 12:19:33 413812515 114.301287 30.588773 114.301287 30.588775 0.0 58.0 340
2016-10-17 12:22:13 413812515 114.301288 30.588773 114.301287 30.588773 0.0 56.8 309
2016-10-17 12:24:00 413812515 114.301288 30.588773 114.301288 30.588773 0.0 354.8 328
2016-10-17 12:25:20 413812515 114.301288 30.588772 114.301288 30.588773 0.0 96.9 271
2016-10-17 12:28:37 413812515 114.30129 30.58877 114.301288 30.588772 0.0 301.2 311
2016-10-17 12:31:16 413812515 114.301292 30.588768 114.30129 30.58877 0.0 170.3 337
2016-10-17 12:34:18 413812515 114.301292 30.588767 114.301292 30.588768 0.0 335.6 59
2016-10-17 12:42:27 413812515 114.301292 30.588763 114.301292 30.588765 0.0 286.4 265
2016-10-17 12:43:21 413812515 114.301293 30.588765 114.301292 30.588763 0.0 72.1 92
2016-10-17 12:46:33 413812515 114.301293 30.588765 114.301293 30.588765 0.0 110.2 28
2016-10-17 12:48:29 413812515 114.301295 30.588765 114.301293 30.588765 0.0 261.0 261
2016-10-17 12:49:19 413812515 114.301295 30.588765 114.301295 30.588765 0.0 106.1 331
2016-10-17 12:52:35 413812515 114.301295 30.588765 114.301295 30.588765 0.0 83.3 75
2016-10-17 12:54:22 413812515 114.301293 30.588765 114.301295 30.588765 0.0 119.5 119
2016-10-17 13:04:41 413812515 114.301295 30.58877 114.301295 30.588765 0.0 54.3 151
2016-10-17 13:06:26 413812515 114.301295 30.588772 114.301295 30.58877 0.0 120.6 120
2016-10-17 13:07:47 413812515 114.301297 30.588773 114.301295 30.588772 0.0 141.9 82
2016-10-17 13:10:29 413812515 114.301297 30.588777 114.301297 30.588773 0.0 356.9 333
2016-10-17 13:12:20 413812515 114.301297 30.58878 114.301297 30.588777 0.0 246.3 246
2016-10-17 13:13:43 413812515 114.301297 30.588782 114.301297 30.58878 0.0 93.2 14
2016-10-17 13:16:43 413812515 114.301295 30.588785 114.301297 30.588782 0.0 238.9 319
2016-10-17 13:18:29 413812515 114.301295 30.588787 114.301295 30.588785 0.0 347.3 347
2016-10-17 13:22:31 413812515 114.301297 30.588792 114.301295 30.588787 0.0 114.6 294
2016-10-17 13:25:37 413812515 114.301298 30.588793 114.301297 30.588792 0.0 55.1 302
2016-10-17 13:30:06 413812515 114.3013 30.588795 114.301298 30.588793 0.0 87.4 102
2016-10-17 13:31:30 413812515 114.301302 30.588795 114.3013 30.588795 0.0 132.5 146
2016-10-17 13:34:34 413812515 114.3013 30.588795 114.301302 30.588795 0.0 251.1 175
2016-10-17 13:36:24 413812515 114.301302 30.588795 114.3013 30.588795 0.0 300.0 42
2016-10-17 13:37:39 413812515 114.301302 30.588797 114.301302 30.588795 0.0 207.2 143
2016-10-17 13:40:32 413812515 114.301303 30.588797 114.301302 30.588797 0.0 289.4 138
2016-10-17 13:43:40 413812515 114.301305 30.588798 114.301303 30.588797 0.0 258.1 239
2016-10-17 13:46:38 413812515 114.301307 30.588798 114.301305 30.588798 0.0 75.1 75
2016-10-17 13:48:31 413812515 114.301307 30.5888 114.301307 30.588798 0.0 162.4 129
2016-10-17 13:49:27 413812515 114.301307 30.588802 114.301307 30.5888 0.0 319.9 326
2016-10-17 13:52:41 413812515 114.301308 30.588805 114.301307 30.588802 0.0 104.5 39
2016-10-17 13:55:42 413812515 114.301307 30.58881 114.301308 30.588805 0.0 77.2 77
2016-10-17 13:58:37 413812515 114.301307 30.588813 114.301307 30.58881 0.0 41.3 98
2016-10-17 14:00:38 413812515 114.301307 30.588815 114.301307 30.588813 0.0 19.1 90
2016-10-17 14:01:25 413812515 114.301308 30.588817 114.301307 30.588815 0.0 142.8 171
2016-10-17 14:04:34 413812515 114.30131 30.588817 114.301308 30.588817 0.0 336.3 15
2016-10-17 14:06:26 413812515 114.301312 30.588817 114.30131 30.588817 0.0 319.5 113
2016-10-17 14:07:41 413812515 114.301312 30.588817 114.301312 30.588817 0.0 249.5 114
2016-10-17 14:12:19 413812515 114.301582 30.589233 114.301312 30.588817 0.3 5.2 5
2016-10-17 14:13:46 413812515 114.301582 30.589252 114.301582 30.589233 0.2 183.1 183
2016-10-17 14:16:37 413812515 114.301632 30.589085 114.301582 30.589252 0.0 41.8 45
2016-10-17 14:18:31 413812515 114.301618 30.5891 114.301632 30.589085 0.0 189.4 189
2016-10-17 14:22:45 413812515 114.301615 30.589095 114.301618 30.5891 0.0 39.6 327
2016-10-17 14:24:36 413812515 114.301613 30.589093 114.301615 30.589095 0.0 226.2 232
2016-10-17 14:25:57 413812515 114.301612 30.589092 114.301613 30.589093 0.0 239.3 31
2016-10-17 14:30:27 413812515 114.301605 30.589088 114.301612 30.589092 0.0 94.9 94
2016-10-17 14:31:56 413812515 114.301605 30.589087 114.301605 30.589088 0.0 59.6 232
2016-10-17 14:34:48 413812515 114.301603 30.589085 114.301605 30.589087 0.0 345.6 345
2016-10-17 14:36:37 413812515 114.301603 30.589083 114.301603 30.589085 0.0 131.3 131
2016-10-17 14:37:50 413812515 114.301603 30.589083 114.301603 30.589083 0.0 253.2 23
2016-10-17 14:40:54 413812515 114.301602 30.589082 114.301603 30.589083 0.0 113.5 24
2016-10-17 14:44:01 413812515 114.301603 30.58908 114.301602 30.589082 0.1 31.2 353
2016-10-17 14:46:48 413812515 114.30167 30.589278 114.301603 30.58908 0.2 351.4 351
2016-10-17 14:54:45 413812515 114.301473 30.58936 114.301477 30.589358 0.0 297.0 297
2016-10-17 14:58:52 413812515 114.301468 30.589383 114.301473 30.58936 0.2 194.4 196
2016-10-17 15:00:30 413812515 114.301507 30.589358 114.301468 30.589383 0.4 148.9 148
2016-10-17 15:02:01 413812515 114.301547 30.589197 114.301507 30.589358 0.6 198.3 196
2016-10-17 15:04:42 413812515 114.301462 30.589082 114.301547 30.589197 0.0 224.9 163
2016-10-17 15:06:43 413812515 114.30146 30.589073 114.301462 30.589082 0.0 167.3 205
2016-10-17 15:10:53 413812515 114.301453 30.589038 114.30146 30.589073 0.0 23.4 36
2016-10-17 15:29:09 413812515 114.30139 30.588943 114.30139 30.58894 0.0 289.9 65
2016-10-17 15:30:39 413812515 114.30139 30.588943 114.30139 30.588943 0.0 312.5 100
2016-10-17 15:32:08 413812515 114.30139 30.588943 114.30139 30.588943 0.0 113.5 96
2016-10-17 15:35:17 413812515 114.30139 30.588945 114.30139 30.588943 0.0 323.7 349
2016-10-17 15:36:49 413812515 114.301388 30.588947 114.30139 30.588945 0.0 43.6 43
2016-10-17 15:38:22 413812515 114.30139 30.588948 114.301388 30.588947 0.0 184.8 133
2016-10-17 15:40:54 413812515 114.301392 30.588948 114.30139 30.588948 0.0 78.8 351
2016-10-17 15:42:56 413812515 114.301393 30.588947 114.301392 30.588948 0.0 21.1 6
2016-10-17 15:43:58 413812515 114.301393 30.588948 114.301393 30.588947 0.0 270.0 212
2016-10-17 15:47:16 413812515 114.301393 30.58895 114.301393 30.588948 0.0 254.1 68
2016-10-17 15:48:47 413812515 114.301393 30.588952 114.301393 30.58895 0.0 132.2 132
2016-10-17 15:49:52 413812515 114.301393 30.588953 114.301393 30.588952 0.0 207.6 207
2016-10-17 15:53:18 413812515 114.301395 30.588955 114.301393 30.588953 0.0 325.1 134
2016-10-17 15:55:53 413812515 114.301395 30.58896 114.301395 30.588955 0.0 55.6 86
2016-10-17 16:17:27 413812515 114.301395 30.588962 114.301393 30.588963 0.0 301.9 301
2016-10-17 16:19:05 413812515 114.301393 30.588962 114.301395 30.588962 0.0 276.3 276
2016-10-17 16:20:11 413812515 114.301395 30.588962 114.301393 30.588962 0.0 251.2 251
2016-10-17 16:23:27 413812515 114.301395 30.588958 114.301395 30.588962 0.0 92.6 92
2016-10-17 16:26:11 413812515 114.301397 30.588958 114.301395 30.588958 0.0 278.7 278
2016-10-17 16:29:24 413812515 114.301397 30.588955 114.301397 30.588958 0.0 228.3 228
2016-10-17 16:37:11 413812515 114.301397 30.588952 114.301397 30.588953 0.0 164.5 164
2016-10-17 16:38:15 413812515 114.301393 30.58895 114.301397 30.588952 0.0 38.7 79
2016-10-17 16:55:17 413812515 114.301385 30.588953 114.301387 30.588955 0.0 251.5 251
2016-10-17 16:56:16 413812515 114.301383 30.588955 114.301385 30.588953 0.0 340.9 340
2016-10-17 16:59:14 413812515 114.301387 30.588955 114.301383 30.588955 0.0 301.7 71
2016-10-17 17:01:13 413812515 114.301387 30.588953 114.301387 30.588955 0.0 357.3 5
2016-10-17 17:02:34 413812515 114.301387 30.588953 114.301387 30.588953 0.0 127.0 127
2016-10-17 17:05:28 413812515 114.301388 30.588952 114.301387 30.588953 0.0 125.9 265
2016-10-17 17:07:21 413812515 114.301388 30.588955 114.301388 30.588952 0.0 85.5 283
2016-10-17 17:11:44 413812515 114.301388 30.588952 114.301388 30.588955 0.0 130.7 244
2016-10-17 17:13:08 413812515 114.30139 30.588953 114.301388 30.588952 0.0 128.3 128
2016-10-17 17:14:36 413812515 114.30139 30.588953 114.30139 30.588953 0.0 225.5 265
2016-10-17 17:17:45 413812515 114.301392 30.588953 114.30139 30.588953 0.0 159.2 80
2016-10-17 17:19:13 413812515 114.301393 30.588953 114.301392 30.588953 0.0 6.0 6
2016-10-17 17:23:52 413812515 114.301382 30.588943 114.301393 30.588953 0.0 35.9 35
2016-10-17 17:25:12 413812515 114.301375 30.588928 114.301382 30.588943 0.1 192.8 192
2016-10-17 17:26:39 413812515 114.301383 30.58894 114.301375 30.588928 0.1 23.5 23
2016-10-17 17:29:19 413812515 114.301385 30.58894 114.301383 30.58894 0.0 187.4 119
2016-10-17 17:31:39 413812515 114.301385 30.588943 114.301385 30.58894 0.0 156.1 156
2016-10-17 17:32:30 413812515 114.301385 30.588945 114.301385 30.588943 0.0 102.7 102
2016-10-17 17:59:48 413812515 114.301397 30.588962 114.301397 30.588958 0.0 117.5 117
2016-10-17 18:08:37 413812515 114.301398 30.588962 114.301397 30.588962 0.0 262.0 17
2016-10-17 18:11:46 413812515 114.301398 30.58896 114.301398 30.588962 0.0 82.8 318
2016-10-17 18:13:26 413812515 114.301397 30.58896 114.301398 30.58896 0.0 221.6 207
2016-10-17 18:14:48 413812515 114.301395 30.58896 114.301397 30.58896 0.0 29.6 27
2016-10-17 18:17:33 413812515 114.301393 30.588957 114.301395 30.58896 0.0 235.8 235
2016-10-17 18:19:34 413812515 114.301392 30.588958 114.301393 30.588957 0.0 180.8 303
2016-10-17 18:20:50 413812515 114.30139 30.588957 114.301392 30.588958 0.0 13.5 278
2016-10-17 18:23:53 413812515 114.30139 30.588958 114.30139 30.588957 0.0 339.7 339
2016-10-17 18:25:26 413812515 114.301392 30.588958 114.30139 30.588958 0.0 50.1 2
2016-10-17 18:26:52 413812515 114.30139 30.588958 114.301392 30.588958 0.0 280.1 280
2016-10-17 18:29:44 413812515 114.301388 30.588962 114.30139 30.588958 0.0 177.8 239
2016-10-17 18:31:41 413812515 114.301388 30.588962 114.301388 30.588962 0.0 242.7 242
2016-10-17 18:32:50 413812515 114.301388 30.58896 114.301388 30.588962 0.0 219.4 228
2016-10-17 18:35:58 413812515 114.30139 30.58896 114.301388 30.58896 0.0 31.8 294
2016-10-17 18:37:39 413812515 114.30139 30.58896 114.30139 30.58896 0.0 177.5 137
2016-10-17 18:38:46 413812515 114.30139 30.58896 114.30139 30.58896 0.0 61.5 61
2016-10-17 18:41:38 413812515 114.30139 30.588962 114.30139 30.58896 0.0 27.9 16
2016-10-17 18:50:47 413812515 114.30139 30.588955 114.30139 30.588957 0.0 184.1 288
2016-10-17 18:53:49 413812515 114.301392 30.588953 114.30139 30.588955 0.0 33.8 33
2016-10-17 18:56:56 413812515 114.301392 30.588948 114.301392 30.588953 0.0 267.1 267
2016-10-17 19:01:48 413812515 114.301392 30.588947 114.301392 30.588948 0.0 66.7 66
2016-10-17 19:03:00 413812515 114.30139 30.588942 114.301392 30.588947 0.0 125.1 156
2016-10-17 19:05:41 413812515 114.301388 30.588943 114.30139 30.588942 0.0 324.2 128
2016-10-17 19:07:35 413812515 114.301388 30.588942 114.301388 30.588943 0.0 280.0 280
2016-10-17 19:08:44 413812515 114.301388 30.588942 114.301388 30.588942 0.0 209.6 209
2016-10-17 19:12:00 413812515 114.301387 30.58894 114.301388 30.588942 0.0 303.1 303
2016-10-17 19:13:45 413812515 114.301387 30.588938 114.301387 30.58894 0.0 206.2 206
2016-10-17 19:14:51 413812515 114.301387 30.58894 114.301387 30.588938 0.0 280.8 280
2016-10-17 19:17:42 413812515 114.301388 30.58894 114.301387 30.58894 0.0 288.3 288
2016-10-17 19:19:52 413812515 114.301388 30.588938 114.301388 30.58894 0.0 305.2 305
2016-10-17 19:20:51 413812515 114.301388 30.588937 114.301388 30.588938 0.0 102.3 102
2016-10-17 19:23:44 413812515 114.301387 30.588937 114.301388 30.588937 0.0 74.0 56
2016-10-17 19:25:38 413812515 114.301388 30.588938 114.301387 30.588937 0.0 56.0 56
2016-10-17 19:26:43 413812515 114.301388 30.588938 114.301388 30.588938 0.0 181.9 142
2016-10-17 19:30:02 413812515 114.301387 30.588937 114.301388 30.588938 0.0 134.5 205
2016-10-17 19:31:34 413812515 114.301388 30.588937 114.301387 30.588937 0.0 322.6 322
2016-10-17 19:33:03 413812515 114.301388 30.588935 114.301388 30.588937 0.0 14.2 79
2016-10-17 19:35:47 413812515 114.301387 30.588933 114.301388 30.588935 0.0 72.1 326
2016-10-17 19:37:44 413812515 114.301385 30.588933 114.301387 30.588933 0.0 208.0 208
2016-10-17 19:38:52 413812515 114.301385 30.588932 114.301385 30.588933 0.0 150.6 150
2016-10-17 19:43:38 413812515 114.301383 30.588928 114.301385 30.588932 0.0 324.2 324
2016-10-17 19:44:43 413812515 114.301383 30.588928 114.301383 30.588928 0.0 43.6 338
2016-10-17 19:47:42 413812515 114.301383 30.588927 114.301383 30.588928 0.0 350.2 121
2016-10-17 19:49:45 413812515 114.301383 30.588927 114.301383 30.588927 0.0 4.8 73
2016-10-17 19:50:41 413812515 114.301382 30.588927 114.301383 30.588927 0.0 157.2 183
2016-10-17 19:53:43 413812515 114.301383 30.588925 114.301382 30.588927 0.0 220.2 224
