2016-10-25 0:06:02 413773931 114.41552 30.659477 114.41552 30.659477 0.0 0.0
2016-10-25 0:06:45 413773931 114.41552 30.659477 114.41552 30.659477 0.0 0.0
2016-10-25 0:09:22 413773931 114.41552 30.659487 114.41552 30.659477 0.0 0.0
2016-10-25 0:12:28 413773931 114.415533 30.659477 114.41552 30.659487 0.0 0.0
2016-10-25 0:12:44 413773931 114.415533 30.659477 114.415533 30.659477 0.0 0.0
2016-10-25 0:29:31 413773931 114.41552 30.659493 114.41552 30.659493 0.0 0.0
2016-10-25 0:30:47 413773931 114.41552 30.659493 114.41552 30.659493 0.0 0.0
2016-10-25 0:35:38 413773931 114.41552 30.659493 114.41552 30.659493 0.0 0.0
2016-10-25 0:36:23 413773931 114.41552 30.659493 114.41552 30.659493 0.0 0.0
2016-10-25 0:53:14 413773931 114.415493 30.659483 114.415493 30.659483 0.0 0.0
2016-10-25 0:54:25 413773931 114.415493 30.659483 114.415493 30.659483 0.0 0.0
2016-10-25 0:54:47 413773931 114.41548 30.65948 114.415493 30.659483 0.0 0.0
2016-10-25 0:57:44 413773931 114.415467 30.659467 114.41548 30.65948 0.0 0.0
2016-10-25 0:59:10 413773931 114.415467 30.659467 114.415467 30.659467 0.0 0.0
2016-10-25 1:00:12 413773931 114.415467 30.659467 114.415467 30.659467 0.0 0.0
2016-10-25 1:00:52 413773931 114.415493 30.659463 114.415467 30.659467 0.0 0.0
2016-10-25 1:03:47 413773931 114.415493 30.65947 114.415493 30.659463 0.0 0.0
2016-10-25 1:06:06 413773931 114.415493 30.65947 114.415493 30.65947 0.0 0.0
2016-10-25 1:06:55 413773931 114.415493 30.659463 114.415493 30.65947 0.0 0.0
2016-10-25 1:10:01 413773931 114.415507 30.65946 114.415493 30.659463 0.0 0.0
2016-10-25 1:11:11 413773931 114.415507 30.65946 114.415507 30.65946 0.0 0.0
2016-10-25 1:12:07 413773931 114.415507 30.65946 114.415507 30.65946 0.0 0.0
2016-10-25 1:23:09 413773931 114.415493 30.659457 114.415493 30.659457 0.0 0.0
2016-10-25 1:25:12 413773931 114.415493 30.659453 114.415493 30.659457 0.0 0.0
2016-10-25 1:28:41 413773931 114.415493 30.659453 114.415493 30.659453 0.0 0.0
2016-10-25 1:29:56 413773931 114.415493 30.659453 114.415493 30.659453 0.0 0.0
2016-10-25 1:31:18 413773931 114.41548 30.659443 114.415493 30.659453 0.0 0.0
2016-10-25 1:34:43 413773931 114.41548 30.659443 114.41548 30.659443 0.0 0.0
2016-10-25 1:46:36 413773931 114.415507 30.659443 114.415507 30.659443 0.0 0.0
2016-10-25 1:47:35 413773931 114.415507 30.659443 114.415507 30.659443 0.0 0.0
2016-10-25 1:49:04 413773931 114.415507 30.65949 114.415507 30.659443 0.0 0.0
2016-10-25 1:53:40 413773931 114.415507 30.65949 114.415507 30.65949 0.0 0.0
2016-10-25 2:04:24 413773931 114.415533 30.659497 114.415533 30.659497 0.0 0.0
2016-10-25 2:07:18 413773931 114.415507 30.65946 114.415533 30.659497 0.0 0.0
2016-10-25 2:10:11 413773931 114.415507 30.65946 114.415507 30.65946 0.0 0.0
2016-10-25 2:11:14 413773931 114.415507 30.65946 114.415507 30.65946 0.0 0.0
2016-10-25 2:13:25 413773931 114.415493 30.65948 114.415507 30.65946 0.0 0.0
2016-10-25 2:16:22 413773931 114.415493 30.65948 114.415493 30.65948 0.0 0.0
2016-10-25 2:17:05 413773931 114.415493 30.65948 114.415493 30.65948 0.0 0.0
2016-10-25 2:19:34 413773931 114.415493 30.65948 114.415493 30.65948 0.0 0.0
2016-10-25 2:23:03 413773931 114.415493 30.65948 114.415493 30.65948 0.0 0.0
2016-10-25 2:25:55 413773931 114.415493 30.659483 114.415493 30.65948 0.0 0.0
2016-10-25 2:27:56 413773931 114.415493 30.659483 114.415493 30.659483 0.0 0.0
2016-10-25 2:29:34 413773931 114.415493 30.659483 114.415493 30.659483 0.0 0.0
2016-10-25 2:39:49 413773931 114.415493 30.65946 114.415493 30.65946 0.0 0.0
2016-10-25 2:41:01 413773931 114.415493 30.65946 114.415493 30.65946 0.0 0.0
2016-10-25 2:43:44 413773931 114.41552 30.659447 114.415493 30.65946 0.0 0.0
2016-10-25 2:45:57 413773931 114.41552 30.659447 114.41552 30.659447 0.0 0.0
2016-10-25 2:46:45 413773931 114.415547 30.659447 114.41552 30.659447 0.0 0.0
2016-10-25 2:49:45 413773931 114.41552 30.659447 114.415547 30.659447 0.0 0.0
2016-10-25 2:51:48 413773931 114.41552 30.659447 114.41552 30.659447 0.0 0.0
2016-10-25 2:52:37 413773931 114.41552 30.659447 114.41552 30.659447 0.0 0.0
2016-10-25 2:57:55 413773931 114.41552 30.659447 114.41552 30.659447 0.0 0.0
2016-10-25 2:58:43 413773931 114.41552 30.659447 114.41552 30.659447 0.0 0.0
2016-10-25 3:08:08 413773931 114.415547 30.65947 114.41556 30.659477 0.0 0.0
2016-10-25 3:09:45 413773931 114.415547 30.65947 114.415547 30.65947 0.0 0.0
2016-10-25 3:10:26 413773931 114.415547 30.65947 114.415547 30.65947 0.0 0.0
2016-10-25 3:11:20 413773931 114.415507 30.659493 114.415547 30.65947 0.0 0.0
2016-10-25 3:13:56 413773931 114.415533 30.65948 114.415507 30.659493 0.0 0.0
2016-10-25 3:15:28 413773931 114.415533 30.65948 114.415533 30.65948 0.0 0.0
2016-10-25 3:16:15 413773931 114.415533 30.65948 114.415533 30.65948 0.0 0.0
2016-10-25 3:16:54 413773931 114.41552 30.6595 114.415533 30.65948 0.0 0.0
2016-10-25 3:21:11 413773931 114.41552 30.6595 114.41552 30.6595 0.0 0.0
2016-10-25 3:22:18 413773931 114.41552 30.6595 114.41552 30.6595 0.0 0.0
2016-10-25 3:23:09 413773931 114.41552 30.659457 114.41552 30.6595 0.0 0.0
2016-10-25 3:27:14 413773931 114.41552 30.659457 114.41552 30.659457 0.0 0.0
2016-10-25 3:28:26 413773931 114.41552 30.659457 114.41552 30.659457 0.0 0.0
2016-10-25 3:32:15 413773931 114.415507 30.659457 114.41552 30.659457 0.0 0.0
2016-10-25 3:33:15 413773931 114.415507 30.659457 114.415507 30.659457 0.0 0.0
2016-10-25 3:34:28 413773931 114.415507 30.659457 114.415507 30.659457 0.0 0.0
2016-10-25 3:56:21 413773931 114.415507 30.659493 114.415493 30.659493 0.0 0.0
2016-10-25 3:56:45 413773931 114.415507 30.659493 114.415507 30.659493 0.0 0.0
2016-10-25 3:57:51 413773931 114.415507 30.659493 114.415507 30.659493 0.0 0.0
2016-10-25 4:03:03 413773931 114.415507 30.659493 114.415507 30.659493 0.0 0.0
2016-10-25 4:03:48 413773931 114.415507 30.659493 114.415507 30.659493 0.0 0.0
2016-10-25 4:08:28 413773931 114.41552 30.659493 114.415507 30.659493 0.0 0.0
2016-10-25 4:10:00 413773931 114.41552 30.659493 114.41552 30.659493 0.0 0.0
2016-10-25 4:12:02 413773931 114.415533 30.659487 114.41552 30.659493 0.0 0.0
2016-10-25 4:14:43 413773931 114.415533 30.65948 114.415533 30.659487 0.0 0.0
2016-10-25 4:15:34 413773931 114.415533 30.65948 114.415533 30.65948 0.0 0.0
2016-10-25 4:17:34 413773931 114.41552 30.659447 114.415533 30.65948 0.0 0.0
2016-10-25 4:20:38 413773931 114.41552 30.659453 114.41552 30.659447 0.0 0.0
2016-10-25 4:21:27 413773931 114.41552 30.659453 114.41552 30.659453 0.0 0.0
2016-10-25 4:23:49 413773931 114.415533 30.659457 114.41552 30.659453 0.0 0.0
2016-10-25 4:26:26 413773931 114.415533 30.659457 114.415533 30.659457 0.0 0.0
2016-10-25 4:27:19 413773931 114.41552 30.65945 114.415533 30.659457 0.0 0.0
2016-10-25 4:29:30 413773931 114.415547 30.659467 114.41552 30.65945 0.0 0.0
2016-10-25 4:32:57 413773931 114.415507 30.65946 114.415547 30.659467 0.0 0.0
2016-10-25 4:33:21 413773931 114.415507 30.65946 114.415507 30.65946 0.0 0.0
2016-10-25 4:35:39 413773931 114.415493 30.659447 114.415507 30.65946 0.0 0.0
2016-10-25 4:38:14 413773931 114.415493 30.659447 114.415493 30.659447 0.0 0.0
2016-10-25 4:38:39 413773931 114.415493 30.659443 114.415493 30.659447 0.0 0.0
2016-10-25 4:39:21 413773931 114.415493 30.659443 114.415493 30.659443 0.0 0.0
2016-10-25 4:45:28 413773931 114.415493 30.659447 114.415493 30.659447 0.0 0.0
2016-10-25 4:48:03 413773931 114.415533 30.659443 114.415493 30.659447 0.0 0.0
2016-10-25 4:50:10 413773931 114.415533 30.659443 114.415533 30.659443 0.0 0.0
2016-10-25 4:51:06 413773931 114.415533 30.659443 114.415533 30.659443 0.0 0.0
2016-10-25 4:54:09 413773931 114.41548 30.659453 114.415533 30.659443 0.0 0.0
2016-10-25 4:56:19 413773931 114.41548 30.659453 114.41548 30.659453 0.0 0.0
2016-10-25 4:57:19 413773931 114.41548 30.659453 114.41548 30.659453 0.0 0.0
2016-10-25 4:59:52 413773931 114.415493 30.659443 114.41548 30.659453 0.0 0.0
2016-10-25 5:02:22 413773931 114.415493 30.659443 114.415493 30.659443 0.0 0.0
2016-10-25 5:03:12 413773931 114.415493 30.659443 114.415493 30.659443 0.0 0.0
2016-10-25 5:12:23 413773931 114.41552 30.659457 114.415507 30.65945 0.0 0.0
2016-10-25 5:13:44 413773931 114.41552 30.659457 114.41552 30.659457 0.0 0.0
2016-10-25 5:14:51 413773931 114.41552 30.659457 114.41552 30.659457 0.0 0.0
2016-10-25 5:18:16 413773931 114.415507 30.659443 114.41552 30.659457 0.0 0.0
2016-10-25 5:19:39 413773931 114.415507 30.659443 114.415507 30.659443 0.0 0.0
2016-10-25 5:20:44 413773931 114.415507 30.659443 114.415507 30.659443 0.0 0.0
2016-10-25 5:21:11 413773931 114.41552 30.659443 114.415507 30.659443 0.0 0.0
2016-10-25 5:24:19 413773931 114.415507 30.659453 114.41552 30.659443 0.0 0.0
2016-10-25 5:25:46 413773931 114.415507 30.659453 114.415507 30.659453 0.0 0.0
2016-10-25 5:27:18 413773931 114.415493 30.659447 114.415507 30.659453 0.0 0.0
2016-10-25 5:36:22 413773931 114.415493 30.659447 114.415493 30.65946 0.0 0.0
2016-10-25 5:37:32 413773931 114.415493 30.659447 114.415493 30.659447 0.0 0.0
2016-10-25 5:38:30 413773931 114.415493 30.659447 114.415493 30.659447 0.0 0.0
2016-10-25 5:43:26 413773931 114.415493 30.659447 114.415493 30.659447 0.0 0.0
2016-10-25 5:44:40 413773931 114.415493 30.659447 114.415493 30.659447 0.0 0.0
2016-10-25 6:01:10 413773931 114.415493 30.659463 114.415507 30.659477 0.0 0.0
2016-10-25 6:02:10 413773931 114.415493 30.659463 114.415493 30.659463 0.0 0.0
2016-10-25 6:03:50 413773931 114.415507 30.65948 114.415493 30.659463 0.0 0.0
2016-10-25 6:06:43 413773931 114.415493 30.65946 114.415507 30.65948 0.0 0.0
2016-10-25 6:07:15 413773931 114.415493 30.65946 114.415493 30.65946 0.0 0.0
2016-10-25 6:08:34 413773931 114.415493 30.65946 114.415493 30.65946 0.0 0.0
2016-10-25 6:09:30 413773931 114.415507 30.659463 114.415493 30.65946 0.0 0.0
2016-10-25 6:13:00 413773931 114.415507 30.65946 114.415507 30.659463 0.0 0.0
2016-10-25 6:13:55 413773931 114.415507 30.65946 114.415507 30.65946 0.0 0.0
2016-10-25 6:19:24 413773931 114.415507 30.65946 114.415507 30.65946 0.0 0.0
2016-10-25 6:20:01 413773931 114.415507 30.65946 114.415507 30.65946 0.0 0.0
2016-10-25 6:22:13 413773931 114.415467 30.65947 114.415507 30.65946 0.0 0.0
2016-10-25 6:25:03 413773931 114.41552 30.659483 114.415467 30.65947 0.0 0.0
2016-10-25 6:26:14 413773931 114.41552 30.659483 114.41552 30.659483 0.0 0.0
2016-10-25 6:31:12 413773931 114.41552 30.659457 114.41552 30.659483 0.0 0.0
2016-10-25 6:32:07 413773931 114.41552 30.659457 114.41552 30.659457 0.0 0.0
2016-10-25 6:34:15 413773931 114.41552 30.659457 114.41552 30.659457 0.0 0.0
2016-10-25 6:37:08 413773931 114.41552 30.65947 114.41552 30.659457 0.0 0.0
2016-10-25 6:38:08 413773931 114.41552 30.65947 114.41552 30.65947 0.0 0.0
2016-10-25 6:44:21 413773931 114.41552 30.65948 114.41552 30.65947 0.0 0.0
2016-10-25 6:45:57 413773931 114.415507 30.65948 114.41552 30.65948 0.0 0.0
2016-10-25 6:49:19 413773931 114.41552 30.659453 114.415507 30.65948 0.0 0.0
2016-10-25 6:52:07 413773931 114.415533 30.659477 114.41552 30.659453 0.0 0.0
2016-10-25 6:54:49 413773931 114.415533 30.659477 114.415533 30.659477 0.0 0.0
2016-10-25 6:55:47 413773931 114.415533 30.659477 114.415533 30.659477 0.0 0.0
2016-10-25 7:01:15 413773931 114.415507 30.659463 114.415533 30.659477 0.0 0.0
2016-10-25 7:28:44 413773931 114.415493 30.65943 114.41548 30.659443 0.0 0.0
2016-10-25 7:31:09 413773931 114.415493 30.65943 114.415493 30.65943 0.0 0.0
2016-10-25 7:41:58 413773931 114.41552 30.659413 114.41552 30.659413 0.0 0.0
2016-10-25 7:43:03 413773931 114.41552 30.659413 114.41552 30.659413 0.0 0.0
2016-10-25 7:44:03 413773931 114.415507 30.659413 114.41552 30.659413 0.0 0.0
2016-10-25 7:46:37 413773931 114.415507 30.65943 114.415507 30.659413 0.0 0.0
2016-10-25 7:53:49 413773931 114.41556 30.659403 114.41556 30.659403 0.0 0.0
2016-10-25 7:54:55 413773931 114.41556 30.659403 114.41556 30.659403 0.0 0.0
2016-10-25 8:00:23 413773931 114.41556 30.659403 114.41556 30.659403 0.0 0.0
2016-10-25 8:05:02 413773931 114.415533 30.659497 114.41556 30.659403 0.0 0.0
2016-10-25 8:05:58 413773931 114.415533 30.659497 114.415533 30.659497 0.0 0.0
2016-10-25 8:06:38 413773931 114.415533 30.659497 114.415533 30.659497 0.0 0.0
2016-10-25 8:11:28 413773931 114.415533 30.65948 114.415533 30.659497 0.0 0.0
2016-10-25 8:12:49 413773931 114.415533 30.65948 114.415533 30.65948 0.0 0.0
2016-10-25 8:17:34 413773931 114.415533 30.65948 114.415533 30.65948 0.0 0.0
2016-10-25 8:18:41 413773931 114.415533 30.65948 114.415533 30.65948 0.0 0.0
2016-10-25 8:25:17 413773931 114.415533 30.65948 114.415533 30.65948 0.0 0.0
2016-10-25 8:26:01 413773931 114.415507 30.659443 114.415533 30.65948 0.0 0.0
2016-10-25 8:29:15 413773931 114.415507 30.659443 114.415507 30.659443 0.0 0.0
2016-10-25 8:30:52 413773931 114.415507 30.659443 114.415507 30.659443 0.0 0.0
2016-10-25 8:32:14 413773931 114.41552 30.659473 114.415507 30.659443 0.0 0.0
2016-10-25 8:34:59 413773931 114.415507 30.65946 114.41552 30.659473 0.0 0.0
2016-10-25 8:36:39 413773931 114.415507 30.65946 114.415507 30.65946 0.0 0.0
2016-10-25 8:41:46 413773931 114.415507 30.65946 114.415507 30.65946 0.0 0.0
2016-10-25 8:42:32 413773931 114.415507 30.65946 114.415507 30.65946 0.0 0.0
2016-10-25 8:59:13 413773931 114.415533 30.659483 114.415533 30.65948 0.0 0.0
2016-10-25 9:01:33 413773931 114.415533 30.659483 114.415533 30.659483 0.0 0.0
2016-10-25 9:05:12 413773931 114.415533 30.659483 114.415533 30.659483 0.0 0.0
2016-10-25 9:05:43 413773931 114.41552 30.65946 114.415533 30.659483 0.0 0.0
2016-10-25 9:11:04 413773931 114.41552 30.65946 114.41552 30.65946 0.0 0.0
2016-10-25 9:22:33 413773931 114.41552 30.65946 114.41552 30.65946 0.0 0.0
2016-10-25 9:24:07 413773931 114.415507 30.659463 114.41552 30.65946 0.0 0.0
2016-10-25 9:28:29 413773931 114.415507 30.659463 114.415507 30.659463 0.0 0.0
2016-10-25 9:29:33 413773931 114.415493 30.65946 114.415507 30.659463 0.0 0.0
2016-10-25 9:46:39 413773931 114.415533 30.65951 114.415533 30.65951 0.0 0.0
2016-10-25 10:05:20 413773931 114.415627 30.65948 114.415627 30.65948 0.2 66.7
2016-10-25 10:05:56 413773931 114.41564 30.65948 114.415627 30.65948 0.0 0.0
2016-10-25 10:08:53 413773931 114.415627 30.65948 114.41564 30.65948 0.0 0.0
2016-10-25 10:11:01 413773931 114.415627 30.65948 114.415627 30.65948 0.0 0.0
2016-10-25 10:14:55 413773931 114.415613 30.659483 114.415627 30.65948 0.0 0.0
2016-10-25 10:16:58 413773931 114.415613 30.659483 114.415613 30.659483 0.0 0.0
2016-10-25 10:17:54 413773931 114.4156 30.659503 114.415613 30.659483 0.0 0.0
2016-10-25 10:21:48 413773931 114.4156 30.659503 114.4156 30.659503 0.0 0.0
2016-10-25 10:23:04 413773931 114.4156 30.659503 114.4156 30.659503 0.0 0.0
2016-10-25 10:27:54 413773931 114.4156 30.659503 114.4156 30.659503 0.0 0.0
2016-10-25 10:30:40 413773931 114.415613 30.659493 114.4156 30.659503 0.0 0.0
2016-10-25 10:35:18 413773931 114.415613 30.659493 114.415613 30.659493 0.0 0.0
2016-10-25 10:36:26 413773931 114.415613 30.659513 114.415613 30.659493 0.0 0.0
2016-10-25 10:39:35 413773931 114.415613 30.65949 114.415613 30.659513 0.0 0.0
2016-10-25 10:40:33 413773931 114.415613 30.65949 114.415613 30.65949 0.0 0.0
2016-10-25 10:42:15 413773931 114.4156 30.65948 114.415613 30.65949 0.0 0.0
2016-10-25 10:45:54 413773931 114.4156 30.65947 114.4156 30.65948 0.0 0.0
2016-10-25 10:46:36 413773931 114.4156 30.65947 114.4156 30.65947 0.0 0.0
2016-10-25 10:48:47 413773931 114.415587 30.659497 114.4156 30.65947 0.0 0.0
2016-10-25 10:58:31 413773931 114.415587 30.65948 114.415587 30.65948 0.0 0.0
2016-10-25 11:04:37 413773931 114.415613 30.659483 114.415587 30.65948 0.0 0.0
2016-10-25 11:06:44 413773931 114.4156 30.659497 114.415613 30.659483 0.0 0.0
2016-10-25 11:09:06 413773931 114.4156 30.659497 114.4156 30.659497 0.0 0.0
2016-10-25 11:09:35 413773931 114.4156 30.659507 114.4156 30.659497 0.0 0.0
2016-10-25 11:10:09 413773931 114.4156 30.659507 114.4156 30.659507 0.0 0.0
2016-10-25 11:12:41 413773931 114.415613 30.65949 114.4156 30.659507 0.0 0.0
2016-10-25 11:19:11 413773931 114.415587 30.659493 114.415613 30.65949 0.0 0.0
2016-10-25 11:39:16 413773931 114.415573 30.659507 114.415573 30.659507 0.0 0.0
2016-10-25 11:39:47 413773931 114.415573 30.659507 114.415573 30.659507 0.0 0.0
2016-10-25 12:01:02 413773931 114.415667 30.65955 114.415653 30.659523 0.0 0.0
2016-10-25 12:02:46 413773931 114.415667 30.65955 114.415667 30.65955 0.0 0.0
2016-10-25 12:03:16 413773931 114.415667 30.65955 114.415667 30.65955 0.0 0.0
2016-10-25 12:07:34 413773931 114.415667 30.65955 114.415667 30.65955 0.0 0.0
2016-10-25 12:08:34 413773931 114.415667 30.65955 114.415667 30.65955 0.0 0.0
2016-10-25 12:09:17 413773931 114.415667 30.65955 114.415667 30.65955 0.0 0.0
2016-10-25 12:13:29 413773931 114.41568 30.65953 114.415667 30.65955 0.0 0.0
2016-10-25 12:15:05 413773931 114.41568 30.65953 114.41568 30.65953 0.0 0.0
2016-10-25 12:31:38 413773931 114.415653 30.65954 114.415667 30.659533 0.0 0.0
2016-10-25 12:32:08 413773931 114.415653 30.65954 114.415653 30.65954 0.0 0.0
2016-10-25 12:33:26 413773931 114.415653 30.65954 114.415653 30.65954 0.0 0.0
2016-10-25 12:34:28 413773931 114.415653 30.659523 114.415653 30.65954 0.0 0.0
2016-10-25 12:38:07 413773931 114.415653 30.659523 114.415653 30.659523 0.0 0.0
2016-10-25 12:39:22 413773931 114.415653 30.659523 114.415653 30.659523 0.0 0.0
2016-10-25 12:40:57 413773931 114.415653 30.659547 114.415653 30.659523 0.0 0.0
2016-10-25 12:44:31 413773931 114.415653 30.659547 114.415653 30.659547 0.0 0.0
2016-10-25 12:44:58 413773931 114.415653 30.659547 114.415653 30.659547 0.0 0.0
2016-10-25 12:49:48 413773931 114.41564 30.65955 114.415653 30.659547 0.0 0.0
2016-10-25 12:51:01 413773931 114.41564 30.65955 114.41564 30.65955 0.0 0.0
2016-10-25 12:52:20 413773931 114.415627 30.659533 114.41564 30.65955 0.0 0.0
2016-10-25 12:55:42 413773931 114.415627 30.659533 114.415627 30.659533 0.0 0.0
2016-10-25 12:57:08 413773931 114.415627 30.659533 114.415627 30.659533 0.0 0.0
2016-10-25 13:08:58 413773931 114.415627 30.659533 114.415627 30.659533 0.0 0.0
2016-10-25 13:20:54 413773931 114.41552 30.659503 114.41552 30.659503 0.0 0.0
2016-10-25 13:22:44 413773931 114.415547 30.659517 114.41552 30.659503 0.0 0.0
2016-10-25 13:25:39 413773931 114.415547 30.659517 114.415547 30.659517 0.0 0.0
2016-10-25 13:26:39 413773931 114.415547 30.659507 114.415547 30.659517 0.0 0.0
2016-10-25 13:31:21 413773931 114.415547 30.659507 114.415547 30.659507 0.0 0.0
2016-10-25 13:32:11 413773931 114.415493 30.659483 114.415547 30.659507 0.0 0.0
2016-10-25 13:35:10 413773931 114.41552 30.659473 114.415493 30.659483 0.0 0.0
2016-10-25 13:37:23 413773931 114.41552 30.659473 114.41552 30.659473 0.0 0.0
2016-10-25 13:37:51 413773931 114.415507 30.659483 114.41552 30.659473 0.0 0.0
2016-10-25 13:41:36 413773931 114.415507 30.659503 114.415507 30.659483 0.0 0.0
2016-10-25 13:44:02 413773931 114.415467 30.65949 114.415507 30.659503 0.0 0.0
2016-10-25 13:47:03 413773931 114.415453 30.659493 114.415467 30.65949 0.0 0.0
2016-10-25 13:50:02 413773931 114.415467 30.659487 114.415453 30.659493 0.0 0.0
2016-10-25 14:06:42 413773931 114.41544 30.659427 114.41544 30.659427 0.0 0.0
2016-10-25 14:08:25 413773931 114.41544 30.659427 114.41544 30.659427 0.0 0.0
2016-10-25 14:11:18 413773931 114.415427 30.659457 114.41544 30.659427 0.1 0.0
2016-10-25 14:14:22 413773931 114.415413 30.659433 114.415427 30.659457 0.0 0.0
2016-10-25 14:30:28 413773931 114.415307 30.659437 114.415307 30.659437 0.0 0.0
2016-10-25 14:31:51 413773931 114.415307 30.659437 114.415307 30.659437 0.0 0.0
2016-10-25 14:32:28 413773931 114.41532 30.65942 114.415307 30.659437 0.0 0.0
2016-10-25 14:35:23 413773931 114.415333 30.659433 114.41532 30.65942 0.0 0.0
2016-10-25 14:42:29 413773931 114.415267 30.659413 114.415267 30.659413 0.0 0.0
2016-10-25 14:43:43 413773931 114.415267 30.659413 114.415267 30.659413 0.0 0.0
2016-10-25 14:47:45 413773931 114.415267 30.659407 114.415267 30.659413 0.0 0.0
2016-10-25 14:48:36 413773931 114.415267 30.659407 114.415267 30.659407 0.0 0.0
2016-10-25 14:50:15 413773931 114.415267 30.659407 114.415267 30.659407 0.0 0.0
2016-10-25 14:54:05 413773931 114.41528 30.659423 114.415267 30.659407 0.0 0.0
2016-10-25 14:56:44 413773931 114.4152 30.659397 114.41528 30.659423 0.0 0.0
2016-10-25 15:00:25 413773931 114.4152 30.659397 114.4152 30.659397 0.0 0.0
2016-10-25 15:05:47 413773931 114.415173 30.6594 114.4152 30.659397 0.0 0.0
2016-10-25 15:07:03 413773931 114.415173 30.6594 114.415173 30.6594 0.0 0.0
2016-10-25 15:12:02 413773931 114.415187 30.659387 114.415173 30.6594 0.0 0.0
2016-10-25 15:13:16 413773931 114.415187 30.659387 114.415187 30.659387 0.0 0.0
2016-10-25 15:14:43 413773931 114.415187 30.659367 114.415187 30.659387 0.0 0.0
2016-10-25 15:18:59 413773931 114.415187 30.659367 114.415187 30.659367 0.0 0.0
2016-10-25 15:22:24 413773931 114.415187 30.659383 114.415187 30.659367 0.0 0.0
2016-10-25 15:23:55 413773931 114.415213 30.659373 114.415187 30.659383 0.0 0.0
2016-10-25 15:24:53 413773931 114.415213 30.659373 114.415213 30.659373 0.0 0.0
2016-10-25 15:30:36 413773931 114.415173 30.659357 114.415173 30.659357 0.0 0.0
2016-10-25 15:35:49 413773931 114.415173 30.659357 114.415173 30.659357 0.0 0.0
2016-10-25 15:36:32 413773931 114.415173 30.659357 114.415173 30.659357 0.0 0.0
2016-10-25 15:39:05 413773931 114.415173 30.659377 114.415173 30.659357 0.0 0.0
2016-10-25 15:41:33 413773931 114.415173 30.659377 114.415173 30.659377 0.0 0.0
2016-10-25 15:41:59 413773931 114.415187 30.659377 114.415173 30.659377 0.0 0.0
2016-10-25 15:42:24 413773931 114.415187 30.659377 114.415187 30.659377 0.0 0.0
2016-10-25 16:00:12 413773931 114.415627 30.659557 114.415627 30.659557 0.0 0.0
2016-10-25 16:11:25 413773931 114.415453 30.659503 114.415453 30.659503 0.1 328.5
2016-10-25 16:12:20 413773931 114.41552 30.659487 114.415453 30.659503 0.0 0.0
2016-10-25 16:15:07 413773931 114.41552 30.659483 114.41552 30.659487 0.0 0.0
2016-10-25 16:17:10 413773931 114.41552 30.659483 114.41552 30.659483 0.0 0.0
2016-10-25 16:18:11 413773931 114.41552 30.659483 114.41552 30.659483 0.0 0.0
2016-10-25 16:21:16 413773931 114.415533 30.659483 114.41552 30.659483 0.0 0.0
2016-10-25 16:22:57 413773931 114.415533 30.659483 114.415533 30.659483 0.0 0.0
2016-10-25 16:23:56 413773931 114.415533 30.659483 114.415533 30.659483 0.0 0.0
2016-10-25 16:24:18 413773931 114.415533 30.65948 114.415533 30.659483 0.0 0.0
2016-10-25 16:27:15 413773931 114.41552 30.659497 114.415533 30.65948 0.0 0.0
2016-10-25 16:28:52 413773931 114.41552 30.659497 114.41552 30.659497 0.0 0.0
2016-10-25 16:29:59 413773931 114.41552 30.659497 114.41552 30.659497 0.0 0.0
2016-10-25 16:30:25 413773931 114.415507 30.659517 114.41552 30.659497 0.0 0.0
2016-10-25 16:33:45 413773931 114.41552 30.65951 114.415507 30.659517 0.0 0.0
2016-10-25 16:34:53 413773931 114.41552 30.65951 114.41552 30.65951 0.0 0.0
2016-10-25 16:35:56 413773931 114.41552 30.65951 114.41552 30.65951 0.0 0.0
2016-10-25 16:40:52 413773931 114.41552 30.65951 114.41552 30.65951 0.0 0.0
2016-10-25 16:41:44 413773931 114.41552 30.65951 114.41552 30.65951 0.0 0.0
2016-10-25 16:42:26 413773931 114.41552 30.65947 114.41552 30.65951 0.0 0.0
2016-10-25 16:45:30 413773931 114.41552 30.659463 114.41552 30.65947 0.0 0.0
2016-10-25 16:46:43 413773931 114.41552 30.659463 114.41552 30.659463 0.0 0.0
2016-10-25 16:47:48 413773931 114.41552 30.659463 114.41552 30.659463 0.0 0.0
2016-10-25 16:52:29 413773931 114.41552 30.659463 114.41552 30.659463 0.0 0.0
2016-10-25 16:54:28 413773931 114.41552 30.65948 114.41552 30.659463 0.0 0.0
2016-10-25 16:57:45 413773931 114.41552 30.659483 114.41552 30.65948 0.0 0.0
2016-10-25 16:58:35 413773931 114.41552 30.659483 114.41552 30.659483 0.0 0.0
2016-10-25 17:00:31 413773931 114.415533 30.659487 114.41552 30.659483 0.0 0.0
2016-10-25 17:04:24 413773931 114.415533 30.659487 114.415533 30.659487 0.0 0.0
2016-10-25 17:05:35 413773931 114.415533 30.659487 114.415533 30.659487 0.0 0.0
2016-10-25 17:06:47 413773931 114.415533 30.659523 114.415533 30.659487 0.0 0.0
2016-10-25 17:10:22 413773931 114.415533 30.659523 114.415533 30.659523 0.0 0.0
2016-10-25 17:11:24 413773931 114.415533 30.659523 114.415533 30.659523 0.0 0.0
2016-10-25 17:16:00 413773931 114.415533 30.659523 114.415533 30.659523 0.0 0.0
2016-10-25 17:17:34 413773931 114.415533 30.659523 114.415533 30.659523 0.0 0.0
2016-10-25 17:18:26 413773931 114.415533 30.659523 114.415533 30.659523 0.0 0.0
2016-10-25 17:19:11 413773931 114.41552 30.65952 114.415533 30.659523 0.0 0.0
2016-10-25 17:22:02 413773931 114.41552 30.65952 114.41552 30.65952 0.0 0.0
2016-10-25 17:23:08 413773931 114.41552 30.65952 114.41552 30.65952 0.0 0.0
2016-10-25 17:25:12 413773931 114.415507 30.659527 114.41552 30.65952 0.0 0.0
2016-10-25 17:28:15 413773931 114.415507 30.659527 114.415507 30.659527 0.0 0.0
2016-10-25 17:29:14 413773931 114.415507 30.659527 114.415507 30.659527 0.0 0.0
2016-10-25 17:34:00 413773931 114.415507 30.659527 114.415507 30.659527 0.0 0.0
2016-10-25 17:34:58 413773931 114.415507 30.659527 114.415507 30.659527 0.0 0.0
2016-10-25 17:37:10 413773931 114.415547 30.659437 114.415507 30.659527 0.0 0.0
2016-10-25 17:40:23 413773931 114.41552 30.659457 114.415547 30.659437 0.0 0.0
2016-10-25 17:40:53 413773931 114.41552 30.659457 114.41552 30.659457 0.0 0.0
2016-10-25 17:43:02 413773931 114.415507 30.659483 114.41552 30.659457 0.0 0.0
2016-10-25 17:45:47 413773931 114.415507 30.659483 114.415507 30.659483 0.0 0.0
2016-10-25 17:47:02 413773931 114.41552 30.65947 114.415507 30.659483 0.0 0.0
2016-10-25 17:49:22 413773931 114.41552 30.659437 114.41552 30.65947 0.0 0.0
2016-10-25 17:51:38 413773931 114.41552 30.659437 114.41552 30.659437 0.0 0.0
2016-10-25 17:52:00 413773931 114.415507 30.659453 114.41552 30.659437 0.0 0.0
2016-10-25 17:53:12 413773931 114.415507 30.659453 114.415507 30.659453 0.0 0.0
2016-10-25 17:55:12 413773931 114.415507 30.659457 114.415507 30.659453 0.0 0.0
2016-10-25 17:57:28 413773931 114.415507 30.659457 114.415507 30.659457 0.0 0.0
2016-10-25 17:58:11 413773931 114.41552 30.659467 114.415507 30.659457 0.0 0.0
2016-10-25 18:01:07 413773931 114.41552 30.659447 114.41552 30.659467 0.0 0.0
2016-10-25 18:04:18 413773931 114.41552 30.659473 114.41552 30.659447 0.0 0.0
2016-10-25 18:15:16 413773931 114.415533 30.659473 114.415533 30.659473 0.0 0.0
2016-10-25 18:16:15 413773931 114.415533 30.659477 114.415533 30.659473 0.0 0.0
2016-10-25 18:19:31 413773931 114.41552 30.659467 114.415533 30.659477 0.0 0.0
2016-10-25 18:22:15 413773931 114.415547 30.65949 114.41552 30.659467 0.0 0.0
2016-10-25 18:25:38 413773931 114.415547 30.65949 114.415547 30.65949 0.0 0.0
2016-10-25 18:27:17 413773931 114.415547 30.65949 114.415547 30.65949 0.0 0.0
2016-10-25 18:28:22 413773931 114.415547 30.65949 114.415547 30.65949 0.0 0.0
2016-10-25 18:33:14 413773931 114.415547 30.65949 114.415547 30.65949 0.0 0.0
2016-10-25 18:37:33 413773931 114.41556 30.65948 114.415547 30.65949 0.0 0.0
2016-10-25 18:40:08 413773931 114.41556 30.65948 114.41556 30.65948 0.0 0.0
2016-10-25 18:40:29 413773931 114.41556 30.659493 114.41556 30.65948 0.0 0.0
2016-10-25 18:43:49 413773931 114.415547 30.659483 114.41556 30.659493 0.0 0.0
2016-10-25 18:45:20 413773931 114.415547 30.659483 114.415547 30.659483 0.0 0.0
2016-10-25 18:46:03 413773931 114.415547 30.659483 114.415547 30.659483 0.0 0.0
2016-10-25 18:50:51 413773931 114.415547 30.659483 114.415547 30.659483 0.0 0.0
2016-10-25 18:51:59 413773931 114.415547 30.659483 114.415547 30.659483 0.0 0.0
2016-10-25 18:55:55 413773931 114.415533 30.659487 114.415547 30.659483 0.0 0.0
2016-10-25 18:56:51 413773931 114.415533 30.659487 114.415533 30.659487 0.0 0.0
2016-10-25 18:57:38 413773931 114.415533 30.659487 114.415533 30.659487 0.0 0.0
2016-10-25 19:01:41 413773931 114.415547 30.659467 114.415533 30.659487 0.0 0.0
2016-10-25 19:02:58 413773931 114.415547 30.659467 114.415547 30.659467 0.0 0.0
2016-10-25 19:03:50 413773931 114.415547 30.659467 114.415547 30.659467 0.0 0.0
2016-10-25 19:04:42 413773931 114.415547 30.659493 114.415547 30.659467 0.0 0.0
2016-10-25 19:08:49 413773931 114.415533 30.65949 114.415547 30.659493 0.0 0.0
2016-10-25 19:10:32 413773931 114.41556 30.659507 114.415533 30.65949 0.0 0.0
2016-10-25 19:20:42 413773931 114.415533 30.6595 114.415533 30.6595 0.0 0.0
2016-10-25 19:21:30 413773931 114.4156 30.659513 114.415533 30.6595 0.0 0.0
2016-10-25 19:24:34 413773931 114.415573 30.659487 114.4156 30.659513 0.0 0.0
2016-10-25 19:26:34 413773931 114.415573 30.659487 114.415573 30.659487 0.0 0.0
2016-10-25 19:27:41 413773931 114.415573 30.659487 114.415573 30.659487 0.0 0.0
2016-10-25 19:32:31 413773931 114.415573 30.659503 114.415573 30.659487 0.0 0.0
2016-10-25 19:32:48 413773931 114.415587 30.659503 114.415573 30.659503 0.0 0.0
2016-10-25 19:33:24 413773931 114.415587 30.659503 114.415587 30.659503 0.0 0.0
2016-10-25 19:36:32 413773931 114.415573 30.659493 114.415587 30.659503 0.0 0.0
2016-10-25 19:38:11 413773931 114.415573 30.659493 114.415573 30.659493 0.0 0.0
2016-10-25 19:39:19 413773931 114.415587 30.65951 114.415573 30.659493 0.0 0.0
2016-10-25 19:44:08 413773931 114.415587 30.65951 114.415587 30.65951 0.0 0.0
2016-10-25 19:45:13 413773931 114.415587 30.65951 114.415587 30.65951 0.0 0.0
2016-10-25 19:50:22 413773931 114.415573 30.659493 114.415587 30.65951 0.0 0.0
2016-10-25 19:50:57 413773931 114.415573 30.659493 114.415573 30.659493 0.0 0.0
2016-10-25 19:51:45 413773931 114.415573 30.6595 114.415573 30.659493 0.0 0.0
2016-10-25 20:06:38 413773931 114.415587 30.65951 114.415573 30.659507 0.0 0.0
2016-10-25 20:07:57 413773931 114.415587 30.65951 114.415587 30.65951 0.0 0.0
2016-10-25 20:08:54 413773931 114.415587 30.65951 114.415587 30.65951 0.0 0.0
2016-10-25 20:09:53 413773931 114.415587 30.65952 114.415587 30.65951 0.0 0.0
2016-10-25 20:13:47 413773931 114.415587 30.65952 114.415587 30.65952 0.0 0.0
2016-10-25 20:14:35 413773931 114.415587 30.65952 114.415587 30.65952 0.0 0.0
2016-10-25 20:15:43 413773931 114.415613 30.65952 114.415587 30.65952 0.0 0.0
2016-10-25 20:18:51 413773931 114.415587 30.659507 114.415613 30.65952 0.0 0.0
2016-10-25 20:19:49 413773931 114.415587 30.659507 114.415587 30.659507 0.0 0.0
2016-10-25 20:20:40 413773931 114.415587 30.659507 114.415587 30.659507 0.0 0.0
2016-10-25 20:21:45 413773931 114.415587 30.659497 114.415587 30.659507 0.0 0.0
2016-10-25 20:25:43 413773931 114.415587 30.659497 114.415587 30.659497 0.0 0.0
2016-10-25 20:26:37 413773931 114.415587 30.659497 114.415587 30.659497 0.0 0.0
2016-10-25 20:27:46 413773931 114.415573 30.65948 114.415587 30.659497 0.0 0.0
2016-10-25 20:31:26 413773931 114.415573 30.65948 114.415573 30.65948 0.0 0.0
2016-10-25 20:32:35 413773931 114.415573 30.65948 114.415573 30.65948 0.0 0.0
2016-10-25 20:49:12 413773931 114.41556 30.659487 114.41556 30.659487 0.0 0.0
2016-10-25 20:50:13 413773931 114.41556 30.659487 114.41556 30.659487 0.0 0.0
2016-10-25 20:51:56 413773931 114.415573 30.659487 114.41556 30.659487 0.0 0.0
2016-10-25 20:56:16 413773931 114.415573 30.659487 114.415573 30.659487 0.0 0.0
2016-10-25 21:02:11 413773931 114.41556 30.659483 114.41556 30.659483 0.0 0.0
2016-10-25 21:04:00 413773931 114.415573 30.659507 114.41556 30.659483 0.0 0.0
2016-10-25 21:07:11 413773931 114.415573 30.659493 114.415573 30.659507 0.0 0.0
2016-10-25 21:07:58 413773931 114.415573 30.659493 114.415573 30.659493 0.0 0.0
2016-10-25 21:10:04 413773931 114.415573 30.659487 114.415573 30.659493 0.0 0.0
2016-10-25 21:18:51 413773931 114.415587 30.659487 114.415587 30.659487 0.0 0.0
2016-10-25 21:19:06 413773931 114.415573 30.6595 114.415587 30.659487 0.0 0.0
2016-10-25 21:20:00 413773931 114.415573 30.6595 114.415573 30.6595 0.0 0.0
2016-10-25 21:31:48 413773931 114.415587 30.659487 114.415587 30.659487 0.0 0.0
2016-10-25 21:34:17 413773931 114.415573 30.659487 114.415587 30.659487 0.0 0.0
2016-10-25 21:37:56 413773931 114.415573 30.659487 114.415573 30.659487 0.0 0.0
2016-10-25 21:40:23 413773931 114.415573 30.659483 114.415573 30.659487 0.0 0.0
2016-10-25 21:42:44 413773931 114.415573 30.659483 114.415573 30.659483 0.0 0.0
2016-10-25 21:43:29 413773931 114.41556 30.659497 114.415573 30.659483 0.0 0.0
2016-10-25 21:46:25 413773931 114.415573 30.659487 114.41556 30.659497 0.0 0.0
2016-10-25 21:48:27 413773931 114.415573 30.659487 114.415573 30.659487 0.0 0.0
2016-10-25 21:49:29 413773931 114.415573 30.659487 114.415573 30.659487 0.0 0.0
2016-10-25 21:52:33 413773931 114.41556 30.65949 114.415573 30.659487 0.0 0.0
2016-10-25 21:54:22 413773931 114.41556 30.65949 114.41556 30.65949 0.0 0.0
2016-10-25 21:55:33 413773931 114.415573 30.65948 114.41556 30.65949 0.0 0.0
2016-10-25 22:00:38 413773931 114.415573 30.65948 114.415573 30.65948 0.0 0.0
2016-10-25 22:01:15 413773931 114.415573 30.65948 114.415573 30.65948 0.0 0.0
2016-10-25 22:01:28 413773931 114.415547 30.6595 114.415573 30.65948 0.0 0.0
2016-10-25 22:06:08 413773931 114.415547 30.6595 114.415547 30.6595 0.0 0.0
2016-10-25 22:07:17 413773931 114.415547 30.6595 114.415547 30.6595 0.0 0.0
2016-10-25 22:08:15 413773931 114.415547 30.6595 114.415547 30.6595 0.0 0.0
2016-10-25 22:10:45 413773931 114.415587 30.659483 114.415547 30.6595 0.0 0.0
2016-10-25 22:12:08 413773931 114.415587 30.659483 114.415587 30.659483 0.0 0.0
2016-10-25 22:13:08 413773931 114.415587 30.659483 114.415587 30.659483 0.0 0.0
2016-10-25 22:13:36 413773931 114.415573 30.659497 114.415587 30.659483 0.0 0.0
2016-10-25 22:18:04 413773931 114.415573 30.659497 114.415573 30.659497 0.0 0.0
2016-10-25 22:19:38 413773931 114.415573 30.659493 114.415573 30.659497 0.0 0.0
2016-10-25 22:24:07 413773931 114.415573 30.659493 114.415573 30.659493 0.0 0.0
2016-10-25 22:25:06 413773931 114.415573 30.659493 114.415573 30.659493 0.0 0.0
2016-10-25 22:28:51 413773931 114.415573 30.65949 114.415573 30.659493 0.0 0.0
2016-10-25 22:29:59 413773931 114.415573 30.65949 114.415573 30.65949 0.0 0.0
2016-10-25 22:30:48 413773931 114.415573 30.65949 114.415573 30.65949 0.0 0.0
2016-10-25 22:31:48 413773931 114.415573 30.65949 114.415573 30.65949 0.0 0.0
2016-10-25 22:35:10 413773931 114.41556 30.659493 114.415573 30.65949 0.0 0.0
2016-10-25 22:35:46 413773931 114.41556 30.659493 114.41556 30.659493 0.0 0.0
2016-10-25 22:36:54 413773931 114.41556 30.659493 114.41556 30.659493 0.0 0.0
2016-10-25 22:37:55 413773931 114.415587 30.65948 114.41556 30.659493 0.0 0.0
2016-10-25 22:41:48 413773931 114.415587 30.65948 114.415587 30.65948 0.0 0.0
2016-10-25 22:42:54 413773931 114.415587 30.65948 114.415587 30.65948 0.0 0.0
2016-10-25 22:47:10 413773931 114.415573 30.659483 114.415587 30.65948 0.0 0.0
2016-10-25 22:47:38 413773931 114.415573 30.659483 114.415573 30.659483 0.0 0.0
2016-10-25 22:48:40 413773931 114.415573 30.659483 114.415573 30.659483 0.0 0.0
2016-10-25 22:50:04 413773931 114.415573 30.659493 114.415573 30.659483 0.0 0.0
2016-10-25 22:53:14 413773931 114.41556 30.65949 114.415573 30.659493 0.0 0.0
2016-10-25 22:53:31 413773931 114.41556 30.65949 114.41556 30.65949 0.0 0.0
2016-10-25 22:54:35 413773931 114.41556 30.65949 114.41556 30.65949 0.0 0.0
2016-10-25 22:56:17 413773931 114.41556 30.659503 114.41556 30.65949 0.0 0.0
2016-10-25 22:59:38 413773931 114.41556 30.659503 114.41556 30.659503 0.0 0.0
2016-10-25 23:00:24 413773931 114.41556 30.659503 114.41556 30.659503 0.0 0.0
2016-10-25 23:20:16 413773931 114.415573 30.659487 114.415573 30.659493 0.0 0.0
2016-10-25 23:23:11 413773931 114.41556 30.659467 114.415573 30.659487 0.0 0.0
2016-10-25 23:26:17 413773931 114.415587 30.659487 114.41556 30.659467 0.0 0.0
2016-10-25 23:29:18 413773931 114.415587 30.659487 114.415587 30.659487 0.0 0.0
2016-10-25 23:32:40 413773931 114.415573 30.6595 114.415587 30.659487 0.0 0.0
2016-10-25 23:35:18 413773931 114.4156 30.659507 114.415573 30.6595 0.0 0.0
2016-10-25 23:36:07 413773931 114.4156 30.659507 114.4156 30.659507 0.0 0.0
2016-10-25 23:38:35 413773931 114.415587 30.65951 114.4156 30.659507 0.0 0.0
2016-10-25 23:41:03 413773931 114.415587 30.65951 114.415587 30.65951 0.0 0.0
2016-10-25 23:41:48 413773931 114.4156 30.659513 114.415587 30.65951 0.0 0.0
2016-10-25 23:44:25 413773931 114.415587 30.6595 114.4156 30.659513 0.0 0.0
2016-10-25 23:47:01 413773931 114.415587 30.6595 114.415587 30.6595 0.0 0.0
2016-10-25 23:47:25 413773931 114.415587 30.6595 114.415587 30.6595 0.0 0.0
2016-10-25 23:47:57 413773931 114.415587 30.6595 114.415587 30.6595 0.0 0.0
2016-10-25 23:50:31 413773931 114.415573 30.659493 114.415587 30.6595 0.0 0.0
2016-10-25 23:53:51 413773931 114.41556 30.65951 114.415573 30.659493 0.0 0.0
2016-10-25 23:56:49 413773931 114.4156 30.65949 114.41556 30.65951 0.0 0.0
2016-10-25 23:59:04 413773931 114.4156 30.65949 114.4156 30.65949 0.0 0.0
2016-10-25 23:59:43 413773931 114.4156 30.65949 114.4156 30.65949 0.0 0.0
