2016-10-20 8:24:55 150204602 114.233267 30.48655 114.229083 30.4817 7.0 41.8
2016-10-20 8:27:44 150204602 114.236483 30.49015 114.233267 30.48655 6.0 36.8
2016-10-20 8:28:28 150204602 114.237583 30.491633 114.236483 30.49015 6.2 32.5
2016-10-20 8:29:00 150204602 114.2381 30.492367 114.237583 30.491633 6.1 32.2
2016-10-20 8:31:58 150204602 114.241267 30.496617 114.2381 30.492367 6.1 35.7
2016-10-20 8:32:57 150204602 114.24235 30.498017 114.241267 30.496617 6.1 35.1
2016-10-20 8:34:51 150204602 114.243833 30.500183 114.24235 30.498017 6.0 31.2
2016-10-20 8:36:12 150204602 114.245483 30.502167 114.243833 30.500183 5.9 38.7
2016-10-20 8:37:55 150204602 114.247683 30.504917 114.245483 30.502167 6.1 35.3
2016-10-20 8:39:06 150204602 114.2487 30.506383 114.247683 30.504917 6.1 27.9
2016-10-20 8:40:33 150204602 114.25025 30.50855 114.2487 30.506383 6.1 36.1
2016-10-20 8:41:31 150204602 114.2512 30.509817 114.25025 30.50855 6.2 32.9
2016-10-20 8:44:03 150204602 114.2539 30.513733 114.2512 30.509817 6.2 36.1
2016-10-20 8:44:57 150204602 114.255033 30.515167 114.2539 30.513733 6.3 35.2
2016-10-20 8:45:28 150204602 114.2556 30.515883 114.255033 30.515167 6.3 36.5
2016-10-20 8:46:16 150204602 114.2562 30.516617 114.2556 30.515883 6.4 36.1
2016-10-20 8:50:39 150204602 114.26165 30.5235 114.2562 30.516617 6.9 38.0
2016-10-20 8:53:22 150204602 114.265767 30.52795 114.26165 30.5235 7.2 41.7
2016-10-20 8:53:55 150204602 114.266667 30.52885 114.265767 30.52795 7.3 42.2
2016-10-20 8:55:11 150204602 114.268233 30.530383 114.266667 30.52885 7.3 40.2
2016-10-20 8:56:25 150204602 114.27025 30.532917 114.268233 30.530383 7.4 33.9
2016-10-20 8:57:19 150204602 114.2709 30.5338 114.27025 30.532917 7.4 34.0
2016-10-20 8:58:08 150204602 114.272233 30.535517 114.2709 30.5338 7.4 34.5
2016-10-20 8:58:36 150204602 114.2729 30.536317 114.272233 30.535517 7.3 36.0
2016-10-20 8:59:44 150204602 114.274383 30.537983 114.2729 30.536317 7.5 37.7
2016-10-20 9:00:10 150204602 114.275133 30.538817 114.274383 30.537983 7.4 38.6
2016-10-20 9:00:37 150204602 114.275833 30.539667 114.275133 30.538817 7.5 35.9
2016-10-20 9:01:38 150204602 114.2771 30.541417 114.275833 30.539667 7.4 32.1
2016-10-20 9:02:25 150204602 114.278283 30.543217 114.2771 30.541417 7.4 30.1
2016-10-20 9:03:28 150204602 114.279467 30.545033 114.278283 30.543217 7.4 29.4
2016-10-20 9:04:13 150204602 114.280017 30.54595 114.279467 30.545033 7.3 28.1
2016-10-20 9:04:48 150204602 114.280533 30.54685 114.280017 30.54595 7.1 28.2
2016-10-20 9:05:37 150204602 114.281567 30.54855 114.280533 30.54685 6.8 28.6
2016-10-20 9:06:33 150204602 114.2825 30.550183 114.281567 30.54855 6.5 27.0
2016-10-20 9:07:01 150204602 114.282967 30.551033 114.2825 30.550183 6.4 26.8
2016-10-20 9:07:26 150204602 114.283417 30.551817 114.282967 30.551033 6.3 30.1
2016-10-20 9:08:24 150204602 114.284383 30.5533 114.283417 30.551817 6.0 30.5
2016-10-20 9:09:15 150204602 114.284833 30.554 114.284383 30.5533 5.9 30.4
2016-10-20 9:10:16 150204602 114.285767 30.555417 114.284833 30.554 5.7 31.4
2016-10-20 9:11:07 150204602 114.286683 30.5568 114.285767 30.555417 5.6 32.0
2016-10-20 9:11:33 150204602 114.28715 30.55745 114.286683 30.5568 5.5 32.0
2016-10-20 9:12:39 150204602 114.287983 30.55875 114.28715 30.55745 5.2 30.2
2016-10-20 9:13:01 150204602 114.288367 30.559383 114.287983 30.55875 5.2 30.5
2016-10-20 9:13:23 150204602 114.288783 30.56 114.288367 30.559383 5.1 32.0
2016-10-20 9:13:58 150204602 114.289217 30.5606 114.288783 30.56 5.1 34.2
2016-10-20 9:14:24 150204602 114.28965 30.5612 114.289217 30.5606 5.0 34.2
2016-10-20 9:15:14 150204602 114.290067 30.5618 114.28965 30.5612 5.0 33.1
2016-10-20 9:16:19 150204602 114.290883 30.563033 114.290067 30.5618 5.0 31.1
2016-10-20 9:17:42 150204602 114.291983 30.56475 114.290883 30.563033 4.8 31.0
2016-10-20 9:18:08 150204602 114.292417 30.565383 114.291983 30.56475 4.9 33.5
2016-10-20 9:18:31 150204602 114.29285 30.56595 114.292417 30.565383 4.8 36.1
2016-10-20 9:18:57 150204602 114.293283 30.566467 114.29285 30.56595 4.6 37.3
2016-10-20 9:19:36 150204602 114.293717 30.567 114.293283 30.566467 4.7 36.5
2016-10-20 9:20:05 150204602 114.29415 30.567533 114.293717 30.567 4.7 35.1
2016-10-20 9:20:28 150204602 114.29455 30.5681 114.29415 30.567533 4.6 34.4
2016-10-20 9:20:51 150204602 114.294967 30.568667 114.29455 30.5681 4.6 33.5
2016-10-20 9:21:25 150204602 114.295367 30.569233 114.294967 30.568667 4.6 33.5
2016-10-20 9:21:58 150204602 114.29575 30.5698 114.295367 30.569233 4.6 33.7
2016-10-20 9:22:27 150204602 114.29615 30.57035 114.29575 30.5698 4.7 33.0
2016-10-20 9:23:23 150204602 114.296933 30.5715 114.29615 30.57035 4.8 32.8
2016-10-20 9:24:17 150204602 114.29735 30.572067 114.296933 30.5715 4.8 33.0
2016-10-20 9:25:18 150204602 114.298167 30.573233 114.29735 30.572067 4.8 34.5
2016-10-20 9:26:06 150204602 114.299067 30.574333 114.298167 30.573233 4.8 37.5
2016-10-20 9:26:28 150204602 114.299517 30.574883 114.299067 30.574333 4.8 36.1
2016-10-20 9:27:04 150204602 114.299933 30.57545 114.299517 30.574883 4.8 34.5
2016-10-20 9:27:37 150204602 114.300367 30.576017 114.299933 30.57545 4.9 33.5
2016-10-20 9:28:04 150204602 114.300767 30.5766 114.300367 30.576017 4.8 32.7
2016-10-20 9:28:30 150204602 114.301167 30.577167 114.300767 30.5766 4.8 32.0
2016-10-20 9:29:07 150204602 114.301567 30.577783 114.301167 30.577167 4.8 31.5
2016-10-20 9:29:35 150204602 114.301917 30.578333 114.301567 30.577783 4.8 31.6
2016-10-20 9:29:58 150204602 114.30235 30.57895 114.301917 30.578333 4.8 32.4
2016-10-20 9:30:22 150204602 114.30275 30.57955 114.30235 30.57895 4.9 32.9
2016-10-20 9:31:18 150204602 114.303167 30.580133 114.30275 30.57955 4.9 33.2
2016-10-20 9:32:40 150204602 114.3044 30.581917 114.303167 30.580133 5.0 30.9
2016-10-20 9:33:14 150204602 114.304817 30.582533 114.3044 30.581917 5.1 30.7
2016-10-20 9:34:03 150204602 114.30565 30.5838 114.304817 30.582533 5.2 31.6
2016-10-20 9:34:42 150204602 114.306067 30.584433 114.30565 30.5838 5.3 32.0
2016-10-20 9:35:12 150204602 114.3065 30.58505 114.306067 30.584433 5.3 32.1
2016-10-20 9:35:31 150204602 114.306933 30.5857 114.3065 30.58505 5.4 32.0
2016-10-20 9:35:54 150204602 114.307383 30.58635 114.306933 30.5857 5.4 31.8
2016-10-20 9:36:36 150204602 114.307833 30.587017 114.307383 30.58635 5.5 31.0
2016-10-20 9:37:08 150204602 114.30825 30.587683 114.307833 30.587017 5.5 29.4
2016-10-20 9:37:35 150204602 114.308667 30.588367 114.30825 30.587683 5.5 27.9
2016-10-20 9:37:59 150204602 114.309067 30.589083 114.308667 30.588367 5.6 28.3
2016-10-20 9:38:35 150204602 114.309483 30.5898 114.309067 30.589083 5.6 28.9
2016-10-20 9:39:06 150204602 114.309933 30.590483 114.309483 30.5898 5.7 30.8
2016-10-20 9:39:35 150204602 114.3104 30.591183 114.309933 30.590483 5.7 32.3
2016-10-20 9:40:04 150204602 114.310883 30.591867 114.3104 30.591183 5.8 31.5
2016-10-20 9:40:40 150204602 114.311367 30.592567 114.310883 30.591867 5.9 31.7
2016-10-20 9:41:10 150204602 114.311833 30.593283 114.311367 30.592567 5.9 30.4
2016-10-20 9:41:35 150204602 114.312283 30.594017 114.311833 30.593283 5.8 29.9
2016-10-20 9:42:31 150204602 114.3132 30.595417 114.312283 30.594017 5.8 30.6
2016-10-20 9:42:59 150204602 114.31365 30.596117 114.3132 30.595417 5.7 30.5
2016-10-20 9:43:26 150204602 114.314117 30.596817 114.31365 30.596117 5.7 31.5
2016-10-20 9:43:52 150204602 114.314583 30.597483 114.314117 30.596817 5.6 32.3
2016-10-20 9:44:34 150204602 114.31505 30.598167 114.314583 30.597483 5.6 32.9
2016-10-20 9:45:06 150204602 114.315517 30.598833 114.31505 30.598167 5.6 32.3
2016-10-20 9:45:34 150204602 114.315983 30.599483 114.315517 30.598833 5.5 31.7
2016-10-20 9:46:01 150204602 114.3164 30.60015 114.315983 30.599483 5.5 32.1
2016-10-20 9:46:36 150204602 114.316867 30.6008 114.3164 30.60015 5.4 32.2
2016-10-20 9:47:05 150204602 114.317317 30.601433 114.316867 30.6008 5.4 32.6
2016-10-20 9:47:28 150204602 114.317783 30.602083 114.317317 30.601433 5.3 34.0
2016-10-20 9:47:53 150204602 114.318217 30.602683 114.317783 30.602083 5.3 33.7
2016-10-20 9:48:25 150204602 114.318683 30.6033 114.318217 30.602683 5.2 36.0
2016-10-20 9:49:46 150204602 114.319717 30.604433 114.318683 30.6033 5.1 41.0
2016-10-20 9:50:28 150204602 114.32075 30.6055 114.319717 30.604433 5.0 40.5
2016-10-20 9:51:03 150204602 114.321267 30.60605 114.32075 30.6055 5.0 40.1
2016-10-20 9:51:33 150204602 114.321767 30.606583 114.321267 30.60605 5.0 40.4
2016-10-20 9:52:01 150204602 114.322283 30.607133 114.321767 30.606583 5.0 41.9
2016-10-20 9:52:41 150204602 114.322817 30.60765 114.322283 30.607133 5.0 43.7
2016-10-20 9:53:11 150204602 114.323383 30.608167 114.322817 30.60765 5.0 43.9
2016-10-20 9:53:38 150204602 114.323967 30.608733 114.323383 30.608167 5.0 43.3
2016-10-20 9:54:03 150204602 114.32445 30.609217 114.323967 30.608733 5.0 42.8
2016-10-20 9:54:44 150204602 114.324967 30.609717 114.32445 30.609217 5.0 42.0
2016-10-20 9:55:42 150204602 114.326067 30.6108 114.324967 30.609717 5.2 42.0
2016-10-20 9:56:10 150204602 114.326617 30.61135 114.326067 30.6108 5.0 42.2
2016-10-20 9:56:51 150204602 114.3271 30.61185 114.326617 30.61135 5.0 42.3
2016-10-20 9:57:25 150204602 114.32815 30.612917 114.3271 30.61185 4.9 43.5
2016-10-20 9:57:50 150204602 114.328717 30.6134 114.32815 30.612917 5.0 46.9
2016-10-20 9:58:54 150204602 114.329883 30.614367 114.328717 30.6134 5.1 46.8
2016-10-20 9:59:26 150204602 114.33055 30.614933 114.329883 30.614367 5.1 46.3
2016-10-20 9:59:52 150204602 114.331067 30.615383 114.33055 30.614933 5.1 46.1
2016-10-20 10:00:53 150204602 114.332233 30.616383 114.331067 30.615383 5.1 46.0
2016-10-20 10:01:22 150204602 114.332817 30.616883 114.332233 30.616383 5.2 47.5
2016-10-20 10:02:17 150204602 114.333433 30.617367 114.332817 30.616883 5.1 49.3
2016-10-20 10:03:25 150204602 114.335333 30.618783 114.333433 30.617367 5.2 50.3
2016-10-20 10:04:57 150204602 114.33725 30.620183 114.335333 30.618783 5.3 51.3
2016-10-20 10:05:26 150204602 114.337967 30.620717 114.33725 30.620183 5.3 51.0
2016-10-20 10:05:52 150204602 114.33855 30.62115 114.337967 30.620717 5.3 49.6
2016-10-20 10:06:56 150204602 114.339817 30.622167 114.33855 30.62115 5.3 46.5
2016-10-20 10:07:32 150204602 114.340417 30.622683 114.339817 30.622167 5.4 45.0
2016-10-20 10:07:58 150204602 114.341033 30.623233 114.340417 30.622683 5.4 46.0
2016-10-20 10:08:24 150204602 114.341633 30.62375 114.341033 30.623233 5.4 47.7
2016-10-20 10:09:02 150204602 114.342267 30.624233 114.341633 30.62375 5.4 48.2
2016-10-20 10:09:34 150204602 114.3429 30.624733 114.342267 30.624233 5.4 49.6
2016-10-20 10:10:02 150204602 114.343567 30.625233 114.3429 30.624733 5.5 49.3
2016-10-20 10:10:31 150204602 114.3442 30.625733 114.343567 30.625233 5.4 48.4
2016-10-20 10:11:03 150204602 114.344833 30.6263 114.3442 30.625733 5.7 45.1
2016-10-20 10:11:34 150204602 114.34565 30.6269 114.344833 30.6263 5.5 48.2
2016-10-20 10:12:01 150204602 114.3462 30.627317 114.34565 30.6269 5.5 48.9
2016-10-20 10:13:11 150204602 114.34755 30.628317 114.3462 30.627317 5.7 52.1
2016-10-20 10:14:31 150204602 114.349633 30.629733 114.34755 30.628317 5.6 52.8
2016-10-20 10:15:10 150204602 114.350333 30.630233 114.349633 30.629733 5.6 51.3
2016-10-20 10:15:40 150204602 114.351 30.630733 114.350333 30.630233 5.6 50.7
2016-10-20 10:16:08 150204602 114.351683 30.631233 114.351 30.630733 5.7 50.5
2016-10-20 10:16:38 150204602 114.352383 30.631733 114.351683 30.631233 5.7 51.0
2016-10-20 10:17:18 150204602 114.353117 30.63225 114.352383 30.631733 5.7 51.5
2016-10-20 10:17:50 150204602 114.35395 30.632833 114.353117 30.63225 5.7 51.9
2016-10-20 10:18:47 150204602 114.35525 30.63375 114.35395 30.632833 5.7 51.2
2016-10-20 10:19:55 150204602 114.3574 30.635283 114.35525 30.63375 5.8 51.1
2016-10-20 10:20:42 150204602 114.358133 30.635783 114.3574 30.635283 5.8 50.2
2016-10-20 10:21:49 150204602 114.35955 30.636833 114.358133 30.635783 5.8 49.6
2016-10-20 10:22:45 150204602 114.360983 30.63785 114.35955 30.636833 5.8 52.1
2016-10-20 10:23:25 150204602 114.36245 30.63885 114.360983 30.63785 5.8 53.4
2016-10-20 10:23:56 150204602 114.363217 30.639333 114.36245 30.63885 5.8 54.2
2016-10-20 10:24:21 150204602 114.363983 30.639817 114.363217 30.639333 5.8 54.8
2016-10-20 10:25:19 150204602 114.364733 30.6403 114.363983 30.639817 5.8 54.5
2016-10-20 10:26:13 150204602 114.36625 30.641283 114.364733 30.6403 5.8 53.0
2016-10-20 10:27:12 150204602 114.367733 30.6423 114.36625 30.641283 5.9 52.9
2016-10-20 10:28:08 150204602 114.36925 30.643317 114.367733 30.6423 5.9 52.9
2016-10-20 10:28:36 150204602 114.37 30.6438 114.36925 30.643317 5.8 54.6
2016-10-20 10:29:17 150204602 114.37075 30.64425 114.37 30.6438 5.7 56.0
2016-10-20 10:29:48 150204602 114.371717 30.644817 114.37075 30.64425 5.7 56.8
2016-10-20 10:30:42 150204602 114.373067 30.645567 114.371717 30.644817 5.7 60.1
2016-10-20 10:31:21 150204602 114.37465 30.646367 114.373067 30.645567 5.7 60.0
2016-10-20 10:31:52 150204602 114.375417 30.646767 114.37465 30.646367 5.7 59.3
2016-10-20 10:32:42 150204602 114.376167 30.647183 114.375417 30.646767 5.6 58.0
2016-10-20 10:33:40 150204602 114.377683 30.648083 114.376167 30.647183 5.6 56.4
2016-10-20 10:34:39 150204602 114.379167 30.64895 114.377683 30.648083 5.5 57.4
2016-10-20 10:35:22 150204602 114.380683 30.6498 114.379167 30.64895 5.6 59.8
2016-10-20 10:35:56 150204602 114.3815 30.6502 114.380683 30.6498 5.5 61.9
2016-10-20 10:36:23 150204602 114.382283 30.650567 114.3815 30.6502 5.5 62.1
2016-10-20 10:36:53 150204602 114.383067 30.65095 114.382283 30.650567 5.5 62.2
2016-10-20 10:37:29 150204602 114.383833 30.651333 114.383067 30.65095 5.5 62.1
2016-10-20 10:37:58 150204602 114.384633 30.651683 114.383833 30.651333 5.5 63.1
2016-10-20 10:38:50 150204602 114.386183 30.652417 114.384633 30.651683 5.5 62.1
2016-10-20 10:39:28 150204602 114.386983 30.652783 114.386183 30.652417 5.5 62.7
2016-10-20 10:40:21 150204602 114.388533 30.6534 114.386983 30.652783 5.4 66.3
2016-10-20 10:41:23 150204602 114.390167 30.654033 114.388533 30.6534 5.5 65.9
2016-10-20 10:41:58 150204602 114.390967 30.65435 114.390167 30.654033 5.5 66.3
2016-10-20 10:42:26 150204602 114.391767 30.65465 114.390967 30.65435 5.5 67.1
2016-10-20 10:42:55 150204602 114.392583 30.65495 114.391767 30.65465 5.5 67.9
2016-10-20 10:43:33 150204602 114.3934 30.655233 114.392583 30.65495 5.5 69.1
2016-10-20 10:44:02 150204602 114.394233 30.6555 114.3934 30.655233 5.5 70.3
2016-10-20 10:44:28 150204602 114.395067 30.655783 114.394233 30.6555 5.5 71.1
2016-10-20 10:44:50 150204602 114.395917 30.656017 114.395067 30.655783 5.5 71.7
2016-10-20 10:45:26 150204602 114.39675 30.65625 114.395917 30.656017 5.5 72.9
2016-10-20 10:45:57 150204602 114.3976 30.656483 114.39675 30.65625 5.5 73.7
2016-10-20 10:46:23 150204602 114.398417 30.656683 114.3976 30.656483 5.5 73.6
2016-10-20 10:47:32 150204602 114.400083 30.65715 114.398417 30.656683 5.6 71.6
2016-10-20 10:48:03 150204602 114.40095 30.657417 114.400083 30.65715 5.5 69.8
2016-10-20 10:48:32 150204602 114.40185 30.657683 114.40095 30.657417 5.5 69.9
2016-10-20 10:49:02 150204602 114.40265 30.657967 114.40185 30.657683 5.6 69.0
2016-10-20 10:49:43 150204602 114.403467 30.65825 114.40265 30.657967 5.6 68.0
2016-10-20 10:50:38 150204602 114.40505 30.658867 114.403467 30.65825 5.5 65.2
2016-10-20 10:51:03 150204602 114.405817 30.659167 114.40505 30.658867 5.6 65.9
2016-10-20 10:51:39 150204602 114.406633 30.659483 114.405817 30.659167 5.6 66.6
2016-10-20 10:52:08 150204602 114.407433 30.659783 114.406633 30.659483 5.5 66.9
2016-10-20 10:53:49 150204602 114.4107 30.661017 114.407433 30.659783 5.5 68.0
2016-10-20 10:54:34 150204602 114.411517 30.661317 114.4107 30.661017 5.6 68.2
2016-10-20 10:55:10 150204602 114.412317 30.661583 114.411517 30.661317 5.5 68.9
2016-10-20 10:55:40 150204602 114.41315 30.66185 114.412317 30.661583 5.5 69.3
2016-10-20 10:56:06 150204602 114.413967 30.662117 114.41315 30.66185 5.5 70.3
2016-10-20 10:56:27 150204602 114.414833 30.66235 114.413967 30.662117 5.5 71.8
2016-10-20 10:57:06 150204602 114.415667 30.66255 114.414833 30.66235 5.5 72.6
2016-10-20 10:58:10 150204602 114.417317 30.663 114.415667 30.66255 5.5 71.7
2016-10-20 10:59:09 150204602 114.418933 30.663467 114.417317 30.663 5.4 70.4
2016-10-20 10:59:39 150204602 114.420033 30.663833 114.418933 30.663467 5.4 67.4
2016-10-20 11:00:07 150204602 114.420517 30.664 114.420033 30.663833 5.4 66.8
2016-10-20 11:01:14 150204602 114.422083 30.664583 114.420517 30.664 5.4 65.9
2016-10-20 11:02:31 150204602 114.424433 30.665483 114.422083 30.664583 5.4 66.4
2016-10-20 11:03:07 150204602 114.425233 30.66575 114.424433 30.665483 5.4 68.7
2016-10-20 11:03:37 150204602 114.426033 30.666 114.425233 30.66575 5.4 69.5
2016-10-20 11:04:06 150204602 114.426833 30.666267 114.426033 30.666 5.4 69.6
2016-10-20 11:04:33 150204602 114.42765 30.666517 114.426833 30.666267 5.4 70.5
2016-10-20 11:05:12 150204602 114.428467 30.666767 114.42765 30.666517 5.4 70.2
2016-10-20 11:06:08 150204602 114.430017 30.667217 114.428467 30.666767 5.4 72.0
2016-10-20 11:06:38 150204602 114.430733 30.667417 114.430017 30.667217 5.4 72.4
2016-10-20 11:07:21 150204602 114.431567 30.66765 114.430733 30.667417 5.5 72.6
2016-10-20 11:07:59 150204602 114.433183 30.66805 114.431567 30.66765 5.4 72.9
2016-10-20 11:08:28 150204602 114.434133 30.668333 114.433183 30.66805 5.4 72.8
2016-10-20 11:09:34 150204602 114.4358 30.668767 114.434133 30.668333 5.4 71.3
2016-10-20 11:10:02 150204602 114.436617 30.669017 114.4358 30.668767 5.4 69.7
2016-10-20 11:10:30 150204602 114.437383 30.669267 114.436617 30.669017 5.5 67.6
2016-10-20 11:11:43 150204602 114.439333 30.670017 114.437383 30.669267 5.4 64.4
2016-10-20 11:12:46 150204602 114.4405 30.670517 114.439333 30.670017 5.4 62.8
2016-10-20 11:13:50 150204602 114.442767 30.671567 114.4405 30.670517 5.4 61.4
2016-10-20 11:14:42 150204602 114.443533 30.671933 114.442767 30.671567 5.5 61.4
2016-10-20 11:16:40 150204602 114.446833 30.673117 114.443533 30.671933 5.6 69.2
2016-10-20 11:17:08 150204602 114.44765 30.673383 114.446833 30.673117 5.6 68.6
2016-10-20 11:17:49 150204602 114.44885 30.673817 114.44765 30.673383 5.5 66.4
2016-10-20 11:18:46 150204602 114.450083 30.674333 114.44885 30.673817 5.5 64.1
2016-10-20 11:19:47 150204602 114.451617 30.675 114.450083 30.674333 5.5 62.4
2016-10-20 11:21:13 150204602 114.453933 30.676 114.451617 30.675 5.4 64.2
2016-10-20 11:22:26 150204602 114.45625 30.677 114.453933 30.676 5.4 63.8
2016-10-20 11:22:55 150204602 114.457033 30.677333 114.45625 30.677 5.4 64.8
2016-10-20 11:23:23 150204602 114.457817 30.67765 114.457033 30.677333 5.5 64.8
2016-10-20 11:24:03 150204602 114.458617 30.677983 114.457817 30.67765 5.6 65.0
2016-10-20 11:24:35 150204602 114.459433 30.6783 114.458617 30.677983 5.6 65.9
2016-10-20 11:25:33 150204602 114.461083 30.6789 114.459433 30.6783 5.8 67.7
2016-10-20 11:26:08 150204602 114.46195 30.679183 114.461083 30.6789 5.8 68.4
2016-10-20 11:26:37 150204602 114.462817 30.679483 114.46195 30.679183 5.9 67.7
2016-10-20 11:27:02 150204602 114.463683 30.6798 114.462817 30.679483 5.9 67.2
2016-10-20 11:27:27 150204602 114.46455 30.680117 114.463683 30.6798 5.9 67.1
2016-10-20 11:28:01 150204602 114.465433 30.680433 114.46455 30.680117 6.0 66.0
2016-10-20 11:28:32 150204602 114.4663 30.680783 114.465433 30.680433 6.0 65.2
2016-10-20 11:29:28 150204602 114.468 30.681483 114.4663 30.680783 6.1 64.1
2016-10-20 11:30:06 150204602 114.468867 30.68185 114.468 30.681483 6.1 63.8
2016-10-20 11:31:59 150204602 114.47225 30.68325 114.468867 30.68185 6.2 65.8
2016-10-20 11:32:31 150204602 114.473117 30.683583 114.47225 30.68325 6.2 66.3
2016-10-20 11:33:02 150204602 114.474033 30.683933 114.473117 30.683583 6.2 66.7
2016-10-20 11:34:06 150204602 114.47585 30.684617 114.474033 30.683933 6.2 65.7
2016-10-20 11:34:35 150204602 114.476783 30.684967 114.47585 30.684617 6.2 67.6
2016-10-20 11:35:25 150204602 114.4787 30.685617 114.476783 30.684967 6.2 69.7
2016-10-20 11:36:00 150204602 114.479617 30.685917 114.4787 30.685617 6.3 70.6
2016-10-20 11:36:30 150204602 114.48055 30.6862 114.479617 30.685917 6.3 70.7
2016-10-20 11:37:25 150204602 114.482417 30.686783 114.48055 30.6862 6.3 71.3
2016-10-20 11:38:07 150204602 114.483383 30.687067 114.482417 30.686783 6.3 71.5
2016-10-20 11:38:40 150204602 114.48435 30.68735 114.483383 30.687067 6.3 71.3
2016-10-20 11:39:34 150204602 114.486267 30.687917 114.48435 30.68735 6.3 71.6
2016-10-20 11:40:07 150204602 114.4872 30.688167 114.486267 30.687917 6.2 73.0
2016-10-20 11:40:40 150204602 114.488167 30.688417 114.4872 30.688167 6.3 75.2
2016-10-20 11:41:35 150204602 114.49015 30.688817 114.488167 30.688417 6.3 78.8
2016-10-20 11:42:08 150204602 114.491133 30.688983 114.49015 30.688817 6.3 80.8
2016-10-20 11:42:40 150204602 114.492117 30.6891 114.491133 30.688983 6.2 83.5
2016-10-20 11:43:10 150204602 114.493117 30.689217 114.492117 30.6891 6.3 83.4
2016-10-20 11:44:15 150204602 114.4951 30.6894 114.493117 30.689217 6.3 86.6
2016-10-20 11:45:41 150204602 114.498167 30.689483 114.4951 30.6894 6.3 90.3
2016-10-20 11:46:50 150204602 114.50125 30.689367 114.498167 30.689483 6.3 95.9
2016-10-20 11:47:42 150204602 114.502917 30.689167 114.50125 30.689367 6.3 99.2
2016-10-20 11:48:22 150204602 114.504267 30.688967 114.502917 30.689167 6.3 99.7
2016-10-20 11:48:50 150204602 114.505267 30.688817 114.504267 30.688967 6.4 100.1
2016-10-20 11:49:44 150204602 114.506267 30.68865 114.505267 30.688817 6.4 101.4
2016-10-20 11:50:21 150204602 114.508267 30.688283 114.506267 30.68865 6.4 103.0
2016-10-20 11:50:51 150204602 114.509233 30.688083 114.508267 30.688283 6.4 104.0
2016-10-20 11:51:19 150204602 114.510217 30.68785 114.509233 30.688083 6.4 106.1
2016-10-20 11:51:47 150204602 114.511217 30.6876 114.510217 30.68785 6.5 107.3
2016-10-20 11:52:26 150204602 114.51225 30.687317 114.511217 30.6876 6.5 107.9
2016-10-20 11:52:55 150204602 114.5132 30.687067 114.51225 30.687317 6.5 107.2
2016-10-20 11:53:52 150204602 114.5152 30.68655 114.5132 30.687067 6.5 107.5
2016-10-20 11:54:27 150204602 114.516217 30.686267 114.5152 30.68655 6.5 108.0
2016-10-20 11:54:59 150204602 114.517217 30.685983 114.516217 30.686267 6.5 108.9
2016-10-20 11:55:29 150204602 114.5182 30.6857 114.517217 30.685983 6.5 109.1
2016-10-20 11:57:27 150204602 114.52205 30.684517 114.5182 30.6857 6.3 108.8
2016-10-20 11:58:36 150204602 114.523933 30.6839 114.52205 30.684517 6.2 112.7
2016-10-20 11:59:08 150204602 114.52485 30.68355 114.523933 30.6839 6.2 115.1
2016-10-20 12:00:05 150204602 114.5266 30.68275 114.52485 30.68355 6.1 118.9
2016-10-20 12:00:43 150204602 114.52745 30.682317 114.5266 30.68275 6.1 120.9
2016-10-20 12:01:40 150204602 114.529083 30.681417 114.52745 30.682317 6.0 123.9
2016-10-20 12:03:08 150204602 114.531317 30.67995 114.529083 30.681417 6.0 129.7
2016-10-20 12:03:35 150204602 114.532017 30.67945 114.531317 30.67995 6.0 131.7
2016-10-20 12:04:36 150204602 114.533333 30.678333 114.532017 30.67945 6.0 135.1
2016-10-20 12:05:06 150204602 114.533983 30.67775 114.533333 30.678333 6.0 136.5
2016-10-20 12:05:53 150204602 114.5353 30.676533 114.533983 30.67775 6.1 137.1
2016-10-20 12:07:22 150204602 114.53725 30.674717 114.5353 30.676533 6.1 137.9
2016-10-20 12:08:57 150204602 114.5391 30.672767 114.53725 30.674717 6.1 143.9
2016-10-20 12:09:20 150204602 114.53965 30.672083 114.5391 30.672767 6.0 146.0
2016-10-20 12:10:57 150204602 114.541133 30.669967 114.53965 30.672083 6.1 151.5
2016-10-20 12:11:47 150204602 114.542017 30.66845 114.541133 30.669967 6.2 155.2
2016-10-20 12:12:23 150204602 114.542417 30.6676 114.542017 30.66845 6.2 157.3
2016-10-20 12:13:16 150204602 114.543133 30.665867 114.542417 30.6676 6.4 161.8
2016-10-20 12:14:18 150204602 114.543733 30.664133 114.543133 30.665867 6.5 164.0
2016-10-20 12:15:13 150204602 114.544033 30.66325 114.543733 30.664133 6.6 164.2
2016-10-20 12:17:37 150204602 114.545867 30.658833 114.544033 30.66325 7.0 154.0
2016-10-20 12:19:11 150204602 114.547317 30.656167 114.545867 30.658833 7.1 155.1
2016-10-20 12:20:16 150204602 114.548333 30.6544 114.547317 30.656167 7.1 153.4
2016-10-20 12:23:29 150204602 114.551817 30.648233 114.548333 30.6544 7.2 154.6
2016-10-20 12:26:24 150204602 114.554783 30.64285 114.551817 30.648233 7.3 155.7
2016-10-20 12:26:43 150204602 114.555267 30.641933 114.554783 30.64285 7.3 155.5
2016-10-20 12:27:52 150204602 114.556167 30.640083 114.555267 30.641933 7.3 158.7
2016-10-20 12:28:22 150204602 114.556583 30.639133 114.556167 30.640083 7.3 159.8
2016-10-20 12:28:51 150204602 114.557 30.638183 114.556583 30.639133 7.3 158.3
2016-10-20 12:29:56 150204602 114.557833 30.63635 114.557 30.638183 7.3 159.6
2016-10-20 12:30:27 150204602 114.558233 30.6354 114.557833 30.63635 7.3 159.3
2016-10-20 12:30:51 150204602 114.558633 30.634467 114.558233 30.6354 7.2 160.3
2016-10-20 12:31:15 150204602 114.559017 30.633533 114.558633 30.634467 7.1 159.4
2016-10-20 12:33:49 150204602 114.5606 30.629933 114.559017 30.633533 6.7 160.2
2016-10-20 12:34:18 150204602 114.561317 30.6282 114.5606 30.629933 6.6 160.1
2016-10-20 12:35:07 150204602 114.561667 30.627367 114.561317 30.6282 6.5 160.5
2016-10-20 12:37:05 150204602 114.562933 30.624 114.561667 30.627367 6.3 161.0
2016-10-20 12:38:48 150204602 114.56425 30.62075 114.562933 30.624 6.1 160.5
