2016-10-21 16:39:48 413810653 114.497722 30.686995 114.497722 30.686995 3.8 266.0 266
2016-10-21 16:41:04 413810653 114.495068 30.686845 114.497722 30.686995 3.4 265.2 265
2016-10-21 16:41:34 413810653 114.494485 30.686775 114.495068 30.686845 3.4 261.0 261
2016-10-21 16:42:39 413810653 114.493402 30.68657 114.494485 30.686775 3.3 254.2 254
2016-10-21 16:43:05 413810653 114.492863 30.686483 114.493402 30.68657 3.2 261.2 261
2016-10-21 16:47:20 413810653 114.488857 30.68554 114.492863 30.686483 3.2 255.5 255
2016-10-21 16:49:45 413810653 114.48634 30.684772 114.488857 30.68554 3.0 255.4 255
2016-10-21 16:53:31 413810653 114.482718 30.683647 114.48634 30.684772 3.2 246.9 246
2016-10-21 16:53:56 413810653 114.482213 30.683497 114.482718 30.683647 3.1 254.1 254
2016-10-21 16:55:03 413810653 114.481267 30.683192 114.482213 30.683497 3.2 248.5 248
2016-10-21 16:58:54 413810653 114.477267 30.681752 114.481267 30.683192 3.3 236.7 236
2016-10-21 16:59:49 413810653 114.476298 30.681328 114.477267 30.681752 3.2 240.3 240
2016-10-21 17:00:25 413810653 114.475643 30.681072 114.476298 30.681328 3.2 243.8 243
2016-10-21 17:00:59 413810653 114.475145 30.680865 114.475643 30.681072 3.3 244.8 244
2016-10-21 17:02:39 413810653 114.473685 30.680255 114.475145 30.680865 3.2 245.3 245
2016-10-21 17:03:18 413810653 114.472703 30.679942 114.473685 30.680255 3.6 240.4 240
2016-10-21 17:25:15 413810653 114.449753 30.67819 114.451557 30.678208 3.5 260.0 260
2016-10-21 17:25:54 413810653 114.449188 30.67809 114.449753 30.67819 3.9 255.0 255
2016-10-21 17:26:13 413810653 114.448587 30.677992 114.449188 30.67809 3.5 256.8 256
2016-10-21 17:26:44 413810653 114.448045 30.677853 114.448587 30.677992 3.2 256.4 256
2016-10-21 17:28:25 413810653 114.446348 30.677542 114.448045 30.677853 3.4 252.2 252
2016-10-21 17:30:14 413810653 114.444198 30.676957 114.446348 30.677542 3.4 245.9 245
2016-10-21 17:33:07 413810653 114.441478 30.676017 114.444198 30.676957 3.2 250.2 250
2016-10-21 17:33:25 413810653 114.440995 30.675852 114.441478 30.676017 3.1 246.7 246
2016-10-21 17:33:54 413810653 114.440535 30.675678 114.440995 30.675852 3.1 241.5 241
2016-10-21 17:34:33 413810653 114.440087 30.675442 114.440535 30.675678 3.2 236.2 236
2016-10-21 17:35:03 413810653 114.439607 30.675217 114.440087 30.675442 3.2 244.8 244
2016-10-21 17:35:29 413810653 114.439125 30.675025 114.439607 30.675217 3.3 240.7 240
2016-10-21 17:36:24 413810653 114.438152 30.674652 114.439125 30.675025 3.3 246.4 246
2016-10-21 17:37:24 413810653 114.437127 30.6743 114.438152 30.674652 3.4 246.4 246
2016-10-21 17:38:00 413810653 114.436615 30.674103 114.437127 30.6743 3.4 245.2 245
2016-10-21 17:38:41 413810653 114.4361 30.673905 114.436615 30.674103 3.4 244.6 244
2016-10-21 17:39:56 413810653 114.434562 30.673295 114.4361 30.673905 3.5 242.0 242
2016-10-21 17:40:38 413810653 114.434012 30.67305 114.434562 30.673295 3.5 239.7 239
2016-10-21 17:43:06 413810653 114.4313 30.671727 114.434012 30.67305 3.5 236.3 236
2016-10-21 17:43:45 413810653 114.430802 30.671462 114.4313 30.671727 3.6 236.1 236
2016-10-21 17:44:21 413810653 114.430313 30.671183 114.430802 30.671462 3.5 236.2 236
2016-10-21 17:44:40 413810653 114.429802 30.670945 114.430313 30.671183 3.5 241.6 241
2016-10-21 17:45:08 413810653 114.429297 30.670712 114.429802 30.670945 3.5 237.1 237
2016-10-21 17:48:42 413810653 114.425953 30.668837 114.429297 30.670712 3.5 227.6 227
2016-10-21 17:50:18 413810653 114.42471 30.667797 114.425953 30.668837 3.5 230.7 230
2016-10-21 17:50:48 413810653 114.424228 30.667523 114.42471 30.667797 3.4 237.0 237
2016-10-21 17:53:00 413810653 114.422117 30.666505 114.424228 30.667523 3.4 244.7 244
2016-10-21 17:54:50 413810653 114.420027 30.66594 114.422117 30.666505 3.3 248.0 248
2016-10-21 17:55:14 413810653 114.4195 30.665798 114.420027 30.66594 3.4 251.6 251
2016-10-21 17:56:20 413810653 114.418423 30.665553 114.4195 30.665798 3.4 249.5 249
2016-10-21 17:56:56 413810653 114.417892 30.665405 114.418423 30.665553 3.4 251.9 251
2016-10-21 17:57:26 413810653 114.417357 30.665255 114.417892 30.665405 3.4 249.0 249
2016-10-21 17:58:20 413810653 114.416308 30.664903 114.417357 30.665255 3.4 245.6 245
2016-10-21 18:00:53 413810653 114.413788 30.663947 114.416308 30.664903 3.3 242.0 242
2016-10-21 18:02:37 413810653 114.412103 30.66317 114.413788 30.663947 3.5 241.7 241
2016-10-21 18:03:07 413810653 114.411592 30.66295 114.412103 30.66317 3.5 242.8 242
2016-10-21 18:03:30 413810653 114.411053 30.662757 114.411592 30.66295 3.5 249.1 249
2016-10-21 18:03:59 413810653 114.410545 30.662592 114.411053 30.662757 3.4 247.4 247
2016-10-21 18:05:13 413810653 114.409513 30.662243 114.410545 30.662592 3.4 239.7 239
2016-10-21 18:05:29 413810653 114.409012 30.662017 114.409513 30.662243 3.3 244.8 244
2016-10-21 18:06:36 413810653 114.408053 30.661653 114.409012 30.662017 3.3 243.4 243
2016-10-21 18:07:16 413810653 114.407568 30.66147 114.408053 30.661653 3.2 245.7 245
2016-10-21 18:07:33 413810653 114.407095 30.661263 114.407568 30.66147 3.3 237.0 237
2016-10-21 18:08:10 413810653 114.406607 30.66105 114.407095 30.661263 3.1 252.9 252
2016-10-21 18:08:40 413810653 114.406133 30.660898 114.406607 30.66105 3.2 241.2 241
2016-10-21 18:09:10 413810653 114.4057 30.660708 114.406133 30.660898 3.0 243.6 243
2016-10-21 18:09:41 413810653 114.405243 30.660547 114.4057 30.660708 3.0 244.2 244
2016-10-21 18:10:41 413810653 114.404333 30.660253 114.405243 30.660547 2.9 251.9 251
2016-10-21 18:11:41 413810653 114.403265 30.659957 114.404333 30.660253 2.9 244.3 244
2016-10-21 18:12:17 413810653 114.402817 30.65977 114.403265 30.659957 2.9 245.8 245
2016-10-21 18:12:54 413810653 114.402373 30.659642 114.402817 30.65977 2.8 250.8 250
2016-10-21 18:13:13 413810653 114.401932 30.65951 114.402373 30.659642 2.8 248.9 248
2016-10-21 18:13:41 413810653 114.401492 30.659358 114.401932 30.65951 2.9 246.4 246
2016-10-21 18:14:22 413810653 114.401048 30.659223 114.401492 30.659358 3.0 245.4 245
2016-10-21 18:14:50 413810653 114.400612 30.659122 114.401048 30.659223 2.8 254.0 254
2016-10-21 18:15:12 413810653 114.400137 30.65902 114.400612 30.659122 2.6 257.5 257
2016-10-21 18:15:43 413810653 114.399733 30.658928 114.400137 30.65902 3.5 245.4 245
2016-10-21 18:16:22 413810653 114.399218 30.658878 114.399733 30.658928 2.3 240.7 240
2016-10-21 18:16:54 413810653 114.398692 30.658835 114.399218 30.658878 3.1 262.9 262
2016-10-21 18:18:51 413810653 114.396862 30.658823 114.398692 30.658835 2.9 266.4 266
2016-10-21 18:20:02 413810653 114.395885 30.658742 114.396862 30.658823 3.0 261.9 261
2016-10-21 18:20:20 413810653 114.395372 30.658685 114.395885 30.658742 3.0 258.4 258
2016-10-21 18:20:53 413810653 114.394883 30.65859 114.395372 30.658685 3.1 259.7 259
2016-10-21 18:21:59 413810653 114.393742 30.658322 114.394883 30.65859 3.1 251.8 251
2016-10-21 18:23:57 413810653 114.391775 30.657662 114.393742 30.658322 3.2 245.2 245
2016-10-21 18:24:28 413810653 114.3913 30.657462 114.391775 30.657662 3.3 241.7 241
2016-10-21 18:25:56 413810653 114.389788 30.656993 114.3913 30.657462 3.4 251.4 251
2016-10-21 18:26:30 413810653 114.389258 30.656838 114.389788 30.656993 3.5 250.8 250
2016-10-21 18:27:13 413810653 114.388723 30.656675 114.389258 30.656838 3.5 251.5 251
2016-10-21 18:27:30 413810653 114.388208 30.656502 114.388723 30.656675 3.5 244.6 244
2016-10-21 18:28:00 413810653 114.387675 30.65627 114.388208 30.656502 3.5 242.0 242
2016-10-21 18:28:23 413810653 114.387123 30.656063 114.387675 30.65627 3.6 246.0 246
2016-10-21 18:28:57 413810653 114.386608 30.655888 114.387123 30.656063 3.5 244.6 244
2016-10-21 18:30:03 413810653 114.385522 30.65547 114.386608 30.655888 3.7 243.7 243
2016-10-21 18:30:38 413810653 114.384948 30.655208 114.385522 30.65547 3.8 244.1 244
2016-10-21 18:31:58 413810653 114.383353 30.654515 114.384948 30.655208 3.8 235.8 235
2016-10-21 18:32:27 413810653 114.382848 30.654225 114.383353 30.654515 3.2 249.3 249
2016-10-21 18:34:02 413810653 114.381027 30.653325 114.382848 30.654225 3.9 238.1 238
2016-10-21 18:34:36 413810653 114.380473 30.653035 114.381027 30.653325 4.0 238.4 238
2016-10-21 18:35:42 413810653 114.379335 30.652478 114.380473 30.653035 4.5 235.5 235
2016-10-21 18:36:12 413810653 114.378755 30.652193 114.379335 30.652478 4.0 242.8 242
2016-10-21 18:37:10 413810653 114.377607 30.65173 114.378755 30.652193 4.0 238.9 238
2016-10-21 18:37:36 413810653 114.377045 30.651432 114.377607 30.65173 4.0 238.8 238
2016-10-21 18:38:36 413810653 114.376018 30.650783 114.377045 30.651432 3.2 213.4 213
2016-10-21 18:39:06 413810653 114.375497 30.650465 114.376018 30.650783 4.0 237.8 237
2016-10-21 18:39:46 413810653 114.37488 30.650162 114.375497 30.650465 4.1 236.2 236
2016-10-21 18:40:44 413810653 114.373738 30.649558 114.37488 30.650162 4.3 240.3 240
2016-10-21 18:41:34 413810653 114.372613 30.649007 114.373738 30.649558 4.1 238.8 238
2016-10-21 18:42:23 413810653 114.372073 30.648738 114.372613 30.649007 4.1 238.1 238
2016-10-21 18:43:47 413810653 114.370175 30.647685 114.372073 30.648738 4.1 232.5 232
2016-10-21 18:44:56 413810653 114.369092 30.647062 114.370175 30.647685 4.1 236.2 236
2016-10-21 18:45:31 413810653 114.368537 30.646748 114.369092 30.647062 4.1 235.3 235
2016-10-21 18:45:46 413810653 114.36796 30.646428 114.368537 30.646748 4.1 239.7 239
2016-10-21 18:46:17 413810653 114.367382 30.64616 114.36796 30.646428 4.0 239.0 239
2016-10-21 18:47:02 413810653 114.366857 30.64586 114.367382 30.64616 4.0 232.7 232
2016-10-21 18:47:58 413810653 114.365807 30.645198 114.366857 30.64586 3.9 238.4 238
2016-10-21 18:49:31 413810653 114.364293 30.644273 114.365807 30.645198 3.9 225.1 225
2016-10-21 18:49:48 413810653 114.363883 30.643865 114.364293 30.644273 3.9 220.0 220
2016-10-21 18:50:26 413810653 114.36346 30.643502 114.363883 30.643865 3.7 228.4 228
2016-10-21 18:50:57 413810653 114.363063 30.643152 114.36346 30.643502 3.9 210.2 210
2016-10-21 18:51:33 413810653 114.362665 30.642763 114.363063 30.643152 3.7 222.0 222
2016-10-21 18:52:24 413810653 114.361805 30.642108 114.362665 30.642763 3.6 228.4 228
2016-10-21 18:53:02 413810653 114.361357 30.641772 114.361805 30.642108 3.5 226.5 226
2016-10-21 18:53:35 413810653 114.36079 30.641278 114.361357 30.641772 3.5 225.1 225
2016-10-21 18:54:08 413810653 114.36038 30.640965 114.36079 30.641278 3.5 229.1 229
2016-10-21 18:55:38 413810653 114.35908 30.640047 114.36038 30.640965 3.5 222.9 222
2016-10-21 18:57:41 413810653 114.357452 30.63865 114.35908 30.640047 3.5 224.8 224
2016-10-21 18:58:17 413810653 114.35702 30.638317 114.357452 30.63865 3.5 226.5 226
2016-10-21 18:59:06 413810653 114.356203 30.637665 114.35702 30.638317 4.8 232.1 232
2016-10-21 18:59:39 413810653 114.355857 30.637365 114.356203 30.637665 2.7 228.5 228
2016-10-21 19:00:13 413810653 114.355407 30.636988 114.355857 30.637365 3.5 208.2 208
2016-10-21 19:00:40 413810653 114.355017 30.636653 114.355407 30.636988 3.4 228.2 228
2016-10-21 19:01:30 413810653 114.354302 30.63598 114.355017 30.636653 3.4 224.4 224
2016-10-21 19:02:10 413810653 114.353905 30.635643 114.354302 30.63598 3.3 223.3 223
2016-10-21 19:02:38 413810653 114.353552 30.635337 114.353905 30.635643 3.3 220.0 220
2016-10-21 19:03:02 413810653 114.353237 30.635007 114.353552 30.635337 3.2 224.7 224
2016-10-21 19:03:37 413810653 114.352827 30.634718 114.353237 30.635007 3.1 228.7 228
2016-10-21 19:04:19 413810653 114.352457 30.634465 114.352827 30.634718 3.2 227.6 227
2016-10-21 19:04:41 413810653 114.35198 30.634032 114.352457 30.634465 3.7 197.0 197
2016-10-21 19:05:17 413810653 114.351638 30.633675 114.35198 30.634032 3.0 224.9 224
2016-10-21 19:05:40 413810653 114.351297 30.633412 114.351638 30.633675 3.1 220.2 220
2016-10-21 19:06:13 413810653 114.350908 30.633113 114.351297 30.633412 3.0 223.5 223
2016-10-21 19:06:46 413810653 114.350575 30.632818 114.350908 30.633113 2.8 223.2 223
2016-10-21 19:07:17 413810653 114.350247 30.632562 114.350575 30.632818 3.0 227.1 227
2016-10-21 19:07:54 413810653 114.349907 30.632305 114.350247 30.632562 2.9 226.8 226
2016-10-21 19:08:09 413810653 114.349583 30.631987 114.349907 30.632305 3.0 218.0 218
2016-10-21 19:08:44 413810653 114.349268 30.631692 114.349583 30.631987 3.2 222.8 222
2016-10-21 19:09:25 413810653 114.348965 30.63143 114.349268 30.631692 1.9 204.3 204
2016-10-21 19:10:11 413810653 114.34823 30.630835 114.348965 30.63143 3.0 225.3 225
2016-10-21 19:10:45 413810653 114.34787 30.630555 114.34823 30.630835 3.0 227.1 227
2016-10-21 19:11:23 413810653 114.347522 30.630258 114.34787 30.630555 3.0 222.3 222
2016-10-21 19:12:10 413810653 114.3468 30.62972 114.347522 30.630258 3.0 228.9 228
2016-10-21 19:12:52 413810653 114.346417 30.629467 114.3468 30.62972 3.0 232.4 232
2016-10-21 19:13:24 413810653 114.346062 30.62921 114.346417 30.629467 3.0 225.8 225
2016-10-21 19:13:44 413810653 114.34571 30.628923 114.346062 30.62921 3.0 225.7 225
2016-10-21 19:15:34 413810653 114.344463 30.62803 114.34571 30.628923 2.9 224.1 224
2016-10-21 19:16:28 413810653 114.343767 30.627482 114.344463 30.62803 2.9 229.9 229
2016-10-21 19:16:59 413810653 114.343358 30.627185 114.343767 30.627482 2.2 196.7 196
2016-10-21 19:17:36 413810653 114.343045 30.62702 114.343358 30.627185 2.7 230.0 230
2016-10-21 19:17:56 413810653 114.342622 30.626743 114.343045 30.62702 2.7 274.6 274
2016-10-21 19:18:41 413810653 114.34209 30.62656 114.342622 30.626743 2.1 270.9 270
2016-10-21 19:19:31 413810653 114.341342 30.62631 114.34209 30.62656 2.9 252.1 252
2016-10-21 19:19:55 413810653 114.340927 30.626162 114.341342 30.62631 2.8 244.6 244
2016-10-21 19:20:31 413810653 114.340485 30.62597 114.340927 30.626162 2.9 235.2 235
2016-10-21 19:21:29 413810653 114.339692 30.625502 114.340485 30.62597 3.0 234.9 234
2016-10-21 19:21:55 413810653 114.339277 30.62528 114.339692 30.625502 3.1 236.1 236
2016-10-21 19:22:28 413810653 114.338847 30.625023 114.339277 30.62528 3.1 233.6 233
2016-10-21 19:22:54 413810653 114.338448 30.624775 114.338847 30.625023 3.1 231.6 231
2016-10-21 19:23:28 413810653 114.338003 30.624513 114.338448 30.624775 3.2 237.7 237
2016-10-21 19:24:03 413810653 114.337587 30.624228 114.338003 30.624513 2.4 229.6 229
2016-10-21 19:24:43 413810653 114.33715 30.62382 114.337587 30.624228 2.8 239.1 239
2016-10-21 19:25:13 413810653 114.336727 30.62351 114.33715 30.62382 3.3 228.2 228
2016-10-21 19:25:33 413810653 114.336287 30.623188 114.336727 30.62351 3.3 228.7 228
2016-10-21 19:27:14 413810653 114.334952 30.622403 114.336287 30.623188 3.3 235.8 235
2016-10-21 19:27:48 413810653 114.33455 30.622123 114.334952 30.622403 3.2 223.4 223
2016-10-21 19:28:18 413810653 114.334118 30.621817 114.33455 30.622123 3.1 216.8 216
2016-10-21 19:28:52 413810653 114.333757 30.62144 114.334118 30.621817 3.4 217.7 217
2016-10-21 19:29:07 413810653 114.333442 30.621092 114.333757 30.62144 2.7 222.5 222
2016-10-21 19:29:37 413810653 114.33308 30.62073 114.333442 30.621092 3.4 217.9 217
2016-10-21 19:31:35 413810653 114.331317 30.619675 114.33308 30.62073 4.4 255.8 255
2016-10-21 19:32:16 413810653 114.330865 30.619377 114.331317 30.619675 3.3 231.1 231
2016-10-21 19:32:50 413810653 114.330457 30.619063 114.330865 30.619377 3.4 227.4 227
2016-10-21 19:33:04 413810653 114.33003 30.61874 114.330457 30.619063 3.5 229.0 229
2016-10-21 19:33:39 413810653 114.329597 30.618397 114.33003 30.61874 3.4 223.8 223
2016-10-21 19:34:08 413810653 114.329213 30.618042 114.329597 30.618397 3.4 218.4 218
2016-10-21 19:34:56 413810653 114.32871 30.617533 114.329213 30.618042 3.5 222.3 222
2016-10-21 19:35:57 413810653 114.327892 30.616855 114.32871 30.617533 3.6 225.4 225
2016-10-21 19:36:35 413810653 114.327465 30.61646 114.327892 30.616855 3.8 220.1 220
2016-10-21 19:36:51 413810653 114.327055 30.616055 114.327465 30.61646 4.0 220.6 220
2016-10-21 19:37:23 413810653 114.326613 30.61562 114.327055 30.616055 4.7 221.9 221
2016-10-21 19:38:01 413810653 114.326168 30.61519 114.326613 30.61562 3.9 210.0 210
2016-10-21 19:38:20 413810653 114.325953 30.61471 114.326168 30.61519 3.8 186.3 186
2016-10-21 19:38:54 413810653 114.325992 30.614152 114.325953 30.61471 4.2 176.2 176
2016-10-21 19:39:24 413810653 114.325945 30.613582 114.325992 30.614152 4.0 193.9 193
2016-10-21 19:40:05 413810653 114.3257 30.613073 114.325945 30.613582 4.0 207.4 207
2016-10-21 19:40:24 413810653 114.325355 30.612632 114.3257 30.613073 4.0 216.2 216
2016-10-21 19:41:25 413810653 114.324468 30.611768 114.325355 30.612632 4.1 219.4 219
2016-10-21 19:42:02 413810653 114.324027 30.611325 114.324468 30.611768 4.2 220.2 220
2016-10-21 19:42:58 413810653 114.323195 30.610437 114.324027 30.611325 4.1 219.0 219
2016-10-21 19:43:26 413810653 114.32273 30.609962 114.323195 30.610437 4.3 215.4 215
2016-10-21 19:44:33 413810653 114.321883 30.608975 114.32273 30.609962 4.4 216.7 216
2016-10-21 19:45:02 413810653 114.3213 30.60832 114.321883 30.608975 4.4 214.5 214
2016-10-21 19:46:16 413810653 114.320442 30.607323 114.3213 30.60832 4.4 214.7 214
2016-10-21 19:47:05 413810653 114.319608 30.606342 114.320442 30.607323 4.2 215.8 215
2016-10-21 19:47:41 413810653 114.319197 30.605895 114.319608 30.606342 3.8 220.2 220
2016-10-21 19:48:12 413810653 114.318723 30.605445 114.319197 30.605895 4.1 228.5 228
2016-10-21 19:48:33 413810653 114.318088 30.60508 114.318723 30.605445 4.1 239.3 239
2016-10-21 19:49:07 413810653 114.317437 30.60487 114.318088 30.60508 4.1 248.9 248
2016-10-21 19:50:30 413810653 114.315763 30.604105 114.317437 30.60487 3.7 238.3 238
2016-10-21 19:51:11 413810653 114.315273 30.603825 114.315763 30.604105 4.2 230.8 230
2016-10-21 19:51:40 413810653 114.314808 30.603487 114.315273 30.603825 3.6 227.6 227
2016-10-21 19:52:01 413810653 114.314412 30.603152 114.314808 30.603487 3.6 220.3 220
2016-10-21 19:52:35 413810653 114.313993 30.60277 114.314412 30.603152 3.7 220.8 220
2016-10-21 19:53:30 413810653 114.313253 30.60198 114.313993 30.60277 3.6 219.6 219
2016-10-21 19:54:03 413810653 114.312857 30.601585 114.313253 30.60198 3.6 220.3 220
2016-10-21 19:54:29 413810653 114.312495 30.601208 114.312857 30.601585 3.6 216.5 216
2016-10-21 19:56:19 413810653 114.311313 30.599805 114.312495 30.601208 3.7 216.1 216
2016-10-21 19:57:09 413810653 114.310628 30.598968 114.311313 30.599805 3.7 214.0 214
2016-10-21 19:58:19 413810653 114.310002 30.59808 114.310628 30.598968 3.7 206.0 206
2016-10-21 19:58:53 413810653 114.30973 30.597622 114.310002 30.59808 3.7 206.3 206
2016-10-21 19:59:54 413810653 114.309162 30.596702 114.30973 30.597622 3.8 205.4 205
2016-10-21 20:02:24 413810653 114.307917 30.594238 114.309162 30.596702 3.9 198.3 198
2016-10-21 20:02:42 413810653 114.307702 30.593753 114.307917 30.594238 3.8 203.7 203
2016-10-21 20:03:19 413810653 114.307397 30.593257 114.307702 30.593753 3.8 208.9 208
2016-10-21 20:03:51 413810653 114.307055 30.592822 114.307397 30.593257 3.8 213.4 213
2016-10-21 20:06:06 413810653 114.305622 30.590858 114.307055 30.592822 3.8 207.3 207
2016-10-21 20:06:23 413810653 114.305313 30.59041 114.305622 30.590858 3.8 210.5 210
2016-10-21 20:07:03 413810653 114.304975 30.589932 114.305313 30.59041 3.9 210.8 210
2016-10-21 20:08:02 413810653 114.30436 30.588972 114.304975 30.589932 3.9 205.5 205
2016-10-21 20:08:22 413810653 114.304062 30.588515 114.30436 30.588972 3.8 208.7 208
2016-10-21 20:08:56 413810653 114.30374 30.588052 114.304062 30.588515 3.8 211.8 211
2016-10-21 20:09:42 413810653 114.303405 30.587572 114.30374 30.588052 3.9 207.0 207
2016-10-21 20:12:31 413810653 114.30175 30.58457 114.303405 30.587572 4.0 196.6 196
2016-10-21 20:13:10 413810653 114.301542 30.584057 114.30175 30.58457 4.0 202.9 202
2016-10-21 20:14:05 413810653 114.300953 30.583092 114.301542 30.584057 3.7 211.0 211
2016-10-21 20:15:02 413810653 114.300313 30.58222 114.300953 30.583092 3.7 212.0 212
2016-10-21 20:15:37 413810653 114.299842 30.581647 114.300313 30.58222 3.7 214.7 214
2016-10-21 20:17:50 413810653 114.298467 30.58002 114.299842 30.581647 3.6 212.3 212
2016-10-21 20:18:17 413810653 114.298123 30.579585 114.298467 30.58002 3.6 214.4 214
2016-10-21 20:18:38 413810653 114.297787 30.579163 114.298123 30.579585 3.7 213.0 213
2016-10-21 20:19:11 413810653 114.297475 30.578713 114.297787 30.579163 3.8 207.2 207
2016-10-21 20:19:51 413810653 114.297182 30.578255 114.297475 30.578713 3.7 210.4 210
2016-10-21 20:20:10 413810653 114.296858 30.57782 114.297182 30.578255 3.7 213.9 213
2016-10-21 20:20:56 413810653 114.296518 30.577398 114.296858 30.57782 3.6 214.6 214
2016-10-21 20:21:45 413810653 114.295825 30.57654 114.296518 30.577398 3.7 210.9 210
2016-10-21 20:22:10 413810653 114.295513 30.576115 114.295825 30.57654 3.8 211.7 211
2016-10-21 20:22:45 413810653 114.29518 30.575672 114.295513 30.576115 3.8 212.8 212
2016-10-21 20:24:49 413810653 114.29383 30.573845 114.29518 30.575672 3.8 215.7 215
2016-10-21 20:26:01 413810653 114.292957 30.57281 114.29383 30.573845 4.0 213.7 213
2016-10-21 20:27:32 413810653 114.291928 30.571292 114.292957 30.57281 4.3 208.9 208
2016-10-21 20:28:58 413810653 114.29091 30.569732 114.291928 30.571292 4.2 201.2 201
2016-10-21 20:29:58 413810653 114.290518 30.568647 114.29091 30.569732 4.6 202.1 202
2016-10-21 20:31:48 413810653 114.289607 30.566535 114.290518 30.568647 4.0 202.9 202
2016-10-21 20:32:32 413810653 114.289318 30.566015 114.289607 30.566535 4.1 207.3 207
2016-10-21 20:33:48 413810653 114.288182 30.564535 114.289318 30.566015 4.2 210.3 210
2016-10-21 20:34:31 413810653 114.287838 30.564035 114.288182 30.564535 4.3 212.1 212
2016-10-21 20:38:11 413810653 114.285182 30.560035 114.287838 30.564035 4.5 204.9 204
2016-10-21 20:41:04 413810653 114.283277 30.556593 114.285182 30.560035 4.6 203.8 203
2016-10-21 20:41:44 413810653 114.282977 30.555982 114.283277 30.556593 4.6 202.4 202
2016-10-21 20:42:35 413810653 114.282342 30.55482 114.282977 30.555982 4.7 203.6 203
