2016-10-22 15:49:10 413795239 114.560952 30.622245 114.563332 30.615078 5.6 343.5 343
2016-10-22 15:50:17 413795239 114.560458 30.623785 114.560952 30.622245 5.7 343.7 343
2016-10-22 15:52:09 413795239 114.55969 30.626172 114.560458 30.623785 5.7 343.4 343
2016-10-22 15:57:30 413795239 114.55659 30.634383 114.55969 30.626172 5.1 341.6 341
2016-10-22 16:00:08 413795239 114.555252 30.637658 114.55659 30.634383 5.1 342.3 342
2016-10-22 16:03:21 413795239 114.553238 30.642523 114.555252 30.637658 4.8 340.4 340
2016-10-22 16:03:39 413795239 114.553088 30.642837 114.553238 30.642523 4.8 336.2 336
2016-10-22 16:10:36 413795239 114.549138 30.651133 114.549423 30.650545 4.2 337.7 337
2016-10-22 16:12:36 413795239 114.548125 30.65339 114.549138 30.651133 4.1 339.4 339
2016-10-22 16:13:38 413795239 114.54776 30.654202 114.548125 30.65339 4.1 336.9 336
2016-10-22 16:15:04 413795239 114.54707 30.655485 114.54776 30.654202 4.0 334.0 334
2016-10-22 16:16:11 413795239 114.546108 30.657115 114.54707 30.655485 4.4 333.0 333
2016-10-22 16:18:35 413795239 114.544575 30.659678 114.546108 30.657115 4.4 331.3 331
2016-10-22 16:19:35 413795239 114.543898 30.660815 114.544575 30.659678 4.8 335.9 335
2016-10-22 16:23:17 413795239 114.541707 30.665698 114.543898 30.660815 5.5 341.0 341
2016-10-22 16:28:29 413795239 114.537498 30.671938 114.541707 30.665698 4.8 321.7 321
2016-10-22 16:30:37 413795239 114.535238 30.67436 114.537498 30.671938 4.8 319.5 319
2016-10-22 16:33:59 413795239 114.531395 30.677408 114.535238 30.67436 4.9 309.8 309
2016-10-22 16:35:59 413795239 114.52915 30.678968 114.531395 30.677408 4.9 303.8 303
2016-10-22 16:36:19 413795239 114.52848 30.679342 114.52915 30.678968 5.0 301.7 301
2016-10-22 16:39:12 413795239 114.524512 30.681585 114.52848 30.679342 5.1 302.1 302
2016-10-22 16:39:58 413795239 114.523768 30.681992 114.524512 30.681585 5.1 299.5 299
2016-10-22 16:40:52 413795239 114.522315 30.682697 114.523768 30.681992 5.0 297.1 297
2016-10-22 16:42:09 413795239 114.520355 30.683442 114.522315 30.682697 5.0 294.1 294
2016-10-22 16:43:13 413795239 114.5188 30.683948 114.520355 30.683442 5.1 288.6 288
2016-10-22 16:43:42 413795239 114.517997 30.68417 114.5188 30.683948 5.1 287.8 287
2016-10-22 16:44:03 413795239 114.517585 30.684287 114.517997 30.68417 5.1 286.7 286
2016-10-22 16:44:42 413795239 114.516805 30.684505 114.517585 30.684287 5.1 286.8 286
2016-10-22 16:45:30 413795239 114.515147 30.684895 114.516805 30.684505 5.2 286.2 286
2016-10-22 16:45:50 413795239 114.514357 30.685108 114.515147 30.684895 5.2 288.4 288
2016-10-22 16:46:42 413795239 114.51314 30.685443 114.514357 30.685108 5.1 288.7 288
2016-10-22 16:49:02 413795239 114.509802 30.686378 114.51314 30.685443 5.2 289.5 289
2016-10-22 16:49:57 413795239 114.508995 30.68663 114.509802 30.686378 5.2 289.2 289
2016-10-22 16:51:08 413795239 114.506013 30.687317 114.507308 30.68703 5.3 282.7 282
2016-10-22 16:52:07 413795239 114.504228 30.687578 114.506013 30.687317 5.3 279.5 279
2016-10-22 16:52:47 413795239 114.503415 30.687695 114.504228 30.687578 5.2 278.2 278
2016-10-22 16:53:53 413795239 114.501237 30.687857 114.503415 30.687695 5.1 270.4 270
2016-10-22 16:56:30 413795239 114.497098 30.687793 114.501237 30.687857 5.0 269.3 269
2016-10-22 16:58:47 413795239 114.493825 30.68767 114.497098 30.687793 4.8 264.5 264
2016-10-22 16:59:29 413795239 114.492235 30.687463 114.493825 30.68767 4.8 259.4 259
2016-10-22 17:00:29 413795239 114.491048 30.68721 114.492235 30.687463 5.0 254.7 254
2016-10-22 17:00:55 413795239 114.490255 30.687012 114.491048 30.68721 5.1 254.1 254
2016-10-22 17:01:17 413795239 114.489423 30.686815 114.490255 30.687012 5.2 254.1 254
2016-10-22 17:02:15 413795239 114.488585 30.686593 114.489423 30.686815 5.3 250.6 250
2016-10-22 17:03:07 413795239 114.486515 30.685908 114.488585 30.686593 5.3 249.2 249
2016-10-22 17:04:02 413795239 114.486112 30.685772 114.486515 30.685908 5.3 246.8 246
2016-10-22 17:05:09 413795239 114.483665 30.684947 114.486112 30.685772 5.2 248.8 248
2016-10-22 17:08:24 413795239 114.478572 30.683193 114.483665 30.684947 5.0 246.5 246
2016-10-22 17:08:51 413795239 114.478178 30.683037 114.478572 30.683193 5.0 245.7 245
2016-10-22 17:12:23 413795239 114.472473 30.681003 114.478178 30.683037 5.0 249.3 249
2016-10-22 17:14:29 413795239 114.469377 30.680013 114.472473 30.681003 5.0 250.4 250
2016-10-22 17:15:12 413795239 114.469005 30.679897 114.469377 30.680013 4.9 247.5 247
2016-10-22 17:17:10 413795239 114.465517 30.678795 114.469005 30.679897 5.0 251.2 251
2016-10-22 17:17:53 413795239 114.463972 30.678312 114.465517 30.678795 4.9 251.4 251
2016-10-22 17:26:59 413795239 114.451508 30.672917 114.452318 30.673083 4.8 259.8 259
2016-10-22 17:27:32 413795239 114.451125 30.672857 114.451508 30.672917 4.8 260.4 260
2016-10-22 17:28:12 413795239 114.45019 30.672698 114.451125 30.672857 4.7 259.7 259
2016-10-22 17:29:01 413795239 114.448443 30.672532 114.45019 30.672698 4.5 270.8 270
2016-10-22 17:29:55 413795239 114.448078 30.672555 114.448443 30.672532 4.5 273.6 273
2016-10-22 17:32:25 413795239 114.443835 30.673457 114.446618 30.672745 4.0 286.3 286
2016-10-22 17:32:58 413795239 114.443517 30.673538 114.443835 30.673457 4.1 285.4 285
2016-10-22 17:33:49 413795239 114.442165 30.673863 114.443517 30.673538 4.3 283.2 283
2016-10-22 17:34:40 413795239 114.440727 30.674098 114.442165 30.673863 4.4 276.1 276
2016-10-22 17:35:22 413795239 114.439632 30.674102 114.440727 30.674098 4.4 264.0 264
2016-10-22 17:35:39 413795239 114.439273 30.674062 114.439632 30.674102 4.4 262.1 262
2016-10-22 17:36:11 413795239 114.43854 30.67392 114.439273 30.674062 4.4 256.4 256
2016-10-22 17:37:13 413795239 114.437062 30.673532 114.43854 30.67392 4.5 252.5 252
2016-10-22 17:37:48 413795239 114.436713 30.673427 114.437062 30.673532 4.5 248.4 248
2016-10-22 17:38:30 413795239 114.435338 30.67291 114.436713 30.673427 4.6 244.5 244
2016-10-22 17:39:38 413795239 114.43395 30.67228 114.435338 30.67291 4.6 244.2 244
2016-10-22 17:40:18 413795239 114.433227 30.671952 114.43395 30.67228 4.6 241.9 241
2016-10-22 17:43:09 413795239 114.430818 30.670897 114.433227 30.671952 4.6 247.8 247
2016-10-22 17:45:27 413795239 114.426125 30.668937 114.428685 30.670035 5.0 243.3 243
2016-10-22 17:47:44 413795239 114.422218 30.667187 114.426125 30.668937 5.5 242.7 242
2016-10-22 17:48:28 413795239 114.421408 30.666835 114.422218 30.667187 5.6 242.3 242
2016-10-22 17:48:49 413795239 114.42054 30.666463 114.421408 30.666835 5.6 244.0 244
2016-10-22 17:51:18 413795239 114.416683 30.664823 114.42054 30.666463 5.6 243.3 243
2016-10-22 17:51:54 413795239 114.415435 30.664307 114.416683 30.664823 5.6 244.3 244
2016-10-22 17:52:39 413795239 114.414193 30.663798 114.415435 30.664307 5.5 245.4 245
2016-10-22 17:54:34 413795239 114.41136 30.662675 114.414193 30.663798 5.3 244.6 244
2016-10-22 17:55:43 413795239 114.40935 30.661913 114.41136 30.662675 5.3 246.3 246
2016-10-22 17:57:25 413795239 114.406913 30.661012 114.40935 30.661913 5.2 246.7 246
2016-10-22 17:58:51 413795239 114.404537 30.660093 114.406913 30.661012 5.1 246.1 246
2016-10-22 17:59:08 413795239 114.40416 30.65995 114.404537 30.660093 5.0 246.6 246
2016-10-22 17:59:24 413795239 114.403807 30.659822 114.40416 30.65995 5.0 247.4 247
2016-10-22 17:59:55 413795239 114.40338 30.659663 114.403807 30.659822 5.0 246.5 246
2016-10-22 18:00:44 413795239 114.401878 30.65915 114.40338 30.659663 5.0 250.2 250
2016-10-22 18:01:15 413795239 114.401448 30.659018 114.401878 30.65915 5.0 249.2 249
2016-10-22 18:02:20 413795239 114.399497 30.658482 114.401448 30.659018 4.9 251.0 251
2016-10-22 18:03:10 413795239 114.397945 30.658022 114.399497 30.658482 5.0 250.3 250
2016-10-22 18:04:04 413795239 114.396765 30.657682 114.397945 30.658022 5.0 253.2 253
2016-10-22 18:04:34 413795239 114.395958 30.657493 114.396765 30.657682 5.0 256.8 256
2016-10-22 18:05:28 413795239 114.394577 30.657237 114.395958 30.657493 5.1 256.0 256
2016-10-22 18:06:51 413795239 114.392275 30.656663 114.394577 30.657237 5.1 254.0 254
2016-10-22 18:08:22 413795239 114.389905 30.655945 114.392275 30.656663 5.1 244.9 244
2016-10-22 18:09:39 413795239 114.387995 30.655093 114.389905 30.655945 5.1 242.3 242
2016-10-22 18:09:56 413795239 114.387622 30.654917 114.387995 30.655093 5.1 241.7 241
2016-10-22 18:10:55 413795239 114.387255 30.654735 114.387622 30.654917 5.1 240.8 240
2016-10-22 18:11:29 413795239 114.385385 30.653842 114.387255 30.654735 5.1 240.1 240
2016-10-22 18:12:50 413795239 114.383477 30.652952 114.385385 30.653842 5.1 244.0 244
2016-10-22 18:13:32 413795239 114.38311 30.65279 114.383477 30.652952 5.1 242.2 242
2016-10-22 18:14:10 413795239 114.381627 30.652123 114.38311 30.65279 5.1 240.7 240
2016-10-22 18:15:52 413795239 114.379112 30.650813 114.381627 30.652123 5.1 237.7 237
2016-10-22 18:16:24 413795239 114.378327 30.650402 114.379112 30.650813 5.2 241.0 241
2016-10-22 18:17:08 413795239 114.37721 30.64988 114.378327 30.650402 5.3 242.8 242
2016-10-22 18:17:43 413795239 114.37683 30.649717 114.37721 30.64988 5.2 242.5 242
2016-10-22 18:19:41 413795239 114.373332 30.647988 114.37683 30.649717 5.3 238.5 238
2016-10-22 18:20:01 413795239 114.37297 30.647787 114.373332 30.647988 5.3 235.9 235
2016-10-22 18:20:34 413795239 114.372592 30.647562 114.37297 30.647787 5.3 236.7 236
2016-10-22 18:22:19 413795239 114.371855 30.647135 114.372592 30.647562 5.3 234.2 234
2016-10-22 18:25:12 413795239 114.365812 30.643785 114.368275 30.64514 5.0 238.8 238
2016-10-22 18:25:29 413795239 114.365445 30.643588 114.365812 30.643785 5.0 239.6 239
2016-10-22 18:26:46 413795239 114.364048 30.642772 114.365445 30.643588 5.0 233.0 233
2016-10-22 18:27:44 413795239 114.36233 30.641695 114.364048 30.642772 5.2 230.7 230
2016-10-22 18:28:14 413795239 114.362012 30.641455 114.36233 30.641695 5.3 228.8 228
2016-10-22 18:28:34 413795239 114.361325 30.640983 114.362012 30.641455 5.3 230.0 230
2016-10-22 18:28:55 413795239 114.360663 30.640497 114.361325 30.640983 5.3 229.5 229
2016-10-22 18:29:40 413795239 114.3603 30.640237 114.360663 30.640497 5.4 230.4 230
2016-10-22 18:30:18 413795239 114.358943 30.639213 114.3603 30.640237 5.6 227.2 227
2016-10-22 18:30:36 413795239 114.358267 30.638702 114.358943 30.639213 5.6 227.3 227
2016-10-22 18:31:28 413795239 114.357262 30.637923 114.358267 30.638702 5.5 226.5 226
2016-10-22 18:32:32 413795239 114.355923 30.636845 114.357262 30.637923 5.5 228.0 228
2016-10-22 18:33:06 413795239 114.355257 30.636312 114.355923 30.636845 5.4 226.4 226
2016-10-22 18:33:45 413795239 114.354308 30.635522 114.355257 30.636312 5.3 225.3 225
2016-10-22 18:35:05 413795239 114.353088 30.63443 114.354308 30.635522 5.3 224.9 224
2016-10-22 18:35:38 413795239 114.351887 30.633327 114.353088 30.63443 5.3 222.8 222
2016-10-22 18:35:57 413795239 114.35159 30.633058 114.351887 30.633327 5.2 224.8 224
2016-10-22 18:36:20 413795239 114.351298 30.632788 114.35159 30.633058 5.3 223.0 223
2016-10-22 18:36:56 413795239 114.350382 30.632005 114.351298 30.632788 5.2 225.8 225
2016-10-22 18:37:12 413795239 114.350085 30.631752 114.350382 30.632005 5.2 224.9 224
2016-10-22 18:37:36 413795239 114.349787 30.631495 114.350085 30.631752 5.2 226.3 226
2016-10-22 18:38:56 413795239 114.348305 30.630252 114.349787 30.631495 5.0 225.4 225
2016-10-22 18:39:14 413795239 114.347695 30.629735 114.348305 30.630252 5.0 226.2 226
2016-10-22 18:39:33 413795239 114.347443 30.629527 114.347695 30.629735 4.9 226.8 226
2016-10-22 18:43:30 413795239 114.34258 30.625802 114.347443 30.629527 5.0 228.3 228
2016-10-22 18:43:48 413795239 114.34228 30.625578 114.34258 30.625802 4.9 231.5 231
2016-10-22 18:44:19 413795239 114.341672 30.625155 114.34228 30.625578 4.7 230.0 230
2016-10-22 18:44:40 413795239 114.341373 30.62493 114.341672 30.625155 4.7 229.3 229
2016-10-22 18:45:20 413795239 114.340807 30.62451 114.341373 30.62493 4.7 229.0 229
2016-10-22 18:46:22 413795239 114.339358 30.623392 114.340807 30.62451 4.6 225.7 225
2016-10-22 18:47:08 413795239 114.338577 30.622693 114.339358 30.623392 4.7 224.9 224
2016-10-22 18:47:40 413795239 114.33804 30.622238 114.338577 30.622693 4.7 224.5 224
2016-10-22 18:49:22 413795239 114.336097 30.620623 114.33804 30.622238 4.7 227.2 227
2016-10-22 18:51:23 413795239 114.33384 30.618887 114.336097 30.620623 4.6 229.0 229
2016-10-22 18:51:39 413795239 114.333545 30.61868 114.33384 30.618887 4.6 232.0 232
2016-10-22 18:51:57 413795239 114.333258 30.618472 114.333545 30.61868 4.6 230.1 230
2016-10-22 18:53:54 413795239 114.332398 30.617858 114.333258 30.618472 4.5 230.5 230
2016-10-22 18:54:47 413795239 114.33011 30.616165 114.332398 30.617858 4.8 231.8 231
2016-10-22 18:55:13 413795239 114.32952 30.615747 114.33011 30.616165 4.9 229.2 229
2016-10-22 18:56:25 413795239 114.328007 30.614462 114.32952 30.615747 5.3 223.1 223
2016-10-22 18:57:15 413795239 114.32714 30.613658 114.328007 30.614462 5.3 225.0 225
2016-10-22 18:59:12 413795239 114.32508 30.61158 114.32714 30.613658 5.3 220.9 220
2016-10-22 18:59:32 413795239 114.324523 30.611017 114.32508 30.61158 5.2 221.3 221
2016-10-22 19:00:09 413795239 114.323713 30.610148 114.324523 30.611017 5.1 215.1 215
2016-10-22 19:01:24 413795239 114.322398 30.608777 114.323713 30.610148 5.0 220.8 220
2016-10-22 19:01:47 413795239 114.322135 30.608512 114.322398 30.608777 5.1 219.7 219
2016-10-22 19:02:23 413795239 114.321583 30.607985 114.322135 30.608512 5.1 219.8 219
2016-10-22 19:02:41 413795239 114.321042 30.607445 114.321583 30.607985 5.1 220.4 220
2016-10-22 19:03:04 413795239 114.320773 30.60717 114.321042 30.607445 5.1 219.2 219
2016-10-22 19:03:40 413795239 114.31995 30.606325 114.320773 30.60717 5.1 222.2 222
2016-10-22 19:04:56 413795239 114.318548 30.604933 114.31995 30.606325 5.2 219.9 219
2016-10-22 19:05:09 413795239 114.318268 30.604652 114.318548 30.604933 5.2 221.7 221
2016-10-22 19:05:30 413795239 114.318007 30.604395 114.318268 30.604652 5.2 221.0 221
2016-10-22 19:06:02 413795239 114.317433 30.603792 114.318007 30.604395 5.2 219.4 219
2016-10-22 19:06:18 413795239 114.317207 30.603543 114.317433 30.603792 5.2 218.0 218
2016-10-22 19:06:58 413795239 114.316413 30.602647 114.317207 30.603543 5.3 217.7 217
2016-10-22 19:07:26 413795239 114.31586 30.602043 114.316413 30.602647 5.3 218.8 218
2016-10-22 19:08:28 413795239 114.314815 30.600827 114.31586 30.602043 5.5 217.3 217
2016-10-22 19:09:21 413795239 114.313997 30.599907 114.314815 30.600827 5.6 217.9 217
2016-10-22 19:10:03 413795239 114.313162 30.598978 114.313997 30.599907 5.6 218.3 218
2016-10-22 19:10:48 413795239 114.31231 30.598022 114.313162 30.598978 5.6 217.6 217
2016-10-22 19:12:21 413795239 114.310627 30.596098 114.31231 30.598022 5.7 216.7 216
2016-10-22 19:12:38 413795239 114.310352 30.595777 114.310627 30.596098 5.6 216.2 216
2016-10-22 19:14:56 413795239 114.308345 30.593508 114.310352 30.595777 5.6 217.9 217
2016-10-22 19:16:54 413795239 114.305788 30.590203 114.30726 30.592202 5.7 212.9 212
2016-10-22 19:17:10 413795239 114.30554 30.589858 114.305788 30.590203 5.7 211.9 211
2016-10-22 19:17:40 413795239 114.305043 30.589155 114.30554 30.589858 5.7 210.8 210
2016-10-22 19:18:05 413795239 114.304823 30.588812 114.305043 30.589155 5.7 210.0 210
2016-10-22 19:19:59 413795239 114.302952 30.58611 114.304823 30.588812 5.7 209.8 209
2016-10-22 19:20:39 413795239 114.302327 30.58517 114.302952 30.58611 5.7 208.9 208
2016-10-22 19:20:54 413795239 114.302008 30.584665 114.302327 30.58517 5.6 207.0 207
2016-10-22 19:21:08 413795239 114.301805 30.58432 114.302008 30.584665 5.6 206.7 206
2016-10-22 19:21:46 413795239 114.301395 30.583623 114.301805 30.58432 5.5 207.4 207
2016-10-22 19:22:28 413795239 114.300743 30.582612 114.301395 30.583623 5.4 211.8 211
2016-10-22 19:23:09 413795239 114.300317 30.581987 114.300743 30.582612 5.4 210.2 210
2016-10-22 19:23:25 413795239 114.299878 30.581312 114.300317 30.581987 5.3 207.8 207
2016-10-22 19:23:43 413795239 114.299688 30.580987 114.299878 30.581312 5.2 208.8 208
2016-10-22 19:24:41 413795239 114.299027 30.580025 114.299688 30.580987 5.1 210.1 210
2016-10-22 19:25:18 413795239 114.29841 30.579075 114.299027 30.580025 5.2 209.7 209
2016-10-22 19:26:25 413795239 114.297735 30.578152 114.29841 30.579075 5.2 214.0 214
2016-10-22 19:27:28 413795239 114.29633 30.576307 114.297735 30.578152 5.3 213.8 213
2016-10-22 19:28:33 413795239 114.295613 30.575377 114.29633 30.576307 5.4 213.0 213
2016-10-22 19:29:40 413795239 114.294433 30.573675 114.295613 30.575377 5.5 210.5 210
2016-10-22 19:29:57 413795239 114.294003 30.573003 114.294433 30.573675 5.5 205.9 205
2016-10-22 19:30:26 413795239 114.293593 30.572295 114.294003 30.573003 5.5 208.0 208
2016-10-22 19:30:48 413795239 114.293388 30.571945 114.293593 30.572295 5.4 207.1 207
2016-10-22 19:31:53 413795239 114.292625 30.570615 114.293388 30.571945 5.2 206.3 206
2016-10-22 19:32:31 413795239 114.29224 30.569958 114.292625 30.570615 5.2 206.0 206
2016-10-22 19:33:11 413795239 114.291677 30.568938 114.29224 30.569958 5.1 204.9 204
2016-10-22 19:33:55 413795239 114.29151 30.568645 114.291677 30.568938 5.0 205.9 205
2016-10-22 19:34:34 413795239 114.290577 30.567078 114.29151 30.568645 4.9 209.3 209
2016-10-22 19:34:53 413795239 114.29038 30.566783 114.290577 30.567078 4.8 210.3 210
2016-10-22 19:35:31 413795239 114.28996 30.566195 114.29038 30.566783 5.1 212.1 212
2016-10-22 19:36:44 413795239 114.288805 30.564598 114.28996 30.566195 5.2 210.3 210
2016-10-22 19:37:14 413795239 114.288373 30.563962 114.288805 30.564598 5.3 210.1 210
2016-10-22 19:37:54 413795239 114.287702 30.562995 114.288373 30.563962 5.3 211.8 211
2016-10-22 19:39:23 413795239 114.286332 30.560938 114.287702 30.562995 5.9 208.8 208
2016-10-22 19:39:56 413795239 114.285853 30.56021 114.286332 30.560938 6.0 209.5 209
2016-10-22 19:40:22 413795239 114.2856 30.559822 114.285853 30.56021 5.9 209.2 209
2016-10-22 19:42:34 413795239 114.283773 30.556797 114.2856 30.559822 4.8 207.1 207
2016-10-22 19:47:24 413795239 114.280392 30.55079 114.283773 30.556797 5.8 203.5 203
2016-10-22 19:50:30 413795239 114.277948 30.545968 114.280392 30.55079 5.6 206.5 206
2016-10-22 19:52:04 413795239 114.276735 30.54383 114.277948 30.545968 5.7 204.2 204
2016-10-22 20:02:13 413795239 114.26972 30.533197 114.271072 30.535247 3.2 208.9 208
