2016-10-24 2:28:08 413832134 114.453205 30.675527 114.453808 30.675273 4.0 295.7 295
2016-10-24 2:30:18 413832134 114.450803 30.676277 114.453205 30.675527 3.9 285.2 285
2016-10-24 2:31:37 413832134 114.448962 30.676533 114.450803 30.676277 3.9 276.6 276
2016-10-24 2:32:09 413832134 114.448355 30.676578 114.448962 30.676533 3.9 274.4 274
2016-10-24 2:33:37 413832134 114.446478 30.676445 114.448355 30.676578 3.8 260.2 260
2016-10-24 2:34:07 413832134 114.445883 30.676385 114.446478 30.676445 3.9 263.7 263
2016-10-24 2:35:07 413832134 114.444642 30.67624 114.445883 30.676385 3.8 258.4 258
2016-10-24 2:36:18 413832134 114.443338 30.6759 114.444642 30.67624 3.5 251.5 251
2016-10-24 2:37:01 413832134 114.442785 30.675745 114.443338 30.6759 3.5 251.9 251
2016-10-24 2:37:24 413832134 114.442257 30.675595 114.442785 30.675745 3.4 251.2 251
2016-10-24 2:37:45 413832134 114.441725 30.675422 114.442257 30.675595 3.4 248.6 248
2016-10-24 2:40:28 413832134 114.439102 30.674487 114.441725 30.675422 3.7 246.9 246
2016-10-24 2:41:50 413832134 114.43742 30.673908 114.439102 30.674487 3.9 246.9 246
2016-10-24 2:42:33 413832134 114.43682 30.673683 114.43742 30.673908 3.9 247.2 247
2016-10-24 2:42:55 413832134 114.436205 30.673477 114.43682 30.673683 4.0 249.1 249
2016-10-24 2:43:56 413832134 114.435042 30.673045 114.436205 30.673477 4.0 245.3 245
2016-10-24 2:45:24 413832134 114.433223 30.672372 114.435042 30.673045 4.1 244.3 244
2016-10-24 2:52:39 413832134 114.424868 30.668 114.426033 30.668672 4.2 239.4 239
2016-10-24 2:54:30 413832134 114.422413 30.66694 114.424868 30.668 4.2 241.8 241
2016-10-24 2:55:34 413832134 114.421212 30.666425 114.422413 30.66694 4.2 244.1 244
2016-10-24 2:56:50 413832134 114.419737 30.665818 114.421212 30.666425 4.2 246.6 246
2016-10-24 2:57:07 413832134 114.419168 30.665598 114.419737 30.665818 4.1 244.5 244
2016-10-24 2:58:15 413832134 114.417942 30.665105 114.419168 30.665598 4.2 247.1 247
2016-10-24 2:58:39 413832134 114.417297 30.664883 114.417942 30.665105 4.2 248.8 248
2016-10-24 2:59:15 413832134 114.416718 30.664663 114.417297 30.664883 4.2 245.3 245
2016-10-24 3:00:04 413832134 114.415482 30.664115 114.416718 30.664663 4.1 244.2 244
2016-10-24 3:02:22 413832134 114.413087 30.663263 114.415482 30.664115 4.1 248.9 248
2016-10-24 3:04:14 413832134 114.410622 30.662447 114.413087 30.663263 4.0 253.3 253
2016-10-24 3:05:26 413832134 114.409437 30.662105 114.410622 30.662447 3.9 246.9 246
2016-10-24 3:05:47 413832134 114.408858 30.661892 114.409437 30.662105 3.9 246.4 246
2016-10-24 3:06:46 413832134 114.407475 30.661392 114.408858 30.661892 4.0 249.0 249
2016-10-24 3:08:29 413832134 114.405692 30.660775 114.407475 30.661392 4.0 249.6 249
2016-10-24 3:09:04 413832134 114.405098 30.660573 114.405692 30.660775 3.9 247.3 247
2016-10-24 3:09:18 413832134 114.404535 30.660332 114.405098 30.660573 3.9 243.8 243
2016-10-24 3:09:48 413832134 114.403967 30.660108 114.404535 30.660332 3.9 245.4 245
2016-10-24 3:10:37 413832134 114.403375 30.659895 114.403967 30.660108 3.8 247.2 247
2016-10-24 3:10:58 413832134 114.402858 30.65969 114.403375 30.659895 3.8 245.3 245
2016-10-24 3:12:22 413832134 114.401195 30.659097 114.402858 30.65969 3.7 246.5 246
2016-10-24 3:13:09 413832134 114.400615 30.658905 114.401195 30.659097 3.7 249.6 249
2016-10-24 3:13:29 413832134 114.400043 30.658748 114.400615 30.658905 3.6 252.8 252
2016-10-24 3:13:45 413832134 114.399505 30.65859 114.400043 30.658748 3.7 251.6 251
2016-10-24 3:14:17 413832134 114.398962 30.65843 114.399505 30.65859 3.7 250.5 250
2016-10-24 3:14:51 413832134 114.398412 30.658255 114.398962 30.65843 3.6 250.3 250
2016-10-24 3:15:34 413832134 114.397862 30.658097 114.398412 30.658255 3.6 251.2 251
2016-10-24 3:15:55 413832134 114.397317 30.657937 114.397862 30.658097 3.6 251.1 251
2016-10-24 3:17:00 413832134 114.395965 30.657608 114.397317 30.657937 3.6 256.1 256
2016-10-24 3:17:34 413832134 114.395395 30.657482 114.395965 30.657608 3.7 255.6 255
2016-10-24 3:18:20 413832134 114.394812 30.657368 114.395395 30.657482 3.7 257.4 257
2016-10-24 3:18:44 413832134 114.394223 30.657255 114.394812 30.657368 3.8 258.0 258
2016-10-24 3:19:02 413832134 114.393643 30.657163 114.394223 30.657255 3.8 259.6 259
2016-10-24 3:20:38 413832134 114.391833 30.656778 114.393643 30.657163 3.8 251.5 251
2016-10-24 3:23:11 413832134 114.388972 30.655735 114.391833 30.656778 3.8 247.1 247
2016-10-24 3:24:01 413832134 114.38784 30.655345 114.388972 30.655735 3.9 248.0 248
2016-10-24 3:24:39 413832134 114.387258 30.655147 114.38784 30.655345 3.9 248.6 248
2016-10-24 3:25:22 413832134 114.386695 30.654965 114.387258 30.655147 3.8 248.8 248
2016-10-24 3:25:44 413832134 114.386082 30.654745 114.386695 30.654965 3.9 247.1 247
2016-10-24 3:26:06 413832134 114.385547 30.654548 114.386082 30.654745 3.9 247.5 247
2016-10-24 3:26:58 413832134 114.384973 30.654342 114.385547 30.654548 3.9 246.4 246
2016-10-24 3:27:40 413832134 114.383622 30.653765 114.384973 30.654342 3.9 243.8 243
2016-10-24 3:28:18 413832134 114.38306 30.65351 114.383622 30.653765 3.9 241.1 241
2016-10-24 3:28:59 413832134 114.38248 30.653235 114.38306 30.65351 4.0 241.4 241
2016-10-24 3:30:14 413832134 114.380825 30.652425 114.38248 30.653235 4.0 240.2 240
2016-10-24 3:30:51 413832134 114.380278 30.652135 114.380825 30.652425 4.0 237.8 237
2016-10-24 3:31:18 413832134 114.379727 30.65182 114.380278 30.652135 4.0 236.6 236
2016-10-24 3:32:53 413832134 114.378053 30.650952 114.379727 30.65182 4.1 238.9 238
2016-10-24 3:33:09 413832134 114.377502 30.65065 114.378053 30.650952 4.1 238.7 238
2016-10-24 3:33:55 413832134 114.376942 30.650405 114.377502 30.65065 4.0 243.2 243
2016-10-24 3:34:51 413832134 114.375747 30.649875 114.376942 30.650405 4.1 243.6 243
2016-10-24 3:35:47 413832134 114.374605 30.649358 114.375747 30.649875 4.0 242.1 242
2016-10-24 3:36:10 413832134 114.374017 30.649097 114.374605 30.649358 4.1 242.6 242
2016-10-24 3:37:30 413832134 114.372622 30.648418 114.374017 30.649097 4.1 240.2 240
2016-10-24 3:38:10 413832134 114.37206 30.64816 114.372622 30.648418 4.1 241.7 241
2016-10-24 3:38:32 413832134 114.371485 30.647873 114.37206 30.64816 4.1 239.8 239
2016-10-24 3:39:07 413832134 114.370893 30.647567 114.371485 30.647873 4.1 239.0 239
2016-10-24 3:39:34 413832134 114.37034 30.647303 114.370893 30.647567 4.2 241.1 241
2016-10-24 3:39:57 413832134 114.369722 30.646998 114.37034 30.647303 4.3 239.7 239
2016-10-24 3:41:05 413832134 114.36853 30.646352 114.369722 30.646998 4.3 236.5 236
2016-10-24 3:42:03 413832134 114.367515 30.645578 114.36853 30.646352 4.3 225.4 225
2016-10-24 3:42:27 413832134 114.367013 30.645157 114.367515 30.645578 4.2 227.1 227
2016-10-24 3:43:10 413832134 114.36649 30.644802 114.367013 30.645157 4.1 232.2 232
2016-10-24 3:43:30 413832134 114.365973 30.64449 114.36649 30.644802 4.0 236.0 236
2016-10-24 3:43:57 413832134 114.36543 30.644188 114.365973 30.64449 4.0 236.5 236
2016-10-24 3:44:36 413832134 114.364887 30.643862 114.36543 30.644188 4.0 235.3 235
2016-10-24 3:45:37 413832134 114.363887 30.643222 114.364887 30.643862 3.9 230.3 230
2016-10-24 3:45:56 413832134 114.363422 30.642867 114.363887 30.643222 3.8 228.0 228
2016-10-24 3:46:42 413832134 114.362937 30.642512 114.363422 30.642867 3.8 230.5 230
2016-10-24 3:47:05 413832134 114.362467 30.642198 114.362937 30.642512 3.8 232.0 232
2016-10-24 3:47:42 413832134 114.361808 30.641725 114.362467 30.642198 3.8 231.0 231
2016-10-24 3:49:13 413832134 114.360387 30.64077 114.361808 30.641725 3.8 233.0 233
2016-10-24 3:49:37 413832134 114.359873 30.640422 114.360387 30.64077 3.9 232.0 232
2016-10-24 3:51:02 413832134 114.358945 30.639667 114.359873 30.640422 3.9 225.3 225
2016-10-24 3:52:29 413832134 114.357587 30.638527 114.358945 30.639667 4.0 223.6 223
2016-10-24 3:53:07 413832134 114.356715 30.637718 114.357587 30.638527 4.0 221.9 221
2016-10-24 3:53:53 413832134 114.356278 30.637325 114.356715 30.637718 3.9 224.8 224
2016-10-24 3:54:13 413832134 114.355798 30.636943 114.356278 30.637325 3.9 227.5 227
2016-10-24 3:54:51 413832134 114.355333 30.63658 114.355798 30.636943 3.9 227.3 227
2016-10-24 3:55:20 413832134 114.354878 30.636213 114.355333 30.63658 3.9 227.4 227
2016-10-24 3:55:44 413832134 114.35442 30.635855 114.354878 30.636213 3.8 227.5 227
2016-10-24 3:56:03 413832134 114.353967 30.635493 114.35442 30.635855 3.8 227.3 227
2016-10-24 3:57:04 413832134 114.353093 30.634792 114.353967 30.635493 3.7 227.0 227
2016-10-24 3:58:25 413832134 114.352075 30.634012 114.353093 30.634792 3.6 227.7 227
2016-10-24 3:59:26 413832134 114.3512 30.633328 114.352075 30.634012 3.7 227.6 227
2016-10-24 4:00:55 413832134 114.349948 30.632217 114.3512 30.633328 3.7 224.7 224
2016-10-24 4:01:16 413832134 114.349522 30.631843 114.349948 30.632217 3.8 224.4 224
2016-10-24 4:01:50 413832134 114.349098 30.631467 114.349522 30.631843 3.8 223.8 223
2016-10-24 4:02:31 413832134 114.34868 30.631098 114.349098 30.631467 3.7 225.4 225
2016-10-24 4:02:50 413832134 114.348247 30.630752 114.34868 30.631098 3.7 227.1 227
2016-10-24 4:03:32 413832134 114.347815 30.630403 114.348247 30.630752 3.7 227.1 227
2016-10-24 4:03:54 413832134 114.347367 30.630073 114.347815 30.630403 3.7 230.2 230
2016-10-24 4:04:58 413832134 114.346455 30.629413 114.347367 30.630073 3.7 229.8 229
2016-10-24 4:05:19 413832134 114.346013 30.629083 114.346455 30.629413 3.6 228.6 228
2016-10-24 4:05:58 413832134 114.345543 30.628732 114.346013 30.629083 3.6 228.8 228
2016-10-24 4:06:23 413832134 114.345118 30.628415 114.345543 30.628732 3.7 229.5 229
2016-10-24 4:06:46 413832134 114.344645 30.62806 114.345118 30.628415 3.6 228.3 228
2016-10-24 4:07:22 413832134 114.344243 30.627748 114.344645 30.62806 3.6 228.3 228
2016-10-24 4:08:07 413832134 114.343622 30.627298 114.344243 30.627748 3.6 229.8 229
2016-10-24 4:09:02 413832134 114.34273 30.626638 114.343622 30.627298 3.7 226.7 226
2016-10-24 4:09:41 413832134 114.342282 30.626318 114.34273 30.626638 3.6 231.5 231
2016-10-24 4:10:00 413832134 114.341815 30.626017 114.342282 30.626318 3.6 232.1 232
2016-10-24 4:10:31 413832134 114.34137 30.625695 114.341815 30.626017 3.6 230.2 230
2016-10-24 4:11:11 413832134 114.340918 30.625375 114.34137 30.625695 3.6 230.3 230
2016-10-24 4:11:30 413832134 114.340465 30.62505 114.340918 30.625375 3.6 230.0 230
2016-10-24 4:12:40 413832134 114.339583 30.624402 114.340465 30.62505 3.6 226.6 226
2016-10-24 4:13:21 413832134 114.339152 30.624067 114.339583 30.624402 3.6 229.2 229
2016-10-24 4:13:42 413832134 114.338717 30.623735 114.339152 30.624067 3.6 228.1 228
2016-10-24 4:14:03 413832134 114.338282 30.6234 114.338717 30.623735 3.6 228.5 228
2016-10-24 4:14:49 413832134 114.337818 30.623068 114.338282 30.6234 3.6 230.4 230
2016-10-24 4:15:12 413832134 114.337387 30.622728 114.337818 30.623068 3.7 225.6 225
2016-10-24 4:15:31 413832134 114.337008 30.622342 114.337387 30.622728 3.6 220.4 220
2016-10-24 4:17:44 413832134 114.335457 30.62082 114.337008 30.622342 3.6 221.6 221
2016-10-24 4:18:39 413832134 114.334485 30.619988 114.335457 30.62082 3.6 226.1 226
2016-10-24 4:19:31 413832134 114.334073 30.619637 114.334485 30.619988 3.6 225.1 225
2016-10-24 4:19:50 413832134 114.333663 30.619277 114.334073 30.619637 3.6 223.6 223
2016-10-24 4:20:10 413832134 114.333273 30.618903 114.333663 30.619277 3.6 221.8 221
2016-10-24 4:20:38 413832134 114.332877 30.618548 114.333273 30.618903 3.6 223.8 223
2016-10-24 4:21:23 413832134 114.332472 30.618198 114.332877 30.618548 3.6 225.1 225
2016-10-24 4:22:11 413832134 114.331657 30.617487 114.332472 30.618198 3.7 224.7 224
2016-10-24 4:23:11 413832134 114.330815 30.616753 114.331657 30.617487 3.8 224.9 224
2016-10-24 4:23:53 413832134 114.330363 30.616393 114.330815 30.616753 3.8 227.5 227
2016-10-24 4:24:12 413832134 114.329903 30.61604 114.330363 30.616393 3.8 227.8 227
2016-10-24 4:25:00 413832134 114.32946 30.615683 114.329903 30.61604 3.7 227.9 227
2016-10-24 4:25:26 413832134 114.328982 30.615338 114.32946 30.615683 3.9 229.8 229
2016-10-24 4:25:47 413832134 114.328513 30.614972 114.328982 30.615338 3.9 227.3 227
2016-10-24 4:26:28 413832134 114.328082 30.614583 114.328513 30.614972 3.9 223.0 223
2016-10-24 4:26:50 413832134 114.32763 30.614207 114.328082 30.614583 3.9 226.2 226
2016-10-24 4:27:09 413832134 114.327162 30.613828 114.32763 30.614207 4.0 226.9 226
2016-10-24 4:28:06 413832134 114.326673 30.613467 114.327162 30.613828 4.0 229.8 229
2016-10-24 4:28:32 413832134 114.325995 30.612932 114.326673 30.613467 4.0 227.0 227
2016-10-24 4:28:53 413832134 114.325522 30.612548 114.325995 30.612932 4.0 226.2 226
2016-10-24 4:29:37 413832134 114.325112 30.612137 114.325522 30.612548 3.9 219.1 219
2016-10-24 4:29:57 413832134 114.324768 30.61173 114.325112 30.612137 3.9 216.4 216
2016-10-24 4:30:32 413832134 114.324362 30.611287 114.324768 30.61173 4.0 218.7 218
2016-10-24 4:30:56 413832134 114.323953 30.61085 114.324362 30.611287 4.0 218.2 218
2016-10-24 4:31:34 413832134 114.32356 30.610417 114.323953 30.61085 3.9 218.4 218
2016-10-24 4:31:54 413832134 114.323153 30.609968 114.32356 30.610417 4.0 217.8 217
2016-10-24 4:32:22 413832134 114.322758 30.609535 114.323153 30.609968 4.0 218.5 218
2016-10-24 4:32:58 413832134 114.322347 30.609123 114.322758 30.609535 4.1 220.3 220
2016-10-24 4:33:42 413832134 114.32194 30.608683 114.322347 30.609123 4.0 217.9 217
2016-10-24 4:34:05 413832134 114.32154 30.60824 114.32194 30.608683 4.1 218.0 218
2016-10-24 4:34:27 413832134 114.321135 30.60779 114.32154 30.60824 4.1 217.4 217
2016-10-24 4:35:22 413832134 114.320325 30.606897 114.321135 30.60779 4.1 217.3 217
2016-10-24 4:36:03 413832134 114.319908 30.60643 114.320325 30.606897 4.1 217.3 217
2016-10-24 4:37:12 413832134 114.319045 30.605513 114.319908 30.60643 4.2 222.1 222
2016-10-24 4:37:36 413832134 114.3186 30.605098 114.319045 30.605513 4.2 222.1 222
2016-10-24 4:37:55 413832134 114.318177 30.604648 114.3186 30.605098 4.2 218.6 218
2016-10-24 4:38:42 413832134 114.317605 30.604007 114.318177 30.604648 4.1 217.2 217
2016-10-24 4:39:17 413832134 114.317197 30.603533 114.317605 30.604007 4.1 216.1 216
2016-10-24 4:39:43 413832134 114.316838 30.60307 114.317197 30.603533 4.1 213.4 213
2016-10-24 4:40:04 413832134 114.316435 30.602608 114.316838 30.60307 4.1 217.7 217
2016-10-24 4:41:11 413832134 114.31565 30.601718 114.316435 30.602608 4.1 215.5 215
2016-10-24 4:41:32 413832134 114.315237 30.601242 114.31565 30.601718 4.1 217.6 217
2016-10-24 4:42:42 413832134 114.314387 30.60034 114.315237 30.601242 4.2 219.3 219
2016-10-24 4:43:06 413832134 114.313982 30.599902 114.314387 30.60034 4.2 218.6 218
2016-10-24 4:43:43 413832134 114.313563 30.599442 114.313982 30.599902 4.2 217.6 217
2016-10-24 4:44:13 413832134 114.313163 30.598988 114.313563 30.599442 4.1 217.0 217
2016-10-24 4:44:35 413832134 114.312787 30.598518 114.313163 30.598988 4.1 213.6 213
2016-10-24 4:45:11 413832134 114.312448 30.598028 114.312787 30.598518 4.1 210.5 210
2016-10-24 4:46:12 413832134 114.311727 30.597105 114.312448 30.598028 4.0 215.1 215
2016-10-24 4:47:08 413832134 114.310983 30.596193 114.311727 30.597105 4.0 214.5 214
2016-10-24 4:47:48 413832134 114.310592 30.595758 114.310983 30.596193 4.0 218.7 218
2016-10-24 4:48:04 413832134 114.31019 30.595318 114.310592 30.595758 4.0 217.6 217
2016-10-24 4:48:53 413832134 114.309627 30.594697 114.31019 30.595318 4.1 218.6 218
2016-10-24 4:49:32 413832134 114.309218 30.594255 114.309627 30.594697 4.1 218.3 218
2016-10-24 4:50:01 413832134 114.308815 30.59381 114.309218 30.594255 4.1 218.5 218
2016-10-24 4:50:23 413832134 114.308398 30.59337 114.308815 30.59381 4.1 219.2 219
2016-10-24 4:51:48 413832134 114.307178 30.592047 114.308398 30.59337 4.0 218.9 218
2016-10-24 4:52:29 413832134 114.306773 30.591625 114.307178 30.592047 4.1 220.1 220
2016-10-24 4:53:48 413832134 114.305645 30.590252 114.306773 30.591625 4.1 210.1 210
2016-10-24 4:54:37 413832134 114.305282 30.589738 114.305645 30.590252 4.0 212.1 212
2016-10-24 4:55:46 413832134 114.304612 30.588777 114.305282 30.589738 4.1 207.7 207
2016-10-24 4:56:49 413832134 114.303613 30.587298 114.304612 30.588777 4.0 210.7 210
2016-10-24 4:57:22 413832134 114.30328 30.586833 114.303613 30.587298 4.1 211.5 211
2016-10-24 4:58:22 413832134 114.302625 30.585848 114.30328 30.586833 4.2 211.1 211
2016-10-24 4:59:41 413832134 114.30165 30.58471 114.302625 30.585848 4.2 218.6 218
2016-10-24 5:00:31 413832134 114.300792 30.583817 114.30165 30.58471 4.3 219.0 219
2016-10-24 5:00:59 413832134 114.300365 30.583338 114.300792 30.583817 4.2 215.9 215
2016-10-24 5:02:39 413832134 114.299532 30.581792 114.300365 30.583338 4.1 200.6 200
2016-10-24 5:02:57 413832134 114.299263 30.581253 114.299532 30.581792 4.1 204.2 204
2016-10-24 5:04:08 413832134 114.298725 30.580242 114.299263 30.581253 3.9 204.3 204
2016-10-24 5:04:28 413832134 114.298463 30.57976 114.298725 30.580242 3.9 206.2 206
2016-10-24 5:05:49 413832134 114.2978 30.578772 114.298463 30.57976 4.1 213.1 213
2016-10-24 5:06:08 413832134 114.297442 30.578288 114.2978 30.578772 4.1 212.6 212
2016-10-24 5:06:27 413832134 114.297095 30.577775 114.297442 30.578288 4.1 209.6 209
2016-10-24 5:07:15 413832134 114.296755 30.577295 114.297095 30.577775 4.2 212.1 212
2016-10-24 5:08:21 413832134 114.296028 30.576308 114.296755 30.577295 4.1 212.2 212
2016-10-24 5:08:42 413832134 114.295663 30.575847 114.296028 30.576308 4.2 214.1 214
2016-10-24 5:09:24 413832134 114.295102 30.575192 114.295663 30.575847 4.3 217.7 217
2016-10-24 5:09:50 413832134 114.294685 30.574707 114.295102 30.575192 4.2 215.6 215
2016-10-24 5:10:12 413832134 114.294283 30.574243 114.294685 30.574707 4.3 216.8 216
2016-10-24 5:10:51 413832134 114.29387 30.573742 114.294283 30.574243 4.3 215.5 215
2016-10-24 5:11:25 413832134 114.293495 30.573257 114.29387 30.573742 4.3 213.5 213
2016-10-24 5:11:50 413832134 114.293103 30.572737 114.293495 30.573257 4.3 212.7 212
2016-10-24 5:14:21 413832134 114.291228 30.57022 114.293103 30.572737 4.4 212.0 212
2016-10-24 5:16:27 413832134 114.289848 30.56807 114.291228 30.57022 4.4 209.4 209
