2016-10-25 0:00:04 413778458 114.509483 30.6855 114.510333 30.6854 4.9 276.6
2016-10-25 0:00:39 413778458 114.508733 30.68555 114.509483 30.6855 4.9 272.4
2016-10-25 0:01:05 413778458 114.508 30.68555 114.508733 30.68555 4.8 269.3
2016-10-25 0:02:35 413778458 114.505633 30.685617 114.508 30.68555 4.9 270.3
2016-10-25 0:04:04 413778458 114.503383 30.685967 114.505633 30.685617 4.7 283.2
2016-10-25 0:04:47 413778458 114.5026 30.68615 114.503383 30.685967 4.6 283.1
2016-10-25 0:05:05 413778458 114.501933 30.6863 114.5026 30.68615 4.7 285.1
2016-10-25 0:06:41 413778458 114.499533 30.686783 114.501933 30.6863 5.1 280.6
2016-10-25 0:08:05 413778458 114.497183 30.687083 114.499533 30.686783 4.9 273.8
2016-10-25 0:08:54 413778458 114.49635 30.687083 114.497183 30.687083 4.7 264.7
2016-10-25 0:09:16 413778458 114.495533 30.687017 114.49635 30.687083 4.7 262.7
2016-10-25 0:09:34 413778458 114.49475 30.6869 114.495533 30.687017 4.7 254.9
2016-10-25 0:10:16 413778458 114.494067 30.686767 114.49475 30.6869 4.8 255.6
2016-10-25 0:10:39 413778458 114.4933 30.686567 114.494067 30.686767 4.7 253.1
2016-10-25 0:11:23 413778458 114.492567 30.686367 114.4933 30.686567 4.7 250.6
2016-10-25 0:11:57 413778458 114.49185 30.686167 114.492567 30.686367 4.7 252.9
2016-10-25 0:12:24 413778458 114.491167 30.685983 114.49185 30.686167 4.6 253.6
2016-10-25 0:12:40 413778458 114.49045 30.6858 114.491167 30.685983 4.6 252.4
2016-10-25 0:13:46 413778458 114.488983 30.6854 114.49045 30.6858 4.8 250.6
2016-10-25 0:14:06 413778458 114.488217 30.685217 114.488983 30.6854 4.7 257.2
2016-10-25 0:14:46 413778458 114.487517 30.68505 114.488217 30.685217 4.6 255.8
2016-10-25 0:15:07 413778458 114.486783 30.684933 114.487517 30.68505 4.5 259.8
2016-10-25 0:15:47 413778458 114.486067 30.684817 114.486783 30.684933 4.6 258.0
2016-10-25 0:16:44 413778458 114.484633 30.684533 114.486067 30.684817 4.5 254.2
2016-10-25 0:17:05 413778458 114.483917 30.684383 114.484633 30.684533 4.5 255.4
2016-10-25 0:17:56 413778458 114.483183 30.684183 114.483917 30.684383 4.7 251.1
2016-10-25 0:18:34 413778458 114.481933 30.68385 114.483183 30.684183 4.7 249.6
2016-10-25 0:19:21 413778458 114.481067 30.683633 114.481933 30.68385 4.7 253.5
2016-10-25 0:19:44 413778458 114.480333 30.6834 114.481067 30.683633 4.8 250.0
2016-10-25 0:20:27 413778458 114.479583 30.683183 114.480333 30.6834 4.7 252.5
2016-10-25 0:20:59 413778458 114.478833 30.683017 114.479583 30.683183 4.8 254.4
2016-10-25 0:21:26 413778458 114.478117 30.682833 114.478833 30.683017 4.8 251.2
2016-10-25 0:21:45 413778458 114.477417 30.6826 114.478117 30.682833 4.8 246.3
2016-10-25 0:22:06 413778458 114.476683 30.682367 114.477417 30.6826 4.8 249.2
2016-10-25 0:22:41 413778458 114.47595 30.682133 114.476683 30.682367 4.8 249.7
2016-10-25 0:23:46 413778458 114.47455 30.681617 114.47595 30.682133 4.7 241.8
2016-10-25 0:24:55 413778458 114.473233 30.681033 114.47455 30.681617 4.8 242.2
2016-10-25 0:25:46 413778458 114.4718 30.680483 114.473233 30.681033 4.8 248.2
2016-10-25 0:26:29 413778458 114.471 30.680233 114.4718 30.680483 4.7 250.6
2016-10-25 0:26:48 413778458 114.4703 30.68005 114.471 30.680233 4.7 252.4
2016-10-25 0:27:15 413778458 114.469567 30.679883 114.4703 30.68005 4.8 254.8
2016-10-25 0:27:54 413778458 114.46885 30.6797 114.469567 30.679883 4.8 253.9
2016-10-25 0:29:28 413778458 114.4666 30.679533 114.46885 30.6797 4.7 275.0
2016-10-25 0:29:48 413778458 114.4658 30.679617 114.4666 30.679533 4.8 278.2
2016-10-25 0:30:42 413778458 114.4644 30.679917 114.4658 30.679617 4.9 287.1
2016-10-25 0:31:53 413778458 114.462717 30.680467 114.4644 30.679917 5.2 289.5
2016-10-25 0:32:15 413778458 114.461933 30.680667 114.462717 30.680467 5.2 284.1
2016-10-25 0:32:53 413778458 114.461083 30.680833 114.461933 30.680667 5.2 278.6
2016-10-25 0:33:18 413778458 114.460267 30.680883 114.461083 30.680833 5.1 269.8
2016-10-25 0:34:01 413778458 114.459467 30.680833 114.460267 30.680883 5.1 264.0
2016-10-25 0:34:22 413778458 114.458683 30.680717 114.459467 30.680833 5.1 259.9
2016-10-25 0:34:50 413778458 114.457867 30.6806 114.458683 30.680717 5.2 259.2
2016-10-25 0:35:52 413778458 114.456183 30.68035 114.457867 30.6806 5.2 261.0
2016-10-25 0:36:17 413778458 114.455383 30.680217 114.456183 30.68035 5.2 258.4
2016-10-25 0:36:37 413778458 114.454733 30.6801 114.455383 30.680217 5.2 257.1
2016-10-25 0:36:55 413778458 114.454567 30.680067 114.454733 30.6801 5.2 256.8
2016-10-25 0:37:12 413778458 114.453767 30.6799 114.454567 30.680067 5.2 255.0
2016-10-25 0:38:06 413778458 114.452883 30.679667 114.453767 30.6799 5.2 252.1
2016-10-25 0:38:26 413778458 114.452083 30.679417 114.452883 30.679667 5.2 251.5
2016-10-25 0:38:43 413778458 114.451333 30.6792 114.452083 30.679417 5.2 250.9
2016-10-25 0:39:33 413778458 114.45055 30.678967 114.451333 30.6792 5.1 249.3
2016-10-25 0:39:49 413778458 114.4498 30.6787 114.45055 30.678967 5.1 247.7
2016-10-25 0:40:36 413778458 114.449067 30.67845 114.4498 30.6787 5.1 247.6
2016-10-25 0:40:53 413778458 114.4483 30.678167 114.449067 30.67845 5.0 248.9
2016-10-25 0:41:26 413778458 114.44755 30.67795 114.4483 30.678167 5.0 253.4
2016-10-25 0:41:47 413778458 114.44685 30.67775 114.44755 30.67795 5.0 251.1
2016-10-25 0:42:22 413778458 114.446067 30.6775 114.44685 30.67775 4.9 248.8
2016-10-25 0:43:08 413778458 114.445317 30.677283 114.446067 30.6775 4.9 249.9
2016-10-25 0:43:30 413778458 114.4446 30.67705 114.445317 30.677283 4.9 246.5
2016-10-25 0:43:50 413778458 114.443883 30.676767 114.4446 30.67705 4.9 247.6
2016-10-25 0:44:42 413778458 114.44315 30.676483 114.443883 30.676767 4.9 245.4
2016-10-25 0:45:24 413778458 114.441683 30.676017 114.44315 30.676483 4.9 251.5
2016-10-25 0:46:10 413778458 114.440967 30.675833 114.441683 30.676017 5.0 252.4
2016-10-25 0:46:45 413778458 114.439417 30.675333 114.440967 30.675833 5.1 247.6
2016-10-25 0:47:32 413778458 114.4387 30.67505 114.439417 30.675333 5.2 245.6
2016-10-25 0:48:29 413778458 114.4371 30.67435 114.4387 30.67505 5.3 244.0
2016-10-25 0:48:49 413778458 114.436317 30.674 114.4371 30.67435 5.3 242.8
2016-10-25 0:49:32 413778458 114.435567 30.673667 114.436317 30.674 5.2 242.1
2016-10-25 0:49:52 413778458 114.434833 30.673333 114.435567 30.673667 5.2 241.9
2016-10-25 0:50:27 413778458 114.4341 30.673 114.434833 30.673333 5.2 242.9
2016-10-25 0:50:56 413778458 114.4333 30.672633 114.4341 30.673 5.2 240.4
2016-10-25 0:51:17 413778458 114.432533 30.672317 114.4333 30.672633 5.3 243.9
2016-10-25 0:52:30 413778458 114.431033 30.67165 114.432533 30.672317 5.2 246.0
2016-10-25 0:52:51 413778458 114.430317 30.67135 114.431033 30.67165 5.2 245.3
2016-10-25 0:53:58 413778458 114.428783 30.6707 114.430317 30.67135 5.3 241.8
2016-10-25 0:54:21 413778458 114.428067 30.67035 114.428783 30.6707 5.3 238.9
2016-10-25 0:55:15 413778458 114.426633 30.6696 114.428067 30.67035 5.2 234.4
2016-10-25 0:55:55 413778458 114.425933 30.669167 114.426633 30.6696 5.2 237.5
2016-10-25 0:56:46 413778458 114.42455 30.668367 114.425933 30.669167 5.1 235.1
2016-10-25 0:57:24 413778458 114.423867 30.66795 114.42455 30.668367 5.1 235.4
2016-10-25 0:58:10 413778458 114.4232 30.667567 114.423867 30.66795 5.2 238.8
2016-10-25 0:58:31 413778458 114.422483 30.667217 114.4232 30.667567 5.1 241.5
2016-10-25 0:58:48 413778458 114.421733 30.666917 114.422483 30.667217 5.1 247.0
2016-10-25 0:59:35 413778458 114.420933 30.666633 114.421733 30.666917 5.2 247.8
2016-10-25 0:59:52 413778458 114.4202 30.66635 114.420933 30.666633 5.2 246.4
2016-10-25 1:00:25 413778458 114.419417 30.666033 114.4202 30.66635 5.2 244.0
2016-10-25 1:00:48 413778458 114.41865 30.66575 114.419417 30.666033 5.2 246.6
2016-10-25 1:01:23 413778458 114.41795 30.665467 114.41865 30.66575 5.2 244.9
2016-10-25 1:02:11 413778458 114.4172 30.66515 114.41795 30.665467 5.1 243.1
2016-10-25 1:02:54 413778458 114.4157 30.664533 114.4172 30.66515 5.1 243.8
2016-10-25 1:03:14 413778458 114.414967 30.664233 114.4157 30.664533 5.0 243.5
2016-10-25 1:04:02 413778458 114.41425 30.663933 114.414967 30.664233 4.9 245.5
2016-10-25 1:04:22 413778458 114.413533 30.66365 114.41425 30.663933 4.9 244.6
2016-10-25 1:05:11 413778458 114.412817 30.66335 114.413533 30.66365 4.8 244.8
2016-10-25 1:05:47 413778458 114.411383 30.662817 114.412817 30.66335 4.8 245.4
2016-10-25 1:06:29 413778458 114.41065 30.662567 114.411383 30.662817 4.8 247.9
2016-10-25 1:06:51 413778458 114.409917 30.662317 114.41065 30.662567 4.7 249.0
2016-10-25 1:07:33 413778458 114.409117 30.66205 114.409917 30.662317 4.8 251.1
2016-10-25 1:08:02 413778458 114.408417 30.661817 114.409117 30.66205 4.8 249.2
2016-10-25 1:08:22 413778458 114.407683 30.661583 114.408417 30.661817 4.9 250.8
2016-10-25 1:09:01 413778458 114.40695 30.661367 114.407683 30.661583 4.8 250.0
2016-10-25 1:09:33 413778458 114.406233 30.661133 114.40695 30.661367 4.8 248.7
2016-10-25 1:09:56 413778458 114.4055 30.660883 114.406233 30.661133 4.7 248.2
2016-10-25 1:10:37 413778458 114.404833 30.660617 114.4055 30.660883 4.7 243.3
2016-10-25 1:11:06 413778458 114.404117 30.660333 114.404833 30.660617 4.7 248.9
2016-10-25 1:11:28 413778458 114.403417 30.660083 114.404117 30.660333 4.6 246.8
2016-10-25 1:12:03 413778458 114.402717 30.659817 114.403417 30.660083 4.6 245.8
2016-10-25 1:12:32 413778458 114.402067 30.659567 114.402717 30.659817 4.6 246.9
2016-10-25 1:12:57 413778458 114.401383 30.659317 114.402067 30.659567 4.6 246.2
2016-10-25 1:13:18 413778458 114.4007 30.65905 114.401383 30.659317 4.6 244.4
2016-10-25 1:14:07 413778458 114.40005 30.65875 114.4007 30.65905 4.6 242.5
2016-10-25 1:14:29 413778458 114.39955 30.658433 114.40005 30.65875 4.2 241.1
2016-10-25 1:14:48 413778458 114.3988 30.6581 114.39955 30.658433 4.5 241.2
2016-10-25 1:15:35 413778458 114.3981 30.6578 114.3988 30.6581 4.6 240.9
2016-10-25 1:15:58 413778458 114.397467 30.657467 114.3981 30.6578 4.6 236.0
2016-10-25 1:16:18 413778458 114.3969 30.657067 114.397467 30.657467 4.6 227.1
2016-10-25 1:17:08 413778458 114.396367 30.656617 114.3969 30.657067 4.6 222.8
2016-10-25 1:17:32 413778458 114.395883 30.65615 114.396367 30.656617 4.7 220.7
2016-10-25 1:17:50 413778458 114.395383 30.65565 114.395883 30.65615 4.7 219.0
2016-10-25 1:18:36 413778458 114.394917 30.655167 114.395383 30.65565 4.7 221.6
2016-10-25 1:18:59 413778458 114.394367 30.654683 114.394917 30.655167 4.6 226.1
2016-10-25 1:19:19 413778458 114.39385 30.65425 114.394367 30.654683 4.5 225.8
2016-10-25 1:20:11 413778458 114.393283 30.653883 114.39385 30.65425 4.1 232.8
2016-10-25 1:20:35 413778458 114.392767 30.653583 114.393283 30.653883 4.0 238.3
2016-10-25 1:20:52 413778458 114.3922 30.6533 114.392767 30.653583 3.9 240.4
2016-10-25 1:21:35 413778458 114.391667 30.653 114.3922 30.6533 3.9 238.5
2016-10-25 1:21:56 413778458 114.391117 30.652717 114.391667 30.653 3.9 236.7
2016-10-25 1:22:30 413778458 114.39055 30.65245 114.391117 30.652717 3.9 240.6
2016-10-25 1:23:04 413778458 114.390033 30.652183 114.39055 30.65245 3.8 241.7
2016-10-25 1:23:25 413778458 114.389483 30.651933 114.390033 30.652183 3.8 241.4
2016-10-25 1:24:03 413778458 114.388933 30.651683 114.389483 30.651933 3.7 244.8
2016-10-25 1:24:41 413778458 114.3884 30.651467 114.388933 30.651683 3.7 242.4
2016-10-25 1:25:05 413778458 114.387817 30.65125 114.3884 30.651467 3.7 246.9
2016-10-25 1:25:28 413778458 114.3873 30.65105 114.387817 30.65125 3.6 247.7
2016-10-25 1:25:49 413778458 114.386733 30.650833 114.3873 30.65105 3.6 243.9
2016-10-25 1:26:37 413778458 114.3862 30.650617 114.386733 30.650833 3.5 247.3
2016-10-25 1:26:57 413778458 114.385717 30.65045 114.3862 30.650617 3.0 248.6
2016-10-25 1:27:43 413778458 114.38535 30.650317 114.385717 30.65045 2.0 247.8
2016-10-25 1:28:01 413778458 114.385117 30.650233 114.38535 30.650317 1.4 252.1
2016-10-25 1:31:13 413778458 114.38375 30.649567 114.385117 30.650233 2.7 244.7
2016-10-25 1:31:32 413778458 114.38335 30.649383 114.38375 30.649567 3.0 236.5
2016-10-25 1:32:26 413778458 114.38255 30.6489 114.38335 30.649383 3.0 236.6
2016-10-25 1:32:50 413778458 114.382167 30.648667 114.38255 30.6489 3.0 236.1
2016-10-25 1:33:29 413778458 114.381783 30.648467 114.382167 30.648667 2.6 240.1
2016-10-25 1:33:57 413778458 114.38145 30.648317 114.381783 30.648467 2.1 242.8
2016-10-25 1:36:57 413778458 114.381083 30.6481 114.38145 30.648317 0.4 86.1
2016-10-25 1:37:20 413778458 114.38115 30.6481 114.381083 30.6481 0.6 78.1
2016-10-25 1:40:22 413778458 114.381267 30.647183 114.38115 30.6481 3.1 166.6
2016-10-25 1:41:29 413778458 114.3811 30.646283 114.381267 30.647183 3.2 232.6
2016-10-25 1:41:53 413778458 114.3805 30.646017 114.3811 30.646283 4.5 243.8
2016-10-25 1:42:28 413778458 114.379867 30.645783 114.3805 30.646017 3.9 253.2
2016-10-25 1:42:59 413778458 114.379383 30.645683 114.379867 30.645783 2.3 257.2
2016-10-25 1:43:21 413778458 114.379167 30.64565 114.379383 30.645683 1.3 260.1
2016-10-25 1:46:31 413778458 114.37905 30.6457 114.379167 30.64565 0.4 91.4
2016-10-25 1:48:58 413778458 114.378967 30.645667 114.37905 30.6457 0.2 38.9
2016-10-25 1:49:22 413778458 114.379 30.6457 114.378967 30.645667 0.4 25.0
2016-10-25 1:55:33 413778458 114.378967 30.645833 114.378967 30.64585 0.0 150.0
