2016-10-22 2:39:04 413359670 114.27638 30.516962 114.27638 30.516962 0.0 194.9
2016-10-22 3:03:21 413359670 114.276352 30.516958 114.276352 30.516958 0.0 0.0
2016-10-22 3:15:04 413359670 114.276352 30.516958 114.276352 30.516958 0.0 0.0
2016-10-22 3:27:07 413359670 114.276378 30.51698 114.276378 30.51698 0.0 285.6
2016-10-22 3:29:58 413359670 114.276378 30.51698 114.276378 30.51698 0.0 285.6
2016-10-22 3:32:49 413359670 114.276378 30.51698 114.276378 30.51698 0.0 285.6
2016-10-22 3:38:57 413359670 114.276382 30.516957 114.276382 30.516957 0.0 0.0
2016-10-22 3:39:13 413359670 114.276382 30.516957 114.276382 30.516957 0.0 0.0
2016-10-22 3:42:31 413359670 114.276367 30.516953 114.276382 30.516957 0.0 0.0
2016-10-22 3:45:16 413359670 114.276367 30.516953 114.276367 30.516953 0.0 0.0
2016-10-22 3:48:26 413359670 114.276392 30.51695 114.276367 30.516953 0.0 0.0
2016-10-22 3:51:12 413359670 114.276392 30.51695 114.276392 30.51695 0.0 0.0
2016-10-22 4:48:23 413359670 114.276315 30.516925 114.276315 30.516925 0.0 0.0
2016-10-22 4:51:08 413359670 114.276315 30.516925 114.276315 30.516925 0.0 0.0
2016-10-22 4:54:31 413359670 114.276315 30.516925 114.276315 30.516925 0.0 0.0
2016-10-22 5:15:31 413359670 114.276328 30.516937 114.276328 30.516937 0.0 0.0
2016-10-22 5:39:15 413359670 114.276328 30.516937 114.276328 30.516937 0.0 0.0
2016-10-22 6:27:15 413359670 114.27639 30.516972 114.27639 30.516972 0.0 219.6
2016-10-22 7:09:34 413359670 114.276363 30.516968 114.276363 30.516968 0.0 0.0
2016-10-22 7:13:12 413359670 114.276363 30.516968 114.276363 30.516968 0.0 0.0
2016-10-22 7:33:12 413359670 114.276333 30.516958 114.276333 30.516958 0.0 0.0
2016-10-22 7:37:17 413359670 114.276333 30.516958 114.276333 30.516958 0.0 0.0
2016-10-22 7:45:19 413359670 114.276333 30.516958 114.276333 30.516958 0.0 0.0
2016-10-22 7:49:24 413359670 114.276333 30.516958 114.276333 30.516958 0.0 0.0
2016-10-22 7:51:18 413359670 114.276333 30.516958 114.276333 30.516958 0.0 0.0
2016-10-22 7:52:05 413359670 114.276333 30.516958 114.276333 30.516958 0.0 0.0
2016-10-22 8:07:11 413359670 114.276333 30.516958 114.276333 30.516958 0.0 0.0
2016-10-22 8:09:56 413359670 114.276333 30.516958 114.276333 30.516958 0.0 0.0
2016-10-22 8:13:13 413359670 114.276333 30.516958 114.276333 30.516958 0.0 0.0
2016-10-22 8:15:29 413359670 114.276333 30.516958 114.276333 30.516958 0.0 0.0
2016-10-22 8:16:01 413359670 114.276333 30.516958 114.276333 30.516958 0.0 0.0
2016-10-22 8:19:32 413359670 114.276388 30.516898 114.276333 30.516958 0.0 0.0
2016-10-22 8:22:32 413359670 114.276388 30.516898 114.276388 30.516898 0.0 0.0
2016-10-22 8:25:34 413359670 114.276388 30.516898 114.276388 30.516898 0.0 0.0
2016-10-22 8:27:22 413359670 114.276388 30.516898 114.276388 30.516898 0.0 0.0
2016-10-22 8:31:46 413359670 114.276388 30.516898 114.276388 30.516898 0.0 0.0
2016-10-22 8:34:36 413359670 114.276388 30.516898 114.276388 30.516898 0.0 0.0
2016-10-22 8:37:40 413359670 114.276388 30.516898 114.276388 30.516898 0.0 0.0
2016-10-22 8:39:27 413359670 114.276388 30.516898 114.276388 30.516898 0.0 0.0
2016-10-22 8:55:36 413359670 114.276388 30.516898 114.276388 30.516898 0.0 0.0
2016-10-22 8:57:29 413359670 114.276388 30.516898 114.276388 30.516898 0.0 0.0
2016-10-22 8:58:38 413359670 114.276388 30.516898 114.276388 30.516898 0.0 0.0
2016-10-22 9:03:32 413359670 114.276388 30.516898 114.276388 30.516898 0.0 0.0
2016-10-22 9:04:27 413359670 114.276388 30.516898 114.276388 30.516898 0.0 0.0
2016-10-22 9:07:57 413359670 114.276388 30.516898 114.276388 30.516898 0.0 0.0
2016-10-22 9:09:39 413359670 114.276388 30.516898 114.276388 30.516898 0.0 0.0
2016-10-22 9:13:49 413359670 114.276345 30.516948 114.276388 30.516898 0.0 235.1
2016-10-22 9:15:38 413359670 114.276345 30.516948 114.276345 30.516948 0.0 235.1
2016-10-22 9:25:37 413359670 114.276325 30.51699 114.276325 30.51699 0.0 60.9
2016-10-22 9:29:19 413359670 114.276383 30.516932 114.276325 30.51699 0.0 146.2
2016-10-22 9:32:05 413359670 114.276383 30.516932 114.276383 30.516932 0.0 146.2
2016-10-22 9:57:22 413359670 114.276393 30.517013 114.276393 30.517013 0.0 233.0
2016-10-22 10:09:36 413359670 114.276393 30.517013 114.276393 30.517013 0.0 233.0
2016-10-22 10:34:02 413359670 114.276393 30.517013 114.276393 30.517013 0.0 233.0
2016-10-22 10:38:36 413359670 114.276393 30.517013 114.276393 30.517013 0.0 233.0
2016-10-22 10:57:39 413359670 114.276393 30.517013 114.276393 30.517013 0.0 233.0
2016-10-22 11:09:42 413359670 114.276393 30.517013 114.276393 30.517013 0.0 233.0
2016-10-22 11:14:33 413359670 114.276393 30.517013 114.276393 30.517013 0.0 233.0
2016-10-22 11:21:51 413359670 114.276393 30.517013 114.276393 30.517013 0.0 233.0
2016-10-22 11:33:30 413359670 114.276418 30.517038 114.276418 30.517038 0.0 263.6
2016-10-22 11:38:22 413359670 114.276437 30.517012 114.276418 30.517038 0.0 0.0
2016-10-22 11:45:47 413359670 114.276437 30.517012 114.276437 30.517012 0.0 0.0
2016-10-22 11:50:16 413359670 114.276437 30.517012 114.276437 30.517012 0.0 0.0
2016-10-22 12:02:38 413359670 114.276408 30.517012 114.2764 30.517015 0.0 207.4
2016-10-22 12:21:26 413359670 114.276423 30.517025 114.276423 30.517025 0.0 0.0
2016-10-22 12:33:26 413359670 114.27645 30.517137 114.27645 30.517137 0.0 291.2
2016-10-22 13:09:44 413359670 114.276387 30.51705 114.276387 30.51705 0.0 0.0
2016-10-22 13:14:11 413359670 114.276398 30.517032 114.276387 30.51705 0.0 0.0
2016-10-22 13:15:42 413359670 114.276398 30.517032 114.276398 30.517032 0.0 0.0
2016-10-22 13:46:12 413359670 114.276422 30.517068 114.276422 30.517068 0.0 0.0
2016-10-22 13:48:15 413359670 114.276393 30.517083 114.276422 30.517068 0.0 0.0
2016-10-22 13:57:52 413359670 114.276393 30.517083 114.276393 30.517083 0.0 0.0
2016-10-22 13:59:51 413359670 114.276393 30.517083 114.276393 30.517083 0.0 0.0
2016-10-22 14:03:35 413359670 114.276393 30.517083 114.276393 30.517083 0.0 0.0
2016-10-22 14:06:11 413359670 114.276393 30.517083 114.276393 30.517083 0.0 0.0
2016-10-22 14:09:43 413359670 114.276393 30.517083 114.276393 30.517083 0.0 0.0
2016-10-22 14:11:57 413359670 114.276408 30.517025 114.276393 30.517083 0.0 82.6
2016-10-22 14:21:00 413359670 114.276377 30.516953 114.276377 30.516953 0.0 118.5
2016-10-22 14:21:36 413359670 114.276377 30.516953 114.276377 30.516953 0.0 118.5
2016-10-22 14:23:45 413359670 114.276377 30.516953 114.276377 30.516953 0.0 118.5
2016-10-22 14:33:52 413359670 114.276377 30.516953 114.276377 30.516953 0.0 118.5
2016-10-22 14:45:56 413359670 114.276395 30.517075 114.276395 30.517075 0.0 0.0
2016-10-22 14:47:54 413359670 114.276395 30.517075 114.276395 30.517075 0.0 0.0
2016-10-22 14:57:43 413359670 114.276395 30.517075 114.276395 30.517075 0.0 0.0
2016-10-22 15:02:52 413359670 114.276463 30.517108 114.276395 30.517075 0.0 0.0
2016-10-22 15:05:59 413359670 114.276463 30.517108 114.276463 30.517108 0.0 0.0
2016-10-22 15:09:03 413359670 114.276463 30.517108 114.276463 30.517108 0.0 0.0
2016-10-22 15:16:02 413359670 114.276463 30.517108 114.276463 30.517108 0.0 0.0
2016-10-22 15:17:55 413359670 114.276463 30.517108 114.276463 30.517108 0.0 0.0
2016-10-22 15:21:08 413359670 114.276463 30.517108 114.276463 30.517108 0.0 0.0
2016-10-22 15:21:54 413359670 114.276463 30.517108 114.276463 30.517108 0.0 0.0
2016-10-22 15:23:50 413359670 114.276463 30.517108 114.276463 30.517108 0.0 0.0
2016-10-22 15:33:47 413359670 114.276463 30.517108 114.276463 30.517108 0.0 0.0
2016-10-22 15:35:50 413359670 114.276425 30.517107 114.276463 30.517108 0.0 0.0
2016-10-22 15:45:45 413359670 114.276425 30.517107 114.276425 30.517107 0.0 0.0
2016-10-22 15:48:17 413359670 114.276425 30.517107 114.276425 30.517107 0.0 0.0
2016-10-22 15:57:52 413359670 114.276425 30.517107 114.276425 30.517107 0.0 0.0
2016-10-22 16:00:05 413359670 114.276425 30.517107 114.276425 30.517107 0.0 0.0
2016-10-22 16:09:48 413359670 114.276425 30.517107 114.276425 30.517107 0.0 0.0
2016-10-22 16:22:02 413359670 114.27646 30.517035 114.27646 30.517035 0.0 222.4
2016-10-22 16:24:01 413359670 114.27646 30.517035 114.27646 30.517035 0.0 222.4
2016-10-22 16:33:57 413359670 114.27646 30.517035 114.27646 30.517035 0.0 222.4
2016-10-22 16:35:56 413359670 114.276407 30.516975 114.27646 30.517035 0.0 0.0
2016-10-22 16:39:09 413359670 114.276407 30.516975 114.276407 30.516975 0.0 0.0
2016-10-22 16:42:05 413359670 114.276407 30.516975 114.276407 30.516975 0.0 0.0
2016-10-22 16:45:48 413359670 114.276407 30.516975 114.276407 30.516975 0.0 0.0
2016-10-22 16:57:53 413359670 114.27645 30.517025 114.27645 30.517025 0.0 0.0
2016-10-22 17:00:25 413359670 114.2768 30.517442 114.27645 30.517025 0.0 0.0
2016-10-22 17:03:06 413359670 114.2768 30.517442 114.2768 30.517442 0.0 0.0
2016-10-22 17:06:23 413359670 114.2768 30.517442 114.2768 30.517442 0.0 0.0
2016-10-22 17:09:15 413359670 114.2768 30.517442 114.2768 30.517442 0.0 0.0
2016-10-22 17:09:47 413359670 114.2768 30.517442 114.2768 30.517442 0.0 0.0
2016-10-22 17:12:01 413359670 114.2768 30.517442 114.2768 30.517442 0.0 0.0
2016-10-22 17:15:09 413359670 114.2768 30.517442 114.2768 30.517442 0.0 0.0
2016-10-22 17:17:50 413359670 114.276795 30.517495 114.2768 30.517442 0.0 0.0
2016-10-22 17:18:29 413359670 114.276805 30.517492 114.276795 30.517495 0.0 0.0
2016-10-22 17:21:47 413359670 114.276805 30.517492 114.276805 30.517492 0.0 0.0
2016-10-22 17:39:36 413359670 114.276712 30.51755 114.276712 30.51755 0.0 151.8
2016-10-22 17:39:58 413359670 114.276712 30.51755 114.276712 30.51755 0.0 151.8
2016-10-22 18:09:37 413359670 114.276783 30.51752 114.276783 30.51752 0.0 0.0
2016-10-22 18:12:30 413359670 114.276783 30.51752 114.276783 30.51752 0.0 0.0
2016-10-22 18:15:22 413359670 114.276783 30.51752 114.276783 30.51752 0.0 0.0
2016-10-22 18:21:49 413359670 114.276783 30.51752 114.276783 30.51752 0.0 0.0
2016-10-22 18:33:44 413359670 114.276808 30.51758 114.276808 30.51758 0.0 276.8
2016-10-22 18:36:54 413359670 114.276808 30.51758 114.276808 30.51758 0.0 276.8
2016-10-22 18:45:49 413359670 114.276808 30.51758 114.276808 30.51758 0.0 276.8
2016-10-22 18:49:00 413359670 114.276808 30.51758 114.276808 30.51758 0.0 276.8
2016-10-22 18:57:44 413359670 114.276808 30.51758 114.276808 30.51758 0.0 276.8
2016-10-22 19:00:51 413359670 114.276808 30.51758 114.276808 30.51758 0.0 276.8
2016-10-22 19:09:36 413359670 114.276852 30.517527 114.276852 30.517527 0.0 173.6
2016-10-22 19:12:50 413359670 114.276852 30.517527 114.276852 30.517527 0.0 173.6
2016-10-22 19:21:44 413359670 114.276835 30.517548 114.276835 30.517548 0.0 0.0
2016-10-22 19:24:55 413359670 114.276835 30.517548 114.276835 30.517548 0.0 0.0
2016-10-22 19:33:54 413359670 114.276835 30.517548 114.276835 30.517548 0.0 0.0
2016-10-22 19:36:59 413359670 114.276835 30.517548 114.276835 30.517548 0.0 0.0
2016-10-22 19:46:11 413359670 114.276835 30.517548 114.276835 30.517548 0.0 0.0
2016-10-22 19:49:55 413359670 114.274543 30.517365 114.276835 30.517548 3.8 301.7
2016-10-22 19:51:09 413359670 114.273783 30.518142 114.274543 30.517365 3.8 341.8
2016-10-22 19:51:23 413359670 114.273657 30.51867 114.273783 30.518142 3.9 357.9
2016-10-22 19:53:11 413359670 114.274853 30.520212 114.273657 30.51867 5.7 47.5
2016-10-22 19:54:57 413359670 114.277282 30.523017 114.274853 30.520212 6.7 27.5
2016-10-22 19:58:03 413359670 114.279753 30.528225 114.277282 30.523017 7.0 17.4
2016-10-22 19:58:59 413359670 114.280332 30.530275 114.279753 30.528225 8.4 14.5
2016-10-22 20:03:01 413359670 114.279708 30.53799 114.280332 30.530275 4.6 328.8
2016-10-22 20:03:36 413359670 114.279327 30.538557 114.279708 30.53799 5.1 330.7
2016-10-22 20:09:08 413359670 114.282828 30.550277 114.282267 30.549195 8.5 24.8
2016-10-22 20:09:43 413359670 114.28343 30.55139 114.282828 30.550277 8.4 25.6
2016-10-22 20:10:15 413359670 114.284102 30.552538 114.28343 30.55139 8.7 26.5
2016-10-22 20:10:41 413359670 114.284835 30.55365 114.284102 30.552538 8.8 32.2
2016-10-22 20:11:21 413359670 114.28558 30.55469 114.284835 30.55365 8.8 32.2
2016-10-22 20:11:36 413359670 114.286303 30.555738 114.28558 30.55469 8.6 31.6
2016-10-22 20:12:23 413359670 114.286977 30.556762 114.286303 30.555738 8.9 31.4
2016-10-22 20:13:42 413359670 114.289243 30.559857 114.286977 30.556762 8.8 36.9
2016-10-22 20:14:49 413359670 114.290883 30.561843 114.289243 30.559857 8.5 33.5
2016-10-22 20:15:16 413359670 114.291658 30.562772 114.290883 30.561843 8.5 38.8
2016-10-22 20:15:41 413359670 114.292455 30.563713 114.291658 30.562772 8.6 34.6
2016-10-22 20:16:12 413359670 114.293227 30.564752 114.292455 30.563713 8.7 31.8
2016-10-22 20:17:22 413359670 114.294567 30.566817 114.293227 30.564752 7.9 26.0
2016-10-22 20:17:53 413359670 114.29527 30.567855 114.294567 30.566817 8.6 25.6
2016-10-22 20:18:38 413359670 114.296657 30.570008 114.29527 30.567855 8.6 29.4
2016-10-22 20:19:11 413359670 114.29734 30.571077 114.296657 30.570008 8.2 28.1
2016-10-22 20:20:41 413359670 114.29939 30.574202 114.29734 30.571077 8.9 29.6
2016-10-22 20:21:21 413359670 114.3001 30.575262 114.29939 30.574202 8.9 30.3
2016-10-22 20:21:35 413359670 114.30085 30.576312 114.3001 30.575262 8.9 33.7
2016-10-22 20:22:07 413359670 114.301627 30.577353 114.30085 30.576312 8.8 31.5
2016-10-22 20:22:37 413359670 114.302363 30.578403 114.301627 30.577353 8.9 33.4
2016-10-22 20:23:14 413359670 114.30313 30.579452 114.302363 30.578403 8.9 31.8
2016-10-22 20:23:44 413359670 114.303863 30.580512 114.30313 30.579452 8.9 31.7
2016-10-22 20:24:36 413359670 114.305363 30.582695 114.303863 30.580512 9.0 30.5
2016-10-22 20:25:27 413359670 114.306108 30.583798 114.305363 30.582695 9.1 29.5
2016-10-22 20:26:14 413359670 114.307583 30.585993 114.3069 30.584917 9.0 28.4
2016-10-22 20:26:51 413359670 114.308318 30.587093 114.307583 30.585993 9.1 30.0
2016-10-22 20:27:22 413359670 114.309028 30.588192 114.308318 30.587093 9.2 30.4
2016-10-22 20:27:47 413359670 114.309792 30.589348 114.309028 30.588192 9.3 30.7
2016-10-22 20:28:40 413359670 114.311233 30.591553 114.309792 30.589348 9.2 28.6
2016-10-22 20:29:16 413359670 114.312032 30.59279 114.311233 30.591553 8.9 28.4
2016-10-22 20:29:41 413359670 114.312782 30.593947 114.312032 30.59279 9.1 29.2
2016-10-22 20:30:15 413359670 114.313518 30.595037 114.312782 30.593947 9.0 30.4
2016-10-22 20:30:46 413359670 114.314298 30.596182 114.313518 30.595037 9.1 33.6
2016-10-22 20:31:28 413359670 114.315093 30.5973 114.314298 30.596182 9.3 30.6
2016-10-22 20:31:43 413359670 114.315873 30.598398 114.315093 30.5973 9.2 33.2
2016-10-22 20:32:25 413359670 114.31669 30.599535 114.315873 30.598398 9.2 32.4
2016-10-22 20:32:59 413359670 114.31748 30.600612 114.31669 30.599535 9.6 33.2
2016-10-22 20:33:36 413359670 114.318318 30.601762 114.31748 30.600612 9.0 34.5
2016-10-22 20:33:53 413359670 114.319163 30.602833 114.318318 30.601762 9.1 34.3
2016-10-22 20:34:23 413359670 114.319968 30.603785 114.319163 30.602833 9.0 35.9
2016-10-22 20:34:59 413359670 114.320858 30.604775 114.319968 30.603785 8.8 38.0
2016-10-22 20:35:27 413359670 114.321748 30.60578 114.320858 30.604775 8.7 41.1
2016-10-22 20:35:54 413359670 114.32272 30.606868 114.321748 30.60578 8.8 41.2
2016-10-22 20:36:30 413359670 114.323658 30.607827 114.32272 30.606868 8.7 39.4
2016-10-22 20:37:15 413359670 114.324637 30.608772 114.323658 30.607827 9.1 41.5
2016-10-22 20:37:57 413359670 114.326573 30.610622 114.324637 30.608772 9.1 42.9
2016-10-22 20:38:22 413359670 114.32762 30.611568 114.326573 30.610622 9.2 45.0
2016-10-22 20:38:52 413359670 114.328628 30.612437 114.32762 30.611568 9.3 44.3
2016-10-22 20:39:34 413359670 114.329753 30.61337 114.328628 30.612437 9.1 46.4
2016-10-22 20:40:06 413359670 114.330832 30.614255 114.329753 30.61337 8.9 50.6
2016-10-22 20:41:03 413359670 114.333188 30.61608 114.330832 30.614255 9.2 48.8
2016-10-22 20:41:37 413359670 114.334345 30.617008 114.333188 30.61608 9.6 44.7
2016-10-22 20:42:02 413359670 114.335493 30.617935 114.334345 30.617008 9.8 46.1
2016-10-22 20:42:37 413359670 114.336675 30.618885 114.335493 30.617935 9.8 47.1
2016-10-22 20:43:12 413359670 114.337783 30.619818 114.336675 30.618885 9.8 46.1
2016-10-22 20:43:56 413359670 114.340048 30.621698 114.337783 30.619818 10.1 44.8
2016-10-22 20:44:35 413359670 114.341203 30.622673 114.340048 30.621698 9.9 46.0
2016-10-22 20:45:06 413359670 114.342393 30.62364 114.341203 30.622673 10.1 46.2
2016-10-22 20:45:34 413359670 114.343682 30.624657 114.342393 30.62364 10.1 50.0
2016-10-22 20:46:05 413359670 114.345047 30.625532 114.343682 30.624657 9.9 61.0
2016-10-22 20:46:44 413359670 114.346352 30.626545 114.345047 30.625532 10.3 50.6
2016-10-22 20:47:00 413359670 114.347685 30.627477 114.346352 30.626545 10.2 52.5
2016-10-22 20:48:10 413359670 114.350325 30.629267 114.347685 30.627477 10.6 50.9
2016-10-22 20:48:46 413359670 114.351653 30.630222 114.350325 30.629267 10.6 50.7
2016-10-22 20:49:10 413359670 114.35294 30.631157 114.351653 30.630222 10.2 50.6
2016-10-22 20:49:41 413359670 114.354277 30.632133 114.35294 30.631157 10.4 49.4
2016-10-22 20:50:23 413359670 114.355578 30.633078 114.354277 30.632133 10.4 50.6
2016-10-22 20:50:42 413359670 114.356882 30.634013 114.355578 30.633078 11.2 50.8
2016-10-22 20:51:14 413359670 114.35821 30.634907 114.356882 30.634013 10.3 52.4
2016-10-22 20:51:40 413359670 114.359548 30.635757 114.35821 30.634907 9.8 54.0
2016-10-22 20:52:10 413359670 114.36086 30.636602 114.359548 30.635757 9.9 53.1
2016-10-22 20:52:48 413359670 114.362117 30.637397 114.36086 30.636602 9.8 54.8
2016-10-22 20:53:04 413359670 114.36334 30.638198 114.362117 30.637397 9.7 49.5
2016-10-22 20:53:37 413359670 114.364553 30.639058 114.36334 30.638198 9.5 51.3
2016-10-22 20:54:12 413359670 114.365732 30.639868 114.364553 30.639058 9.6 51.2
2016-10-22 20:54:42 413359670 114.367 30.64074 114.365732 30.639868 9.4 51.9
2016-10-22 20:55:03 413359670 114.368183 30.641507 114.367 30.64074 9.9 52.3
2016-10-22 20:55:38 413359670 114.369383 30.642332 114.368183 30.641507 9.7 50.2
2016-10-22 20:56:15 413359670 114.370552 30.643195 114.369383 30.642332 9.6 50.9
2016-10-22 20:56:33 413359670 114.371755 30.644045 114.370552 30.643195 9.6 50.6
2016-10-22 20:57:00 413359670 114.372958 30.644845 114.371755 30.644045 9.6 53.8
2016-10-22 20:57:41 413359670 114.374192 30.645698 114.372958 30.644845 10.0 54.4
2016-10-22 20:58:08 413359670 114.375493 30.646423 114.374192 30.645698 9.7 58.1
2016-10-22 20:58:40 413359670 114.376747 30.647157 114.375493 30.646423 9.5 56.9
2016-10-22 20:59:14 413359670 114.378047 30.647862 114.376747 30.647157 9.6 61.8
2016-10-22 20:59:40 413359670 114.379422 30.648533 114.378047 30.647862 9.6 60.1
2016-10-22 21:00:10 413359670 114.38079 30.649175 114.379422 30.648533 9.7 61.8
2016-10-22 21:00:49 413359670 114.382183 30.649792 114.38079 30.649175 9.8 63.9
2016-10-22 21:01:07 413359670 114.383612 30.650365 114.382183 30.649792 9.6 64.4
2016-10-22 21:01:39 413359670 114.385025 30.650932 114.383612 30.650365 9.7 64.1
2016-10-22 21:02:03 413359670 114.38641 30.651497 114.385025 30.650932 9.8 64.2
2016-10-22 21:02:35 413359670 114.387815 30.65209 114.38641 30.651497 9.8 64.7
2016-10-22 21:03:13 413359670 114.389198 30.652673 114.387815 30.65209 9.7 65.1
2016-10-22 21:03:45 413359670 114.390655 30.653283 114.389198 30.652673 9.7 64.9
2016-10-22 21:04:18 413359670 114.392178 30.653837 114.390655 30.653283 10.0 68.0
2016-10-22 21:04:37 413359670 114.39377 30.654368 114.392178 30.653837 10.0 68.0
2016-10-22 21:05:13 413359670 114.395257 30.654873 114.39377 30.654368 9.9 67.7
2016-10-22 21:05:38 413359670 114.39675 30.655398 114.395257 30.654873 10.0 70.5
2016-10-22 21:06:07 413359670 114.39825 30.655882 114.39675 30.655398 9.9 69.0
2016-10-22 21:06:42 413359670 114.399792 30.656383 114.39825 30.655882 10.4 70.3
2016-10-22 21:07:12 413359670 114.401497 30.656903 114.399792 30.656383 10.8 73.9
2016-10-22 21:07:46 413359670 114.403043 30.657353 114.401497 30.656903 10.0 72.3
2016-10-22 21:08:18 413359670 114.404533 30.657792 114.403043 30.657353 10.4 69.1
2016-10-22 21:08:58 413359670 114.406072 30.658288 114.404533 30.657792 10.1 68.5
2016-10-22 21:09:14 413359670 114.407593 30.658795 114.406072 30.658288 10.2 67.7
2016-10-22 21:10:14 413359670 114.410632 30.659765 114.407593 30.658795 10.2 70.6
2016-10-22 21:11:10 413359670 114.413722 30.66077 114.410632 30.659765 10.0 69.8
2016-10-22 21:12:06 413359670 114.416762 30.661703 114.413722 30.66077 9.9 69.3
2016-10-22 21:12:40 413359670 114.41827 30.662138 114.416762 30.661703 9.9 70.9
2016-10-22 21:13:12 413359670 114.419723 30.6626 114.41827 30.662138 9.8 69.8
2016-10-22 21:13:47 413359670 114.421178 30.663077 114.419723 30.6626 9.8 68.3
2016-10-22 21:14:07 413359670 114.422637 30.663567 114.421178 30.663077 9.8 68.4
2016-10-22 21:15:10 413359670 114.425635 30.66457 114.422637 30.663567 9.8 70.0
2016-10-22 21:15:44 413359670 114.427133 30.665043 114.425635 30.66457 9.9 68.3
2016-10-22 21:16:27 413359670 114.428522 30.665515 114.427133 30.665043 10.2 69.1
2016-10-22 21:16:45 413359670 114.429965 30.665962 114.428522 30.665515 9.9 70.8
2016-10-22 21:17:15 413359670 114.431505 30.666423 114.429965 30.665962 9.8 71.7
2016-10-22 21:17:42 413359670 114.433047 30.666907 114.431505 30.666423 9.8 69.5
2016-10-22 21:18:58 413359670 114.435998 30.667845 114.433047 30.666907 9.9 70.7
2016-10-22 21:19:16 413359670 114.437433 30.668305 114.435998 30.667845 10.1 70.8
2016-10-22 21:20:39 413359670 114.441807 30.669803 114.437433 30.668305 9.7 67.2
2016-10-22 21:21:50 413359670 114.444782 30.670875 114.441807 30.669803 10.0 68.6
2016-10-22 21:22:08 413359670 114.446208 30.671452 114.444782 30.670875 10.0 61.5
2016-10-22 21:23:22 413359670 114.448965 30.6729 114.446208 30.671452 9.8 57.0
2016-10-22 21:23:47 413359670 114.450288 30.673623 114.448965 30.6729 9.9 56.1
2016-10-22 21:24:21 413359670 114.451685 30.674337 114.450288 30.673623 9.9 59.1
2016-10-22 21:25:18 413359670 114.454457 30.675728 114.451685 30.674337 9.9 64.6
2016-10-22 21:25:51 413359670 114.455762 30.676297 114.454457 30.675728 9.8 63.6
2016-10-22 21:26:17 413359670 114.457295 30.676948 114.455762 30.676297 9.9 64.0
2016-10-22 21:26:38 413359670 114.458702 30.677523 114.457295 30.676948 9.9 64.7
2016-10-22 21:27:09 413359670 114.460108 30.678098 114.458702 30.677523 10.0 65.9
2016-10-22 21:27:36 413359670 114.461633 30.678735 114.460108 30.678098 10.0 64.9
2016-10-22 21:28:07 413359670 114.463052 30.679295 114.461633 30.678735 9.9 64.2
2016-10-22 21:28:39 413359670 114.46451 30.67984 114.463052 30.679295 9.9 67.8
2016-10-22 21:29:15 413359670 114.465932 30.680437 114.46451 30.67984 9.7 61.7
2016-10-22 21:30:14 413359670 114.468613 30.681772 114.465932 30.680437 9.8 61.6
2016-10-22 21:30:44 413359670 114.470083 30.682462 114.468613 30.681772 9.8 63.2
2016-10-22 21:31:15 413359670 114.471517 30.683053 114.470083 30.682462 9.8 64.0
2016-10-22 21:31:47 413359670 114.472912 30.683662 114.471517 30.683053 9.9 64.7
2016-10-22 21:32:28 413359670 114.474342 30.684208 114.472912 30.683662 9.9 66.8
2016-10-22 21:32:48 413359670 114.47576 30.68465 114.474342 30.684208 9.8 72.6
2016-10-22 21:33:19 413359670 114.47737 30.685058 114.47576 30.68465 9.8 73.5
2016-10-22 21:33:41 413359670 114.478837 30.685413 114.47737 30.685058 9.7 76.2
2016-10-22 21:34:13 413359670 114.48037 30.685765 114.478837 30.685413 9.6 73.7
2016-10-22 21:34:49 413359670 114.481857 30.686128 114.48037 30.685765 9.5 73.0
2016-10-22 21:35:06 413359670 114.483298 30.686512 114.481857 30.686128 9.5 73.1
2016-10-22 21:35:41 413359670 114.48478 30.686883 114.483298 30.686512 9.4 76.0
2016-10-22 21:36:14 413359670 114.48619 30.68719 114.48478 30.686883 9.2 77.7
2016-10-22 21:36:46 413359670 114.487598 30.68742 114.48619 30.68719 9.3 77.6
2016-10-22 21:37:10 413359670 114.489092 30.687738 114.487598 30.68742 9.2 74.5
2016-10-22 21:37:43 413359670 114.490473 30.688058 114.489092 30.687738 9.3 75.1
2016-10-22 21:38:22 413359670 114.492013 30.688362 114.490473 30.688058 9.5 79.0
2016-10-22 21:38:41 413359670 114.493518 30.688615 114.492013 30.688362 9.7 79.3
2016-10-22 21:39:40 413359670 114.496637 30.68899 114.493518 30.688615 9.9 86.6
2016-10-22 21:40:13 413359670 114.498207 30.689053 114.496637 30.68899 10.1 88.6
2016-10-22 21:40:57 413359670 114.499865 30.689043 114.498207 30.689053 10.0 91.9
2016-10-22 21:41:52 413359670 114.503257 30.68882 114.499865 30.689043 10.2 121.0
2016-10-22 21:42:12 413359670 114.504883 30.688655 114.503257 30.68882 10.1 96.6
2016-10-22 21:43:16 413359670 114.50814 30.68826 114.504883 30.688655 10.3 99.6
2016-10-22 21:43:49 413359670 114.509753 30.688013 114.50814 30.68826 10.1 101.1
2016-10-22 21:44:51 413359670 114.512965 30.687383 114.509753 30.688013 10.3 104.3
2016-10-22 21:45:16 413359670 114.514588 30.687003 114.512965 30.687383 10.4 105.8
2016-10-22 21:45:41 413359670 114.516223 30.686542 114.514588 30.687003 10.4 107.8
2016-10-22 21:46:13 413359670 114.51786 30.686063 114.516223 30.686542 10.5 111.1
2016-10-22 21:46:48 413359670 114.519467 30.685505 114.51786 30.686063 10.6 113.1
2016-10-22 21:47:22 413359670 114.520945 30.684932 114.519467 30.685505 10.6 115.3
2016-10-22 21:47:56 413359670 114.522537 30.684277 114.520945 30.684932 10.4 117.4
2016-10-22 21:48:41 413359670 114.525543 30.68282 114.52399 30.68359 10.5 121.7
2016-10-22 21:49:14 413359670 114.526942 30.68203 114.525543 30.68282 10.4 123.7
2016-10-22 21:49:42 413359670 114.528273 30.681242 114.526942 30.68203 10.5 125.8
2016-10-22 21:50:28 413359670 114.529715 30.680328 114.528273 30.681242 10.5 126.8
2016-10-22 21:51:22 413359670 114.53239 30.67839 114.529715 30.680328 10.6 132.9
2016-10-22 21:52:16 413359670 114.534882 30.67631 114.53239 30.67839 10.8 135.0
2016-10-22 21:53:27 413359670 114.537307 30.674 114.534882 30.67631 10.8 139.7
2016-10-22 21:53:51 413359670 114.538327 30.672837 114.537307 30.674 10.8 144.7
2016-10-22 21:54:25 413359670 114.539262 30.671543 114.538327 30.672837 10.9 149.7
2016-10-22 21:55:02 413359670 114.540083 30.670222 114.539262 30.671543 10.9 151.3
2016-10-22 21:55:19 413359670 114.540898 30.668925 114.540083 30.670222 10.9 153.3
2016-10-22 21:55:50 413359670 114.54169 30.667587 114.540898 30.668925 10.9 152.3
2016-10-22 21:56:33 413359670 114.542512 30.666232 114.54169 30.667587 10.9 154.0
2016-10-22 21:57:29 413359670 114.544073 30.66341 114.542512 30.666232 11.1 154.4
2016-10-22 21:58:03 413359670 114.544833 30.661977 114.544073 30.66341 11.2 156.3
2016-10-22 21:59:00 413359670 114.54634 30.659082 114.544833 30.661977 11.3 154.4
2016-10-22 21:59:15 413359670 114.547087 30.6577 114.54634 30.659082 11.1 155.1
2016-10-22 21:59:58 413359670 114.54792 30.656267 114.547087 30.6577 11.2 154.2
2016-10-22 22:00:31 413359670 114.548675 30.65487 114.54792 30.656267 11.1 155.0
2016-10-22 22:00:45 413359670 114.549402 30.65349 114.548675 30.65487 11.0 155.3
2016-10-22 22:01:28 413359670 114.550098 30.652093 114.549402 30.65349 11.0 157.4
2016-10-22 22:02:30 413359670 114.551462 30.649337 114.550098 30.652093 10.9 156.5
2016-10-22 22:02:49 413359670 114.552223 30.647887 114.551462 30.649337 10.9 155.2
2016-10-22 22:03:57 413359670 114.553597 30.645125 114.552223 30.647887 10.9 157.9
2016-10-22 22:04:51 413359670 114.555032 30.642245 114.553597 30.645125 11.0 155.9
2016-10-22 22:05:22 413359670 114.55571 30.640865 114.555032 30.642245 10.9 156.9
2016-10-22 22:05:59 413359670 114.556395 30.639445 114.55571 30.640865 10.9 158.5
2016-10-22 22:06:18 413359670 114.557152 30.638093 114.556395 30.639445 10.9 150.7
2016-10-22 22:06:50 413359670 114.557877 30.636622 114.557152 30.638093 11.1 154.5
2016-10-22 22:07:28 413359670 114.558513 30.635238 114.557877 30.636622 10.8 157.1
2016-10-22 22:07:56 413359670 114.559163 30.633783 114.558513 30.635238 10.8 158.6
2016-10-22 22:09:00 413359670 114.5604 30.63096 114.559163 30.633783 10.9 158.6
2016-10-22 22:14:57 413359670 114.567373 30.614325 114.5669 30.615665 10.4 163.2
2016-10-22 22:18:31 413359670 114.570572 30.60459 114.567373 30.614325 10.2 161.1
2016-10-22 22:28:24 413359670 114.583437 30.578057 114.581857 30.580595 10.2 152.2
2016-10-22 22:29:33 413359670 114.584953 30.57559 114.583437 30.578057 10.2 150.7
