2016-10-22 0:06:32 413793841 114.600052 30.559665 114.602543 30.560047 3.3 258.9
2016-10-22 0:06:53 413793841 114.599528 30.559557 114.600052 30.559665 3.2 262.9
2016-10-22 0:08:20 413793841 114.598002 30.559457 114.599528 30.559557 3.1 265.6
2016-10-22 0:13:51 413793841 114.593105 30.561423 114.593917 30.560833 3.4 310.0
2016-10-22 0:31:45 413793841 114.580033 30.57503 114.581397 30.573268 3.9 328.9
2016-10-22 0:34:23 413793841 114.578497 30.57735 114.580033 30.57503 3.9 329.7
2016-10-22 0:36:17 413793841 114.577355 30.579282 114.578497 30.57735 4.0 334.7
2016-10-22 0:38:37 413793841 114.575987 30.581817 114.577355 30.579282 4.1 336.9
2016-10-22 0:41:23 413793841 114.57466 30.584385 114.575987 30.581817 4.1 337.2
2016-10-22 0:44:21 413793841 114.573068 30.587585 114.57466 30.584385 4.3 338.7
2016-10-22 0:45:49 413793841 114.572277 30.589233 114.573068 30.587585 4.3 329.4
2016-10-22 1:01:25 413793841 114.56517 30.607955 114.565302 30.607562 4.6 344.8
2016-10-22 1:02:34 413793841 114.56469 30.609405 114.56517 30.607955 4.6 341.7
2016-10-22 1:03:50 413793841 114.564352 30.610615 114.56469 30.609405 4.4 348.9
2016-10-22 1:05:04 413793841 114.563892 30.612388 114.564352 30.610615 4.3 342.3
2016-10-22 1:05:55 413793841 114.563465 30.61352 114.563892 30.612388 4.3 343.2
2016-10-22 1:08:39 413793841 114.562448 30.616347 114.563465 30.61352 4.2 343.6
2016-10-22 1:15:24 413793841 114.560208 30.624213 114.560368 30.623643 4.1 342.4
2016-10-22 1:17:22 413793841 114.5594 30.626375 114.560208 30.624213 4.1 339.7
2016-10-22 1:17:58 413793841 114.559142 30.626873 114.5594 30.626375 4.0 334.6
2016-10-22 1:18:26 413793841 114.558865 30.627392 114.559142 30.626873 4.0 336.4
2016-10-22 1:19:18 413793841 114.558355 30.628398 114.558865 30.627392 4.0 337.2
2016-10-22 1:19:58 413793841 114.55812 30.628928 114.558355 30.628398 4.0 338.9
2016-10-22 1:22:25 413793841 114.556967 30.631462 114.55812 30.628928 3.9 337.4
2016-10-22 1:23:33 413793841 114.556518 30.632468 114.556967 30.631462 3.9 337.4
2016-10-22 1:23:50 413793841 114.556298 30.632987 114.556518 30.632468 3.9 339.3
2016-10-22 1:24:18 413793841 114.556085 30.633472 114.556298 30.632987 3.9 338.2
2016-10-22 1:25:22 413793841 114.555618 30.634432 114.556085 30.633472 3.7 339.3
2016-10-22 1:25:47 413793841 114.555368 30.634912 114.555618 30.634432 3.7 337.5
2016-10-22 1:26:23 413793841 114.555217 30.635342 114.555368 30.634912 3.7 342.8
2016-10-22 1:26:58 413793841 114.554988 30.635855 114.555217 30.635342 3.7 339.2
2016-10-22 1:28:31 413793841 114.554265 30.637418 114.554988 30.635855 3.8 339.1
2016-10-22 1:28:46 413793841 114.55409 30.637845 114.554265 30.637418 3.9 342.0
2016-10-22 1:29:24 413793841 114.55391 30.638303 114.55409 30.637845 3.8 343.4
2016-10-22 1:29:59 413793841 114.55373 30.638778 114.55391 30.638303 3.8 340.8
2016-10-22 1:30:53 413793841 114.553283 30.639768 114.55373 30.638778 3.7 339.3
2016-10-22 1:31:25 413793841 114.553028 30.640262 114.553283 30.639768 3.8 336.8
2016-10-22 1:34:23 413793841 114.551523 30.643052 114.553028 30.640262 3.8 332.0
2016-10-22 1:35:45 413793841 114.550838 30.644468 114.551523 30.643052 3.8 341.6
2016-10-22 1:36:51 413793841 114.550462 30.645445 114.550838 30.644468 3.8 333.3
2016-10-22 1:38:15 413793841 114.549833 30.646918 114.550462 30.645445 3.7 336.5
2016-10-22 1:38:50 413793841 114.549582 30.64736 114.549833 30.646918 3.7 336.3
2016-10-22 1:39:49 413793841 114.549157 30.648303 114.549582 30.64736 3.7 342.4
2016-10-22 1:40:22 413793841 114.548947 30.648737 114.549157 30.648303 3.6 338.1
2016-10-22 1:40:41 413793841 114.548727 30.649213 114.548947 30.648737 3.6 334.4
2016-10-22 1:42:41 413793841 114.547778 30.650962 114.548727 30.649213 3.5 336.9
2016-10-22 1:43:25 413793841 114.5475 30.651518 114.547778 30.650962 3.5 331.3
2016-10-22 1:43:41 413793841 114.54731 30.651853 114.5475 30.651518 3.5 330.6
2016-10-22 1:45:13 413793841 114.54653 30.653152 114.54731 30.651853 3.4 333.2
2016-10-22 1:45:53 413793841 114.5463 30.653557 114.54653 30.653152 3.3 334.2
2016-10-22 1:46:06 413793841 114.546078 30.653988 114.5463 30.653557 3.4 336.2
2016-10-22 1:46:43 413793841 114.54586 30.65441 114.546078 30.653988 3.4 337.5
2016-10-22 1:47:57 413793841 114.545505 30.655212 114.54586 30.65441 3.3 336.2
2016-10-22 1:49:38 413793841 114.544553 30.656872 114.545505 30.655212 3.2 338.5
2016-10-22 1:52:05 413793841 114.543452 30.658858 114.544553 30.656872 3.3 332.3
2016-10-22 1:53:16 413793841 114.543068 30.65968 114.543452 30.658858 3.2 339.2
2016-10-22 1:53:38 413793841 114.54289 30.660073 114.543068 30.65968 3.1 336.2
2016-10-22 1:54:11 413793841 114.542695 30.660492 114.54289 30.660073 3.3 335.4
2016-10-22 1:55:07 413793841 114.54233 30.661362 114.542695 30.660492 3.3 340.4
2016-10-22 1:55:39 413793841 114.542187 30.661807 114.54233 30.661362 3.3 341.2
2016-10-22 1:56:20 413793841 114.542022 30.662233 114.542187 30.661807 3.2 347.7
2016-10-22 1:56:37 413793841 114.54191 30.662667 114.542022 30.662233 3.2 348.4
2016-10-22 1:59:21 413793841 114.54132 30.66476 114.54191 30.662667 3.0 346.6
2016-10-22 1:59:39 413793841 114.541172 30.665182 114.54132 30.66476 3.1 344.2
2016-10-22 2:00:07 413793841 114.541008 30.665595 114.541172 30.665182 3.2 341.5
2016-10-22 2:00:44 413793841 114.540875 30.666 114.541008 30.665595 3.1 345.6
2016-10-22 2:01:12 413793841 114.540765 30.666392 114.540875 30.666 2.9 343.9
2016-10-22 2:02:39 413793841 114.540233 30.667483 114.540765 30.666392 2.9 334.8
2016-10-22 2:03:43 413793841 114.53987 30.668192 114.540233 30.667483 2.9 334.8
2016-10-22 2:04:01 413793841 114.53964 30.668578 114.53987 30.668192 2.9 333.2
2016-10-22 2:05:07 413793841 114.539158 30.669272 114.53964 30.668578 2.9 327.2
2016-10-22 2:05:42 413793841 114.53893 30.669588 114.539158 30.669272 3.0 326.9
2016-10-22 2:06:18 413793841 114.538712 30.669942 114.53893 30.669588 2.9 330.6
2016-10-22 2:07:15 413793841 114.538232 30.670698 114.538712 30.669942 3.1 327.7
2016-10-22 2:08:33 413793841 114.537432 30.671667 114.538232 30.670698 3.0 325.7
2016-10-22 2:09:57 413793841 114.536475 30.672555 114.537432 30.671667 3.1 316.0
2016-10-22 2:11:41 413793841 114.535473 30.673393 114.536475 30.672555 2.9 314.3
2016-10-22 2:13:43 413793841 114.53438 30.674637 114.535473 30.673393 2.9 326.4
2016-10-22 2:13:57 413793841 114.534125 30.674905 114.53438 30.674637 2.9 319.0
2016-10-22 2:14:29 413793841 114.533837 30.6752 114.534125 30.674905 2.9 311.7
2016-10-22 2:17:39 413793841 114.531745 30.6769 114.533837 30.6752 3.1 317.5
2016-10-22 2:18:32 413793841 114.53098 30.677477 114.531745 30.6769 3.0 303.6
2016-10-22 2:19:01 413793841 114.530577 30.677727 114.53098 30.677477 3.1 303.3
2016-10-22 2:19:22 413793841 114.530277 30.677918 114.530577 30.677727 3.1 306.5
2016-10-22 2:20:26 413793841 114.529402 30.678525 114.530277 30.677918 3.2 307.6
2016-10-22 2:21:33 413793841 114.528597 30.679105 114.529402 30.678525 3.3 308.2
2016-10-22 2:22:02 413793841 114.528182 30.679385 114.528597 30.679105 3.3 307.1
2016-10-22 2:22:34 413793841 114.527758 30.679647 114.528182 30.679385 3.3 305.3
2016-10-22 2:23:00 413793841 114.527367 30.679928 114.527758 30.679647 3.3 308.4
2016-10-22 2:23:33 413793841 114.526908 30.680192 114.527367 30.679928 3.3 299.9
2016-10-22 2:24:03 413793841 114.52647 30.680437 114.526908 30.680192 3.3 299.0
2016-10-22 2:25:26 413793841 114.52518 30.681278 114.52647 30.680437 3.3 305.6
2016-10-22 2:26:54 413793841 114.523845 30.682005 114.52518 30.681278 3.2 303.7
2016-10-22 2:27:22 413793841 114.523455 30.68221 114.523845 30.682005 3.2 300.5
2016-10-22 2:28:00 413793841 114.523007 30.682418 114.523455 30.68221 3.2 299.1
2016-10-22 2:28:30 413793841 114.522522 30.682673 114.523007 30.682418 3.2 299.2
2016-10-22 2:29:03 413793841 114.522093 30.68289 114.522522 30.682673 3.3 297.5
2016-10-22 2:29:32 413793841 114.521618 30.68308 114.522093 30.68289 3.1 291.4
2016-10-22 2:30:24 413793841 114.520643 30.683353 114.521618 30.68308 3.2 285.8
2016-10-22 2:31:00 413793841 114.520208 30.683493 114.520643 30.683353 3.3 293.2
2016-10-22 2:31:24 413793841 114.519767 30.683647 114.520208 30.683493 3.2 290.6
2016-10-22 2:31:54 413793841 114.51927 30.683817 114.519767 30.683647 3.2 292.0
2016-10-22 2:32:30 413793841 114.518793 30.683995 114.51927 30.683817 3.3 291.1
2016-10-22 2:33:24 413793841 114.517825 30.684285 114.518793 30.683995 3.2 284.2
2016-10-22 2:34:03 413793841 114.51733 30.684405 114.517825 30.684285 3.1 286.1
2016-10-22 2:34:58 413793841 114.516358 30.684617 114.51733 30.684405 3.2 287.1
2016-10-22 2:35:30 413793841 114.515862 30.684752 114.516358 30.684617 3.2 286.9
2016-10-22 2:36:11 413793841 114.51534 30.684885 114.515862 30.684752 3.3 287.3
2016-10-22 2:37:18 413793841 114.513855 30.685305 114.51534 30.684885 3.3 286.8
2016-10-22 2:37:53 413793841 114.51333 30.68544 114.513855 30.685305 3.3 286.4
2016-10-22 2:38:31 413793841 114.512833 30.685557 114.51333 30.68544 3.2 284.6
2016-10-22 2:38:50 413793841 114.512327 30.685673 114.512833 30.685557 3.3 284.0
2016-10-22 2:39:23 413793841 114.511805 30.685778 114.512327 30.685673 3.3 284.1
2016-10-22 2:39:59 413793841 114.51128 30.6859 114.511805 30.685778 3.3 288.2
2016-10-22 2:40:30 413793841 114.510788 30.68604 114.51128 30.6859 3.2 282.8
2016-10-22 2:41:27 413793841 114.509748 30.68621 114.510788 30.68604 3.3 281.7
2016-10-22 2:42:05 413793841 114.509233 30.686305 114.509748 30.68621 3.3 280.3
2016-10-22 2:43:34 413793841 114.507613 30.686638 114.509233 30.686305 3.4 284.0
2016-10-22 2:43:51 413793841 114.507167 30.686735 114.507613 30.686638 3.4 282.7
2016-10-22 2:44:30 413793841 114.50662 30.686835 114.507167 30.686735 3.5 282.4
2016-10-22 2:44:46 413793841 114.506082 30.686917 114.50662 30.686835 3.4 278.0
2016-10-22 2:45:17 413793841 114.505527 30.686965 114.506082 30.686917 3.5 275.6
2016-10-22 2:45:57 413793841 114.504972 30.687003 114.505527 30.686965 3.5 272.4
2016-10-22 2:46:30 413793841 114.504407 30.687018 114.504972 30.687003 3.6 271.2
2016-10-22 2:47:24 413793841 114.503255 30.687113 114.504407 30.687018 3.6 278.4
2016-10-22 2:48:01 413793841 114.502688 30.687135 114.503255 30.687113 3.6 274.9
2016-10-22 2:48:17 413793841 114.502138 30.687147 114.502688 30.687135 3.6 270.7
2016-10-22 2:48:45 413793841 114.501545 30.687163 114.502138 30.687147 3.7 272.1
2016-10-22 2:49:25 413793841 114.500842 30.687157 114.501545 30.687163 3.7 267.3
2016-10-22 2:49:43 413793841 114.50039 30.687145 114.500842 30.687157 3.7 270.4
2016-10-22 2:50:58 413793841 114.499183 30.68712 114.50039 30.687145 3.7 268.4
2016-10-22 2:51:47 413793841 114.498022 30.687022 114.499183 30.68712 3.7 257.8
2016-10-22 2:52:16 413793841 114.497437 30.686992 114.498022 30.687022 3.6 268.4
2016-10-22 2:52:57 413793841 114.49691 30.686985 114.497437 30.686992 3.5 269.8
2016-10-22 2:53:11 413793841 114.496352 30.68697 114.49691 30.686985 3.4 269.2
2016-10-22 2:53:44 413793841 114.495802 30.686935 114.496352 30.68697 3.4 263.4
2016-10-22 2:54:12 413793841 114.495258 30.686867 114.495802 30.686935 3.3 260.0
2016-10-22 2:54:50 413793841 114.494737 30.686802 114.495258 30.686867 3.3 263.8
2016-10-22 2:55:20 413793841 114.494102 30.686713 114.494737 30.686802 3.1 263.6
2016-10-22 2:56:07 413793841 114.493735 30.6867 114.494102 30.686713 3.1 268.1
2016-10-22 2:56:42 413793841 114.492775 30.686568 114.493735 30.6867 3.1 256.0
2016-10-22 2:57:18 413793841 114.492308 30.686473 114.492775 30.686568 3.0 259.6
2016-10-22 2:57:53 413793841 114.491845 30.686363 114.492308 30.686473 3.0 250.9
2016-10-22 2:58:07 413793841 114.491418 30.686228 114.491845 30.686363 3.0 250.3
2016-10-22 2:59:14 413793841 114.490515 30.685908 114.491418 30.686228 3.0 252.4
2016-10-22 2:59:53 413793841 114.490097 30.685792 114.490515 30.685908 2.8 250.7
2016-10-22 3:00:08 413793841 114.48967 30.68566 114.490097 30.685792 2.8 248.4
2016-10-22 3:01:19 413793841 114.488808 30.68535 114.48967 30.68566 3.1 255.9
2016-10-22 3:02:00 413793841 114.488337 30.6852 114.488808 30.68535 3.2 248.7
2016-10-22 3:02:55 413793841 114.487422 30.684877 114.488337 30.6852 3.2 251.6
2016-10-22 3:03:22 413793841 114.486962 30.684712 114.487422 30.684877 3.2 245.0
2016-10-22 3:04:10 413793841 114.485998 30.684433 114.486962 30.684712 3.1 250.5
2016-10-22 3:04:51 413793841 114.485547 30.684297 114.485998 30.684433 3.1 254.0
2016-10-22 3:05:10 413793841 114.485107 30.684138 114.485547 30.684297 3.3 246.9
2016-10-22 3:05:49 413793841 114.484672 30.68398 114.485107 30.684138 2.9 250.1
2016-10-22 3:07:20 413793841 114.483233 30.683523 114.484672 30.68398 2.7 248.6
2016-10-22 3:07:34 413793841 114.48301 30.683453 114.483233 30.683523 2.7 251.6
2016-10-22 3:08:10 413793841 114.482612 30.683335 114.48301 30.683453 2.7 250.2
2016-10-22 3:08:44 413793841 114.48225 30.683223 114.482612 30.683335 2.4 252.3
2016-10-22 3:09:24 413793841 114.481905 30.683153 114.48225 30.683223 2.0 257.2
2016-10-22 3:09:39 413793841 114.48164 30.683098 114.481905 30.683153 1.7 257.8
2016-10-22 3:12:40 413793841 114.479937 30.682978 114.48164 30.683098 2.7 267.9
2016-10-22 3:13:25 413793841 114.479313 30.682928 114.479937 30.682978 2.3 264.0
2016-10-22 3:13:42 413793841 114.479182 30.682917 114.479313 30.682928 2.3 261.7
2016-10-22 3:14:20 413793841 114.478842 30.682865 114.479182 30.682917 2.2 260.8
2016-10-22 3:14:36 413793841 114.478505 30.682803 114.478842 30.682865 2.3 253.2
2016-10-22 3:15:05 413793841 114.478147 30.682668 114.478505 30.682803 2.3 247.2
2016-10-22 3:15:37 413793841 114.477828 30.682552 114.478147 30.682668 2.1 244.2
2016-10-22 3:16:09 413793841 114.477533 30.68242 114.477828 30.682552 1.9 239.3
2016-10-22 3:19:47 413793841 114.476753 30.68138 114.477533 30.68242 0.0 238.0
2016-10-22 3:22:50 413793841 114.476702 30.681362 114.476753 30.68138 0.0 236.5
2016-10-22 3:25:32 413793841 114.477155 30.681653 114.476702 30.681362 0.0 70.9
2016-10-22 3:26:02 413793841 114.477333 30.681635 114.477155 30.681653 0.0 115.1
2016-10-22 3:29:18 413793841 114.477822 30.6814 114.477333 30.681635 0.0 160.9
2016-10-22 3:31:37 413793841 114.47788 30.681405 114.477822 30.6814 0.0 160.9
2016-10-22 3:32:08 413793841 114.477897 30.681413 114.47788 30.681405 0.0 160.9
2016-10-22 3:44:16 413793841 114.478 30.681332 114.477998 30.681333 0.0 160.9
2016-10-22 3:47:14 413793841 114.478158 30.681193 114.478 30.681332 0.0 224.5
2016-10-22 3:49:35 413793841 114.478172 30.681203 114.478158 30.681193 0.0 224.5
2016-10-22 3:50:02 413793841 114.478173 30.681203 114.478172 30.681203 0.0 224.5
2016-10-22 3:59:00 413793841 114.478168 30.681207 114.47817 30.681205 0.0 186.6
2016-10-22 4:08:16 413793841 114.478183 30.68122 114.478182 30.68122 0.0 60.9
2016-10-22 4:11:21 413793841 114.478183 30.681225 114.478183 30.68122 0.0 60.9
2016-10-22 4:13:33 413793841 114.478177 30.681223 114.478183 30.681225 0.0 60.9
2016-10-22 4:14:16 413793841 114.478178 30.681223 114.478177 30.681223 0.0 60.9
2016-10-22 4:20:22 413793841 114.478177 30.681228 114.47818 30.681228 0.0 60.9
2016-10-22 4:23:19 413793841 114.478178 30.68123 114.478177 30.681228 0.0 60.9
2016-10-22 4:26:03 413793841 114.478178 30.681227 114.478178 30.68123 0.0 60.9
2016-10-22 4:32:03 413793841 114.478182 30.68122 114.478182 30.68122 0.0 257.5
2016-10-22 4:35:07 413793841 114.478178 30.681218 114.478182 30.68122 0.0 257.5
2016-10-22 4:38:03 413793841 114.47818 30.681217 114.478178 30.681218 0.0 257.5
2016-10-22 4:55:24 413793841 114.478175 30.681232 114.478178 30.68123 0.0 80.2
2016-10-22 4:56:02 413793841 114.478173 30.681228 114.478175 30.681232 0.0 80.2
2016-10-22 4:59:05 413793841 114.478147 30.681218 114.478173 30.681228 0.0 86.5
2016-10-22 5:07:37 413793841 114.478167 30.681197 114.478167 30.681195 0.0 114.6
2016-10-22 5:14:20 413793841 114.478167 30.681198 114.478167 30.6812 0.0 114.6
2016-10-22 5:17:14 413793841 114.478163 30.6812 114.478167 30.681198 0.0 114.6
2016-10-22 5:19:35 413793841 114.478163 30.6812 114.478163 30.6812 0.0 114.6
2016-10-22 5:23:02 413793841 114.478163 30.6812 114.478163 30.6812 0.0 114.6
2016-10-22 5:25:35 413793841 114.478162 30.6812 114.478163 30.6812 0.0 114.6
2016-10-22 5:29:09 413793841 114.478163 30.681202 114.478162 30.6812 0.0 114.6
2016-10-22 5:31:35 413793841 114.478163 30.6812 114.478163 30.681202 0.0 114.6
2016-10-22 5:32:17 413793841 114.478165 30.6812 114.478163 30.6812 0.0 114.6
2016-10-22 5:35:03 413793841 114.478162 30.681198 114.478165 30.6812 0.0 114.6
2016-10-22 5:43:36 413793841 114.478152 30.681237 114.478155 30.681242 0.0 149.4
2016-10-22 5:44:10 413793841 114.478152 30.681238 114.478152 30.681237 0.0 149.4
2016-10-22 5:47:14 413793841 114.47816 30.681242 114.478152 30.681238 0.0 149.4
2016-10-22 5:49:29 413793841 114.47816 30.681243 114.47816 30.681242 0.0 149.4
2016-10-22 5:50:05 413793841 114.478162 30.681242 114.47816 30.681243 0.0 149.4
2016-10-22 5:52:59 413793841 114.478165 30.681238 114.478162 30.681242 0.0 149.4
2016-10-22 5:55:59 413793841 114.478167 30.681237 114.478165 30.681238 0.0 149.4
2016-10-22 6:02:10 413793841 114.47817 30.681238 114.47817 30.681237 0.0 149.4
2016-10-22 6:05:08 413793841 114.47817 30.681235 114.47817 30.681238 0.0 149.4
2016-10-22 6:08:00 413793841 114.478173 30.681233 114.47817 30.681235 0.0 149.4
2016-10-22 6:11:15 413793841 114.478172 30.681232 114.478173 30.681233 0.0 149.4
2016-10-22 6:13:29 413793841 114.478177 30.681228 114.478172 30.681232 0.0 149.4
2016-10-22 6:17:02 413793841 114.478175 30.681188 114.478177 30.681228 0.0 255.7
2016-10-22 6:19:35 413793841 114.478172 30.681192 114.478175 30.681188 0.0 255.7
2016-10-22 6:23:06 413793841 114.47819 30.681237 114.478172 30.681192 0.0 163.6
2016-10-22 6:25:28 413793841 114.478187 30.681235 114.47819 30.681237 0.0 163.6
2016-10-22 6:26:14 413793841 114.478182 30.681237 114.478187 30.681235 0.0 163.6
2016-10-22 6:29:07 413793841 114.478175 30.681192 114.478182 30.681237 0.0 138.3
2016-10-22 6:31:33 413793841 114.478172 30.681195 114.478175 30.681192 0.0 138.3
2016-10-22 6:44:04 413793841 114.47819 30.681223 114.47819 30.681223 0.0 177.8
2016-10-22 6:47:01 413793841 114.478187 30.681225 114.47819 30.681223 0.0 177.8
2016-10-22 6:49:27 413793841 114.478185 30.681223 114.478187 30.681225 0.0 177.8
2016-10-22 6:50:07 413793841 114.478188 30.681225 114.478185 30.681223 0.0 177.8
2016-10-22 6:52:56 413793841 114.478185 30.681222 114.478188 30.681225 0.0 177.8
2016-10-22 6:55:40 413793841 114.478183 30.68122 114.478185 30.681222 0.0 177.8
2016-10-22 6:56:01 413793841 114.47818 30.681218 114.478183 30.68122 0.0 177.8
2016-10-22 6:58:57 413793841 114.478185 30.681222 114.47818 30.681218 0.0 177.8
2016-10-22 7:01:42 413793841 114.478185 30.68122 114.478185 30.681222 0.0 177.8
2016-10-22 7:05:12 413793841 114.478182 30.681215 114.478185 30.68122 0.0 177.8
2016-10-22 7:07:32 413793841 114.478183 30.681217 114.478182 30.681215 0.0 177.8
2016-10-22 7:11:04 413793841 114.478178 30.681213 114.478183 30.681217 0.0 177.8
2016-10-22 7:13:32 413793841 114.47818 30.681213 114.478178 30.681213 0.0 177.8
2016-10-22 7:13:59 413793841 114.47818 30.681212 114.47818 30.681213 0.0 177.8
2016-10-22 7:17:16 413793841 114.47818 30.681212 114.47818 30.681212 0.0 177.8
2016-10-22 7:19:34 413793841 114.478177 30.681208 114.47818 30.681212 0.0 177.8
2016-10-22 7:19:57 413793841 114.478177 30.68121 114.478177 30.681208 0.0 177.8
2016-10-22 7:22:53 413793841 114.478178 30.68121 114.478177 30.68121 0.0 177.8
2016-10-22 7:25:30 413793841 114.478178 30.681208 114.478178 30.68121 0.0 177.8
2016-10-22 7:25:53 413793841 114.478178 30.681207 114.478178 30.681208 0.0 177.8
2016-10-22 7:31:36 413793841 114.478185 30.681225 114.478178 30.681207 0.0 305.6
2016-10-22 7:32:02 413793841 114.478182 30.681222 114.478185 30.681225 0.0 305.6
2016-10-22 7:35:13 413793841 114.478175 30.681215 114.478182 30.681222 0.0 305.6
2016-10-22 7:37:41 413793841 114.478177 30.681217 114.478175 30.681215 0.0 305.6
2016-10-22 7:38:15 413793841 114.478175 30.681217 114.478177 30.681217 0.0 305.6
2016-10-22 7:41:21 413793841 114.478177 30.681217 114.478175 30.681217 0.0 305.6
2016-10-22 7:43:25 413793841 114.478175 30.681213 114.478177 30.681217 0.0 305.6
2016-10-22 7:44:09 413793841 114.478172 30.681212 114.478175 30.681213 0.0 305.6
2016-10-22 7:46:54 413793841 114.478175 30.681213 114.478172 30.681212 0.0 305.6
2016-10-22 7:49:26 413793841 114.478177 30.681212 114.478175 30.681213 0.0 305.6
2016-10-22 8:01:23 413793841 114.478182 30.68121 114.478177 30.68121 0.0 305.6
2016-10-22 8:04:49 413793841 114.478182 30.681208 114.478182 30.68121 0.0 305.6
2016-10-22 8:07:39 413793841 114.478183 30.681208 114.478182 30.681208 0.0 305.6
2016-10-22 8:11:16 413793841 114.478185 30.681213 114.478183 30.681208 0.0 305.6
2016-10-22 8:19:34 413793841 114.478185 30.681208 114.478185 30.68121 0.0 305.6
2016-10-22 8:19:56 413793841 114.478187 30.681212 114.478185 30.681208 0.0 305.6
2016-10-22 8:23:11 413793841 114.478192 30.681207 114.478187 30.681212 0.0 221.5
2016-10-22 8:25:36 413793841 114.478193 30.681208 114.478192 30.681207 0.0 221.5
2016-10-22 8:26:00 413793841 114.478193 30.681205 114.478193 30.681208 0.0 221.5
2016-10-22 8:29:13 413793841 114.478192 30.681203 114.478193 30.681205 0.0 221.5
2016-10-22 8:31:48 413793841 114.478193 30.681208 114.478192 30.681203 0.0 221.5
2016-10-22 8:35:17 413793841 114.478193 30.681205 114.478193 30.681208 0.0 221.5
2016-10-22 8:37:20 413793841 114.478197 30.681205 114.478193 30.681205 0.0 221.5
2016-10-22 8:38:06 413793841 114.478197 30.681205 114.478197 30.681205 0.0 221.5
2016-10-22 8:41:17 413793841 114.478192 30.681208 114.478197 30.681205 0.0 221.5
2016-10-22 8:47:15 413793841 114.478193 30.681215 114.478192 30.681208 0.0 221.5
2016-10-22 8:49:36 413793841 114.478188 30.681212 114.478193 30.681215 0.0 221.5
2016-10-22 8:49:56 413793841 114.47819 30.681215 114.478188 30.681212 0.0 221.5
2016-10-22 8:52:59 413793841 114.478195 30.68122 114.47819 30.681215 0.0 221.5
2016-10-22 8:55:38 413793841 114.47819 30.681218 114.478195 30.68122 0.0 221.5
2016-10-22 8:59:18 413793841 114.478162 30.681277 114.47819 30.681218 0.0 87.6
2016-10-22 9:02:08 413793841 114.478162 30.681273 114.478162 30.681277 0.0 87.6
2016-10-22 9:04:54 413793841 114.478145 30.681292 114.478162 30.681273 0.0 94.4
2016-10-22 9:07:21 413793841 114.478147 30.681283 114.478145 30.681292 0.0 94.4
2016-10-22 9:07:58 413793841 114.478145 30.681285 114.478147 30.681283 0.0 94.4
2016-10-22 9:17:04 413793841 114.478152 30.681285 114.478152 30.681287 0.0 94.4
2016-10-22 9:37:28 413793841 114.478167 30.681287 114.478163 30.68129 0.0 94.4
2016-10-22 9:40:59 413793841 114.47817 30.68129 114.478165 30.586133 0.0 94.4
2016-10-22 9:44:29 413793841 114.478163 30.681288 114.47817 30.68129 0.0 94.4
2016-10-22 9:47:01 413793841 114.47817 30.681287 114.478163 30.681288 0.0 94.4
2016-10-22 9:50:05 413793841 114.478172 30.681287 114.47817 30.681287 0.0 94.4
2016-10-22 10:17:09 413793841 114.478175 30.681258 114.478172 30.681258 0.0 71.9
2016-10-22 10:20:01 413793841 114.478162 30.681268 114.478175 30.681258 0.0 145.5
2016-10-22 10:23:18 413793841 114.478168 30.681277 114.478162 30.681268 0.0 145.5
2016-10-22 10:25:43 413793841 114.478167 30.681277 114.478168 30.681277 0.0 145.5
2016-10-22 10:29:06 413793841 114.47816 30.681275 114.478167 30.681277 0.0 166.9
2016-10-22 10:31:55 413793841 114.478167 30.681283 114.47816 30.681275 0.0 166.9
2016-10-22 10:35:01 413793841 114.478162 30.68128 114.478167 30.681283 0.0 166.9
2016-10-22 10:38:07 413793841 114.478167 30.681282 114.478162 30.68128 0.0 166.9
2016-10-22 10:41:01 413793841 114.478153 30.681313 114.478167 30.681282 0.0 301.1
2016-10-22 10:43:40 413793841 114.478153 30.68131 114.478153 30.681313 0.0 301.1
2016-10-22 10:46:46 413793841 114.478153 30.681308 114.478153 30.68131 0.0 301.1
2016-10-22 10:49:47 413793841 114.478153 30.681305 114.478153 30.681308 0.0 301.1
2016-10-22 11:01:42 413793841 114.478157 30.681305 114.478155 30.681305 0.0 301.1
2016-10-22 11:10:52 413793841 114.478155 30.681307 114.478157 30.681305 0.0 301.1
2016-10-22 11:13:33 413793841 114.478157 30.681308 114.478155 30.681307 0.0 301.1
2016-10-22 11:25:31 413793841 114.478135 30.681232 114.478153 30.681307 0.0 189.4
2016-10-22 11:28:57 413793841 114.478173 30.68127 114.478135 30.681232 0.0 76.6
2016-10-22 11:31:29 413793841 114.47817 30.681272 114.478173 30.68127 0.0 76.6
2016-10-22 11:34:51 413793841 114.478168 30.681273 114.47817 30.681272 0.0 76.6
2016-10-22 11:37:29 413793841 114.478168 30.681275 114.478168 30.681273 0.0 76.6
2016-10-22 11:41:22 413793841 114.47817 30.681275 114.478168 30.681275 0.0 76.6
2016-10-22 11:43:51 413793841 114.47817 30.681277 114.47817 30.681275 0.0 76.6
2016-10-22 11:56:08 413793841 114.478162 30.681285 114.47817 30.681278 0.0 183.2
2016-10-22 12:01:34 413793841 114.478162 30.681287 114.478162 30.681285 0.0 183.2
2016-10-22 12:05:15 413793841 114.478175 30.681265 114.478162 30.681287 0.0 291.4
2016-10-22 12:07:44 413793841 114.478177 30.681267 114.478175 30.681265 0.0 291.4
2016-10-22 12:11:15 413793841 114.478178 30.681277 114.478177 30.681267 0.0 291.4
2016-10-22 12:14:00 413793841 114.478178 30.681273 114.478178 30.681277 0.0 291.4
2016-10-22 12:17:53 413793841 114.478175 30.681285 114.478178 30.681273 0.0 291.4
2016-10-22 12:21:02 413793841 114.478168 30.681282 114.478175 30.681285 0.0 284.5
2016-10-22 12:25:35 413793841 114.478163 30.681288 114.478168 30.681282 0.0 284.5
2016-10-22 12:26:38 413793841 114.478162 30.68129 114.478163 30.681288 0.0 284.5
2016-10-22 13:32:34 413793841 114.478147 30.681292 114.47815 30.681292 0.0 212.5
2016-10-22 13:35:38 413793841 114.478143 30.681288 114.478147 30.681292 0.0 212.5
2016-10-22 13:47:34 413793841 114.478145 30.681285 114.47814 30.681293 0.0 212.5
2016-10-22 13:49:35 413793841 114.478145 30.681288 114.478145 30.681285 0.0 212.5
2016-10-22 13:50:37 413793841 114.478145 30.681287 114.478145 30.681288 0.0 212.5
2016-10-22 13:53:48 413793841 114.478143 30.681288 114.478145 30.681287 0.0 212.5
2016-10-22 14:37:36 413793841 114.478218 30.681282 114.478213 30.68128 0.0 300.5
2016-10-22 14:38:35 413793841 114.478215 30.681285 114.478218 30.681282 0.0 300.5
2016-10-22 15:01:45 413793841 114.478227 30.681312 114.478228 30.681308 0.0 65.8
2016-10-22 15:02:30 413793841 114.478177 30.681273 114.478227 30.681312 0.0 119.8
2016-10-22 15:05:35 413793841 114.478178 30.681282 114.478177 30.681273 0.0 119.8
2016-10-22 15:08:45 413793841 114.478188 30.68128 114.478178 30.681282 0.0 119.8
2016-10-22 15:13:18 413793841 114.47819 30.681288 114.478188 30.68128 0.0 119.8
2016-10-22 15:50:44 413793841 114.478183 30.681298 114.478183 30.681295 0.0 119.8
2016-10-22 15:53:23 413793841 114.478183 30.681292 114.478183 30.681298 0.0 119.8
2016-10-22 15:55:45 413793841 114.478185 30.681293 114.478183 30.681292 0.0 119.8
2016-10-22 16:02:23 413793841 114.478183 30.681293 114.47818 30.681295 0.0 119.8
2016-10-22 16:05:26 413793841 114.478183 30.681292 114.478183 30.681293 0.0 119.8
2016-10-22 16:07:31 413793841 114.478182 30.68129 114.478183 30.681292 0.0 119.8
2016-10-22 16:08:31 413793841 114.478177 30.68129 114.478182 30.68129 0.0 119.8
2016-10-22 16:14:23 413793841 114.478178 30.681285 114.47818 30.68129 0.0 119.8
2016-10-22 16:17:33 413793841 114.478178 30.68129 114.478178 30.681285 0.0 119.8
2016-10-22 16:20:31 413793841 114.478178 30.681285 114.478178 30.68129 0.0 119.8
2016-10-22 16:23:41 413793841 114.478175 30.681288 114.478178 30.681285 0.0 119.8
2016-10-22 16:43:41 413793841 114.47817 30.681282 114.478168 30.681282 0.0 119.8
2016-10-22 16:44:40 413793841 114.478173 30.681282 114.47817 30.681282 0.0 119.8
2016-10-22 16:49:27 413793841 114.478205 30.681282 114.478173 30.681282 0.0 216.7
2016-10-22 16:59:28 413793841 114.478207 30.681275 114.478203 30.68128 0.0 216.7
2016-10-22 17:07:51 413793841 114.478182 30.681285 114.478182 30.68129 0.0 285.5
2016-10-22 17:08:50 413793841 114.478178 30.681283 114.478182 30.681285 0.0 285.5
2016-10-22 17:14:28 413793841 114.478195 30.681328 114.478178 30.681285 0.0 171.9
2016-10-22 17:17:29 413793841 114.478197 30.681322 114.478195 30.681328 0.0 171.9
2016-10-22 17:19:16 413793841 114.4782 30.681322 114.478197 30.681322 0.0 171.9
2016-10-22 17:23:23 413793841 114.478195 30.681317 114.4782 30.681322 0.0 171.9
2016-10-22 17:25:17 413793841 114.478193 30.681318 114.478195 30.681317 0.0 171.9
2016-10-22 17:26:34 413793841 114.478195 30.681315 114.478193 30.681318 0.0 171.9
2016-10-22 17:29:19 413793841 114.478233 30.681335 114.478195 30.681315 0.0 82.3
2016-10-22 17:31:26 413793841 114.478228 30.68133 114.478233 30.681335 0.0 82.3
2016-10-22 17:44:19 413793841 114.478175 30.68133 114.478172 30.681328 0.0 121.2
2016-10-22 17:47:23 413793841 114.478172 30.681295 114.478175 30.68133 0.0 69.8
2016-10-22 17:49:23 413793841 114.47817 30.681297 114.478172 30.681295 0.0 69.8
2016-10-22 17:50:28 413793841 114.478167 30.681293 114.47817 30.681297 0.0 69.8
2016-10-22 17:59:24 413793841 114.478182 30.681313 114.478193 30.68131 0.0 148.0
2016-10-22 18:01:15 413793841 114.478182 30.68131 114.478182 30.681313 0.0 148.0
2016-10-22 18:02:20 413793841 114.478177 30.681308 114.478182 30.68131 0.0 148.0
2016-10-22 18:07:25 413793841 114.478177 30.681303 114.478177 30.681308 0.0 148.0
2016-10-22 18:08:20 413793841 114.47818 30.681298 114.478177 30.681303 0.0 148.0
2016-10-22 18:14:33 413793841 114.47818 30.6813 114.47818 30.681295 0.0 148.0
2016-10-22 18:19:16 413793841 114.478182 30.681295 114.47818 30.6813 0.0 148.0
2016-10-22 18:20:18 413793841 114.47818 30.681295 114.478182 30.681295 0.0 148.0
2016-10-22 18:23:12 413793841 114.47819 30.681253 114.47818 30.681295 0.0 75.4
2016-10-22 18:25:29 413793841 114.478187 30.681252 114.47819 30.681253 0.0 75.4
2016-10-22 18:26:46 413793841 114.478183 30.681253 114.478187 30.681252 0.0 75.4
2016-10-22 18:37:12 413793841 114.47818 30.68125 114.478187 30.681247 0.0 75.4
2016-10-22 18:38:29 413793841 114.478182 30.681252 114.47818 30.68125 0.0 75.4
2016-10-22 18:41:30 413793841 114.478202 30.68129 114.478182 30.681252 0.0 128.9
2016-10-22 18:44:18 413793841 114.478197 30.681283 114.478202 30.68129 0.0 128.9
2016-10-22 19:02:22 413793841 114.478193 30.681265 114.478193 30.681265 0.0 128.9
2016-10-22 19:05:09 413793841 114.47819 30.681262 114.478193 30.681265 0.0 128.9
2016-10-22 19:14:15 413793841 114.47819 30.681258 114.478193 30.681258 0.0 128.9
2016-10-22 19:41:12 413793841 114.47818 30.68125 114.478182 30.681247 0.0 127.2
2016-10-22 19:44:11 413793841 114.478183 30.681248 114.47818 30.68125 0.0 127.2
2016-10-22 19:47:23 413793841 114.478182 30.68125 114.478183 30.681248 0.0 127.2
2016-10-22 19:50:13 413793841 114.478182 30.681252 114.478182 30.68125 0.0 127.2
2016-10-22 20:11:22 413793841 114.47818 30.681262 114.478185 30.681267 0.0 151.4
2016-10-22 20:14:14 413793841 114.478182 30.681262 114.47818 30.681262 0.0 151.4
2016-10-22 20:17:07 413793841 114.478182 30.681258 114.478182 30.681262 0.0 151.4
2016-10-22 20:19:13 413793841 114.47818 30.681258 114.478182 30.681258 0.0 151.4
2016-10-22 20:20:12 413793841 114.478178 30.681257 114.47818 30.681258 0.0 151.4
2016-10-22 20:23:15 413793841 114.47818 30.68126 114.478178 30.681257 0.0 151.4
2016-10-22 20:31:13 413793841 114.47818 30.681257 114.47818 30.681258 0.0 151.4
2016-10-22 20:32:26 413793841 114.478178 30.681257 114.47818 30.681257 0.0 151.4
2016-10-22 20:41:05 413793841 114.478183 30.681258 114.478182 30.681257 0.0 151.4
2016-10-22 20:44:20 413793841 114.478183 30.681258 114.478183 30.681258 0.0 151.4
2016-10-22 20:47:19 413793841 114.478183 30.681257 114.478183 30.681258 0.0 151.4
2016-10-22 20:56:17 413793841 114.478183 30.681257 114.478183 30.68126 0.0 151.4
2016-10-22 20:59:15 413793841 114.478188 30.681257 114.478183 30.681257 0.0 151.4
2016-10-22 21:01:08 413793841 114.478188 30.681258 114.478188 30.681257 0.0 151.4
2016-10-22 21:02:05 413793841 114.478188 30.681257 114.478188 30.681258 0.0 151.4
2016-10-22 21:05:15 413793841 114.47819 30.681258 114.478188 30.681257 0.0 151.4
2016-10-22 21:07:14 413793841 114.478188 30.681257 114.47819 30.681258 0.0 151.4
2016-10-22 21:08:04 413793841 114.478188 30.681257 114.478188 30.681257 0.0 151.4
2016-10-22 21:11:12 413793841 114.478188 30.681257 114.478188 30.681257 0.0 151.4
2016-10-22 21:13:13 413793841 114.478192 30.681255 114.478188 30.681257 0.0 151.4
2016-10-22 21:14:09 413793841 114.47823 30.68123 114.478192 30.681255 0.0 266.1
2016-10-22 21:17:00 413793841 114.478158 30.681248 114.47823 30.68123 0.0 160.1
2016-10-22 21:20:09 413793841 114.478163 30.681243 114.478158 30.681248 0.0 160.1
2016-10-22 21:23:07 413793841 114.478173 30.68124 114.478163 30.681243 0.0 160.1
2016-10-22 21:37:11 413793841 114.478172 30.681235 114.478168 30.681235 0.0 160.1
2016-10-22 21:37:59 413793841 114.478173 30.681237 114.478172 30.681235 0.0 160.1
2016-10-22 21:41:19 413793841 114.478168 30.681238 114.478173 30.681237 0.0 160.1
2016-10-22 21:43:18 413793841 114.478172 30.681235 114.478168 30.681238 0.0 160.1
2016-10-22 21:47:06 413793841 114.478175 30.681232 114.478172 30.681235 0.0 160.1
2016-10-22 21:50:09 413793841 114.478172 30.68124 114.478175 30.681232 0.0 160.1
2016-10-22 21:53:11 413793841 114.478173 30.681233 114.478172 30.68124 0.0 160.1
2016-10-22 21:55:21 413793841 114.47817 30.681233 114.478173 30.681233 0.0 160.1
2016-10-22 21:56:14 413793841 114.478175 30.681235 114.47817 30.681233 0.0 160.1
2016-10-22 21:59:01 413793841 114.478173 30.681237 114.478175 30.681235 0.0 160.1
2016-10-22 22:01:14 413793841 114.478175 30.681237 114.478173 30.681237 0.0 160.1
2016-10-22 22:02:02 413793841 114.478175 30.681237 114.478175 30.681237 0.0 160.1
2016-10-22 22:05:08 413793841 114.47817 30.681238 114.478175 30.681237 0.0 160.1
2016-10-22 22:07:13 413793841 114.478172 30.681237 114.47817 30.681238 0.0 160.1
2016-10-22 22:07:57 413793841 114.478172 30.681237 114.478172 30.681237 0.0 160.1
2016-10-22 22:11:13 413793841 114.478168 30.681238 114.478172 30.681237 0.0 160.1
2016-10-22 22:13:16 413793841 114.478172 30.68124 114.478168 30.681238 0.0 160.1
2016-10-22 22:14:09 413793841 114.478172 30.68124 114.478172 30.68124 0.0 160.1
2016-10-22 22:23:13 413793841 114.478183 30.68127 114.478172 30.68124 0.0 262.9
2016-10-22 22:32:09 413793841 114.478192 30.681248 114.478192 30.681252 0.0 213.7
2016-10-22 22:35:09 413793841 114.478193 30.681247 114.478192 30.681248 0.0 213.7
2016-10-22 22:37:05 413793841 114.478188 30.68125 114.478193 30.681247 0.0 213.7
2016-10-22 22:41:03 413793841 114.478183 30.681245 114.478188 30.68125 0.0 260.3
2016-10-22 22:43:18 413793841 114.478188 30.681247 114.478183 30.681245 0.0 260.3
2016-10-22 22:44:06 413793841 114.478185 30.681245 114.478188 30.681247 0.0 260.3
2016-10-22 22:47:04 413793841 114.478183 30.681243 114.478185 30.681245 0.0 260.3
2016-10-22 22:50:08 413793841 114.478187 30.681247 114.478183 30.681243 0.0 260.3
2016-10-22 22:53:15 413793841 114.478183 30.681245 114.478187 30.681247 0.0 260.3
2016-10-22 22:55:27 413793841 114.478187 30.681247 114.478183 30.681245 0.0 260.3
2016-10-22 22:55:58 413793841 114.478185 30.681247 114.478187 30.681247 0.0 260.3
2016-10-22 23:07:59 413793841 114.478185 30.681247 114.478187 30.681247 0.0 260.3
2016-10-22 23:11:12 413793841 114.478182 30.681243 114.478185 30.681247 0.0 260.3
2016-10-22 23:13:25 413793841 114.478187 30.681242 114.478182 30.681243 0.0 260.3
2016-10-22 23:13:57 413793841 114.478187 30.681243 114.478187 30.681242 0.0 260.3
2016-10-22 23:17:02 413793841 114.478185 30.68124 114.478187 30.681243 0.0 260.3
2016-10-22 23:19:04 413793841 114.478185 30.681243 114.478185 30.68124 0.0 260.3
2016-10-22 23:23:00 413793841 114.478192 30.681283 114.478185 30.681243 0.0 147.9
2016-10-22 23:25:15 413793841 114.478188 30.681282 114.478192 30.681283 0.0 147.9
2016-10-22 23:28:56 413793841 114.478187 30.681278 114.478188 30.681282 0.0 147.9
2016-10-22 23:31:06 413793841 114.478183 30.681278 114.478187 30.681278 0.0 147.9
2016-10-22 23:31:54 413793841 114.478187 30.681278 114.478183 30.681278 0.0 147.9
2016-10-22 23:34:54 413793841 114.478183 30.681282 114.478187 30.681278 0.0 147.9
2016-10-22 23:37:55 413793841 114.478177 30.681243 114.478183 30.681282 0.0 199.9
2016-10-22 23:40:58 413793841 114.478182 30.681248 114.478177 30.681243 0.0 199.9
2016-10-22 23:43:13 413793841 114.478183 30.68125 114.478182 30.681248 0.0 199.9
2016-10-22 23:44:12 413793841 114.478183 30.68125 114.478183 30.68125 0.0 199.9
2016-10-22 23:47:00 413793841 114.478185 30.681248 114.478183 30.68125 0.0 199.9
2016-10-22 23:56:08 413793841 114.47819 30.68125 114.47819 30.681248 0.0 199.9
2016-10-22 23:59:15 413793841 114.47819 30.681245 114.47819 30.68125 0.0 199.9
