2016-10-24 0:01:20 413766917 114.578072 30.599052 114.578017 30.599038 0.0 197.8 197.0
2016-10-24 00:07:20 413766917 114.5780627255521 30.59904651104101     
2016-10-24 00:13:20 413766917 114.5780534511041 30.59904102208202     
2016-10-24 00:19:20 413766917 114.5780441766561 30.59903553312303     
2016-10-24 00:25:20 413766917 114.5780349022082 30.59903004416404     
2016-10-24 00:31:20 413766917 114.5780256277603 30.59902455520504     
2016-10-24 0:33:02 413766917 114.578023 30.599023 114.578015 30.599023 0.1 353.8 353.0
2016-10-24 00:39:02 413766917 114.5779894804469 30.59901629608938     
2016-10-24 0:41:59 413766917 114.577973 30.599013 114.578012 30.599013 0.0 71.7 71.0
2016-10-24 0:45:25 413766917 114.577997 30.599005 114.577973 30.599013 0.1 241.6 241.0
2016-10-24 00:51:25 413766917 114.5779987871789 30.59900639866177     
2016-10-24 00:57:25 413766917 114.5780005743579 30.59900779732355     
2016-10-24 01:03:25 413766917 114.5780023615368 30.59900919598532     
2016-10-24 01:09:25 413766917 114.5780041487157 30.59901059464709     
2016-10-24 01:15:25 413766917 114.5780059358947 30.59901199330887     
2016-10-24 01:21:25 413766917 114.5780077230736 30.59901339197064     
2016-10-24 01:27:25 413766917 114.5780095102525 30.59901479063242     
2016-10-24 01:33:25 413766917 114.5780112974315 30.59901618929419     
2016-10-24 01:39:25 413766917 114.5780130846104 30.59901758795597     
2016-10-24 01:45:25 413766917 114.5780148717893 30.59901898661774     
2016-10-24 01:51:25 413766917 114.5780166589683 30.59902038527952     
2016-10-24 01:57:25 413766917 114.5780184461472 30.59902178394129     
2016-10-24 2:02:38 413766917 114.57802 30.599023 114.578012 30.599023 0.1 134.0 134.0
2016-10-24 2:05:21 413766917 114.578005 30.599037 114.57802 30.599023 0.1 15.7 15.0
2016-10-24 02:11:21 413766917 114.5780027317732 30.59902922322232     
2016-10-24 02:17:21 413766917 114.5780004635463 30.59902144644465     
2016-10-24 02:23:21 413766917 114.5779981953195 30.59901366966697     
2016-10-24 2:23:52 413766917 114.577998 30.599013 114.577998 30.599017 0.1 252.6 252.0
2016-10-24 2:26:53 413766917 114.578042 30.599027 114.577998 30.599013 0.1 156.9 156.0
2016-10-24 2:29:59 413766917 114.578047 30.599035 114.578042 30.599027 0.1 25.3 25.0
2016-10-24 2:33:11 413766917 114.57803 30.599043 114.578047 30.599035 0.0 262.0 262.0
2016-10-24 02:39:11 413766917 114.5780305329386 30.59903287416729     
2016-10-24 02:45:11 413766917 114.5780310658771 30.59902274833457     
2016-10-24 02:51:11 413766917 114.5780315988157 30.59901262250185     
2016-10-24 2:55:42 413766917 114.578032 30.599005 114.578045 30.59903 0.1 264.8 264.0
2016-10-24 2:58:47 413766917 114.577985 30.599047 114.578032 30.599005 0.1 99.7 99.0
2016-10-24 3:01:48 413766917 114.578065 30.599047 114.577985 30.599047 0.1 22.5 22.0
2016-10-24 3:04:40 413766917 114.578058 30.599002 114.578065 30.599047 0.1 187.4 187.0
2016-10-24 3:08:01 413766917 114.57801 30.59901 114.578058 30.599002 0.0 34.9 34.0
2016-10-24 3:10:45 413766917 114.578053 30.599017 114.57801 30.59901 0.1 8.7 8.0
2016-10-24 3:13:50 413766917 114.578078 30.599018 114.578053 30.599017 0.1 33.8 33.0
2016-10-24 3:17:09 413766917 114.578023 30.599027 114.578078 30.599018 0.1 212.9 212.0
2016-10-24 03:23:09 413766917 114.5780309266055 30.5990190733945     
2016-10-24 3:26:14 413766917 114.578035 30.599015 114.57805 30.599052 0.1 130.6 130.0
2016-10-24 3:28:47 413766917 114.578033 30.599023 114.578035 30.599015 0.1 61.0 61.0
2016-10-24 03:34:47 413766917 114.5780235594406 30.59901985314685     
2016-10-24 3:38:19 413766917 114.578018 30.599018 114.578053 30.599018 0.1 337.4 337.0
2016-10-24 3:41:31 413766917 114.578005 30.599023 114.578018 30.599018 0.1 78.4 78.0
2016-10-24 3:44:25 413766917 114.578032 30.599047 114.578005 30.599023 0.1 49.2 49.0
2016-10-24 3:47:32 413766917 114.57806 30.59903 114.578032 30.599047 0.1 158.7 158.0
2016-10-24 03:53:32 413766917 114.5780465745856 30.59903248618784     
2016-10-24 03:59:32 413766917 114.5780331491713 30.59903497237569     
2016-10-24 3:59:36 413766917 114.578033 30.599035 114.578023 30.599025 0.0 311.7 311.0
2016-10-24 04:05:36 413766917 114.5780201289274 30.599035     
2016-10-24 04:11:36 413766917 114.5780072578548 30.599035     
2016-10-24 4:14:59 413766917 114.578 30.599035 114.577998 30.599012 0.0 18.2 18.0
2016-10-24 4:18:11 413766917 114.578027 30.599025 114.578 30.599035 0.3 77.5 77.0
2016-10-24 4:21:11 413766917 114.578053 30.599008 114.578027 30.599025 0.0 334.3 334.0
2016-10-24 4:24:02 413766917 114.578053 30.599008 114.578053 30.599008 0.0 334.3 334.0
2016-10-24 04:30:02 413766917 114.5780439887359 30.5990192640801     
2016-10-24 04:36:02 413766917 114.5780349774718 30.5990305281602     
2016-10-24 4:37:21 413766917 114.578033 30.599033 114.578042 30.599027 0.2 302.5 302.0
2016-10-24 4:40:31 413766917 114.578032 30.59903 114.578033 30.599033 0.2 214.4 214.0
2016-10-24 4:43:31 413766917 114.57805 30.599017 114.578032 30.59903 0.1 137.9 137.0
2016-10-24 4:46:40 413766917 114.578033 30.59903 114.57805 30.599017 0.2 1.1 3.0
2016-10-24 04:52:40 413766917 114.5780031621622 30.59900729729729     
2016-10-24 4:55:55 413766917 114.577987 30.598995 114.578003 30.599017 0.1 151.5 151.0
2016-10-24 4:56:58 413766917 114.577983 30.599027 114.577987 30.598995 0.2 81.1 81.0
2016-10-24 4:59:48 413766917 114.578018 30.599027 114.577983 30.599027 0.2 341.3 341.0
2016-10-24 5:02:46 413766917 114.577995 30.599038 114.578018 30.599027 0.1 286.3 286.0
2016-10-24 05:08:46 413766917 114.5780034782609 30.59901452173913     
2016-10-24 5:11:58 413766917 114.578008 30.599002 114.578018 30.599013 0.1 172.5 172.0
2016-10-24 5:14:49 413766917 114.578025 30.599023 114.578008 30.599002 0.1 201.7 201.0
2016-10-24 5:17:55 413766917 114.578043 30.599045 114.578025 30.599023 0.1 350.2 350.0
2016-10-24 5:20:58 413766917 114.578043 30.599045 114.578043 30.599045 0.1 350.2 350.0
2016-10-24 5:24:04 413766917 114.578018 30.599037 114.578043 30.599045 0.2 330.7 330.0
2016-10-24 5:27:35 413766917 114.578018 30.599037 114.578018 30.599037 0.2 330.7 330.0
2016-10-24 05:33:35 413766917 114.5780251618037 30.59902983819629     
2016-10-24 05:39:35 413766917 114.5780323236074 30.59902267639258     
2016-10-24 5:40:09 413766917 114.578033 30.599022 114.578015 30.599023 0.1 307.4 307.0
2016-10-24 5:43:37 413766917 114.578022 30.599033 114.578033 30.599022 0.1 193.9 193.0
2016-10-24 5:46:44 413766917 114.578032 30.59901 114.578022 30.599033 0.1 173.0 173.0
2016-10-24 05:52:44 413766917 114.5780341654135 30.59900783458647     
2016-10-24 05:58:44 413766917 114.5780363308271 30.59900566917293     
2016-10-24 06:04:44 413766917 114.5780384962406 30.5990035037594     
2016-10-24 6:08:54 413766917 114.57804 30.599002 114.578027 30.599018 0.2 24.0 24.0
2016-10-24 6:11:46 413766917 114.57804 30.599002 114.57804 30.599002 0.2 24.0 24.0
2016-10-24 06:17:46 413766917 114.5780377301387 30.5990115334174     
2016-10-24 06:23:46 413766917 114.5780354602774 30.5990210668348     
2016-10-24 6:24:59 413766917 114.578035 30.599023 114.578035 30.599023 0.1 83.5 83.0
2016-10-24 06:30:59 413766917 114.578035 30.59901813513514     
2016-10-24 06:36:59 413766917 114.578035 30.59901327027027     
2016-10-24 6:37:19 413766917 114.578035 30.599013 114.578048 30.599043 0.2 218.2 218.0
2016-10-24 6:41:09 413766917 114.57803 30.599033 114.578035 30.599013 0.1 57.8 57.0
2016-10-24 6:45:26 413766917 114.578037 30.599042 114.57803 30.599033 0.1 181.2 181.0
2016-10-24 06:51:26 413766917 114.5780270126103 30.59904563177806     
2016-10-24 06:57:26 413766917 114.5780170252207 30.59904926355611     
2016-10-24 6:58:39 413766917 114.578015 30.59905 114.578012 30.59903 0.2 19.8 19.0
2016-10-24 7:00:02 413766917 114.578038 30.599057 114.578015 30.59905 0.1 65.3 65.0
2016-10-24 7:02:07 413766917 114.57804 30.59903 114.578038 30.599057 0.1 186.2 186.0
2016-10-24 7:05:49 413766917 114.578033 30.59903 114.57804 30.59903 0.1 350.0 350.0
2016-10-24 07:11:49 413766917 114.5780403770492 30.59903098360656     
2016-10-24 07:17:49 413766917 114.5780477540983 30.59903196721312     
2016-10-24 7:18:01 413766917 114.578048 30.599032 114.578035 30.599023 0.1 162.4 241.0
2016-10-24 7:21:53 413766917 114.578053 30.599037 114.578048 30.599032 0.1 75.1 75.0
2016-10-24 7:26:08 413766917 114.578027 30.59902 114.578053 30.599037 0.1 323.1 323.0
2016-10-24 7:30:12 413766917 114.578025 30.599022 114.578027 30.59902 0.1 320.0 320.0
2016-10-24 7:34:13 413766917 114.577975 30.599002 114.578025 30.599022 0.1 281.7 281.0
2016-10-24 7:39:34 413766917 114.577975 30.599002 114.577975 30.599002 0.1 281.7 281.0
2016-10-24 7:43:13 413766917 114.578077 30.599033 114.577975 30.599002 0.1 6.2 6.0
2016-10-24 07:49:13 413766917 114.5780750327869 30.59904136065574     
2016-10-24 07:55:13 413766917 114.5780730655738 30.59904972131147     
2016-10-24 7:55:25 413766917 114.578073 30.59905 114.57806 30.59903 0.1 11.6 11.0
2016-10-24 08:01:25 413766917 114.5780733256445 30.59904837177747     
2016-10-24 08:07:25 413766917 114.578073651289 30.59904674355495     
2016-10-24 08:13:25 413766917 114.5780739769335 30.59904511533243     
2016-10-24 08:19:25 413766917 114.578074302578 30.5990434871099     
2016-10-24 08:25:25 413766917 114.5780746282225 30.59904185888738     
2016-10-24 08:31:25 413766917 114.578074953867 30.59904023066485     
2016-10-24 8:32:16 413766917 114.578075 30.59904 114.578055 30.598995 0.1 341.3 341.0
2016-10-24 8:35:51 413766917 114.578075 30.59904 114.578075 30.59904 0.1 341.3 341.0
2016-10-24 08:41:51 413766917 114.5780564857143 30.59903118367347     
2016-10-24 08:47:51 413766917 114.5780379714286 30.59902236734694     
2016-10-24 08:53:51 413766917 114.5780194571429 30.59901355102041     
2016-10-24 8:56:16 413766917 114.578012 30.59901 114.578018 30.599038 0.1 87.9 87.0
2016-10-24 9:00:30 413766917 114.578053 30.599037 114.578012 30.59901 0.0 323.3 323.0
2016-10-24 9:04:20 413766917 114.578085 30.599033 114.578053 30.599037 0.2 132.0 132.0
2016-10-24 09:10:20 413766917 114.5780673050847 30.5990290338983     
2016-10-24 09:16:20 413766917 114.5780496101695 30.59902506779661     
2016-10-24 09:22:20 413766917 114.5780319152542 30.59902110169492     
2016-10-24 9:24:00 413766917 114.578027 30.59902 114.578078 30.599032 0.0 156.3 156.0
2016-10-24 9:27:51 413766917 114.57804 30.599043 114.578027 30.59902 0.1 219.8 219.0
2016-10-24 9:32:12 413766917 114.57804 30.599043 114.57804 30.599043 0.1 219.8 219.0
2016-10-24 9:36:08 413766917 114.578012 30.599012 114.57804 30.599043 0.0 250.3 250.0
2016-10-24 9:40:12 413766917 114.578037 30.599012 114.578012 30.599012 0.1 45.5 45.0
2016-10-24 9:41:18 413766917 114.57802 30.599008 114.578037 30.599012 0.1 136.7 136.0
2016-10-24 9:45:19 413766917 114.57804 30.599005 114.57802 30.599008 0.1 107.2 107.0
2016-10-24 9:49:19 413766917 114.577998 30.599028 114.57804 30.599005 0.1 5.6 5.0
2016-10-24 09:55:19 413766917 114.5780006646928 30.59902333678756     
2016-10-24 10:01:19 413766917 114.5780033293856 30.59901867357513     
2016-10-24 10:07:19 413766917 114.5780059940785 30.59901401036269     
2016-10-24 10:13:19 413766917 114.5780086587713 30.59900934715026     
2016-10-24 10:19:19 413766917 114.5780113234641 30.59900468393782     
2016-10-24 10:25:19 413766917 114.5780139881569 30.59900002072539     
2016-10-24 10:31:19 413766917 114.5780166528497 30.59899535751295     
2016-10-24 10:34:21 413766917 114.578018 30.598993 114.578048 30.598998 0.1 54.0 54.0
2016-10-24 10:38:28 413766917 114.578007 30.598982 114.578018 30.598993 0.1 303.0 303.0
2016-10-24 10:44:28 413766917 114.5780220862777 30.59899176170912     
2016-10-24 10:50:28 413766917 114.5780371725555 30.59900152341824     
2016-10-24 10:56:28 413766917 114.5780522588332 30.59901128512736     
2016-10-24 10:58:45 413766917 114.578058 30.599015 114.578058 30.599015 0.1 103.3 103.0
2016-10-24 11:02:09 413766917 114.578025 30.59904 114.578058 30.599015 0.1 137.3 137.0
2016-10-24 11:08:09 413766917 114.578033840382 30.59903361527967     
2016-10-24 11:14:09 413766917 114.578042680764 30.59902723055934     
2016-10-24 11:14:22 413766917 114.578043 30.599027 114.578073 30.599037 0.0 1.0 1.0
2016-10-24 11:20:22 413766917 114.5780274794953 30.59903759936908     
2016-10-24 11:26:22 413766917 114.5780119589905 30.59904819873817     
2016-10-24 11:30:13 413766917 114.578002 30.599055 114.578015 30.599027 0.1 26.6 26.0
2016-10-24 11:34:34 413766917 114.578042 30.599048 114.578002 30.599055 0.0 358.3 358.0
2016-10-24 11:40:34 413766917 114.5780402178218 30.59905200990099     
2016-10-24 11:46:34 413766917 114.5780384356436 30.59905601980198     
2016-10-24 11:52:34 413766917 114.5780366534653 30.59906002970297     
2016-10-24 11:58:34 413766917 114.5780348712871 30.59906403960396     
2016-10-24 12:04:34 413766917 114.5780330891089 30.59906804950495     
2016-10-24 12:10:34 413766917 114.5780313069307 30.59907205940594     
2016-10-24 12:14:58 413766917 114.57803 30.599075 114.578025 30.59907 0.1 44.1 44.0
2016-10-24 12:18:57 413766917 114.57798 30.599127 114.57803 30.599075 0.0 116.6 116.0
2016-10-24 12:24:57 413766917 114.5779848979592 30.59907802040816     
2016-10-24 12:30:57 413766917 114.5779897959184 30.59902904081633     
2016-10-24 12:31:12 413766917 114.57799 30.599027 114.578012 30.599053 0.1 265.5 265.0
2016-10-24 12:33:00 413766917 114.577987 30.599017 114.57799 30.599027 0.1 165.4 165.0
2016-10-24 12:39:00 413766917 114.5779946505313 30.59902890082645     
2016-10-24 12:45:00 413766917 114.5780023010626 30.59904080165289     
2016-10-24 12:47:07 413766917 114.578005 30.599045 114.578005 30.599045 0.0 74.9 74.0
2016-10-24 12:52:24 413766917 114.578008 30.599055 114.578005 30.599045 0.0 56.7 56.0
2016-10-24 12:56:15 413766917 114.577985 30.599038 114.578008 30.599055 0.0 251.0 251.0
2016-10-24 13:00:02 413766917 114.577995 30.599013 114.577985 30.599038 0.1 55.1 55.0
2016-10-24 13:06:02 413766917 114.578003030888 30.59901763320463     
2016-10-24 13:12:02 413766917 114.5780110617761 30.59902226640927     
2016-10-24 13:18:02 413766917 114.5780190926641 30.5990268996139     
2016-10-24 13:24:02 413766917 114.5780271235521 30.59903153281853     
2016-10-24 13:30:02 413766917 114.5780351544402 30.59903616602317     
2016-10-24 13:36:02 413766917 114.5780431853282 30.5990407992278     
2016-10-24 13:38:53 413766917 114.578047 30.599043 114.578048 30.59907 0.0 192.9 192.0
2016-10-24 13:44:53 413766917 114.5780471668985 30.5990413310153     
2016-10-24 13:50:53 413766917 114.5780473337969 30.5990396620306     
2016-10-24 13:56:53 413766917 114.5780475006954 30.5990379930459     
2016-10-24 14:02:53 413766917 114.5780476675939 30.5990363240612     
2016-10-24 14:08:53 413766917 114.5780478344924 30.59903465507649     
2016-10-24 14:14:50 413766917 114.578048 30.599033 114.578048 30.599033 0.1 228.3 228.0
2016-10-24 14:18:28 413766917 114.578057 30.599062 114.578048 30.599033 0.1 264.0 264.0
2016-10-24 14:19:00 413766917 114.578063 30.599065 114.578057 30.599062 0.1 55.1 55.0
2016-10-24 14:25:00 413766917 114.5780667087912 30.59906945054945     
2016-10-24 14:31:00 413766917 114.5780704175824 30.5990739010989     
2016-10-24 14:37:00 413766917 114.5780741263736 30.59907835164835     
2016-10-24 14:43:00 413766917 114.5780778351648 30.5990828021978     
2016-10-24 14:43:16 413766917 114.578078 30.599083 114.578048 30.599047 0.1 36.8 36.0
2016-10-24 14:49:16 413766917 114.5780696330275 30.59908123853211     
2016-10-24 14:55:16 413766917 114.578061266055 30.59907947706422     
2016-10-24 15:01:16 413766917 114.5780528990826 30.59907771559633     
2016-10-24 15:07:16 413766917 114.5780445321101 30.59907595412844     
2016-10-24 15:10:31 413766917 114.57804 30.599075 114.57804 30.599075 0.1 253.1 253.0
2016-10-24 15:14:55 413766917 114.577985 30.599062 114.57804 30.599075 0.1 27.7 27.0
2016-10-24 15:20:55 413766917 114.5779862976313 30.59905977548918     
2016-10-24 15:26:55 413766917 114.5779875952626 30.59905755097837     
2016-10-24 15:32:55 413766917 114.5779888928939 30.59905532646756     
2016-10-24 15:38:55 413766917 114.5779901905252 30.59905310195674     
2016-10-24 15:44:55 413766917 114.5779914881565 30.59905087744593     
2016-10-24 15:47:17 413766917 114.577992 30.59905 114.577975 30.599035 0.1 81.6 81.0
2016-10-24 15:51:06 413766917 114.578007 30.599075 114.577992 30.59905 0.0 239.3 239.0
2016-10-24 15:57:06 413766917 114.5780084979196 30.59906151872399     
2016-10-24 16:03:06 413766917 114.5780099958391 30.59904803744799     
2016-10-24 16:03:07 413766917 114.57801 30.599048 114.578003 30.599062 0.1 188.5 188.0
2016-10-24 16:07:11 413766917 114.57799 30.598985 114.57801 30.599048 0.0 294.3 294.0
2016-10-24 16:09:16 413766917 114.577993 30.599042 114.57799 30.598985 0.1 100.1 100.0
2016-10-24 16:15:16 413766917 114.5780040359408 30.59904009725159     
2016-10-24 16:21:16 413766917 114.5780150718816 30.59903819450317     
2016-10-24 16:25:02 413766917 114.578022 30.599037 114.577982 30.59902 0.1 180.6 180.0
2016-10-24 16:29:37 413766917 114.578017 30.599038 114.578022 30.599037 0.0 77.3 77.0
2016-10-24 16:30:06 413766917 114.578017 30.599038 114.578017 30.599038 0.0 77.3 77.0
2016-10-24 16:34:30 413766917 114.578058 30.599033 114.578017 30.599038 0.1 152.5 152.0
2016-10-24 16:38:21 413766917 114.578057 30.599047 114.578058 30.599033 0.0 71.2 71.0
2016-10-24 16:44:21 413766917 114.5780573425309 30.59904446527117     
2016-10-24 16:50:21 413766917 114.5780576850619 30.59904193054234     
2016-10-24 16:56:21 413766917 114.5780580275928 30.59903939581351     
2016-10-24 17:02:21 413766917 114.5780583701237 30.59903686108468     
2016-10-24 17:08:21 413766917 114.5780587126546 30.59903432635585     
2016-10-24 17:14:21 413766917 114.5780590551855 30.59903179162702     
2016-10-24 17:20:21 413766917 114.5780593977165 30.59902925689819     
2016-10-24 17:26:21 413766917 114.5780597402474 30.59902672216936     
2016-10-24 17:32:21 413766917 114.5780600827783 30.59902418744053     
2016-10-24 17:38:21 413766917 114.5780604253092 30.5990216527117     
2016-10-24 17:44:21 413766917 114.5780607678402 30.59901911798287     
2016-10-24 17:50:21 413766917 114.5780611103711 30.59901658325404     
2016-10-24 17:56:21 413766917 114.578061452902 30.59901404852521     
2016-10-24 18:02:21 413766917 114.5780617954329 30.59901151379638     
2016-10-24 18:05:56 413766917 114.578062 30.59901 114.578062 30.59901 0.0 203.5 203.0
2016-10-24 18:11:56 413766917 114.5780602757933 30.59901179604869     
2016-10-24 18:17:56 413766917 114.5780585515865 30.59901359209739     
2016-10-24 18:23:56 413766917 114.5780568273798 30.59901538814608     
2016-10-24 18:29:56 413766917 114.578055103173 30.59901718419477     
2016-10-24 18:35:56 413766917 114.5780533789663 30.59901898024346     
2016-10-24 18:41:56 413766917 114.5780516547595 30.59902077629216     
2016-10-24 18:47:56 413766917 114.5780499305528 30.59902257234085     
2016-10-24 18:53:56 413766917 114.578048206346 30.59902436838954     
2016-10-24 18:59:56 413766917 114.5780464821393 30.59902616443824     
2016-10-24 19:05:56 413766917 114.5780447579326 30.59902796048693     
2016-10-24 19:11:56 413766917 114.5780430337258 30.59902975653562     
2016-10-24 19:17:56 413766917 114.5780413095191 30.59903155258431     
2016-10-24 19:23:56 413766917 114.5780395853123 30.59903334863301     
2016-10-24 19:29:27 413766917 114.578038 30.599035 114.578045 30.599037 0.1 169.7 169.0
2016-10-24 19:35:27 413766917 114.5780403949045 30.59903510191083     
2016-10-24 19:41:27 413766917 114.5780427898089 30.59903520382166     
2016-10-24 19:47:27 413766917 114.5780451847134 30.59903530573249     
2016-10-24 19:53:27 413766917 114.5780475796178 30.59903540764331     
2016-10-24 19:59:27 413766917 114.5780499745223 30.59903550955414     
2016-10-24 20:05:27 413766917 114.5780523694268 30.59903561146497     
2016-10-24 20:11:27 413766917 114.5780547643312 30.59903571337579     
2016-10-24 20:17:27 413766917 114.5780571592357 30.59903581528662     
2016-10-24 20:23:27 413766917 114.5780595541401 30.59903591719745     
2016-10-24 20:29:27 413766917 114.5780619490446 30.59903601910828     
2016-10-24 20:35:27 413766917 114.5780643439491 30.59903612101911     
2016-10-24 20:41:27 413766917 114.5780667388535 30.59903622292994     
2016-10-24 20:47:27 413766917 114.578069133758 30.59903632484076     
2016-10-24 20:53:27 413766917 114.5780715286624 30.59903642675159     
2016-10-24 20:59:27 413766917 114.5780739235669 30.59903652866242     
2016-10-24 21:05:27 413766917 114.5780763184713 30.59903663057325     
2016-10-24 21:11:27 413766917 114.5780787133758 30.59903673248408     
2016-10-24 21:17:27 413766917 114.5780811082803 30.59903683439491     
2016-10-24 21:23:27 413766917 114.5780835031847 30.59903693630573     
2016-10-24 21:27:12 413766917 114.578085 30.599037 114.578063 30.599012 0.1 50.8 50.0
2016-10-24 21:31:28 413766917 114.578068 30.599023 114.578085 30.599037 0.1 162.1 162.0
2016-10-24 21:37:28 413766917 114.5780624444444 30.59902374074074     
2016-10-24 21:43:28 413766917 114.5780568888889 30.59902448148148     
2016-10-24 21:47:40 413766917 114.578053 30.599025 114.578053 30.599025 0.2 343.6 343.0
2016-10-24 21:50:41 413766917 114.578058 30.599013 114.578053 30.599025 0.1 295.4 295.0
2016-10-24 21:53:37 413766917 114.578058 30.599013 114.578058 30.599013 0.1 295.4 295.0
2016-10-24 21:59:37 413766917 114.5780571469194 30.59901538862559     
2016-10-24 22:05:37 413766917 114.5780562938389 30.59901777725118     
2016-10-24 22:11:37 413766917 114.5780554407583 30.59902016587678     
2016-10-24 22:17:37 413766917 114.5780545876777 30.59902255450237     
2016-10-24 22:23:37 413766917 114.5780537345971 30.59902494312796     
2016-10-24 22:28:47 413766917 114.578053 30.599027 114.578 30.59902 0.1 195.6 195.0
