2016-10-24 0:00:08 413824597 114.34164 30.625843 114.34196 30.626037 3.3 230.6
2016-10-24 0:00:40 413824597 114.341227 30.625563 114.34164 30.625843 3.3 230.7
2016-10-24 0:01:00 413824597 114.340813 30.625267 114.341227 30.625563 3.4 232.2
2016-10-24 0:01:15 413824597 114.34068 30.625167 114.340813 30.625267 3.4 230.5
2016-10-24 0:01:33 413824597 114.340387 30.624957 114.34068 30.625167 3.4 229.4
2016-10-24 0:01:59 413824597 114.340067 30.62476 114.340387 30.624957 3.5 231.3
2016-10-24 0:02:18 413824597 114.339787 30.624547 114.340067 30.62476 3.5 233.6
2016-10-24 0:02:51 413824597 114.339147 30.62417 114.339787 30.624547 3.6 239.8
2016-10-24 0:03:13 413824597 114.3388 30.624003 114.339147 30.62417 3.6 239.9
2016-10-24 0:03:33 413824597 114.338467 30.623827 114.3388 30.624003 3.6 237.9
2016-10-24 0:03:49 413824597 114.338133 30.623637 114.338467 30.623827 3.7 236.5
2016-10-24 0:04:06 413824597 114.33796 30.623537 114.338133 30.623637 3.8 236.3
2016-10-24 0:04:55 413824597 114.337093 30.623 114.33796 30.623537 4.2 235.3
2016-10-24 0:05:15 413824597 114.336707 30.622777 114.337093 30.623 4.2 233.3
2016-10-24 0:05:33 413824597 114.336347 30.622517 114.336707 30.622777 4.3 227.5
2016-10-24 0:05:55 413824597 114.336 30.62224 114.336347 30.622517 4.4 225.6
2016-10-24 0:06:16 413824597 114.335653 30.621943 114.336 30.62224 4.5 223.1
2016-10-24 0:06:54 413824597 114.335173 30.62148 114.335653 30.621943 4.6 221.6
2016-10-24 0:07:18 413824597 114.334667 30.62101 114.335173 30.62148 4.6 220.7
2016-10-24 0:07:41 413824597 114.33416 30.620503 114.334667 30.62101 4.7 221.3
2016-10-24 0:08:00 413824597 114.333813 30.62017 114.33416 30.620503 4.8 221.4
2016-10-24 0:08:19 413824597 114.33348 30.61984 114.333813 30.62017 4.8 220.4
2016-10-24 0:08:44 413824597 114.333147 30.619477 114.33348 30.61984 4.8 216.8
2016-10-24 0:09:03 413824597 114.332813 30.619113 114.333147 30.619477 4.9 217.7
2016-10-24 0:09:21 413824597 114.332667 30.61893 114.332813 30.619113 4.9 217.5
2016-10-24 0:09:36 413824597 114.332333 30.618577 114.332667 30.61893 4.9 220.3
2016-10-24 0:10:06 413824597 114.3318 30.618053 114.332333 30.618577 5.0 220.4
2016-10-24 0:10:27 413824597 114.33148 30.61772 114.3318 30.618053 5.0 221.2
2016-10-24 0:10:44 413824597 114.331133 30.61733 114.33148 30.61772 5.0 217.3
2016-10-24 0:11:04 413824597 114.3308 30.616967 114.331133 30.61733 5.0 220.3
2016-10-24 0:11:37 413824597 114.330453 30.616613 114.3308 30.616967 5.0 220.4
2016-10-24 0:12:15 413824597 114.329573 30.615717 114.330453 30.616613 5.1 219.4
2016-10-24 0:12:37 413824597 114.3292 30.615333 114.329573 30.615717 5.1 220.0
2016-10-24 0:13:03 413824597 114.328667 30.61477 114.3292 30.615333 5.2 221.0
2016-10-24 0:13:24 413824597 114.328307 30.614397 114.328667 30.61477 5.2 221.8
2016-10-24 0:13:41 413824597 114.327933 30.61403 114.328307 30.614397 5.2 219.2
2016-10-24 0:13:57 413824597 114.327733 30.613823 114.327933 30.61403 5.2 220.6
2016-10-24 0:14:20 413824597 114.327213 30.61329 114.327733 30.613823 5.2 220.6
2016-10-24 0:14:41 413824597 114.326853 30.612943 114.327213 30.61329 5.2 221.8
2016-10-24 0:14:59 413824597 114.326467 30.612563 114.326853 30.612943 5.1 221.5
2016-10-24 0:15:16 413824597 114.326267 30.612383 114.326467 30.612563 5.1 224.0
2016-10-24 0:15:42 413824597 114.32572 30.611853 114.326267 30.612383 4.9 222.7
2016-10-24 0:16:03 413824597 114.325347 30.61153 114.32572 30.611853 4.8 224.9
2016-10-24 0:16:23 413824597 114.325 30.611213 114.325347 30.61153 4.8 224.2
2016-10-24 0:16:41 413824597 114.32464 30.61091 114.325 30.611213 4.7 221.7
2016-10-24 0:17:09 413824597 114.324293 30.610567 114.32464 30.61091 4.6 223.2
2016-10-24 0:17:45 413824597 114.3236 30.609947 114.324293 30.610567 4.5 223.6
2016-10-24 0:18:04 413824597 114.323267 30.60964 114.3236 30.609947 4.5 225.4
2016-10-24 0:18:29 413824597 114.32292 30.609347 114.323267 30.60964 4.4 222.5
2016-10-24 0:18:50 413824597 114.322453 30.608903 114.32292 30.609347 4.4 224.2
2016-10-24 0:19:09 413824597 114.322093 30.608583 114.322453 30.608903 4.3 222.1
2016-10-24 0:19:49 413824597 114.321467 30.607993 114.322093 30.608583 4.3 221.6
2016-10-24 0:20:07 413824597 114.321333 30.60784 114.321467 30.607993 4.2 220.2
2016-10-24 0:20:22 413824597 114.321027 30.607543 114.321333 30.60784 4.2 219.4
2016-10-24 0:20:38 413824597 114.32076 30.607243 114.321027 30.607543 4.2 219.9
2016-10-24 0:21:00 413824597 114.320613 30.607087 114.32076 30.607243 4.2 219.4
2016-10-24 0:21:17 413824597 114.320307 30.60676 114.320613 30.607087 4.2 219.2
2016-10-24 0:21:34 413824597 114.32004 30.60647 114.320307 30.60676 4.2 219.0
2016-10-24 0:21:52 413824597 114.31976 30.60615 114.32004 30.60647 4.2 220.6
2016-10-24 0:22:18 413824597 114.3196 30.606007 114.31976 30.60615 4.2 222.8
2016-10-24 0:22:40 413824597 114.318973 30.60543 114.3196 30.606007 4.2 222.3
2016-10-24 0:23:01 413824597 114.3188 30.605277 114.318973 30.60543 4.2 221.5
2016-10-24 0:23:19 413824597 114.31836 30.60483 114.3188 30.605277 4.2 221.5
2016-10-24 0:23:48 413824597 114.318067 30.60453 114.31836 30.60483 4.1 219.3
2016-10-24 0:24:09 413824597 114.31764 30.60409 114.318067 30.60453 4.1 218.2
2016-10-24 0:24:31 413824597 114.317387 30.6038 114.31764 30.60409 4.1 217.8
2016-10-24 0:24:48 413824597 114.317107 30.603483 114.317387 30.6038 4.1 217.5
2016-10-24 0:25:16 413824597 114.316827 30.6032 114.317107 30.603483 4.1 216.5
2016-10-24 0:25:36 413824597 114.316573 30.602887 114.316827 30.6032 4.1 216.8
2016-10-24 0:25:54 413824597 114.316293 30.60256 114.316573 30.602887 4.0 216.5
2016-10-24 0:26:14 413824597 114.31604 30.602257 114.316293 30.60256 4.1 217.0
2016-10-24 0:26:42 413824597 114.31564 30.60182 114.31604 30.602257 4.0 219.1
2016-10-24 0:27:03 413824597 114.315373 30.60152 114.31564 30.60182 4.0 217.7
2016-10-24 0:27:20 413824597 114.315093 30.601213 114.315373 30.60152 4.0 219.3
2016-10-24 0:27:41 413824597 114.314827 30.60093 114.315093 30.601213 4.0 219.5
2016-10-24 0:28:12 413824597 114.314427 30.6005 114.314827 30.60093 4.0 221.2
2016-10-24 0:28:33 413824597 114.314093 30.600207 114.314427 30.6005 4.0 222.8
2016-10-24 0:28:53 413824597 114.313827 30.599937 114.314093 30.600207 4.0 219.8
2016-10-24 0:29:10 413824597 114.313547 30.599653 114.313827 30.599937 4.0 219.6
2016-10-24 0:29:37 413824597 114.313267 30.59935 114.313547 30.599653 4.0 219.2
2016-10-24 0:30:00 413824597 114.31284 30.598903 114.313267 30.59935 4.0 217.9
2016-10-24 0:30:18 413824597 114.31272 30.59875 114.31284 30.598903 4.0 216.0
2016-10-24 0:31:01 413824597 114.312253 30.598137 114.31272 30.59875 4.0 212.6
2016-10-24 0:31:19 413824597 114.31188 30.59769 114.312253 30.598137 4.0 215.2
2016-10-24 0:31:36 413824597 114.31176 30.59753 114.31188 30.59769 4.0 215.2
2016-10-24 0:31:54 413824597 114.311493 30.597217 114.31176 30.59753 3.9 214.7
2016-10-24 0:32:20 413824597 114.311107 30.596763 114.311493 30.597217 3.9 215.3
2016-10-24 0:32:39 413824597 114.31088 30.59646 114.311107 30.596763 3.9 217.6
2016-10-24 0:32:56 413824597 114.310733 30.59631 114.31088 30.59646 3.9 217.8
2016-10-24 0:33:37 413824597 114.310227 30.595717 114.310733 30.59631 3.9 218.6
2016-10-24 0:33:56 413824597 114.30996 30.595437 114.310227 30.595717 4.0 221.0
2016-10-24 0:34:12 413824597 114.309693 30.59517 114.30996 30.595437 4.0 222.9
2016-10-24 0:34:56 413824597 114.309067 30.594613 114.309693 30.59517 4.0 222.7
2016-10-24 0:35:16 413824597 114.308773 30.59434 114.309067 30.594613 4.0 223.8
2016-10-24 0:35:35 413824597 114.30848 30.594077 114.308773 30.59434 4.0 224.8
2016-10-24 0:35:54 413824597 114.308173 30.593827 114.30848 30.594077 4.0 223.8
2016-10-24 0:36:19 413824597 114.307733 30.59342 114.308173 30.593827 4.0 225.5
2016-10-24 0:36:38 413824597 114.30756 30.593267 114.307733 30.59342 3.9 223.5
2016-10-24 0:36:57 413824597 114.307307 30.593003 114.30756 30.593267 3.9 218.5
2016-10-24 0:37:13 413824597 114.30704 30.59271 114.307307 30.593003 3.9 217.1
2016-10-24 0:37:37 413824597 114.30676 30.59243 114.30704 30.59271 3.9 217.2
2016-10-24 0:38:14 413824597 114.30628 30.591813 114.30676 30.59243 3.9 211.1
2016-10-24 0:38:32 413824597 114.30608 30.591503 114.30628 30.591813 3.9 210.2
2016-10-24 0:38:50 413824597 114.305973 30.591343 114.30608 30.591503 3.9 208.6
2016-10-24 0:39:24 413824597 114.305573 30.590693 114.305973 30.591343 4.0 208.0
2016-10-24 0:39:42 413824597 114.30536 30.590367 114.305573 30.590693 4.0 210.6
2016-10-24 0:40:11 413824597 114.305053 30.589873 114.30536 30.590367 4.0 208.9
2016-10-24 0:40:33 413824597 114.304827 30.589547 114.305053 30.589873 4.0 208.6
2016-10-24 0:40:49 413824597 114.30472 30.58938 114.304827 30.589547 4.0 208.6
2016-10-24 0:41:31 413824597 114.30432 30.588737 114.30472 30.58938 4.0 210.4
2016-10-24 0:41:53 413824597 114.30396 30.58822 114.30432 30.588737 4.0 213.7
2016-10-24 0:42:10 413824597 114.30372 30.587917 114.30396 30.58822 4.0 214.7
2016-10-24 0:42:28 413824597 114.30348 30.587607 114.30372 30.587917 4.0 213.4
2016-10-24 0:42:55 413824597 114.303213 30.587273 114.30348 30.587607 4.0 211.5
2016-10-24 0:43:15 413824597 114.303027 30.586973 114.303213 30.587273 4.0 211.1
2016-10-24 0:43:34 413824597 114.3028 30.586627 114.303027 30.586973 4.1 209.2
2016-10-24 0:43:50 413824597 114.30256 30.586273 114.3028 30.586627 4.1 208.2
2016-10-24 0:44:09 413824597 114.30248 30.586143 114.30256 30.586273 4.1 208.9
2016-10-24 0:44:27 413824597 114.302253 30.58578 114.30248 30.586143 4.1 208.0
2016-10-24 0:44:57 413824597 114.30192 30.58528 114.302253 30.58578 4.1 209.4
2016-10-24 0:45:19 413824597 114.301587 30.58478 114.30192 30.58528 4.1 209.9
2016-10-24 0:45:35 413824597 114.301453 30.584613 114.301587 30.58478 4.1 209.5
2016-10-24 0:45:50 413824597 114.301267 30.58427 114.301453 30.584613 4.2 209.5
2016-10-24 0:46:33 413824597 114.300813 30.583587 114.301267 30.58427 4.2 208.2
2016-10-24 0:46:50 413824597 114.3006 30.583243 114.300813 30.583587 4.2 209.5
2016-10-24 0:47:03 413824597 114.30048 30.58307 114.3006 30.583243 4.2 210.9
2016-10-24 0:47:19 413824597 114.300373 30.5829 114.30048 30.58307 4.1 211.6
2016-10-24 0:47:52 413824597 114.30004 30.582423 114.300373 30.5829 4.1 211.0
2016-10-24 0:48:10 413824597 114.299707 30.581927 114.30004 30.582423 4.1 208.8
2016-10-24 0:48:28 413824597 114.299587 30.581743 114.299707 30.581927 4.1 208.5
2016-10-24 0:48:43 413824597 114.299373 30.581407 114.299587 30.581743 4.1 210.6
2016-10-24 0:49:12 413824597 114.29904 30.580913 114.299373 30.581407 4.0 210.4
2016-10-24 0:49:33 413824597 114.298787 30.58059 114.29904 30.580913 4.0 212.7
2016-10-24 0:49:50 413824597 114.29856 30.58027 114.298787 30.58059 4.0 210.3
2016-10-24 0:50:07 413824597 114.298453 30.5801 114.29856 30.58027 4.0 210.0
2016-10-24 0:50:35 413824597 114.298107 30.57961 114.298453 30.5801 4.0 209.8
2016-10-24 0:50:59 413824597 114.29792 30.579297 114.298107 30.57961 4.0 208.8
2016-10-24 0:51:17 413824597 114.29768 30.578953 114.29792 30.579297 4.1 209.4
2016-10-24 0:51:51 413824597 114.297387 30.578457 114.29768 30.578953 4.1 210.7
2016-10-24 0:52:07 413824597 114.297173 30.578133 114.297387 30.578457 4.0 208.3
2016-10-24 0:52:40 413824597 114.296747 30.577467 114.297173 30.578133 4.0 209.8
2016-10-24 0:53:06 413824597 114.296533 30.577133 114.296747 30.577467 4.0 208.4
2016-10-24 0:53:46 413824597 114.296107 30.576487 114.296533 30.577133 4.0 209.0
2016-10-24 0:54:36 413824597 114.295667 30.57582 114.296107 30.576487 4.0 209.5
2016-10-24 0:54:56 413824597 114.295333 30.575327 114.295667 30.57582 4.1 211.0
2016-10-24 0:55:12 413824597 114.295107 30.574997 114.295333 30.575327 4.1 211.3
2016-10-24 0:55:27 413824597 114.295 30.574847 114.295107 30.574997 4.1 211.8
2016-10-24 0:55:49 413824597 114.294747 30.574517 114.295 30.574847 4.1 212.4
2016-10-24 0:56:03 413824597 114.29452 30.574193 114.294747 30.574517 4.1 212.9
2016-10-24 0:56:20 413824597 114.294253 30.573873 114.29452 30.574193 4.1 214.4
2016-10-24 0:56:36 413824597 114.294133 30.573713 114.294253 30.573873 4.1 212.8
2016-10-24 0:57:01 413824597 114.2938 30.57322 114.294133 30.573713 4.1 211.5
2016-10-24 0:57:22 413824597 114.29368 30.573057 114.2938 30.57322 4.1 211.4
2016-10-24 0:57:39 413824597 114.293427 30.572717 114.29368 30.573057 4.1 213.7
2016-10-24 0:57:57 413824597 114.2932 30.572403 114.293427 30.572717 4.1 212.4
2016-10-24 0:58:31 413824597 114.292693 30.571757 114.2932 30.572403 4.2 214.2
2016-10-24 0:58:51 413824597 114.29244 30.571427 114.292693 30.571757 4.2 214.9
2016-10-24 0:59:08 413824597 114.292307 30.571273 114.29244 30.571427 4.2 215.5
2016-10-24 1:00:08 413824597 114.291387 30.570153 114.292307 30.571273 4.2 215.1
2016-10-24 1:00:27 413824597 114.291267 30.569997 114.291387 30.570153 4.2 214.9
2016-10-24 1:01:11 413824597 114.290747 30.569387 114.291267 30.569997 4.1 214.3
2016-10-24 1:01:28 413824597 114.290467 30.569053 114.290747 30.569387 4.1 214.7
2016-10-24 1:01:44 413824597 114.29024 30.56871 114.290467 30.569053 4.1 208.5
2016-10-24 1:02:01 413824597 114.290133 30.568533 114.29024 30.56871 4.1 208.6
2016-10-24 1:02:26 413824597 114.289827 30.568023 114.290133 30.568533 4.2 209.1
2016-10-24 1:02:59 413824597 114.28936 30.56738 114.289827 30.568023 4.2 214.8
2016-10-24 1:03:17 413824597 114.289213 30.567203 114.28936 30.56738 4.2 217.0
2016-10-24 1:03:55 413824597 114.288627 30.566583 114.289213 30.567203 4.3 222.2
2016-10-24 1:04:12 413824597 114.28832 30.566287 114.288627 30.566583 4.2 218.0
2016-10-24 1:04:30 413824597 114.288053 30.565987 114.28832 30.566287 4.2 218.2
2016-10-24 1:04:53 413824597 114.287907 30.565813 114.288053 30.565987 4.3 217.9
2016-10-24 1:05:12 413824597 114.287493 30.565353 114.287907 30.565813 4.2 216.1
2016-10-24 1:05:33 413824597 114.287227 30.565043 114.287493 30.565353 4.2 216.7
2016-10-24 1:05:49 413824597 114.286947 30.564703 114.287227 30.565043 4.2 213.9
2016-10-24 1:06:12 413824597 114.286827 30.56455 114.286947 30.564703 4.3 215.0
2016-10-24 1:06:33 413824597 114.28656 30.5642 114.286827 30.56455 4.3 213.3
2016-10-24 1:06:47 413824597 114.286293 30.563867 114.28656 30.5642 4.2 214.4
2016-10-24 1:07:25 413824597 114.285933 30.563403 114.286293 30.563867 4.2 215.7
2016-10-24 1:07:58 413824597 114.28536 30.562757 114.285933 30.563403 4.2 213.1
2016-10-24 1:08:10 413824597 114.28512 30.562397 114.28536 30.562757 4.2 210.0
2016-10-24 1:08:51 413824597 114.284733 30.561687 114.28512 30.562397 4.2 203.4
2016-10-24 1:10:32 413824597 114.283973 30.560013 114.284733 30.561687 4.3 199.0
2016-10-24 1:10:49 413824597 114.2838 30.55963 114.283973 30.560013 4.3 199.8
2016-10-24 1:11:15 413824597 114.283573 30.55907 114.2838 30.55963 4.4 197.9
2016-10-24 1:11:33 413824597 114.28344 30.558657 114.283573 30.55907 4.4 197.5
2016-10-24 1:11:50 413824597 114.28336 30.558463 114.28344 30.558657 4.4 198.1
2016-10-24 1:12:36 413824597 114.28304 30.557673 114.28336 30.558463 4.3 197.3
2016-10-24 1:12:56 413824597 114.282867 30.55709 114.28304 30.557673 4.4 194.8
2016-10-24 1:13:27 413824597 114.28268 30.556467 114.282867 30.55709 4.5 192.5
2016-10-24 1:13:48 413824597 114.282507 30.555883 114.28268 30.556467 4.4 196.0
2016-10-24 1:14:17 413824597 114.282387 30.555483 114.282507 30.555883 4.3 196.9
2016-10-24 1:14:33 413824597 114.282213 30.555107 114.282387 30.555483 4.3 202.7
2016-10-24 1:14:58 413824597 114.282053 30.55475 114.282213 30.555107 4.3 201.2
2016-10-24 1:15:26 413824597 114.2818 30.554187 114.282053 30.55475 4.2 205.3
2016-10-24 1:15:38 413824597 114.281587 30.553853 114.2818 30.554187 4.2 205.9
2016-10-24 1:16:24 413824597 114.28128 30.553303 114.281587 30.553853 4.2 208.0
2016-10-24 1:16:37 413824597 114.281053 30.55294 114.28128 30.553303 4.5 207.5
2016-10-24 1:17:20 413824597 114.280653 30.55222 114.281053 30.55294 4.2 205.6
2016-10-24 1:17:43 413824597 114.28036 30.551697 114.280653 30.55222 4.2 205.2
2016-10-24 1:18:16 413824597 114.28008 30.551133 114.28036 30.551697 4.2 201.3
2016-10-24 1:18:51 413824597 114.279853 30.550593 114.28008 30.551133 4.2 199.4
2016-10-24 1:20:15 413824597 114.279067 30.54896 114.279853 30.550593 4.2 203.5
2016-10-24 1:20:32 413824597 114.278893 30.5486 114.279067 30.54896 4.1 201.6
2016-10-24 1:20:56 413824597 114.278733 30.54824 114.278893 30.5486 4.1 201.6
2016-10-24 1:21:12 413824597 114.278573 30.547897 114.278733 30.54824 4.1 205.5
2016-10-24 1:21:30 413824597 114.27848 30.547727 114.278573 30.547897 4.0 205.6
2016-10-24 1:22:11 413824597 114.278187 30.54722 114.27848 30.547727 3.9 206.2
2016-10-24 1:22:42 413824597 114.277773 30.546413 114.278187 30.54722 3.7 204.6
2016-10-24 1:23:18 413824597 114.27752 30.545957 114.277773 30.546413 3.6 203.3
2016-10-24 1:24:46 413824597 114.276733 30.54452 114.27752 30.545957 3.8 206.5
2016-10-24 1:26:16 413824597 114.27592 30.543133 114.276733 30.54452 3.7 206.4
2016-10-24 1:27:31 413824597 114.275227 30.541883 114.27592 30.543133 3.6 206.1
2016-10-24 1:27:53 413824597 114.275053 30.541583 114.275227 30.541883 3.6 209.1
2016-10-24 1:28:10 413824597 114.274973 30.541437 114.275053 30.541583 3.6 210.0
2016-10-24 1:29:03 413824597 114.274507 30.54072 114.274973 30.541437 3.5 207.5
2016-10-24 1:29:31 413824597 114.274147 30.54012 114.274507 30.54072 3.5 209.6
2016-10-24 1:30:42 413824597 114.27352 30.539133 114.274147 30.54012 3.5 210.9
2016-10-24 1:31:13 413824597 114.273307 30.53885 114.27352 30.539133 3.4 213.6
2016-10-24 1:31:42 413824597 114.27292 30.53834 114.273307 30.53885 3.4 215.6
2016-10-24 1:33:50 413824597 114.27164 30.53681 114.27292 30.53834 3.3 213.9
2016-10-24 1:35:33 413824597 114.270547 30.535327 114.27164 30.53681 3.3 213.5
2016-10-24 1:36:22 413824597 114.270147 30.534803 114.270547 30.535327 3.3 209.6
2016-10-24 1:36:46 413824597 114.270027 30.534533 114.270147 30.534803 3.1 189.9
2016-10-24 1:37:07 413824597 114.269947 30.534137 114.270027 30.534533 2.8 199.9
2016-10-24 1:37:39 413824597 114.269627 30.53366 114.269947 30.534137 2.8 219.1
2016-10-24 1:38:53 413824597 114.269067 30.53294 114.269627 30.53366 2.7 214.3
2016-10-24 1:40:20 413824597 114.268307 30.53208 114.269067 30.53294 3.1 220.0
2016-10-24 1:40:38 413824597 114.26808 30.53187 114.268307 30.53208 3.1 221.7
2016-10-24 1:43:07 413824597 114.266573 30.530097 114.26808 30.53187 3.2 213.6
2016-10-24 01:49:07 413824597 114.2624298101266 30.52564575949367    
2016-10-24 1:49:42 413824597 114.262027 30.525213 114.263093 30.526443 3.6 217.5
2016-10-24 01:55:42 413824597 114.2574096683609 30.51978646886912    
2016-10-24 02:01:42 413824597 114.2527923367217 30.51435993773825    
2016-10-24 2:02:49 413824597 114.251933 30.51335 114.255053 30.517347 4.2 209.4
2016-10-24 2:04:19 413824597 114.250947 30.511623 114.251933 30.51335 4.1 208.0
2016-10-24 2:06:33 413824597 114.249613 30.5096 114.250947 30.511623 4.1 210.5
2016-10-24 2:08:15 413824597 114.248347 30.507827 114.249613 30.5096 4.1 212.9
2016-10-24 02:14:15 413824597 114.2439817906977 30.5023901627907    
2016-10-24 2:15:25 413824597 114.243133 30.501333 114.2442 30.50241 3.8 222.0
2016-10-24 2:18:04 413824597 114.241187 30.499133 114.243133 30.501333 3.6 215.2
2016-10-24 2:20:43 413824597 114.239613 30.496973 114.241187 30.499133 3.6 212.3
2016-10-24 2:22:41 413824597 114.2386 30.49519 114.239613 30.496973 3.4 201.1
2016-10-24 2:23:00 413824597 114.238467 30.49489 114.2386 30.49519 3.4 200.0
2016-10-24 2:24:40 413824597 114.237787 30.493337 114.238467 30.49489 3.7 202.5
2016-10-24 2:28:08 413824597 114.235667 30.49051 114.237787 30.493337 3.4 226.1
2016-10-24 2:29:17 413824597 114.23472 30.489593 114.235667 30.49051 3.2 218.2
2016-10-24 2:33:22 413824597 114.231347 30.487533 114.23472 30.489593 2.8 225.9
2016-10-24 2:34:08 413824597 114.23112 30.487383 114.231347 30.487533 2.9 239.7
2016-10-24 2:36:01 413824597 114.229653 30.48599 114.23112 30.487383 3.1 219.7
