2016-10-24 16:27:54 413782831 114.518725 30.681553 114.519187 30.681445 4.2 284.5 284.0
2016-10-24 16:32:10 413782831 114.513082 30.683855 114.518725 30.681553 4.1 289.7 289.0
2016-10-24 16:36:13 413782831 114.50783 30.68506 114.513082 30.683855 3.9 276.3 276.0
2016-10-24 16:38:21 413782831 114.505045 30.685365 114.50783 30.68506 3.9 278.1 278.0
2016-10-24 16:40:31 413782831 114.502268 30.68548 114.505045 30.685365 3.8 268.2 268.0
2016-10-24 16:41:32 413782831 114.50165 30.685458 114.502268 30.68548 3.8 267.8 267.0
2016-10-24 16:43:53 413782831 114.498337 30.685448 114.50165 30.685458 3.7 270.3 270.0
2016-10-24 16:44:41 413782831 114.49715 30.685427 114.498337 30.685448 3.6 269.9 269.0
2016-10-24 16:50:07 413782831 114.490587 30.684038 114.49715 30.685427 3.7 253.4 253.0
2016-10-24 16:50:50 413782831 114.490008 30.683893 114.490587 30.684038 3.7 262.0 262.0
2016-10-24 16:54:40 413782831 114.485588 30.685218 114.490008 30.683893 3.8 288.1 288.0
2016-10-24 16:55:49 413782831 114.484305 30.68567 114.485588 30.685218 3.8 293.0 293.0
2016-10-24 16:59:20 413782831 114.479972 30.686925 114.484305 30.68567 3.6 270.2 270.0
2016-10-24 17:01:41 413782831 114.477367 30.686693 114.479972 30.686925 3.8 259.0 259.0
2016-10-24 17:02:30 413782831 114.476125 30.68652 114.477367 30.686693 3.9 258.9 258.0
2016-10-24 17:08:30 413782831 114.4686310907127 30.68386082073434     
2016-10-24 17:10:13 413782831 114.466487 30.6831 114.467083 30.68336 4.1 245.2 245.0
2016-10-24 17:10:58 413782831 114.465877 30.682888 114.466487 30.6831 4.0 250.7 250.0
2016-10-24 17:11:39 413782831 114.464613 30.682642 114.465877 30.682888 3.9 265.3 265.0
2016-10-24 17:13:06 413782831 114.463127 30.682733 114.464613 30.682642 3.9 274.3 274.0
2016-10-24 17:14:28 413782831 114.461152 30.68263 114.463127 30.682733 4.0 258.8 258.0
2016-10-24 17:14:52 413782831 114.460523 30.682495 114.461152 30.68263 4.0 252.8 252.0
2016-10-24 17:15:17 413782831 114.459897 30.682335 114.460523 30.682495 4.0 252.4 252.0
2016-10-24 17:18:33 413782831 114.455912 30.681112 114.459897 30.682335 4.1 256.5 256.0
2016-10-24 17:19:17 413782831 114.455012 30.68085 114.455912 30.681112 4.1 250.4 250.0
2016-10-24 17:21:31 413782831 114.452563 30.68003 114.455012 30.68085 4.1 247.6 247.0
2016-10-24 17:23:22 413782831 114.45048 30.679322 114.452563 30.68003 3.9 249.8 249.0
2016-10-24 17:24:09 413782831 114.44928 30.67896 114.45048 30.679322 3.9 250.5 250.0
2016-10-24 17:25:05 413782831 114.447967 30.67857 114.44928 30.67896 3.8 256.0 256.0
2016-10-24 17:25:47 413782831 114.44728 30.678387 114.447967 30.67857 3.7 249.2 249.0
2016-10-24 17:26:06 413782831 114.446733 30.678207 114.44728 30.678387 3.7 249.5 249.0
2016-10-24 17:27:20 413782831 114.445517 30.677845 114.446733 30.678207 3.7 251.3 251.0
2016-10-24 17:27:39 413782831 114.444948 30.677677 114.445517 30.677845 3.7 253.7 253.0
2016-10-24 17:29:19 413782831 114.442985 30.677242 114.444948 30.677677 3.8 252.4 252.0
2016-10-24 17:29:44 413782831 114.44239 30.677063 114.442985 30.677242 3.7 249.6 249.0
2016-10-24 17:30:40 413782831 114.441618 30.67679 114.44239 30.677063 3.8 246.2 246.0
2016-10-24 17:31:32 413782831 114.440515 30.676352 114.441618 30.67679 3.8 245.8 245.0
2016-10-24 17:32:15 413782831 114.439948 30.67613 114.440515 30.676352 3.7 245.8 245.0
2016-10-24 17:33:17 413782831 114.438572 30.675623 114.439948 30.67613 3.9 247.0 247.0
2016-10-24 17:33:50 413782831 114.437977 30.675402 114.438572 30.675623 4.0 247.0 247.0
2016-10-24 17:34:53 413782831 114.436733 30.67493 114.437977 30.675402 4.1 246.2 246.0
2016-10-24 17:35:13 413782831 114.436135 30.67471 114.436733 30.67493 4.2 247.3 247.0
2016-10-24 17:36:11 413782831 114.435517 30.674465 114.436135 30.67471 4.2 244.4 244.0
2016-10-24 17:36:53 413782831 114.434035 30.673772 114.435517 30.674465 4.3 243.1 243.0
2016-10-24 17:38:34 413782831 114.432202 30.672925 114.434035 30.673772 4.3 239.6 239.0
2016-10-24 17:38:52 413782831 114.431595 30.672622 114.432202 30.672925 4.3 241.1 241.0
2016-10-24 17:41:22 413782831 114.428978 30.671303 114.431595 30.672622 4.2 240.8 240.0
2016-10-24 17:43:24 413782831 114.426257 30.6702 114.428978 30.671303 4.2 244.8 244.0
2016-10-24 17:45:02 413782831 114.424357 30.66942 114.426257 30.6702 4.1 240.8 240.0
2016-10-24 17:45:22 413782831 114.423963 30.669242 114.424357 30.66942 4.1 243.1 243.0
2016-10-24 17:46:04 413782831 114.423145 30.668938 114.423963 30.669242 4.1 249.5 249.0
2016-10-24 17:47:48 413782831 114.421178 30.668383 114.423145 30.668938 4.3 250.1 250.0
2016-10-24 17:48:57 413782831 114.419042 30.667677 114.421178 30.668383 4.4 247.8 247.0
2016-10-24 17:49:56 413782831 114.418288 30.667395 114.419042 30.667677 4.5 245.2 245.0
2016-10-24 17:50:37 413782831 114.41704 30.666727 114.418288 30.667395 4.4 238.0 238.0
2016-10-24 17:51:13 413782831 114.416383 30.666418 114.41704 30.666727 4.4 243.6 243.0
2016-10-24 17:53:02 413782831 114.41423 30.665565 114.416383 30.666418 4.3 244.9 244.0
2016-10-24 17:53:40 413782831 114.41297 30.665073 114.41423 30.665565 4.2 248.2 248.0
2016-10-24 17:54:57 413782831 114.411488 30.664485 114.41297 30.665073 4.1 245.9 245.0
2016-10-24 17:55:48 413782831 114.4109 30.664258 114.411488 30.664485 4.1 244.3 244.0
2016-10-24 17:56:26 413782831 114.40968 30.663752 114.4109 30.664258 4.1 248.0 248.0
2016-10-24 17:57:31 413782831 114.40907 30.663517 114.40968 30.663752 4.1 244.9 244.0
2016-10-24 17:59:23 413782831 114.406347 30.662433 114.40907 30.663517 4.1 244.0 244.0
2016-10-24 17:59:43 413782831 114.405763 30.662168 114.406347 30.662433 4.0 240.3 240.0
2016-10-24 18:00:40 413782831 114.40517 30.661878 114.405763 30.662168 4.0 241.2 241.0
2016-10-24 18:01:16 413782831 114.403948 30.661165 114.40517 30.661878 4.0 236.4 236.0
2016-10-24 18:02:07 413782831 114.403363 30.660818 114.403948 30.661165 4.0 239.7 239.0
2016-10-24 18:02:32 413782831 114.402775 30.660522 114.403363 30.660818 4.1 240.4 240.0
2016-10-24 18:02:52 413782831 114.40221 30.660203 114.402775 30.660522 4.1 237.0 237.0
2016-10-24 18:04:21 413782831 114.40048 30.659507 114.40221 30.660203 3.7 252.7 252.0
2016-10-24 18:05:16 413782831 114.39974 30.659278 114.40048 30.659507 3.5 251.4 251.0
2016-10-24 18:05:37 413782831 114.399203 30.65912 114.39974 30.659278 3.2 250.6 250.0
2016-10-24 18:06:14 413782831 114.398797 30.659032 114.399203 30.65912 3.3 258.3 258.0
2016-10-24 18:07:13 413782831 114.397533 30.659052 114.398797 30.659032 3.4 278.2 278.0
2016-10-24 18:07:32 413782831 114.39697 30.659102 114.397533 30.659052 3.5 274.3 274.0
2016-10-24 18:08:27 413782831 114.39621 30.659115 114.39697 30.659102 3.5 266.7 266.0
2016-10-24 18:08:49 413782831 114.395627 30.659063 114.39621 30.659115 3.5 265.9 265.0
2016-10-24 18:09:36 413782831 114.395033 30.659003 114.395627 30.659063 3.6 261.0 261.0
2016-10-24 18:10:32 413782831 114.393853 30.658865 114.395033 30.659003 3.7 256.4 256.0
2016-10-24 18:11:14 413782831 114.393062 30.658615 114.393853 30.658865 3.9 246.1 246.0
2016-10-24 18:12:36 413782831 114.391238 30.657942 114.393062 30.658615 4.1 245.2 245.0
2016-10-24 18:13:12 413782831 114.390603 30.657672 114.391238 30.657942 4.2 245.1 245.0
2016-10-24 18:13:57 413782831 114.38985 30.657383 114.390603 30.657672 4.2 248.1 248.0
2016-10-24 18:19:57 413782831 114.3826105839416 30.65473511678832     
2016-10-24 18:20:48 413782831 114.381585 30.65436 114.38985 30.657383 4.5 244.7 244.0
2016-10-24 18:21:40 413782831 114.379618 30.653478 114.381585 30.65436 4.6 241.3 241.0
2016-10-24 18:22:27 413782831 114.378673 30.653012 114.379618 30.653478 4.7 240.3 240.0
2016-10-24 18:22:49 413782831 114.378018 30.652673 114.378673 30.653012 4.7 238.6 238.0
2016-10-24 18:23:31 413782831 114.37736 30.652338 114.378018 30.652673 4.7 238.3 238.0
2016-10-24 18:23:51 413782831 114.3767 30.652007 114.37736 30.652338 4.7 239.7 239.0
2016-10-24 18:25:36 413782831 114.374745 30.651003 114.3767 30.652007 4.7 240.0 240.0
2016-10-24 18:26:30 413782831 114.373153 30.650237 114.374745 30.651003 4.7 239.8 239.0
2016-10-24 18:27:15 413782831 114.372483 30.649912 114.373153 30.650237 4.7 240.2 240.0
2016-10-24 18:28:13 413782831 114.371112 30.649277 114.372483 30.649912 4.7 242.7 242.0
2016-10-24 18:28:45 413782831 114.370465 30.64898 114.371112 30.649277 4.7 242.2 242.0
2016-10-24 18:29:05 413782831 114.36961 30.648608 114.370465 30.64898 4.7 243.5 243.0
2016-10-24 18:29:45 413782831 114.368852 30.64827 114.36961 30.648608 4.7 242.3 242.0
2016-10-24 18:30:16 413782831 114.36816 30.64795 114.368852 30.64827 4.7 240.7 240.0
2016-10-24 18:30:58 413782831 114.36751 30.647613 114.36816 30.64795 4.7 237.6 237.0
2016-10-24 18:31:49 413782831 114.366868 30.647262 114.36751 30.647613 4.6 237.0 237.0
2016-10-24 18:32:30 413782831 114.365432 30.646375 114.366868 30.647262 4.6 233.0 233.0
2016-10-24 18:34:14 413782831 114.364817 30.645972 114.365432 30.646375 4.6 233.8 233.0
2016-10-24 18:35:26 413782831 114.362178 30.644308 114.364817 30.645972 4.5 234.5 234.0
2016-10-24 18:40:00 413782831 114.357198 30.641022 114.362178 30.644308 4.6 228.4 228.0
2016-10-24 18:42:48 413782831 114.35382 30.63815 114.357198 30.641022 4.4 221.8 221.0
2016-10-24 18:43:41 413782831 114.352835 30.637217 114.35382 30.63815 4.2 222.5 222.0
2016-10-24 18:43:59 413782831 114.35238 30.636795 114.352835 30.637217 4.2 222.1 222.0
2016-10-24 18:45:07 413782831 114.351752 30.636178 114.35238 30.636795 4.1 220.8 220.0
2016-10-24 18:45:51 413782831 114.350872 30.635285 114.351752 30.636178 4.1 218.8 218.0
2016-10-24 18:46:10 413782831 114.350478 30.634852 114.350872 30.635285 4.0 218.1 218.0
2016-10-24 18:46:53 413782831 114.350072 30.634417 114.350478 30.634852 3.9 219.3 219.0
2016-10-24 18:48:13 413782831 114.349103 30.63342 114.350072 30.634417 3.7 219.5 219.0
2016-10-24 18:48:51 413782831 114.348357 30.632598 114.349103 30.63342 3.7 217.4 217.0
2016-10-24 18:49:40 413782831 114.348007 30.632208 114.348357 30.632598 3.7 216.8 216.0
2016-10-24 18:51:16 413782831 114.346853 30.630795 114.348007 30.632208 3.6 217.4 217.0
2016-10-24 18:51:34 413782831 114.346497 30.630365 114.346853 30.630795 3.6 216.5 216.0
2016-10-24 18:52:15 413782831 114.346118 30.629935 114.346497 30.630365 3.8 213.7 213.0
2016-10-24 18:53:46 413782831 114.344993 30.628673 114.346118 30.629935 3.8 219.7 219.0
2016-10-24 18:54:25 413782831 114.344567 30.628265 114.344993 30.628673 3.7 222.1 222.0
2016-10-24 18:56:25 413782831 114.342617 30.626865 114.344567 30.628265 3.5 236.9 236.0
2016-10-24 18:57:05 413782831 114.34211 30.626608 114.342617 30.626865 3.5 241.4 241.0
2016-10-24 18:58:02 413782831 114.34111 30.62617 114.34211 30.626608 3.4 243.0 243.0
2016-10-24 18:58:24 413782831 114.34059 30.625938 114.34111 30.62617 3.5 243.1 243.0
2016-10-24 18:59:18 413782831 114.33993 30.625637 114.34059 30.625938 3.4 241.1 241.0
2016-10-24 18:59:57 413782831 114.338883 30.625257 114.33993 30.625637 3.5 252.3 252.0
2016-10-24 19:00:56 413782831 114.338345 30.625105 114.338883 30.625257 3.5 250.3 250.0
2016-10-24 19:01:36 413782831 114.337157 30.624657 114.338345 30.625105 3.5 244.0 244.0
2016-10-24 19:02:34 413782831 114.336607 30.624402 114.337157 30.624657 3.5 240.1 240.0
2016-10-24 19:03:18 413782831 114.335618 30.62386 114.336607 30.624402 3.5 235.6 235.0
2016-10-24 19:04:14 413782831 114.334677 30.623282 114.335618 30.62386 3.6 232.4 232.0
2016-10-24 19:04:54 413782831 114.334023 30.622853 114.334677 30.623282 3.6 232.9 232.0
2016-10-24 19:05:49 413782831 114.333683 30.622632 114.334023 30.622853 3.6 233.7 233.0
2016-10-24 19:06:28 413782831 114.332637 30.621888 114.333683 30.622632 3.6 228.3 228.0
2016-10-24 19:07:12 413782831 114.332212 30.621533 114.332637 30.621888 3.6 225.7 225.0
2016-10-24 19:07:32 413782831 114.33166 30.62105 114.332212 30.621533 3.6 223.1 223.0
2016-10-24 19:08:40 413782831 114.33112 30.620553 114.33166 30.62105 3.6 224.2 224.0
2016-10-24 19:10:10 413782831 114.329643 30.619127 114.33112 30.620553 3.8 219.8 219.0
2016-10-24 19:10:52 413782831 114.329252 30.618712 114.329643 30.619127 3.8 222.0 222.0
2016-10-24 19:11:12 413782831 114.328757 30.618225 114.329252 30.618712 3.7 220.4 220.0
2016-10-24 19:12:01 413782831 114.328275 30.617743 114.328757 30.618225 3.8 220.6 220.0
2016-10-24 19:12:20 413782831 114.327863 30.617337 114.328275 30.617743 3.9 221.9 221.0
2016-10-24 19:13:12 413782831 114.327452 30.616923 114.327863 30.617337 3.9 215.6 215.0
2016-10-24 19:13:53 413782831 114.32679 30.615997 114.327452 30.616923 3.9 208.2 208.0
2016-10-24 19:14:56 413782831 114.326362 30.61532 114.32679 30.615997 3.9 210.6 210.0
2016-10-24 19:16:34 413782831 114.324973 30.613478 114.326362 30.61532 3.8 214.9 214.0
2016-10-24 19:17:17 413782831 114.324612 30.613032 114.324973 30.613478 3.9 215.1 215.0
2016-10-24 19:17:36 413782831 114.324238 30.612612 114.324612 30.613032 3.9 218.7 218.0
2016-10-24 19:19:18 413782831 114.322893 30.611048 114.324238 30.612612 4.0 216.3 216.0
2016-10-24 19:19:54 413782831 114.322503 30.6106 114.322893 30.611048 4.0 215.7 215.0
2016-10-24 19:20:17 413782831 114.322115 30.610152 114.322503 30.6106 4.0 216.2 216.0
2016-10-24 19:21:37 413782831 114.321297 30.609255 114.322115 30.610152 4.0 216.7 216.0
2016-10-24 19:22:01 413782831 114.320808 30.60862 114.321297 30.609255 4.1 213.8 213.0
2016-10-24 19:22:43 413782831 114.320427 30.608103 114.320808 30.60862 4.1 211.8 211.0
2016-10-24 19:23:11 413782831 114.320077 30.60761 114.320427 30.608103 4.1 212.9 212.0
2016-10-24 19:23:33 413782831 114.319742 30.607132 114.320077 30.60761 4.1 210.2 210.0
2016-10-24 19:24:12 413782831 114.3194 30.606665 114.319742 30.607132 4.1 214.5 214.0
2016-10-24 19:24:44 413782831 114.318953 30.606188 114.3194 30.606665 4.1 223.4 223.0
2016-10-24 19:25:04 413782831 114.318333 30.605718 114.318953 30.606188 4.2 231.1 231.0
2016-10-24 19:25:39 413782831 114.317695 30.60532 114.318333 30.605718 4.1 235.3 235.0
2016-10-24 19:26:20 413782831 114.317142 30.605003 114.317695 30.60532 4.0 236.5 236.0
2016-10-24 19:26:41 413782831 114.316603 30.604688 114.317142 30.605003 4.0 234.2 234.0
2016-10-24 19:27:25 413782831 114.316065 30.604363 114.316603 30.604688 4.0 235.8 235.0
2016-10-24 19:27:54 413782831 114.315292 30.603917 114.316065 30.604363 4.1 237.1 237.0
2016-10-24 19:28:36 413782831 114.314877 30.603687 114.315292 30.603917 4.2 237.6 237.0
2016-10-24 19:28:58 413782831 114.314148 30.603282 114.314877 30.603687 4.2 237.9 237.0
2016-10-24 19:29:26 413782831 114.313558 30.602953 114.314148 30.603282 4.3 239.1 239.0
2016-10-24 19:30:04 413782831 114.312977 30.602622 114.313558 30.602953 4.2 234.6 234.0
2016-10-24 19:31:09 413782831 114.311763 30.601695 114.312977 30.602622 4.2 223.2 223.0
2016-10-24 19:31:44 413782831 114.31129 30.601257 114.311763 30.601695 4.3 221.6 221.0
2016-10-24 19:32:16 413782831 114.310818 30.600752 114.31129 30.601257 4.3 212.8 212.0
2016-10-24 19:32:36 413782831 114.310495 30.600208 114.310818 30.600752 4.4 203.2 203.0
2016-10-24 19:33:11 413782831 114.310192 30.599648 114.310495 30.600208 4.4 207.5 207.0
2016-10-24 19:34:17 413782831 114.309222 30.598537 114.310192 30.599648 3.9 246.4 246.0
2016-10-24 19:35:05 413782831 114.308625 30.59841 114.309222 30.598537 3.6 258.3 258.0
2016-10-24 19:37:00 413782831 114.307282 30.597888 114.308625 30.59841 0.7 260.2 260.0
2016-10-24 19:40:00 413782831 114.307213 30.597853 114.307282 30.597888 0.0 0.0 0.0
2016-10-24 19:42:59 413782831 114.307205 30.597852 114.307213 30.597853 0.0 0.0 0.0
2016-10-24 19:46:10 413782831 114.307193 30.597843 114.307205 30.597852 0.0 0.0 0.0
2016-10-24 19:49:12 413782831 114.307218 30.597868 114.307193 30.597843 0.0 0.0 0.0
2016-10-24 19:52:34 413782831 114.307213 30.597852 114.307218 30.597868 0.0 0.0 0.0
2016-10-24 19:55:32 413782831 114.30722 30.59786 114.307213 30.597852 0.0 0.0 0.0
2016-10-24 19:58:22 413782831 114.307217 30.597855 114.30722 30.59786 0.0 0.0 0.0
2016-10-24 20:01:22 413782831 114.3072 30.597857 114.307217 30.597855 0.0 0.0 0.0
2016-10-24 20:04:27 413782831 114.307222 30.597867 114.3072 30.597857 0.0 0.0 0.0
2016-10-24 20:07:25 413782831 114.307237 30.597863 114.307222 30.597867 0.0 0.0 0.0
2016-10-24 20:10:30 413782831 114.307225 30.597873 114.307237 30.597863 0.0 0.0 0.0
2016-10-24 20:14:32 413782831 114.30724 30.59788 114.307225 30.597873 0.0 0.0 0.0
2016-10-24 20:17:37 413782831 114.307245 30.597873 114.30724 30.59788 0.0 0.0 0.0
2016-10-24 20:20:49 413782831 114.30726 30.597872 114.307245 30.597873 0.0 0.0 0.0
2016-10-24 20:23:51 413782831 114.307248 30.597878 114.30726 30.597872 0.0 0.0 0.0
2016-10-24 20:26:38 413782831 114.307252 30.597868 114.307248 30.597878 0.0 0.0 0.0
2016-10-24 20:29:48 413782831 114.307248 30.597868 114.307252 30.597868 0.0 0.0 0.0
2016-10-24 20:33:07 413782831 114.30726 30.597865 114.307248 30.597868 0.0 0.0 0.0
2016-10-24 20:36:09 413782831 114.307262 30.597875 114.30726 30.597865 0.0 0.0 0.0
2016-10-24 20:39:11 413782831 114.307272 30.597883 114.307262 30.597875 0.0 0.0 0.0
2016-10-24 20:42:08 413782831 114.30726 30.597875 114.307272 30.597883 0.0 0.0 0.0
2016-10-24 20:45:11 413782831 114.307252 30.597865 114.30726 30.597875 0.0 0.0 0.0
2016-10-24 20:48:09 413782831 114.30725 30.59787 114.307252 30.597865 0.0 0.0 0.0
2016-10-24 20:51:21 413782831 114.307258 30.597875 114.30725 30.59787 0.0 0.0 0.0
2016-10-24 20:54:21 413782831 114.307265 30.597868 114.307258 30.597875 0.0 0.0 0.0
2016-10-24 20:57:16 413782831 114.30727 30.59787 114.307265 30.597868 0.0 0.0 0.0
2016-10-24 21:00:32 413782831 114.307252 30.597875 114.30727 30.59787 0.0 0.0 0.0
2016-10-24 21:03:24 413782831 114.30725 30.597873 114.307252 30.597875 0.0 0.0 0.0
2016-10-24 21:06:22 413782831 114.307248 30.59787 114.30725 30.597873 0.0 0.0 0.0
2016-10-24 21:09:30 413782831 114.30725 30.597865 114.307248 30.59787 0.0 0.0 0.0
2016-10-24 21:12:34 413782831 114.307257 30.597873 114.30725 30.597865 0.0 0.0 0.0
2016-10-24 21:15:48 413782831 114.307247 30.597865 114.307257 30.597873 0.0 0.0 0.0
2016-10-24 21:18:58 413782831 114.307233 30.59785 114.307247 30.597865 0.0 0.0 0.0
2016-10-24 21:21:44 413782831 114.307228 30.597858 114.307233 30.59785 0.0 0.0 0.0
2016-10-24 21:24:58 413782831 114.307237 30.597862 114.307228 30.597858 0.0 0.0 0.0
2016-10-24 21:27:45 413782831 114.307225 30.59786 114.307237 30.597862 0.0 0.0 0.0
2016-10-24 21:30:50 413782831 114.307217 30.597857 114.307225 30.59786 0.0 0.0 0.0
2016-10-24 21:33:51 413782831 114.307222 30.597863 114.307217 30.597857 0.0 0.0 0.0
2016-10-24 21:37:27 413782831 114.307225 30.59787 114.307222 30.597863 0.0 0.0 0.0
2016-10-24 21:40:14 413782831 114.307227 30.59788 114.307225 30.59787 0.0 0.0 0.0
2016-10-24 21:43:12 413782831 114.307207 30.597862 114.307227 30.59788 0.0 0.0 0.0
2016-10-24 21:46:06 413782831 114.307215 30.597862 114.307207 30.597862 0.0 0.0 0.0
2016-10-24 21:49:13 413782831 114.307227 30.597862 114.307215 30.597862 0.0 0.0 0.0
2016-10-24 21:52:16 413782831 114.307232 30.597852 114.307227 30.597862 0.0 0.0 0.0
2016-10-24 21:55:28 413782831 114.307228 30.597845 114.307232 30.597852 0.0 0.0 0.0
2016-10-24 21:58:25 413782831 114.307232 30.597843 114.307228 30.597845 0.0 0.0 0.0
2016-10-24 22:01:30 413782831 114.307237 30.597837 114.307232 30.597843 0.0 0.0 0.0
2016-10-24 22:04:34 413782831 114.307248 30.597885 114.307237 30.597837 0.0 0.0 0.0
2016-10-24 22:07:51 413782831 114.307242 30.597875 114.307248 30.597885 0.0 0.0 0.0
2016-10-24 22:10:37 413782831 114.307242 30.59789 114.307242 30.597875 0.0 0.0 0.0
2016-10-24 22:13:45 413782831 114.307207 30.597895 114.307242 30.59789 0.0 0.0 0.0
2016-10-24 22:16:28 413782831 114.307205 30.59789 114.307207 30.597895 0.0 0.0 0.0
2016-10-24 22:19:03 413782831 114.307197 30.597878 114.307205 30.59789 0.0 0.0 0.0
2016-10-24 22:21:36 413782831 114.307217 30.597877 114.307197 30.597878 0.0 0.0 0.0
2016-10-24 22:24:20 413782831 114.307225 30.597882 114.307217 30.597877 0.0 0.0 0.0
2016-10-24 22:26:37 413782831 114.307203 30.597882 114.307225 30.597882 0.0 0.0 0.0
2016-10-24 22:29:08 413782831 114.307203 30.597878 114.307203 30.597882 0.0 0.0 0.0
2016-10-24 22:31:56 413782831 114.307233 30.597858 114.307203 30.597878 0.0 0.0 0.0
2016-10-24 22:35:19 413782831 114.307223 30.597855 114.307233 30.597858 0.0 0.0 0.0
2016-10-24 22:36:32 413782831 114.307232 30.597845 114.307223 30.597855 0.0 0.0 0.0
2016-10-24 22:39:51 413782831 114.307232 30.597855 114.307232 30.597845 0.0 0.0 0.0
2016-10-24 22:42:58 413782831 114.30725 30.597855 114.307232 30.597855 0.0 0.0 0.0
2016-10-24 22:45:50 413782831 114.30726 30.597888 114.30725 30.597855 0.0 0.0 0.0
2016-10-24 22:49:00 413782831 114.30725 30.597892 114.30726 30.597888 0.0 0.0 0.0
2016-10-24 22:52:13 413782831 114.30725 30.597888 114.30725 30.597892 0.0 0.0 0.0
2016-10-24 22:55:15 413782831 114.307245 30.597895 114.30725 30.597888 0.0 0.0 0.0
2016-10-24 22:58:05 413782831 114.307243 30.597898 114.307245 30.597895 0.0 0.0 0.0
2016-10-24 23:02:25 413782831 114.307245 30.597882 114.307243 30.597898 0.0 0.0 0.0
2016-10-24 23:05:25 413782831 114.30723 30.597893 114.307245 30.597882 0.0 0.0 0.0
2016-10-24 23:08:20 413782831 114.30725 30.597888 114.30723 30.597893 0.0 0.0 0.0
2016-10-24 23:11:25 413782831 114.307258 30.597873 114.30725 30.597888 0.0 0.0 0.0
2016-10-24 23:14:37 413782831 114.307238 30.597855 114.307258 30.597873 0.0 0.0 0.0
2016-10-24 23:17:27 413782831 114.307247 30.597867 114.307238 30.597855 0.0 0.0 0.0
2016-10-24 23:20:46 413782831 114.307242 30.597873 114.307247 30.597867 0.0 0.0 0.0
2016-10-24 23:23:36 413782831 114.30724 30.597875 114.307242 30.597873 0.0 0.0 0.0
2016-10-24 23:26:48 413782831 114.307252 30.597867 114.30724 30.597875 0.0 0.0 0.0
2016-10-24 23:29:56 413782831 114.307258 30.597865 114.307252 30.597867 0.0 0.0 0.0
2016-10-24 23:33:00 413782831 114.30725 30.597865 114.307258 30.597865 0.0 0.0 0.0
2016-10-24 23:36:01 413782831 114.307243 30.597872 114.30725 30.597865 0.0 0.0 0.0
2016-10-24 23:39:04 413782831 114.307252 30.597882 114.307243 30.597872 0.0 0.0 0.0
2016-10-24 23:42:02 413782831 114.307255 30.597882 114.307252 30.597882 0.0 0.0 0.0
2016-10-24 23:45:11 413782831 114.30724 30.597878 114.307255 30.597882 0.0 0.0 0.0
2016-10-24 23:48:13 413782831 114.307238 30.597862 114.30724 30.597878 0.0 0.0 0.0
2016-10-24 23:51:22 413782831 114.307267 30.59788 114.307238 30.597862 0.0 0.0 0.0
2016-10-24 23:54:25 413782831 114.307245 30.597857 114.307267 30.59788 0.0 0.0 0.0
2016-10-24 23:57:16 413782831 114.307248 30.597872 114.307245 30.597857 0.0 0.0 0.0
