2016-10-24 14:59:21 413983353 114.272388 30.533532 114.266465 30.526633 7.7 29.1
2016-10-24 15:01:20 413983353 114.275272 30.538302 114.272388 30.533532 7.7 28.1
2016-10-24 15:07:20 413983353 114.2820700952381 30.54948580952381    
2016-10-24 15:07:38 413983353 114.28241 30.550045 114.275272 30.538302 7.3 25.6
2016-10-24 15:08:06 413983353 114.28268 30.55054 114.28241 30.550045 7.4 25.2
2016-10-24 15:08:32 413983353 114.28317 30.55146 114.28268 30.55054 6.9 27.4
2016-10-24 15:09:44 413983353 114.2843 30.553478 114.28317 30.55146 7.2 26.5
2016-10-24 15:10:17 413983353 114.285292 30.555173 114.2843 30.553478 7.5 26.3
2016-10-24 15:10:43 413983353 114.285848 30.55607 114.285292 30.555173 7.9 25.7
2016-10-24 15:11:39 413983353 114.286365 30.556973 114.285848 30.55607 7.4 26.0
2016-10-24 15:13:01 413983353 114.2879 30.559653 114.286365 30.556973 7.2 26.5
2016-10-24 15:13:44 413983353 114.288905 30.5615 114.2879 30.559653 7.1 27.6
2016-10-24 15:15:59 413983353 114.291268 30.56501 114.288905 30.5615 7.3 29.6
2016-10-24 15:16:34 413983353 114.291828 30.565883 114.291268 30.56501 7.2 27.7
2016-10-24 15:17:27 413983353 114.292933 30.567638 114.291828 30.565883 7.2 31.0
2016-10-24 15:18:36 413983353 114.294143 30.569323 114.292933 30.567638 7.5 32.3
2016-10-24 15:18:59 413983353 114.294747 30.57017 114.294143 30.569323 7.3 31.5
2016-10-24 15:19:25 413983353 114.295417 30.571028 114.294747 30.57017 7.1 35.1
2016-10-24 15:19:55 413983353 114.296058 30.571823 114.295417 30.571028 7.2 33.2
2016-10-24 15:20:24 413983353 114.296715 30.572642 114.296058 30.571823 7.2 34.9
2016-10-24 15:20:49 413983353 114.297405 30.573485 114.296715 30.572642 7.3 35.4
2016-10-24 15:21:59 413983353 114.298077 30.574282 114.297405 30.573485 7.2 35.6
2016-10-24 15:22:30 413983353 114.299468 30.575908 114.298077 30.574282 7.3 35.1
2016-10-24 15:22:58 413983353 114.300145 30.57675 114.299468 30.575908 7.4 34.1
2016-10-24 15:24:14 413983353 114.301443 30.57847 114.300145 30.57675 7.5 33.2
2016-10-24 15:25:33 413983353 114.303707 30.581527 114.301443 30.57847 7.5 31.0
2016-10-24 15:26:14 413983353 114.304008 30.581982 114.303707 30.581527 7.6 31.0
2016-10-24 15:27:07 413983353 114.305248 30.583798 114.304008 30.581982 7.5 29.8
2016-10-24 15:27:29 413983353 114.305842 30.584653 114.305248 30.583798 7.5 31.3
2016-10-24 15:28:06 413983353 114.306482 30.585577 114.305842 30.584653 7.5 30.6
2016-10-24 15:28:36 413983353 114.307107 30.58649 114.306482 30.585577 7.5 30.3
2016-10-24 15:28:56 413983353 114.307718 30.587408 114.307107 30.58649 7.5 30.0
2016-10-24 15:29:17 413983353 114.308305 30.588317 114.307718 30.587408 7.5 29.9
2016-10-24 15:30:03 413983353 114.30892 30.589207 114.308305 30.588317 7.5 31.2
2016-10-24 15:30:36 413983353 114.309543 30.590103 114.30892 30.589207 7.5 31.8
2016-10-24 15:31:03 413983353 114.310173 30.590968 114.309543 30.590103 7.5 32.4
2016-10-24 15:31:27 413983353 114.310848 30.591783 114.310173 30.590968 7.5 34.7
2016-10-24 15:32:06 413983353 114.311487 30.592685 114.310848 30.591783 7.4 31.3
2016-10-24 15:32:59 413983353 114.312733 30.594442 114.311487 30.592685 7.5 30.7
2016-10-24 15:33:22 413983353 114.31335 30.595328 114.312733 30.594442 7.5 29.7
2016-10-24 15:33:55 413983353 114.31397 30.596212 114.31335 30.595328 7.5 31.1
2016-10-24 15:34:22 413983353 114.314605 30.597112 114.31397 30.596212 7.5 32.3
2016-10-24 15:34:44 413983353 114.315253 30.597985 114.314605 30.597112 7.5 33.4
2016-10-24 15:35:57 413983353 114.3166 30.599745 114.315253 30.597985 7.4 33.7
2016-10-24 15:36:31 413983353 114.317297 30.600658 114.3166 30.599745 7.5 33.6
2016-10-24 15:36:56 413983353 114.31794 30.601522 114.317297 30.600658 7.4 32.9
2016-10-24 15:37:20 413983353 114.318602 30.602392 114.31794 30.601522 7.5 34.4
2016-10-24 15:37:57 413983353 114.319255 30.60324 114.318602 30.602392 7.5 34.1
2016-10-24 15:38:24 413983353 114.319927 30.604105 114.319255 30.60324 7.5 34.1
2016-10-24 15:38:50 413983353 114.32058 30.604877 114.319927 30.604105 7.6 28.6
2016-10-24 15:39:16 413983353 114.32135 30.605795 114.32058 30.604877 7.5 37.6
2016-10-24 15:39:54 413983353 114.32207 30.606573 114.32135 30.605795 7.5 38.8
2016-10-24 15:40:23 413983353 114.32285 30.607383 114.32207 30.606573 7.4 41.0
2016-10-24 15:40:48 413983353 114.323692 30.608167 114.32285 30.607383 7.4 44.0
2016-10-24 15:41:49 413983353 114.325382 30.609623 114.323692 30.608167 7.4 46.9
2016-10-24 15:42:21 413983353 114.326213 30.610358 114.325382 30.609623 7.4 45.7
2016-10-24 15:42:52 413983353 114.32709 30.61109 114.326213 30.610358 7.4 45.3
2016-10-24 15:43:19 413983353 114.327938 30.611812 114.32709 30.61109 7.3 46.8
2016-10-24 15:44:01 413983353 114.328763 30.612498 114.327938 30.611812 7.4 46.1
2016-10-24 15:44:32 413983353 114.329617 30.613177 114.328763 30.612498 7.4 46.6
2016-10-24 15:44:56 413983353 114.330527 30.613937 114.329617 30.613177 7.4 47.5
2016-10-24 15:45:18 413983353 114.331413 30.614635 114.330527 30.613937 7.4 47.7
2016-10-24 15:46:04 413983353 114.332273 30.615332 114.331413 30.614635 7.5 47.2
2016-10-24 15:46:36 413983353 114.333167 30.616053 114.332273 30.615332 7.6 47.0
2016-10-24 15:47:03 413983353 114.334058 30.616773 114.333167 30.616053 7.6 45.2
2016-10-24 15:47:30 413983353 114.33488 30.617435 114.334058 30.616773 7.6 47.7
2016-10-24 15:48:20 413983353 114.336737 30.618863 114.33488 30.617435 7.7 49.3
2016-10-24 15:48:53 413983353 114.337658 30.619587 114.336737 30.618863 8.0 47.5
2016-10-24 15:49:21 413983353 114.338587 30.620318 114.337658 30.619587 7.8 47.3
2016-10-24 15:49:47 413983353 114.339462 30.62099 114.338587 30.620318 7.7 49.1
2016-10-24 15:50:26 413983353 114.3404 30.621735 114.339462 30.62099 7.8 49.1
2016-10-24 15:50:55 413983353 114.341332 30.622465 114.3404 30.621735 7.8 46.7
2016-10-24 15:51:20 413983353 114.342233 30.623167 114.341332 30.622465 8.0 46.8
2016-10-24 15:52:18 413983353 114.344147 30.624688 114.342233 30.623167 8.0 47.6
2016-10-24 15:53:34 413983353 114.346107 30.626222 114.344147 30.624688 8.1 48.6
2016-10-24 15:54:25 413983353 114.348032 30.627705 114.346107 30.626222 8.1 48.1
2016-10-24 15:54:59 413983353 114.34899 30.628422 114.348032 30.627705 8.1 48.4
2016-10-24 15:55:23 413983353 114.349983 30.629183 114.34899 30.628422 8.2 50.0
2016-10-24 15:55:48 413983353 114.350978 30.629978 114.349983 30.629183 8.2 46.2
2016-10-24 15:56:28 413983353 114.35192 30.630717 114.350978 30.629978 8.3 47.5
2016-10-24 15:57:01 413983353 114.352905 30.631497 114.35192 30.630717 8.2 48.1
2016-10-24 15:57:57 413983353 114.354903 30.633077 114.352905 30.631497 7.9 47.7
2016-10-24 15:58:29 413983353 114.355888 30.633857 114.354903 30.633077 8.3 47.5
2016-10-24 15:58:55 413983353 114.356885 30.634627 114.355888 30.633857 8.3 48.4
2016-10-24 16:00:27 413983353 114.359895 30.636945 114.356885 30.634627 8.6 48.4
2016-10-24 16:00:57 413983353 114.36093 30.6377 114.359895 30.636945 8.3 47.9
2016-10-24 16:01:20 413983353 114.361948 30.638418 114.36093 30.6377 8.3 50.2
2016-10-24 16:02:23 413983353 114.36402 30.639865 114.361948 30.638418 8.3 50.9
2016-10-24 16:02:55 413983353 114.365125 30.64061 114.36402 30.639865 8.4 51.5
2016-10-24 16:03:24 413983353 114.366097 30.641273 114.365125 30.64061 8.3 53.2
2016-10-24 16:03:53 413983353 114.367197 30.642022 114.366097 30.641273 8.4 54.0
2016-10-24 16:04:33 413983353 114.368308 30.642688 114.367197 30.642022 8.4 54.3
2016-10-24 16:05:00 413983353 114.369338 30.643335 114.368308 30.642688 8.3 56.1
2016-10-24 16:06:27 413983353 114.3727 30.645297 114.369338 30.643335 7.9 56.9
2016-10-24 16:07:00 413983353 114.373787 30.64595 114.3727 30.645297 8.2 57.0
2016-10-24 16:07:51 413983353 114.376022 30.647132 114.373787 30.64595 8.2 59.6
2016-10-24 16:09:03 413983353 114.378323 30.648253 114.376022 30.647132 8.1 60.9
2016-10-24 16:10:38 413983353 114.381788 30.649805 114.378323 30.648253 8.1 63.0
2016-10-24 16:11:14 413983353 114.382962 30.650303 114.381788 30.649805 8.1 63.1
2016-10-24 16:12:55 413983353 114.387558 30.652265 114.382962 30.650303 8.1 64.4
2016-10-24 16:13:24 413983353 114.388717 30.652748 114.387558 30.652265 8.1 64.9
2016-10-24 16:14:17 413983353 114.3911 30.653638 114.388717 30.652748 8.0 68.6
2016-10-24 16:14:55 413983353 114.392267 30.654035 114.3911 30.653638 8.0 68.7
2016-10-24 16:15:26 413983353 114.39344 30.654468 114.392267 30.654035 7.9 66.4
2016-10-24 16:15:49 413983353 114.39465 30.654847 114.39344 30.654468 8.0 67.7
2016-10-24 16:16:54 413983353 114.397035 30.655765 114.39465 30.654847 8.0 67.3
2016-10-24 16:17:27 413983353 114.398235 30.656188 114.397035 30.655765 7.9 70.0
2016-10-24 16:18:22 413983353 114.400557 30.656942 114.398235 30.656188 8.2 66.1
2016-10-24 16:19:04 413983353 114.40188 30.657443 114.400557 30.656942 8.1 68.6
2016-10-24 16:20:07 413983353 114.404222 30.65823 114.40188 30.657443 8.0 69.5
2016-10-24 16:20:34 413983353 114.405502 30.658632 114.404222 30.65823 8.1 69.6
2016-10-24 16:21:14 413983353 114.40671 30.659007 114.405502 30.658632 8.0 71.0
2016-10-24 16:22:10 413983353 114.40909 30.659727 114.40671 30.659007 7.9 71.4
2016-10-24 16:22:37 413983353 114.41035 30.660115 114.40909 30.659727 7.9 70.9
2016-10-24 16:23:24 413983353 114.412757 30.660868 114.41035 30.660115 7.9 70.6
2016-10-24 16:28:10 413983353 114.423202 30.664643 114.412757 30.660868 7.7 65.0
2016-10-24 16:34:10 413983353 114.4371747388535 30.66993217197452    
2016-10-24 16:36:01 413983353 114.441483 30.671563 114.438043 30.670263 7.8 66.9
2016-10-24 16:36:27 413983353 114.442657 30.672008 114.441483 30.671563 7.9 65.3
2016-10-24 16:39:19 413983353 114.44859 30.674272 114.442657 30.672008 7.9 64.4
2016-10-24 16:39:54 413983353 114.450907 30.675218 114.44859 30.674272 8.0 65.6
2016-10-24 16:41:20 413983353 114.45435 30.676578 114.450907 30.675218 7.8 67.0
2016-10-24 16:47:20 413983353 114.4679197674419 30.68133055813954    
2016-10-24 16:49:56 413983353 114.4738 30.68339 114.471528 30.682662 7.6 69.1
2016-10-24 16:54:31 413983353 114.48429 30.686438 114.4738 30.68339 7.7 73.8
2016-10-24 16:55:09 413983353 114.485452 30.686725 114.48429 30.686438 7.7 74.8
2016-10-24 16:56:28 413983353 114.489103 30.687587 114.485452 30.686725 7.7 77.5
2016-10-24 16:57:35 413983353 114.491492 30.68807 114.489103 30.687587 7.7 77.6
2016-10-24 17:00:21 413983353 114.49882 30.688743 114.491492 30.68807 7.6 89.7
2016-10-24 17:02:21 413983353 114.50375 30.688572 114.49882 30.688743 7.2 89.7
2016-10-24 17:08:21 413983353 114.5147574188999 30.68073247954866    
2016-10-24 17:14:21 413983353 114.5257648377997 30.67289295909732    
2016-10-24 17:20:21 413983353 114.5367722566996 30.66505343864598    
2016-10-24 17:25:59 413983353 114.547107 30.657693 114.543888 30.664138 8.6 153.6
