2016-10-21 10:56:35 413805689 114.23333 30.486065 114.232738 30.485317 6.9 32.0
2016-10-21 10:59:31 413805689 114.236948 30.490397 114.23333 30.486065 6.2 36.6
2016-10-21 11:00:25 413805689 114.238105 30.4918 114.236948 30.490397 6.0 34.3
2016-10-21 11:00:52 413805689 114.238622 30.492472 114.238105 30.4918 6.2 35.5
2016-10-21 11:01:32 413805689 114.239155 30.493108 114.238622 30.492472 5.7 33.9
2016-10-21 11:02:32 413805689 114.240145 30.494373 114.239155 30.493108 5.5 34.0
2016-10-21 11:04:11 413805689 114.241607 30.49623 114.240145 30.494373 5.2 31.6
2016-10-21 11:05:03 413805689 114.242407 30.497307 114.241607 30.49623 5.0 33.6
2016-10-21 11:07:09 413805689 114.244275 30.499633 114.242407 30.497307 4.8 34.5
2016-10-21 11:07:52 413805689 114.245137 30.50072 114.244275 30.499633 4.6 36.0
2016-10-21 11:09:42 413805689 114.24688 30.502743 114.245137 30.50072 4.6 39.4
2016-10-21 11:10:57 413805689 114.24776 30.50364 114.24688 30.502743 4.5 41.6
2016-10-21 11:12:31 413805689 114.249215 30.505107 114.24776 30.50364 4.5 39.4
2016-10-21 11:16:38 413805689 114.253588 30.509785 114.249215 30.505107 5.2 37.1
2016-10-21 11:20:01 413805689 114.256863 30.513462 114.253588 30.509785 6.7 37.8
2016-10-21 11:21:29 413805689 114.258985 30.515902 114.256863 30.513462 7.7 35.8
2016-10-21 11:23:20 413805689 114.261883 30.519502 114.258985 30.515902 8.2 33.4
2016-10-21 11:25:18 413805689 114.264838 30.523402 114.261883 30.519502 8.5 33.6
2016-10-21 11:25:46 413805689 114.265577 30.52435 114.264838 30.523402 8.6 32.5
2016-10-21 11:26:14 413805689 114.266345 30.52534 114.265577 30.52435 8.6 34.8
2016-10-21 11:26:40 413805689 114.26713 30.526342 114.266345 30.52534 8.6 34.0
2016-10-21 11:29:03 413805689 114.270322 30.530502 114.26713 30.526342 8.7 34.0
2016-10-21 11:32:13 413805689 114.274943 30.537107 0.0 0.0 8.3 28.5
2016-10-21 11:32:51 413805689 114.275583 30.538077 114.274943 30.537107 7.8 29.7
2016-10-21 11:33:40 413805689 114.27678 30.539908 114.275583 30.538077 7.6 27.9
2016-10-21 11:34:01 413805689 114.277372 30.54084 114.27678 30.539908 7.6 26.6
2016-10-21 11:34:49 413805689 114.278062 30.541975 114.277372 30.54084 7.4 27.2
2016-10-21 11:35:38 413805689 114.278972 30.5435 114.278062 30.541975 7.1 26.0
2016-10-21 11:36:43 413805689 114.279957 30.545232 114.278972 30.5435 6.9 25.4
2016-10-21 11:37:47 413805689 114.280953 30.547005 114.279957 30.545232 6.8 25.5
2016-10-21 11:38:51 413805689 114.281887 30.548723 114.280953 30.547005 7.1 24.8
2016-10-21 11:39:37 413805689 114.282722 30.550373 114.281887 30.548723 6.7 19.8
2016-10-21 11:40:13 413805689 114.283132 30.551252 114.282722 30.550373 6.6 20.3
2016-10-21 11:40:38 413805689 114.283647 30.552388 114.283132 30.551252 6.7 21.7
2016-10-21 11:41:06 413805689 114.283888 30.552917 114.283647 30.552388 6.5 20.9
2016-10-21 11:41:31 413805689 114.284213 30.55373 114.283888 30.552917 6.3 11.9
2016-10-21 11:42:30 413805689 114.284858 30.555455 114.284213 30.55373 6.6 18.1
2016-10-21 11:43:13 413805689 114.28515 30.55624 114.284858 30.555455 6.0 18.8
2016-10-21 11:44:16 413805689 114.285805 30.55775 114.28515 30.55624 5.7 19.3
2016-10-21 11:44:58 413805689 114.28644 30.559232 114.285805 30.55775 5.8 21.8
2016-10-21 11:45:36 413805689 114.286727 30.559977 114.28644 30.559232 5.8 21.7
2016-10-21 11:46:00 413805689 114.287082 30.560772 114.286727 30.559977 5.5 15.8
2016-10-21 11:46:53 413805689 114.287315 30.561967 114.287082 30.560772 6.2 5.8
2016-10-21 11:47:37 413805689 114.28744 30.563283 114.287315 30.561967 5.3 7.2
2016-10-21 11:48:04 413805689 114.287523 30.564162 114.28744 30.563283 6.1 2.4
2016-10-21 11:48:27 413805689 114.287533 30.56504 114.287523 30.564162 6.2 355.3
2016-10-21 11:49:21 413805689 114.2874 30.565887 114.287533 30.56504 6.0 349.0
2016-10-21 11:50:11 413805689 114.286702 30.567268 114.2874 30.565887 4.5 314.0
2016-10-21 11:51:14 413805689 114.285562 30.567813 114.286702 30.567268 3.9 281.7
2016-10-21 11:52:01 413805689 114.284297 30.567823 114.285562 30.567813 4.1 265.4
2016-10-21 11:53:02 413805689 114.282917 30.567657 114.284297 30.567823 4.4 257.4
2016-10-21 11:54:12 413805689 114.281545 30.567272 114.282917 30.567657 4.6 245.5
2016-10-21 11:55:39 413805689 114.279573 30.566292 114.281545 30.567272 4.1 233.7
2016-10-21 11:56:38 413805689 114.27842 30.565392 114.279573 30.566292 5.0 223.5
2016-10-21 11:57:29 413805689 114.277235 30.564497 114.27842 30.565392 4.9 229.5
2016-10-21 11:58:28 413805689 114.276633 30.564092 114.277235 30.564497 5.0 230.0
2016-10-21 11:59:17 413805689 114.275282 30.563495 114.276633 30.564092 4.9 257.1
2016-10-21 12:00:15 413805689 114.273808 30.563318 114.275282 30.563495 4.5 265.5
2016-10-21 12:02:58 413805689 114.269183 30.5636 114.273808 30.563318 4.9 272.2
2016-10-21 12:05:54 413805689 114.265355 30.564165 114.269183 30.5636 4.9 277.9
2016-10-21 12:08:09 413805689 114.261827 30.56492 114.265355 30.564165 4.6 272.0
2016-10-21 12:09:10 413805689 114.260425 30.565275 114.261827 30.56492 4.2 285.5
2016-10-21 12:12:59 413805689 114.255295 30.566185 114.260425 30.565275 4.1 277.2
2016-10-21 12:14:20 413805689 114.253352 30.566317 114.255295 30.566185 4.1 274.6
2016-10-21 12:16:23 413805689 114.250722 30.566642 114.253352 30.566317 4.0 276.1
2016-10-21 12:19:21 413805689 114.246682 30.567405 114.250722 30.566642 4.4 296.2
2016-10-21 12:20:59 413805689 114.244905 30.568215 114.246682 30.567405 3.9 334.1
2016-10-21 12:21:44 413805689 114.243848 30.568802 114.244905 30.568215 3.3 307.4
2016-10-21 12:22:40 413805689 114.243463 30.569117 114.243848 30.568802 3.5 307.3
2016-10-21 12:24:30 413805689 114.241645 30.570213 114.243463 30.569117 3.6 315.1
2016-10-21 12:25:17 413805689 114.240865 30.571067 114.241645 30.570213 3.7 320.7
2016-10-21 12:27:01 413805689 114.239647 30.57207 114.240865 30.571067 3.6 308.3
2016-10-21 12:28:24 413805689 114.238163 30.5729 114.239647 30.57207 3.9 289.4
2016-10-21 12:28:46 413805689 114.23752 30.57313 114.238163 30.5729 4.3 283.0
2016-10-21 12:30:29 413805689 114.235942 30.573523 114.23752 30.57313 3.5 285.2
2016-10-21 12:32:22 413805689 114.233488 30.573905 114.235942 30.573523 4.1 276.8
2016-10-21 12:33:46 413805689 114.23131 30.574018 114.233488 30.573905 4.7 272.1
2016-10-21 12:34:07 413805689 114.23054 30.574042 114.23131 30.574018 4.9 270.5
2016-10-21 12:35:01 413805689 114.229663 30.574037 114.23054 30.574042 4.9 271.5
2016-10-21 12:37:58 413805689 114.225037 30.573913 114.229663 30.574037 4.9 270.8
2016-10-21 12:39:10 413805689 114.22286 30.573943 114.225037 30.573913 3.9 281.7
2016-10-21 12:39:57 413805689 114.222222 30.574065 114.22286 30.573943 3.7 283.7
2016-10-21 12:42:15 413805689 114.219195 30.574997 114.222222 30.574065 4.2 298.3
2016-10-21 12:43:59 413805689 114.217413 30.575933 114.219195 30.574997 4.4 299.5
2016-10-21 12:44:54 413805689 114.216212 30.576477 114.217413 30.575933 4.3 304.0
2016-10-21 12:50:21 413805689 114.21107 30.580712 114.211532 30.580365 3.8 309.7
2016-10-21 12:51:48 413805689 114.209648 30.581797 114.21107 30.580712 3.9 315.4
2016-10-21 12:53:13 413805689 114.20875 30.582562 114.209648 30.581797 3.9 314.4
2016-10-21 12:53:43 413805689 114.207762 30.583283 114.20875 30.582562 4.2 311.9
2016-10-21 12:54:10 413805689 114.20733 30.58364 114.207762 30.583283 4.3 311.7
2016-10-21 12:55:10 413805689 114.206237 30.58443 114.20733 30.58364 4.6 308.4
2016-10-21 12:56:24 413805689 114.20512 30.585295 114.206237 30.58443 4.8 304.2
2016-10-21 12:57:23 413805689 114.203777 30.585675 114.20512 30.585295 4.2 274.0
2016-10-21 12:58:46 413805689 114.20194 30.585577 114.203777 30.585675 3.4 258.3
2016-10-21 12:59:09 413805689 114.20141 30.58546 114.20194 30.585577 3.3 259.5
2016-10-21 12:59:33 413805689 114.20089 30.585362 114.20141 30.58546 3.2 254.4
2016-10-21 13:00:40 413805689 114.200417 30.58525 114.20089 30.585362 3.1 251.8
2016-10-21 13:01:09 413805689 114.199477 30.58497 114.200417 30.58525 2.9 250.0
2016-10-21 13:02:39 413805689 114.198347 30.584598 114.199477 30.58497 2.4 249.6
2016-10-21 13:04:31 413805689 114.197313 30.584188 114.198347 30.584598 2.5 243.5
2016-10-21 13:05:30 413805689 114.196538 30.583882 114.197313 30.584188 2.6 245.0
2016-10-21 13:06:35 413805689 114.195417 30.58343 114.196538 30.583882 2.6 243.7
2016-10-21 13:07:48 413805689 114.194657 30.583093 114.195417 30.58343 2.6 244.3
2016-10-21 13:10:58 413805689 114.191592 30.582363 114.194657 30.583093 3.5 259.1
2016-10-21 13:13:12 413805689 114.188828 30.582028 114.191592 30.582363 4.2 266.7
2016-10-21 13:14:17 413805689 114.187483 30.581822 114.188828 30.582028 4.4 258.9
2016-10-21 13:15:04 413805689 114.186168 30.581888 114.187483 30.581822 4.0 288.8
2016-10-21 13:16:09 413805689 114.185078 30.58248 114.186168 30.581888 4.1 311.8
2016-10-21 13:22:09 413805689 114.1793491538462 30.58632057692308    
2016-10-21 13:23:05 413805689 114.178458 30.586918 114.178732 30.586675 3.5 299.9
2016-10-21 13:24:04 413805689 114.177457 30.587437 114.178458 30.586918 3.8 299.0
2016-10-21 13:30:04 413805689 114.1732139016642 30.58780408018155    
2016-10-21 13:36:04 413805689 114.1689708033283 30.58817116036309    
2016-10-21 13:42:04 413805689 114.1647277049924 30.58853824054463    
2016-10-21 13:48:04 413805689 114.1604846066566 30.58890532072617    
2016-10-21 13:54:04 413805689 114.1562415083207 30.58927240090772    
2016-10-21 14:00:04 413805689 114.1519984099849 30.58963948108926    
2016-10-21 14:06:04 413805689 114.147755311649 30.5900065612708    
2016-10-21 14:12:04 413805689 114.1435122133132 30.59037364145235    
2016-10-21 14:18:04 413805689 114.1392691149773 30.59074072163389    
2016-10-21 14:19:09 413805689 114.138503 30.590807 114.139508 30.592753 4.0 198.8
2016-10-21 14:25:09 413805689 114.1321024347826 30.5915097826087    
2016-10-21 14:31:09 413805689 114.1257018695652 30.59221256521739    
2016-10-21 14:37:09 413805689 114.1193013043478 30.59291534782609    
2016-10-21 14:43:09 413805689 114.1129007391304 30.59361813043478    
2016-10-21 14:49:09 413805689 114.106500173913 30.59432091304348    
2016-10-21 14:55:09 413805689 114.1000996086957 30.59502369565218    
2016-10-21 15:01:09 413805689 114.0936990434783 30.59572647826087    
2016-10-21 15:05:09 413805689 114.089432 30.596195 114.092958 30.59642 3.6 261.0
2016-10-21 15:11:09 413805689 114.0837726562054 30.59500060627675    
2016-10-21 15:17:09 413805689 114.0781133124108 30.5938062125535    
2016-10-21 15:23:09 413805689 114.0724539686163 30.59261181883024    
2016-10-21 15:29:09 413805689 114.0667946248217 30.59141742510699    
2016-10-21 15:35:09 413805689 114.0611352810271 30.59022303138374    
2016-10-21 15:41:09 413805689 114.0554759372325 30.58902863766048    
2016-10-21 15:47:09 413805689 114.0498165934379 30.58783424393723    
2016-10-21 15:51:53 413805689 114.045352 30.586892 114.045962 30.586713 4.1 289.4
