2016-10-21 0:34:31 413811693 114.543502 30.67034 114.543512 30.67031 0.0 340.6
2016-10-21 0:35:37 413811693 114.543495 30.670343 114.543502 30.67034 0.0 340.6
2016-10-21 0:37:48 413811693 114.54346 30.670455 114.543495 30.670343 0.0 281.9
2016-10-21 0:40:43 413811693 114.543458 30.67046 114.54346 30.670455 0.0 281.9
2016-10-21 0:41:36 413811693 114.543458 30.670472 114.543458 30.67046 0.0 281.9
2016-10-21 0:43:41 413811693 114.543462 30.670472 114.543458 30.670472 0.0 281.9
2016-10-21 0:46:36 413811693 114.54346 30.670467 114.543462 30.670472 0.0 281.9
2016-10-21 0:47:32 413811693 114.543452 30.670472 114.54346 30.670467 0.0 281.9
2016-10-21 0:49:42 413811693 114.543437 30.67053 114.543452 30.670472 0.0 236.9
2016-10-21 0:52:45 413811693 114.543443 30.67052 114.543437 30.67053 0.0 236.9
2016-10-21 0:53:39 413811693 114.543443 30.670507 114.543443 30.67052 0.0 236.9
2016-10-21 00:59:39 413811693 114.5434370540541 30.6705042972973    
2016-10-21 1:04:45 413811693 114.543432 30.670502 114.543437 30.670507 0.0 236.9
2016-10-21 01:10:45 413811693 114.5434332561061 30.67049772923936    
2016-10-21 01:16:45 413811693 114.5434345122121 30.67049345847872    
2016-10-21 01:22:45 413811693 114.5434357683182 30.67048918771807    
2016-10-21 1:28:38 413811693 114.543437 30.670485 114.543438 30.670485 0.0 236.9
2016-10-21 1:29:19 413811693 114.54344 30.670488 114.543437 30.670485 0.0 236.9
2016-10-21 1:31:38 413811693 114.543435 30.670498 114.54344 30.670488 0.0 236.9
2016-10-21 3:34:41 413811693 114.543382 30.670517 114.543362 30.670508 0.0 21.6
2016-10-21 03:40:41 413811693 114.5433906457638 30.67051099599733    
2016-10-21 03:46:41 413811693 114.5433992915277 30.67050499199466    
2016-10-21 03:52:41 413811693 114.5434079372915 30.67049898799199    
2016-10-21 03:58:41 413811693 114.5434165830554 30.67049298398933    
2016-10-21 3:59:40 413811693 114.543418 30.670492 114.543413 30.670507 0.0 21.6
2016-10-21 04:05:40 413811693 114.5434143604396 30.67047775824176    
2016-10-21 04:11:40 413811693 114.5434107208791 30.67046351648352    
2016-10-21 04:17:40 413811693 114.5434070813187 30.67044927472528    
2016-10-21 04:23:40 413811693 114.5434034417582 30.67043503296703    
2016-10-21 04:29:40 413811693 114.5433998021978 30.67042079120879    
2016-10-21 04:35:40 413811693 114.5433961626374 30.67040654945055    
2016-10-21 4:37:35 413811693 114.543395 30.670402 114.543378 30.670415 0.0 21.6
2016-10-21 4:40:37 413811693 114.54341 30.670425 114.543395 30.670402 0.0 21.6
2016-10-21 4:41:30 413811693 114.543417 30.670432 114.54341 30.670425 0.0 21.6
2016-10-21 04:47:30 413811693 114.5434179703504 30.67043491105121    
2016-10-21 4:47:41 413811693 114.543418 30.670435 114.543413 30.67044 0.0 21.6
2016-10-21 4:52:47 413811693 114.54343 30.670448 114.543418 30.670435 0.0 21.6
2016-10-21 04:58:47 413811693 114.5434763509006 30.67047489793195    
2016-10-21 05:04:47 413811693 114.5435227018012 30.67050179586391    
2016-10-21 05:10:47 413811693 114.5435690527018 30.67052869379586    
2016-10-21 05:16:47 413811693 114.5436154036024 30.67055559172782    
2016-10-21 5:17:46 413811693 114.543623 30.67056 114.543627 30.670558 0.0 244.0
2016-10-21 5:19:43 413811693 114.543618 30.670555 114.543623 30.67056 0.0 244.0
2016-10-21 5:22:33 413811693 114.543612 30.67056 114.543618 30.670555 0.0 244.0
2016-10-21 05:28:33 413811693 114.5436094306106 30.67056085646312    
2016-10-21 05:34:33 413811693 114.5436068612212 30.67056171292625    
2016-10-21 05:40:33 413811693 114.5436042918319 30.67056256938938    
2016-10-21 5:43:34 413811693 114.543603 30.670563 114.543612 30.670565 0.0 244.0
2016-10-21 5:46:30 413811693 114.543598 30.670565 114.543603 30.670563 0.0 244.0
2016-10-21 5:47:42 413811693 114.543607 30.670572 114.543598 30.670565 0.0 244.0
2016-10-21 5:52:29 413811693 114.543598 30.670568 114.543607 30.670572 0.0 244.0
2016-10-21 5:53:40 413811693 114.543592 30.670577 114.543598 30.670568 0.0 244.0
2016-10-21 5:58:44 413811693 114.543572 30.670588 114.543592 30.670577 0.0 244.0
2016-10-21 5:59:37 413811693 114.543578 30.670582 114.543572 30.670588 0.0 244.0
2016-10-21 06:05:37 413811693 114.5435595274463 30.67059617661098    
2016-10-21 06:11:37 413811693 114.5435410548926 30.67061035322196    
2016-10-21 6:13:35 413811693 114.543535 30.670615 114.543545 30.670613 0.0 290.9
2016-10-21 6:16:44 413811693 114.54354 30.670618 114.543535 30.670615 0.0 290.9
2016-10-21 6:19:37 413811693 114.54354 30.670615 114.54354 30.670618 0.0 290.9
2016-10-21 6:22:34 413811693 114.543545 30.670608 114.54354 30.670615 0.0 290.9
2016-10-21 06:28:34 413811693 114.543549782729 30.67060341655134    
2016-10-21 06:34:34 413811693 114.5435545654581 30.67059883310269    
2016-10-21 06:40:34 413811693 114.5435593481871 30.67059424965403    
2016-10-21 06:46:34 413811693 114.5435641309161 30.67058966620537    
2016-10-21 06:52:34 413811693 114.5435689136452 30.67058508275671    
2016-10-21 06:58:34 413811693 114.5435736963742 30.67058049930806    
2016-10-21 07:04:34 413811693 114.5435784791032 30.6705759158594    
2016-10-21 07:10:34 413811693 114.5435832618323 30.67057133241074    
2016-10-21 07:16:34 413811693 114.5435880445613 30.67056674896208    
2016-10-21 07:22:34 413811693 114.5435928272903 30.67056216551342    
2016-10-21 7:22:47 413811693 114.543593 30.670562 114.543595 30.670562 0.0 59.5
2016-10-21 07:28:47 413811693 114.5435908531495 30.67057072158032    
2016-10-21 07:34:47 413811693 114.5435887062989 30.67057944316064    
2016-10-21 07:40:47 413811693 114.5435865594484 30.67058816474096    
2016-10-21 07:46:47 413811693 114.5435844125978 30.67059688632128    
2016-10-21 07:52:47 413811693 114.5435822657473 30.6706056079016    
2016-10-21 07:58:47 413811693 114.5435801188968 30.67061432948192    
2016-10-21 08:04:47 413811693 114.5435779720462 30.67062305106224    
2016-10-21 8:07:30 413811693 114.543577 30.670627 114.543588 30.670632 0.0 107.9
2016-10-21 8:11:44 413811693 114.543817 30.670168 114.543577 30.670627 0.0 146.1
2016-10-21 8:13:41 413811693 114.543925 30.66987 114.543817 30.670168 0.0 157.1
2016-10-21 16:43:46 413811693 114.543277 30.670498 114.543303 30.670542 0.0 211.3
2016-10-21 16:49:46 413811693 114.5431728108108 30.67056651351351    
2016-10-21 16:55:46 413811693 114.5430686216216 30.67063502702703    
2016-10-21 16:58:34 413811693 114.54302 30.670667 114.543012 30.670263 0.0 144.3
2016-10-21 16:59:48 413811693 114.54303 30.67067 114.54302 30.670667 0.0 144.3
2016-10-21 17:01:43 413811693 114.54304 30.670677 114.54303 30.67067 0.0 144.3
2016-10-21 17:07:43 413811693 114.5430556521739 30.67068929813665    
2016-10-21 17:13:43 413811693 114.5430713043478 30.67070159627329    
2016-10-21 17:17:49 413811693 114.543082 30.67071 114.543078 30.670702 0.0 144.3
2016-10-21 17:19:34 413811693 114.543078 30.670703 114.543082 30.67071 0.0 144.3
2016-10-21 17:22:36 413811693 114.543077 30.670705 114.543078 30.670703 0.0 144.3
2016-10-21 17:25:30 413811693 114.543083 30.670707 114.543077 30.670705 0.0 144.3
2016-10-21 17:28:41 413811693 114.543097 30.670718 114.543083 30.670707 0.0 144.3
2016-10-21 17:29:37 413811693 114.54309 30.670705 114.543097 30.670718 0.0 144.3
2016-10-21 17:31:25 413811693 114.543087 30.670703 114.54309 30.670705 0.0 144.3
2016-10-21 17:34:33 413811693 114.543092 30.670707 114.543087 30.670703 0.0 144.3
2016-10-21 17:37:37 413811693 114.543172 30.67071 114.543092 30.670707 0.0 123.7
2016-10-21 17:40:37 413811693 114.54316 30.670713 114.543172 30.67071 0.0 123.7
2016-10-21 17:43:26 413811693 114.54317 30.670707 114.54316 30.670713 0.0 123.7
2016-10-21 17:47:32 413811693 114.543162 30.670703 114.54317 30.670707 0.0 123.7
2016-10-21 17:49:38 413811693 114.543092 30.670758 114.543162 30.670703 0.0 175.4
2016-10-21 17:55:38 413811693 114.5430973731343 30.67074456716418    
2016-10-21 17:58:34 413811693 114.5431 30.670738 114.543102 30.670742 0.0 175.4
2016-10-21 18:01:26 413811693 114.54309 30.67074 114.5431 30.670738 0.0 175.4
2016-10-21 18:04:38 413811693 114.543093 30.670732 114.54309 30.67074 0.0 175.4
2016-10-21 18:05:27 413811693 114.543092 30.67073 114.543093 30.670732 0.0 175.4
2016-10-21 18:07:31 413811693 114.543093 30.670732 114.543092 30.67073 0.0 175.4
2016-10-21 18:10:40 413811693 114.543098 30.670735 114.543093 30.670732 0.0 175.4
2016-10-21 18:11:39 413811693 114.543092 30.670737 114.543098 30.670735 0.0 175.4
2016-10-21 18:13:27 413811693 114.543098 30.670732 114.543092 30.670737 0.0 175.4
2016-10-21 18:16:37 413811693 114.543088 30.670733 114.543098 30.670732 0.0 175.4
2016-10-21 18:19:39 413811693 114.543098 30.670727 114.543088 30.670733 0.0 175.4
2016-10-21 18:23:38 413811693 114.543115 30.670673 114.543098 30.670727 0.0 305.2
2016-10-21 18:29:38 413811693 114.5431140947192 30.67067118943839    
2016-10-21 18:35:38 413811693 114.5431131894384 30.67066937887678    
2016-10-21 18:41:38 413811693 114.5431122841576 30.67066756831517    
2016-10-21 18:43:31 413811693 114.543112 30.670667 114.543107 30.670673 0.0 305.2
2016-10-21 18:49:31 413811693 114.5431109156627 30.6706691686747    
2016-10-21 18:55:31 413811693 114.5431098313253 30.6706713373494    
2016-10-21 19:01:31 413811693 114.543108746988 30.67067350602409    
2016-10-21 19:05:39 413811693 114.543108 30.670675 114.543118 30.670668 0.0 305.2
2016-10-21 19:11:39 413811693 114.543128 30.670675 114.54312 30.670668 0.0 305.2
2016-10-21 19:17:39 413811693 114.5431296705336 30.67067600232019    
2016-10-21 19:23:39 413811693 114.5431313410673 30.67067700464037    
2016-10-21 19:29:39 413811693 114.5431330116009 30.67067800696056    
2016-10-21 19:35:39 413811693 114.5431346821346 30.67067900928074    
2016-10-21 19:41:39 413811693 114.5431363526682 30.67068001160093    
2016-10-21 19:47:39 413811693 114.5431380232018 30.67068101392112    
2016-10-21 19:53:39 413811693 114.5431396937355 30.6706820162413    
2016-10-21 19:59:39 413811693 114.5431413642691 30.67068301856149    
2016-10-21 20:05:39 413811693 114.5431430348028 30.67068402088167    
2016-10-21 20:11:39 413811693 114.5431447053364 30.67068502320186    
2016-10-21 20:17:39 413811693 114.5431463758701 30.67068602552204    
2016-10-21 20:23:29 413811693 114.543148 30.670687 114.54316 30.670688 0.0 199.8
2016-10-21 20:29:29 413811693 114.5431460260452 30.67066923440713    
2016-10-21 20:35:29 413811693 114.5431440520905 30.67065146881426    
2016-10-21 20:41:29 413811693 114.5431420781357 30.67063370322139    
2016-10-21 20:47:29 413811693 114.5431401041809 30.67061593762852    
2016-10-21 20:47:48 413811693 114.54314 30.670615 114.543147 30.670615 0.0 303.6
