2016-10-21 0:44:09 413825346 114.399278 30.65833 114.400037 30.658548 3.3 248.9 248
2016-10-21 0:44:42 413825346 114.398507 30.658067 114.399278 30.65833 3.3 249.4 249
2016-10-21 0:44:57 413825346 114.398235 30.65797 114.398507 30.658067 3.3 248.4 248
2016-10-21 0:45:41 413825346 114.398235 30.65797 114.398235 30.65797 3.3 248.4 248
2016-10-21 0:46:46 413825346 114.396672 30.657607 114.398235 30.65797 3.3 261.3 261
2016-10-21 0:47:59 413825346 114.395077 30.65743 114.396672 30.657607 3.4 263 263
2016-10-21 0:49:49 413825346 114.393133 30.657068 114.395077 30.65743 3.4 252.6 252
2016-10-21 0:52:11 413825346 114.39074 30.656382 114.393133 30.657068 3.5 253.6 253
2016-10-21 0:54:38 413825346 114.388013 30.655568 114.39074 30.656382 3.6 250.3 250
2016-10-21 0:55:19 413825346 114.387188 30.655307 114.388013 30.655568 3.6 249.5 249
2016-10-21 0:57:53 413825346 114.384415 30.654388 114.387188 30.655307 3.6 246.2 246
2016-10-21 0:58:54 413825346 114.383302 30.653942 114.384415 30.654388 3.7 243.6 243
2016-10-21 1:00:50 413825346 114.383028 30.653825 114.383302 30.653942 3.7 243.8 243
2016-10-21 1:01:53 413825346 114.383028 30.653825 114.383028 30.653825 3.7 243.8 243
2016-10-21 1:03:39 413825346 114.37806 30.651347 114.383028 30.653825 4 237.6 237
2016-10-21 1:05:34 413825346 114.375807 30.650165 114.37806 30.651347 4 238.6 238
2016-10-21 1:06:47 413825346 114.375807 30.650165 114.375807 30.650165 4 238.6 238
2016-10-21 1:08:00 413825346 114.373233 30.648855 114.375807 30.650165 4 237.4 237
2016-10-21 1:11:19 413825346 114.369767 30.646752 114.373233 30.648855 3.9 231.5 231
2016-10-21 1:11:36 413825346 114.369248 30.646402 114.369767 30.646752 3.9 233.4 233
2016-10-21 1:13:19 413825346 114.367468 30.645308 114.369248 30.646402 3.7 236.5 236
2016-10-21 1:14:04 413825346 114.366718 30.644885 114.367468 30.645308 3.6 235.9 235
2016-10-21 1:14:59 413825346 114.366007 30.644445 114.366718 30.644885 3.6 234.3 234
2016-10-21 1:17:25 413825346 114.363887 30.64312 114.366007 30.644445 3.5 232.2 232
2016-10-21 1:17:58 413825346 114.363438 30.642825 114.363887 30.64312 3.4 232.6 232
2016-10-21 1:18:38 413825346 114.362533 30.642235 114.363438 30.642825 3.4 234.9 234
2016-10-21 1:18:58 413825346 114.362533 30.642235 114.362533 30.642235 3.4 234.9 234
2016-10-21 1:19:34 413825346 114.361847 30.641848 114.362533 30.642235 3.4 237.8 237
2016-10-21 1:20:37 413825346 114.36087 30.641337 114.361847 30.641848 3.5 236.3 236
2016-10-21 1:22:01 413825346 114.359515 30.640457 114.36087 30.641337 3.6 227.9 227
2016-10-21 1:22:58 413825346 114.358637 30.639745 114.359515 30.640457 3.7 224.2 224
2016-10-21 1:25:14 413825346 114.356772 30.638038 114.358637 30.639745 3.7 226.7 226
2016-10-21 1:26:38 413825346 114.356553 30.637857 114.356772 30.638038 3.7 224.3 224
2016-10-21 1:29:10 413825346 114.353748 30.635212 114.356553 30.637857 3.5 221.2 221
2016-10-21 1:29:27 413825346 114.353385 30.63486 114.353748 30.635212 3.4 223.7 223
2016-10-21 1:30:07 413825346 114.352992 30.634522 114.353385 30.63486 3.4 223 223
2016-10-21 1:31:22 413825346 114.352777 30.634327 114.352992 30.634522 3.3 224.4 224
2016-10-21 1:32:39 413825346 114.350838 30.632685 114.352777 30.634327 3.3 223.6 223
2016-10-21 1:33:03 413825346 114.350665 30.63253 114.350838 30.632685 3.3 223.8 223
2016-10-21 1:33:52 413825346 114.349872 30.63186 114.350665 30.63253 3.4 226.1 226
2016-10-21 1:35:05 413825346 114.34906 30.631207 114.349872 30.63186 3.3 226.6 226
2016-10-21 1:35:40 413825346 114.348512 30.630712 114.34906 30.631207 3.3 220.3 220
2016-10-21 1:35:58 413825346 114.348337 30.630537 114.348512 30.630712 3.2 220.9 220
2016-10-21 1:36:16 413825346 114.348337 30.630537 114.348337 30.630537 3.2 220.9 220
2016-10-21 1:37:14 413825346 114.347413 30.629687 114.348337 30.630537 3.1 223.8 223
2016-10-21 1:37:54 413825346 114.347058 30.629385 114.347413 30.629687 3.1 227.4 227
2016-10-21 1:38:13 413825346 114.346655 30.629085 114.347058 30.629385 3.1 231.2 231
2016-10-21 1:39:10 413825346 114.346042 30.628695 114.346655 30.629085 3.1 234.4 234
2016-10-21 1:39:47 413825346 114.34541 30.628302 114.346042 30.628695 3.1 231.9 231
2016-10-21 1:40:34 413825346 114.344812 30.627873 114.34541 30.628302 3.1 228.8 228
2016-10-21 1:41:08 413825346 114.344443 30.627598 114.344812 30.627873 3.1 229.6 229
2016-10-21 1:41:46 413825346 114.34384 30.627187 114.344443 30.627598 3.1 234.7 234
2016-10-21 1:42:08 413825346 114.34384 30.627187 114.34384 30.627187 3.1 234.7 234
2016-10-21 1:42:42 413825346 114.343018 30.626763 114.34384 30.627187 3.1 239.9 239
2016-10-21 1:43:21 413825346 114.342568 30.62647 114.343018 30.626763 3.1 238.5 238
2016-10-21 1:43:54 413825346 114.342107 30.626205 114.342568 30.62647 3.1 233.7 233
2016-10-21 1:44:37 413825346 114.341487 30.625788 114.342107 30.626205 3.1 226.5 226
2016-10-21 1:45:36 413825346 114.340722 30.62521 114.341487 30.625788 3.1 230.2 230
2016-10-21 1:46:07 413825346 114.34032 30.624937 114.340722 30.62521 3.1 230.8 230
2016-10-21 1:46:51 413825346 114.339723 30.624522 114.34032 30.624937 3.1 229.6 229
2016-10-21 1:47:27 413825346 114.339527 30.624382 114.339723 30.624522 3.1 229.1 229
2016-10-21 1:47:44 413825346 114.338967 30.623932 114.339527 30.624382 3.1 222.5 222
2016-10-21 1:48:08 413825346 114.338807 30.623778 114.338967 30.623932 3.1 221.3 221
2016-10-21 1:48:41 413825346 114.338442 30.623445 114.338807 30.623778 3.1 225.7 225
2016-10-21 1:49:22 413825346 114.338067 30.623138 114.338442 30.623445 3.1 225.5 225
2016-10-21 1:49:58 413825346 114.337687 30.622837 114.338067 30.623138 3.1 229.2 229
2016-10-21 1:50:14 413825346 114.337105 30.622387 114.337687 30.622837 3.2 227 227
2016-10-21 1:50:38 413825346 114.33693 30.622242 114.337105 30.622387 3.1 226.3 226
2016-10-21 1:51:09 413825346 114.336732 30.622075 114.33693 30.622242 3.1 225.1 225
2016-10-21 1:51:53 413825346 114.336008 30.621398 114.336732 30.622075 3.1 221.9 221
2016-10-21 1:52:24 413825346 114.335672 30.62108 114.336008 30.621398 3.1 222.9 222
2016-10-21 1:53:01 413825346 114.335315 30.62076 114.335672 30.62108 3.1 223.9 223
2016-10-21 1:53:19 413825346 114.33494 30.620437 114.335315 30.62076 3.1 226.3 226
2016-10-21 1:53:35 413825346 114.334753 30.620285 114.33494 30.620437 3.1 227.1 227
2016-10-21 1:54:33 413825346 114.3342 30.619847 114.334753 30.620285 3.1 227 227
2016-10-21 1:54:51 413825346 114.333805 30.61954 114.3342 30.619847 3.1 229.1 229
2016-10-21 1:55:07 413825346 114.333805 30.61954 114.333805 30.61954 3.1 229.1 229
2016-10-21 1:56:03 413825346 114.332965 30.61896 114.333805 30.61954 3.2 230.5 230
2016-10-21 1:56:20 413825346 114.33258 30.618675 114.332965 30.61896 3.2 228.5 228
2016-10-21 1:56:43 413825346 114.33258 30.618675 114.33258 30.618675 3.2 228.5 228
2016-10-21 1:57:14 413825346 114.331992 30.618195 114.33258 30.618675 3.2 225 225
2016-10-21 1:57:49 413825346 114.331448 30.617713 114.331992 30.618195 3.2 223.9 223
2016-10-21 1:58:06 413825346 114.33125 30.617537 114.331448 30.617713 3.2 224.4 224
2016-10-21 1:58:21 413825346 114.331062 30.617372 114.33125 30.617537 3.2 224.7 224
2016-10-21 1:58:38 413825346 114.330862 30.617195 114.331062 30.617372 3.3 224.6 224
2016-10-21 1:59:08 413825346 114.33066 30.617018 114.330862 30.617195 3.3 224.2 224
2016-10-21 1:59:47 413825346 114.330112 30.616518 114.33066 30.617018 3.3 223.4 223
2016-10-21 2:00:31 413825346 114.330112 30.616518 114.330112 30.616518 3.3 223.4 223
2016-10-21 2:01:04 413825346 114.329135 30.615683 114.330112 30.616518 3.4 226.4 226
2016-10-21 2:01:22 413825346 114.32873 30.615353 114.329135 30.615683 3.4 226.6 226
2016-10-21 2:02:10 413825346 114.328118 30.61485 114.32873 30.615353 3.4 226.1 226
2016-10-21 2:02:44 413825346 114.327708 30.614503 114.328118 30.61485 3.5 225 225
2016-10-21 2:03:08 413825346 114.327307 30.614147 114.327708 30.614503 3.5 223.5 223
2016-10-21 2:03:25 413825346 114.32711 30.613965 114.327307 30.614147 3.5 222.7 222
2016-10-21 2:03:57 413825346 114.326917 30.61378 114.32711 30.613965 3.5 221.9 221
2016-10-21 2:04:22 413825346 114.326348 30.613205 114.326917 30.61378 3.6 219.4 219
2016-10-21 2:04:40 413825346 114.326165 30.613007 114.326348 30.613205 3.6 218.8 218
2016-10-21 2:05:44 413825346 114.325418 30.612213 114.326165 30.613007 3.6 219.3 219
2016-10-21 2:06:26 413825346 114.324835 30.611618 114.325418 30.612213 3.7 222.1 222
2016-10-21 2:07:13 413825346 114.324628 30.611427 114.324835 30.611618 3.7 223.9 223
2016-10-21 2:07:59 413825346 114.323592 30.610487 114.324628 30.611427 3.7 220.1 220
2016-10-21 2:08:44 413825346 114.323025 30.609852 114.323592 30.610487 3.7 217 217
2016-10-21 2:09:21 413825346 114.322828 30.60963 114.323025 30.609852 3.7 217.6 217
2016-10-21 2:10:09 413825346 114.321917 30.608672 114.322828 30.60963 3.7 221 221
2016-10-21 2:11:33 413825346 114.320935 30.60763 114.321917 30.608672 3.7 218.9 218
2016-10-21 2:11:52 413825346 114.320532 30.607213 114.320935 30.60763 3.7 220.6 220
2016-10-21 2:12:11 413825346 114.320332 30.607013 114.320532 30.607213 3.7 220.7 220
2016-10-21 2:13:01 413825346 114.319948 30.606625 114.320332 30.607013 3.7 220.3 220
2016-10-21 2:13:42 413825346 114.31914 30.605815 114.319948 30.606625 3.8 221.6 221
2016-10-21 2:14:40 413825346 114.318742 30.605453 114.31914 30.605815 3.8 228.4 228
2016-10-21 2:15:29 413825346 114.317545 30.604608 114.318742 30.605453 3.8 225 225
2016-10-21 2:17:18 413825346 114.316395 30.60331 114.317545 30.604608 3.7 210.2 210
2016-10-21 2:18:45 413825346 114.315278 30.601677 114.316395 30.60331 3.7 214.2 214
2016-10-21 2:19:29 413825346 114.314762 30.601037 114.315278 30.601677 3.7 215.7 215
2016-10-21 2:20:21 413825346 114.314217 30.600437 114.314762 30.601037 3.7 219.8 219
2016-10-21 2:20:41 413825346 114.313803 30.600032 114.314217 30.600437 3.7 222.5 222
2016-10-21 2:21:45 413825346 114.312998 30.599262 114.313803 30.600032 3.7 220.2 220
2016-10-21 2:22:06 413825346 114.312998 30.599262 114.312998 30.599262 3.7 220.2 220
2016-10-21 2:22:25 413825346 114.312482 30.598668 114.312998 30.599262 3.7 214.1 214
2016-10-21 2:23:09 413825346 114.312158 30.598222 114.312482 30.598668 3.7 213 213
2016-10-21 2:24:10 413825346 114.311453 30.597287 114.312158 30.598222 3.7 214.5 214
2016-10-21 2:25:03 413825346 114.31077 30.596423 114.311453 30.597287 3.7 215 215
2016-10-21 2:25:42 413825346 114.310228 30.595787 114.31077 30.596423 3.7 213.4 213
2016-10-21 2:26:55 413825346 114.309443 30.594975 114.310228 30.595787 3.7 223.3 223
2016-10-21 2:27:14 413825346 114.309028 30.594593 114.309443 30.594975 3.7 220.9 220
2016-10-21 2:27:48 413825346 114.308643 30.594198 114.309028 30.594593 3.6 219.9 219
2016-10-21 2:28:27 413825346 114.308253 30.593802 114.308643 30.594198 3.7 221.1 221
2016-10-21 2:29:15 413825346 114.307567 30.592975 114.308253 30.593802 3.5 213 213
2016-10-21 2:29:58 413825346 114.307097 30.592348 114.307567 30.592975 3.5 211.8 211
2016-10-21 2:30:46 413825346 114.306633 30.591708 114.307097 30.592348 3.6 210.9 210
2016-10-21 2:31:24 413825346 114.306358 30.59128 114.306633 30.591708 3.6 207 207
2016-10-21 2:32:17 413825346 114.305837 30.590338 114.306358 30.59128 3.7 203.6 203
2016-10-21 2:33:44 413825346 114.305055 30.588917 114.305837 30.590338 3.8 204.8 204
2016-10-21 2:34:30 413825346 114.304672 30.588192 114.305055 30.588917 3.7 202.2 202
2016-10-21 2:37:04 413825346 114.30338 30.58585 114.304672 30.588192 3.7 210.1 210
2016-10-21 2:39:16 413825346 114.302085 30.583783 114.30338 30.58585 3.7 208.1 208
2016-10-21 2:40:26 413825346 114.301468 30.582852 114.302085 30.583783 3.7 207 207
2016-10-21 2:41:42 413825346 114.300742 30.581693 114.301468 30.582852 3.7 209.3 209
2016-10-21 2:42:22 413825346 114.300312 30.581 114.300742 30.581693 3.8 205.7 205
2016-10-21 2:42:41 413825346 114.300035 30.580498 114.300312 30.581 3.8 203.8 203
2016-10-21 2:43:58 413825346 114.299505 30.579487 114.300035 30.580498 3.8 205 205
2016-10-21 2:45:09 413825346 114.29872 30.578312 114.299505 30.579487 3.9 211.4 211
2016-10-21 2:45:50 413825346 114.29823 30.577607 114.29872 30.578312 3.9 210.2 210
2016-10-21 2:46:56 413825346 114.29823 30.577607 114.29823 30.577607 3.9 210.2 210
2016-10-21 2:47:48 413825346 114.297063 30.57571 114.29823 30.577607 3.8 204.9 204
2016-10-21 2:49:37 413825346 114.296038 30.57406 114.297063 30.57571 3.8 209.3 209
2016-10-21 2:52:27 413825346 114.295868 30.573817 114.296038 30.57406 3.8 211.5 211
2016-10-21 2:54:14 413825346 114.292918 30.569792 114.295868 30.573817 3.8 214.7 214
2016-10-21 2:55:09 413825346 114.2924 30.569155 114.292918 30.569792 3.8 216.5 216
2016-10-21 2:55:30 413825346 114.292027 30.568725 114.2924 30.569155 3.8 215.5 215
2016-10-21 2:57:36 413825346 114.290665 30.566978 114.292027 30.568725 3.7 216.7 216
2016-10-21 3:01:45 413825346 114.287478 30.563327 114.290665 30.566978 3.9 210.6 210
