2016-10-22 16:38:25 413827497 114.628738 30.558175 114.63033 30.558743 3.7 257.4 257
2016-10-22 16:48:07 413827497 114.618517 30.55668 114.619443 30.556538 3 281.9 282
2016-10-22 16:48:35 413827497 114.618042 30.556778 114.618517 30.55668 3 284.3 284
2016-10-22 16:54:35 413827497 114.611937 30.55803 114.612455 30.557967 3.3 279.4 279
2016-10-22 16:57:30 413827497 114.608855 30.558572 114.611937 30.55803 3.5 271.1 271
2016-10-22 16:59:26 413827497 114.606662 30.5585 114.608855 30.558572 3.2 266.9 266
2016-10-22 17:04:38 413827497 114.602193 30.55924 114.602652 30.559155 2.9 281.5 281
2016-10-22 17:05:50 413827497 114.601235 30.55937 114.602193 30.55924 3.1 269.4 269
2016-10-22 17:07:46 413827497 114.599215 30.559223 114.601235 30.55937 3.1 260.2 259
2016-10-22 17:38:27 413827497 114.576968 30.580698 114.579663 30.575963 3.7 336.5 336
2016-10-22 18:05:08 413827497 114.564905 30.611027 114.5653 30.60985 4.4 340.8 340
2016-10-22 18:06:26 413827497 114.564405 30.612222 114.564905 30.611027 4.4 338.6 338
2016-10-22 18:08:37 413827497 114.563127 30.6152 114.564405 30.612222 4.5 341.2 341
2016-10-22 18:10:10 413827497 114.562445 30.617005 114.563127 30.6152 4.5 343.4 343
2016-10-22 18:12:11 413827497 114.561558 30.619435 114.562445 30.617005 4.6 341.8 341
2016-10-22 18:19:37 413827497 114.558687 30.628322 114.559283 30.627245 4.3 335.8 335
2016-10-22 18:20:30 413827497 114.558137 30.629413 114.558687 30.628322 4.3 337.4 337
2016-10-22 18:28:30 413827497 114.553807 30.638152 114.554683 30.635878 4.2 344.3 344
2016-10-22 18:29:08 413827497 114.5537 30.638727 114.553807 30.638152 4.1 355.2 355
2016-10-22 18:30:33 413827497 114.553418 30.640447 114.5537 30.638727 4 348.1 348
2016-10-22 18:32:45 413827497 114.552577 30.642565 114.553418 30.640447 3.8 339.4 339
2016-10-22 18:33:02 413827497 114.552383 30.642965 114.552577 30.642565 3.8 336.5 336
2016-10-22 18:34:59 413827497 114.551282 30.64493 114.552383 30.642965 3.9 330.4 330
2016-10-22 18:36:37 413827497 114.550272 30.646345 114.551282 30.64493 4 327.5 327
2016-10-22 18:45:46 413827497 114.544985 30.65542 114.545398 30.654473 4.1 340.5 340
2016-10-22 18:46:03 413827497 114.544773 30.655937 114.544985 30.65542 4 339.1 339
2016-10-22 18:46:35 413827497 114.544565 30.656467 114.544773 30.655937 4 340.6 340
2016-10-22 18:48:20 413827497 114.54386 30.658017 114.544565 30.656467 3.8 337 337
2016-10-22 18:50:36 413827497 114.542613 30.66054 114.54386 30.658017 3.6 337.2 337
2016-10-22 18:52:21 413827497 114.54201 30.661895 114.542613 30.66054 3.8 337.1 337
2016-10-22 18:53:02 413827497 114.541573 30.662867 114.54201 30.661895 3.6 342.1 342
2016-10-22 18:53:49 413827497 114.541402 30.66332 114.541573 30.662867 3.6 341.9 341
2016-10-22 18:54:08 413827497 114.541253 30.663845 114.541402 30.66332 3.6 348.5 348
2016-10-22 18:54:44 413827497 114.541138 30.664345 114.541253 30.663845 3.6 349.2 349
2016-10-22 18:55:08 413827497 114.541052 30.664855 114.541138 30.664345 3.7 353 352
2016-10-22 18:55:41 413827497 114.54098 30.665352 114.541052 30.664855 3.6 351.5 351
2016-10-22 18:56:41 413827497 114.540765 30.66644 114.54098 30.665352 3.4 346.6 346
2016-10-22 18:57:42 413827497 114.540485 30.667245 114.540765 30.66644 3.4 338.9 339
2016-10-22 18:58:01 413827497 114.540253 30.667675 114.540485 30.667245 3.4 331.7 331
2016-10-22 18:58:34 413827497 114.539978 30.668095 114.540253 30.667675 3.4 327.9 327
2016-10-22 18:59:05 413827497 114.539648 30.668495 114.539978 30.668095 3.5 324.6 324
2016-10-22 19:00:05 413827497 114.53892 30.669305 114.539648 30.668495 3.5 322.9 322
2016-10-22 19:00:33 413827497 114.538592 30.669703 114.53892 30.669305 3.5 325.4 325
2016-10-22 19:01:43 413827497 114.537977 30.670503 114.538592 30.669703 3.5 326.9 326
2016-10-22 19:02:04 413827497 114.537613 30.670932 114.537977 30.670503 3.5 321.8 321
2016-10-22 19:02:37 413827497 114.537227 30.67142 114.537613 30.670932 3.5 329.8 329
2016-10-22 19:03:00 413827497 114.536987 30.671753 114.537227 30.67142 3.5 326.2 326
2016-10-22 19:03:36 413827497 114.5367 30.672177 114.536987 30.671753 3.5 330.6 330
2016-10-22 19:04:34 413827497 114.536083 30.672975 114.5367 30.672177 3.5 323.1 323
2016-10-22 19:07:11 413827497 114.534203 30.67483 114.536083 30.672975 3.4 314.8 314
2016-10-22 19:07:41 413827497 114.533782 30.67518 114.534203 30.67483 3.5 313.7 313
2016-10-22 19:08:12 413827497 114.533353 30.675515 114.533782 30.67518 3.6 312.8 313
2016-10-22 19:08:50 413827497 114.532785 30.675925 114.533353 30.675515 3.6 309.8 309
2016-10-22 19:09:06 413827497 114.532453 30.676167 114.532785 30.675925 3.6 309.3 309
2016-10-22 19:10:00 413827497 114.531513 30.676828 114.532453 30.676167 3.8 309 309
2016-10-22 19:10:28 413827497 114.531048 30.677158 114.531513 30.676828 3.8 308.8 308
2016-10-22 19:11:05 413827497 114.530532 30.677457 114.531048 30.677158 3.8 301.8 301
2016-10-22 19:12:16 413827497 114.529488 30.67803 114.530532 30.677457 3.8 301.6 301
2016-10-22 19:12:34 413827497 114.528963 30.678327 114.529488 30.67803 3.9 303.1 303
2016-10-22 19:13:03 413827497 114.528437 30.67863 114.528963 30.678327 3.9 302.1 302
2016-10-22 19:13:40 413827497 114.527898 30.678915 114.528437 30.67863 3.9 303.6 303
2016-10-22 19:14:12 413827497 114.527382 30.679223 114.527898 30.678915 3.9 303 303
2016-10-22 19:14:35 413827497 114.52689 30.67953 114.527382 30.679223 3.9 307.6 307
2016-10-22 19:15:08 413827497 114.526363 30.679885 114.52689 30.67953 4 306.1 306
2016-10-22 19:15:42 413827497 114.525842 30.68023 114.526363 30.679885 4.1 306.2 306
2016-10-22 19:15:58 413827497 114.525287 30.68054 114.525842 30.68023 4 304.2 303
2016-10-22 19:17:08 413827497 114.524295 30.681275 114.525287 30.68054 4 313.7 313
2016-10-22 19:17:37 413827497 114.523798 30.68164 114.524295 30.681275 4 308.7 308
2016-10-22 19:18:35 413827497 114.522763 30.682322 114.523798 30.68164 4 304.9 305
2016-10-22 19:19:17 413827497 114.52223 30.6826 114.522763 30.682322 4 301.7 301
2016-10-22 19:19:37 413827497 114.521658 30.682885 114.52223 30.6826 3.9 296.4 296
2016-10-22 19:20:35 413827497 114.520498 30.683347 114.521658 30.682885 3.9 294.3 294
2016-10-22 19:21:05 413827497 114.519913 30.683548 114.520498 30.683347 3.9 290.4 290
2016-10-22 19:21:43 413827497 114.519308 30.68371 114.519913 30.683548 3.9 283.8 284
2016-10-22 19:21:59 413827497 114.518692 30.683842 114.519308 30.68371 3.9 285.5 285
2016-10-22 19:22:49 413827497 114.518092 30.684 114.518692 30.683842 3.8 287.3 287
2016-10-22 19:23:05 413827497 114.517523 30.684217 114.518092 30.684 3.8 295.2 295
2016-10-22 19:24:38 413827497 114.51575 30.684745 114.517523 30.684217 3.9 284.1 284
2016-10-22 19:25:14 413827497 114.515135 30.684892 114.51575 30.684745 3.9 287.6 287
2016-10-22 19:25:31 413827497 114.514477 30.68505 114.515135 30.684892 3.9 282.5 283
2016-10-22 19:26:04 413827497 114.5139 30.685163 114.514477 30.68505 3.9 283.9 283
2016-10-22 19:26:35 413827497 114.513275 30.685312 114.5139 30.685163 3.9 285.7 285
2016-10-22 19:27:02 413827497 114.512668 30.685458 114.513275 30.685312 3.9 285 285
2016-10-22 19:27:45 413827497 114.512058 30.685605 114.512668 30.685458 3.9 286.3 286
2016-10-22 19:28:30 413827497 114.510872 30.685957 114.512058 30.685605 3.9 287.9 288
2016-10-22 19:30:45 413827497 114.508412 30.686533 114.510872 30.685957 4 285.3 285
2016-10-22 19:31:03 413827497 114.50777 30.686728 114.508412 30.686533 4.1 288.3 288
2016-10-22 19:31:28 413827497 114.507122 30.686877 114.50777 30.686728 4.1 288.1 287
2016-10-22 19:32:45 413827497 114.505567 30.68727 114.507122 30.686877 4.3 281 281
2016-10-22 19:33:07 413827497 114.505137 30.687343 114.505567 30.68727 4.3 281.5 281
2016-10-22 19:34:18 413827497 114.503782 30.687592 114.505137 30.687343 4.2 282.6 283
2016-10-22 19:34:32 413827497 114.503107 30.687697 114.503782 30.687592 4.2 279.9 279
2016-10-22 19:35:05 413827497 114.50246 30.687732 114.503107 30.687697 4.1 270.4 270
2016-10-22 19:35:27 413827497 114.501798 30.687752 114.50246 30.687732 4.1 271.6 271
2016-10-22 19:36:01 413827497 114.50114 30.687767 114.501798 30.687752 4 271.1 271
2016-10-22 19:36:40 413827497 114.500463 30.687745 114.50114 30.687767 4 266.3 266
2016-10-22 19:36:57 413827497 114.499838 30.687688 114.500463 30.687745 4 264.5 264
2016-10-22 19:37:52 413827497 114.49919 30.687557 114.499838 30.687688 3.9 255.7 255
2016-10-22 19:38:41 413827497 114.497727 30.687345 114.49919 30.687557 3.9 260.5 260
2016-10-22 19:39:03 413827497 114.497333 30.687293 114.497727 30.687345 3.8 261.6 261
2016-10-22 19:39:37 413827497 114.496715 30.687227 114.497333 30.687293 3.8 263.8 263
2016-10-22 19:40:19 413827497 114.496098 30.687143 114.496715 30.687227 3.8 262.1 261
2016-10-22 19:40:35 413827497 114.495482 30.68707 114.496098 30.687143 3.8 262.6 262
2016-10-22 19:41:09 413827497 114.49487 30.686998 114.495482 30.68707 3.8 261.7 261
2016-10-22 19:41:36 413827497 114.49426 30.686935 114.49487 30.686998 3.8 263.1 263
2016-10-22 19:42:31 413827497 114.493038 30.686792 114.49426 30.686935 3.8 260.8 260
2016-10-22 19:43:35 413827497 114.49182 30.686545 114.493038 30.686792 3.9 250.1 250
2016-10-22 19:44:37 413827497 114.490655 30.686197 114.49182 30.686545 3.7 250.1 250
2016-10-22 19:45:11 413827497 114.490103 30.686037 114.490655 30.686197 3.7 251.9 251
2016-10-22 19:45:40 413827497 114.489532 30.685877 114.490103 30.686037 3.7 252 252
2016-10-22 19:46:08 413827497 114.488933 30.685675 114.489532 30.685877 3.9 247.4 247
2016-10-22 19:46:42 413827497 114.488337 30.685492 114.488933 30.685675 3.9 248.9 248
2016-10-22 19:47:20 413827497 114.487745 30.685305 114.488337 30.685492 3.9 249.6 249
2016-10-22 19:47:40 413827497 114.487167 30.685103 114.487745 30.685305 3.8 248.5 248
2016-10-22 19:48:10 413827497 114.486573 30.68495 114.487167 30.685103 3.7 253.5 253
2016-10-22 19:48:34 413827497 114.486033 30.68484 114.486573 30.68495 3.7 260.5 260
2016-10-22 19:49:03 413827497 114.485417 30.68474 114.486033 30.68484 3.8 255.4 256
2016-10-22 19:49:38 413827497 114.484838 30.684572 114.485417 30.68474 3.7 253.2 253
2016-10-22 19:50:10 413827497 114.48427 30.684472 114.484838 30.684572 3.6 258.7 258
2016-10-22 19:50:51 413827497 114.483437 30.684378 114.48427 30.684472 3.7 262.4 262
2016-10-22 19:51:08 413827497 114.483098 30.684328 114.483437 30.684378 3.7 259.1 259
2016-10-22 19:51:37 413827497 114.482508 30.684195 114.483098 30.684328 3.7 254.3 254
2016-10-22 19:52:01 413827497 114.48193 30.684053 114.482508 30.684195 3.7 255.7 255
2016-10-22 19:52:33 413827497 114.481357 30.683892 114.48193 30.684053 3.7 252.5 252
2016-10-22 19:53:10 413827497 114.480778 30.683727 114.481357 30.683892 3.8 251.8 251
2016-10-22 19:53:38 413827497 114.480202 30.683537 114.480778 30.683727 3.8 247.1 246
2016-10-22 19:54:12 413827497 114.479625 30.683377 114.480202 30.683537 3.7 249.9 250
2016-10-22 19:54:41 413827497 114.479055 30.683187 114.479625 30.683377 3.8 246.6 246
2016-10-22 19:55:24 413827497 114.478475 30.68302 114.479055 30.683187 3.7 255.4 255
2016-10-22 19:55:40 413827497 114.477895 30.682868 114.478475 30.68302 3.7 252.5 252
2016-10-22 19:56:10 413827497 114.477317 30.68269 114.477895 30.682868 3.8 248.7 248
2016-10-22 19:56:31 413827497 114.476733 30.682483 114.477317 30.68269 3.9 246.6 246
2016-10-22 19:56:46 413827497 114.47652 30.682395 114.476733 30.682483 4 244 244
2016-10-22 19:57:02 413827497 114.476173 30.68225 114.47652 30.682395 4 244.2 244
2016-10-22 19:57:34 413827497 114.475573 30.68202 114.476173 30.68225 3.9 246.7 246
2016-10-22 19:58:01 413827497 114.474998 30.681805 114.475573 30.68202 3.8 246.5 246
2016-10-22 19:59:14 413827497 114.473848 30.681413 114.474998 30.681805 3.8 250 249
2016-10-22 20:00:01 413827497 114.472662 30.681052 114.473848 30.681413 3.9 249.8 249
2016-10-22 20:01:10 413827497 114.471468 30.680675 114.472662 30.681052 3.9 249 248
2016-10-22 20:01:41 413827497 114.470895 30.68052 114.471468 30.680675 3.8 255.3 255
2016-10-22 20:02:08 413827497 114.470285 30.680363 114.470895 30.68052 3.8 254.6 254
2016-10-22 20:02:43 413827497 114.469692 30.680205 114.470285 30.680363 3.8 250.2 250
2016-10-22 20:03:00 413827497 114.469117 30.679993 114.469692 30.680205 3.9 246.4 246
2016-10-22 20:03:34 413827497 114.468542 30.679773 114.469117 30.679993 3.9 245.7 245
2016-10-22 20:04:31 413827497 114.467415 30.679295 114.468542 30.679773 3.9 240.5 240
2016-10-22 20:05:06 413827497 114.466867 30.679028 114.467415 30.679295 3.9 242.1 242
2016-10-22 20:05:43 413827497 114.466347 30.678742 114.466867 30.679028 4 235.1 235
2016-10-22 20:06:37 413827497 114.465238 30.678147 114.466347 30.678742 3.9 238.5 238
2016-10-22 20:07:05 413827497 114.464697 30.67786 114.465238 30.678147 3.9 239.5 239
2016-10-22 20:07:38 413827497 114.46415 30.677587 114.464697 30.67786 3.9 238.9 238
2016-10-22 20:08:15 413827497 114.463608 30.677308 114.46415 30.677587 3.8 240.1 239
2016-10-22 20:09:06 413827497 114.46248 30.676838 114.463608 30.677308 3.8 246.3 246
2016-10-22 20:10:13 413827497 114.461342 30.676417 114.46248 30.676838 3.8 247.1 247
2016-10-22 20:10:40 413827497 114.460765 30.676203 114.461342 30.676417 3.9 248.1 247
2016-10-22 20:11:35 413827497 114.459608 30.675825 114.460765 30.676203 3.9 249 249
2016-10-22 20:13:01 413827497 114.457853 30.675295 114.459608 30.675825 3.6 259.1 258
2016-10-22 20:14:12 413827497 114.456698 30.675277 114.457853 30.675295 3.6 269.7 269
2016-10-22 20:14:31 413827497 114.45614 30.67532 114.456698 30.675277 3.6 278.6 278
2016-10-22 20:14:47 413827497 114.455833 30.675373 114.45614 30.67532 3.6 282.9 282
2016-10-22 20:15:01 413827497 114.455543 30.675437 114.455833 30.675373 3.7 283 283
2016-10-22 20:15:39 413827497 114.45495 30.67557 114.455543 30.675437 3.8 286.2 285
2016-10-22 20:16:11 413827497 114.454368 30.675732 114.45495 30.67557 3.9 288.7 288
2016-10-22 20:16:47 413827497 114.45374 30.675932 114.454368 30.675732 4 289.6 289
2016-10-22 20:17:05 413827497 114.453105 30.676092 114.45374 30.675932 4.1 284.1 284
2016-10-22 20:17:32 413827497 114.452455 30.676222 114.453105 30.676092 4.1 281.7 281
2016-10-22 20:18:09 413827497 114.4518 30.676323 114.452455 30.676222 4.1 279.4 279
2016-10-22 20:18:38 413827497 114.451132 30.67642 114.4518 30.676323 4.2 280.3 280
2016-10-22 20:19:10 413827497 114.45046 30.676505 114.451132 30.67642 4.2 275.6 275
2016-10-22 20:19:36 413827497 114.449787 30.676555 114.45046 30.676505 4.2 274.7 274
2016-10-22 20:20:09 413827497 114.449105 30.676582 114.449787 30.676555 4.2 271 271
2016-10-22 20:20:40 413827497 114.448445 30.676558 114.449105 30.676582 4.2 265 265
2016-10-22 20:21:02 413827497 114.447745 30.6765 114.448445 30.676558 4.2 264 264
2016-10-22 20:21:35 413827497 114.447068 30.67643 114.447745 30.6765 4.2 262.8 263
2016-10-22 20:22:05 413827497 114.44641 30.67631 114.447068 30.67643 4.1 256 256
2016-10-22 20:22:36 413827497 114.445758 30.676173 114.44641 30.67631 4.1 256.8 256
2016-10-22 20:23:12 413827497 114.445102 30.676007 114.445758 30.676173 4 254.5 254
2016-10-22 20:23:29 413827497 114.444478 30.675882 114.445102 30.676007 3.9 255.4 256
2016-10-22 20:24:20 413827497 114.44391 30.67571 114.444478 30.675882 3.8 253.2 253
2016-10-22 20:24:35 413827497 114.443282 30.67559 114.44391 30.67571 3.7 257.9 257
2016-10-22 20:25:04 413827497 114.442697 30.675488 114.443282 30.67559 3.7 259.8 259
2016-10-22 20:25:40 413827497 114.442098 30.675408 114.442697 30.675488 3.8 261.9 261
2016-10-22 20:26:12 413827497 114.44151 30.675328 114.442098 30.675408 3.8 259.5 259
2016-10-22 20:26:33 413827497 114.440895 30.675215 114.44151 30.675328 3.9 258.3 258
2016-10-22 20:27:06 413827497 114.440263 30.675097 114.440895 30.675215 4 257 257
2016-10-22 20:27:45 413827497 114.439608 30.674942 114.440263 30.675097 4.1 253 253
2016-10-22 20:28:04 413827497 114.438997 30.674758 114.439608 30.674942 4.1 249.9 250
2016-10-22 20:28:38 413827497 114.438342 30.674542 114.438997 30.674758 4.2 248.6 248
2016-10-22 20:29:15 413827497 114.437708 30.674312 114.438342 30.674542 4.3 246.7 246
2016-10-22 20:30:13 413827497 114.436463 30.673785 114.437708 30.674312 4.3 242.6 242
2016-10-22 20:30:45 413827497 114.435875 30.673512 114.436463 30.673785 4.3 239.9 240
2016-10-22 20:31:09 413827497 114.435277 30.673208 114.435875 30.673512 4.3 240.4 240
2016-10-22 20:31:42 413827497 114.434673 30.672913 114.435277 30.673208 4.3 240.3 240
2016-10-22 20:32:23 413827497 114.434055 30.672592 114.434673 30.672913 4.3 240.2 239
2016-10-22 20:32:58 413827497 114.433145 30.672127 114.434055 30.672592 4.4 238.1 238
2016-10-22 20:33:34 413827497 114.432248 30.671638 114.433145 30.672127 4.3 237.5 237
2016-10-22 20:34:08 413827497 114.431647 30.671323 114.432248 30.671638 4.3 237.6 237
2016-10-22 20:34:43 413827497 114.431062 30.670992 114.431647 30.671323 4.3 237.8 237
2016-10-22 20:35:11 413827497 114.430472 30.670662 114.431062 30.670992 4.3 236.8 236
2016-10-22 20:35:52 413827497 114.42988 30.67034 114.430472 30.670662 4.3 238.8 238
2016-10-22 20:36:13 413827497 114.429302 30.670042 114.42988 30.67034 4.3 238.9 238
2016-10-22 20:36:42 413827497 114.42871 30.66973 114.429302 30.670042 4.2 239.7 239
2016-10-22 20:37:13 413827497 114.428088 30.669437 114.42871 30.66973 4.2 241.1 241
2016-10-22 20:37:43 413827497 114.427492 30.669148 114.428088 30.669437 4.2 241.2 241
2016-10-22 20:38:20 413827497 114.42689 30.668868 114.427492 30.669148 4.2 242.6 242
2016-10-22 20:38:37 413827497 114.426277 30.668613 114.42689 30.668868 4.2 243.9 243
2016-10-22 20:38:51 413827497 114.42597 30.668478 114.426277 30.668613 4.2 243 243
2016-10-22 20:39:06 413827497 114.425663 30.668347 114.42597 30.668478 4.2 243.7 243
2016-10-22 20:39:48 413827497 114.425052 30.668068 114.425663 30.668347 4.3 241.2 241
2016-10-22 20:40:05 413827497 114.42449 30.667788 114.425052 30.668068 4.3 239.5 239
2016-10-22 20:40:45 413827497 114.423862 30.667443 114.42449 30.667788 4.3 237.4 237
2016-10-22 20:41:01 413827497 114.423255 30.667088 114.423862 30.667443 4.4 236 235
2016-10-22 20:41:35 413827497 114.42268 30.666787 114.423255 30.667088 4.3 240.2 240
2016-10-22 20:42:22 413827497 114.422065 30.666472 114.42268 30.666787 4.3 239.8 239
2016-10-22 20:42:36 413827497 114.421463 30.666182 114.422065 30.666472 4.3 239.4 239
2016-10-22 20:43:10 413827497 114.420862 30.66589 114.421463 30.666182 4.2 243 242
2016-10-22 20:43:39 413827497 114.42032 30.665648 114.420862 30.66589 4.2 242.9 242
2016-10-22 20:44:33 413827497 114.419077 30.665112 114.42032 30.665648 4.2 243.1 243
2016-10-22 20:44:49 413827497 114.418752 30.664972 114.419077 30.665112 4.2 244.3 244
2016-10-22 20:45:05 413827497 114.418463 30.66486 114.418752 30.664972 4.2 246.7 246
2016-10-22 20:45:49 413827497 114.417843 30.664623 114.418463 30.66486 4.2 247.7 247
2016-10-22 20:46:04 413827497 114.417217 30.664398 114.417843 30.664623 4.2 246.9 246
2016-10-22 20:46:42 413827497 114.416587 30.66417 114.417217 30.664398 4.2 247.2 247
2016-10-22 20:47:16 413827497 114.415967 30.663933 114.416587 30.66417 4.1 246.6 246
2016-10-22 20:47:33 413827497 114.415362 30.663703 114.415967 30.663933 4 246.5 246
2016-10-22 20:48:09 413827497 114.414765 30.66349 114.415362 30.663703 3.9 248.6 248
2016-10-22 20:48:43 413827497 114.414172 30.66329 114.414765 30.66349 3.9 249.3 249
2016-10-22 20:49:07 413827497 114.41359 30.663077 114.414172 30.66329 3.9 248.1 247
2016-10-22 20:49:40 413827497 114.412982 30.66288 114.41359 30.663077 3.8 248.4 248
2016-10-22 20:50:21 413827497 114.412402 30.662682 114.412982 30.66288 3.8 249.4 249
2016-10-22 20:50:39 413827497 114.411845 30.662487 114.412402 30.662682 3.8 247.4 247
2016-10-22 20:50:57 413827497 114.411522 30.662368 114.411845 30.662487 3.8 246.9 246
2016-10-22 20:51:38 413827497 114.410698 30.662053 114.411522 30.662368 3.7 245.9 245
2016-10-22 20:52:09 413827497 114.410153 30.66182 114.410698 30.662053 3.7 243.9 243
2016-10-22 20:52:46 413827497 114.409602 30.661607 114.410153 30.66182 3.7 247.4 247
2016-10-22 20:53:02 413827497 114.40905 30.661397 114.409602 30.661607 3.7 247.5 247
2016-10-22 20:53:34 413827497 114.40849 30.661217 114.40905 30.661397 3.7 249.2 249
2016-10-22 20:54:11 413827497 114.40793 30.661032 114.40849 30.661217 3.7 250.3 250
2016-10-22 20:54:40 413827497 114.407368 30.660855 114.40793 30.661032 3.7 250.2 250
2016-10-22 20:55:36 413827497 114.406267 30.660505 114.407368 30.660855 3.7 251.8 251
2016-10-22 20:56:13 413827497 114.405685 30.660335 114.406267 30.660505 3.6 252 251
2016-10-22 20:56:45 413827497 114.40514 30.660182 114.405685 30.660335 3.6 250.8 250
2016-10-22 20:57:20 413827497 114.404558 30.660012 114.40514 30.660182 3.7 251.4 251
2016-10-22 20:57:39 413827497 114.404058 30.659853 114.404558 30.660012 3.6 249.1 249
2016-10-22 20:58:07 413827497 114.403467 30.659653 114.404058 30.659853 3.5 248.9 248
2016-10-22 20:58:38 413827497 114.40294 30.659483 114.403467 30.659653 3.4 251.1 250
2016-10-22 20:59:12 413827497 114.402422 30.659322 114.40294 30.659483 3.4 249.3 249
2016-10-22 20:59:38 413827497 114.401912 30.659143 114.402422 30.659322 3.4 247.6 247
2016-10-22 21:00:08 413827497 114.401395 30.658958 114.401912 30.659143 3.4 247.9 247
2016-10-22 21:00:46 413827497 114.400878 30.658773 114.401395 30.658958 3.4 247.5 247
2016-10-22 21:01:05 413827497 114.400368 30.658585 114.400878 30.658773 3.4 245.1 245
2016-10-22 21:02:17 413827497 114.399365 30.658182 114.400368 30.658585 3.4 247.8 247
2016-10-22 21:02:33 413827497 114.398872 30.658025 114.399365 30.658182 3.3 252 252
2016-10-22 21:03:11 413827497 114.398337 30.657892 114.398872 30.658025 3.3 253 252
2016-10-22 21:03:42 413827497 114.397832 30.657772 114.398337 30.657892 3.4 252.8 253
2016-10-22 21:04:16 413827497 114.397295 30.657615 114.397832 30.657772 3.4 251.6 251
2016-10-22 21:04:34 413827497 114.396785 30.65746 114.397295 30.657615 3.5 249.3 249
2016-10-22 21:05:11 413827497 114.396237 30.657292 114.396785 30.65746 3.4 252.3 252
2016-10-22 21:05:35 413827497 114.3957 30.65715 114.396237 30.657292 3.5 252.5 252
2016-10-22 21:06:06 413827497 114.395175 30.657007 114.3957 30.65715 3.5 253 253
2016-10-22 21:06:40 413827497 114.394602 30.65687 114.395175 30.657007 3.5 255.3 255
2016-10-22 21:07:09 413827497 114.394058 30.656753 114.394602 30.65687 3.6 255.5 255
2016-10-22 21:07:45 413827497 114.393482 30.656612 114.394058 30.656753 3.6 252.9 253
2016-10-22 21:08:16 413827497 114.392923 30.656468 114.393482 30.656612 3.6 254.3 254
2016-10-22 21:08:55 413827497 114.392043 30.656245 114.392923 30.656468 3.6 255 254
2016-10-22 21:09:12 413827497 114.391797 30.656188 114.392043 30.656245 3.6 255.1 255
2016-10-22 21:09:45 413827497 114.391225 30.656057 114.391797 30.656188 3.6 255.4 255
2016-10-22 21:10:12 413827497 114.390652 30.655925 114.391225 30.656057 3.6 255 254
2016-10-22 21:10:33 413827497 114.390072 30.655798 114.390652 30.655925 3.7 255.6 255
2016-10-22 21:11:08 413827497 114.389513 30.655673 114.390072 30.655798 3.7 254.9 254
2016-10-22 21:11:34 413827497 114.388937 30.65554 114.389513 30.655673 3.7 254.6 254
2016-10-22 21:12:05 413827497 114.38834 30.65539 114.388937 30.65554 3.7 252.7 252
2016-10-22 21:12:38 413827497 114.387757 30.655238 114.38834 30.65539 3.8 254.2 254
2016-10-22 21:13:09 413827497 114.387163 30.655107 114.387757 30.655238 3.8 255.5 255
2016-10-22 21:13:46 413827497 114.386587 30.65494 114.387163 30.655107 3.7 248.6 248
2016-10-22 21:14:05 413827497 114.386038 30.654745 114.386587 30.65494 3.8 248.6 248
2016-10-22 21:14:38 413827497 114.385452 30.654523 114.386038 30.654745 3.8 243.5 243
2016-10-22 21:15:08 413827497 114.384888 30.654282 114.385452 30.654523 3.9 242.8 243
2016-10-22 21:15:42 413827497 114.384333 30.654005 114.384888 30.654282 4 239.7 239
2016-10-22 21:16:24 413827497 114.383768 30.653732 114.384333 30.654005 4 239.4 240
2016-10-22 21:16:43 413827497 114.383215 30.653428 114.383768 30.653732 4 237.7 237
2016-10-22 21:17:13 413827497 114.382657 30.653128 114.383215 30.653428 4 238.2 238
2016-10-22 21:17:37 413827497 114.3821 30.652835 114.382657 30.653128 4 238.5 238
2016-10-22 21:18:11 413827497 114.381542 30.652543 114.3821 30.652835 4 238.3 238
2016-10-22 21:18:55 413827497 114.380973 30.652263 114.381542 30.652543 4 241 241
2016-10-22 21:19:14 413827497 114.380407 30.651978 114.380973 30.652263 4 240.6 240
2016-10-22 21:19:46 413827497 114.379828 30.651705 114.380407 30.651978 4.1 240.2 240
2016-10-22 21:20:05 413827497 114.379243 30.651437 114.379828 30.651705 4.1 242.7 242
2016-10-22 21:20:37 413827497 114.378653 30.651157 114.379243 30.651437 4.2 240.9 240
2016-10-22 21:20:51 413827497 114.378283 30.650967 114.378653 30.651157 4.2 238.1 238
2016-10-22 21:21:14 413827497 114.378073 30.650855 114.378283 30.650967 4.2 238.8 238
2016-10-22 21:21:47 413827497 114.377487 30.650563 114.378073 30.650855 4.2 239.4 239
2016-10-22 21:22:06 413827497 114.376907 30.650267 114.377487 30.650563 4.1 239.8 239
2016-10-22 21:22:45 413827497 114.376325 30.649973 114.376907 30.650267 4.2 238.6 238
2016-10-22 21:23:21 413827497 114.375718 30.649665 114.376325 30.649973 4.2 240.6 240
2016-10-22 21:23:44 413827497 114.375148 30.649383 114.375718 30.649665 4.2 240.6 240
2016-10-22 21:24:19 413827497 114.374568 30.649088 114.375148 30.649383 4.1 238.7 238
2016-10-22 21:24:34 413827497 114.373998 30.648792 114.374568 30.649088 4.1 239 239
2016-10-22 21:25:16 413827497 114.373408 30.648488 114.373998 30.648792 4.1 239.8 239
2016-10-22 21:25:49 413827497 114.372838 30.648188 114.373408 30.648488 4.1 237.6 237
2016-10-22 21:26:14 413827497 114.372272 30.647885 114.372838 30.648188 4.1 240 239
2016-10-22 21:26:35 413827497 114.371715 30.647575 114.372272 30.647885 4.1 233.6 233
2016-10-22 21:27:06 413827497 114.371193 30.647235 114.371715 30.647575 4 235 234
2016-10-22 21:27:52 413827497 114.370658 30.646968 114.371193 30.647235 3.9 240.4 240
2016-10-22 21:28:05 413827497 114.370095 30.646675 114.370658 30.646968 3.9 238 238
2016-10-22 21:28:37 413827497 114.369562 30.64637 114.370095 30.646675 3.9 233.7 235
2016-10-22 21:29:13 413827497 114.369075 30.646015 114.369562 30.64637 3.9 232.8 232
2016-10-22 21:29:56 413827497 114.36853 30.645775 114.369075 30.646015 3.8 245 245
2016-10-22 21:30:13 413827497 114.368002 30.645532 114.36853 30.645775 3.8 239 239
2016-10-22 21:30:44 413827497 114.367463 30.645258 114.368002 30.645532 3.9 238.8 238
2016-10-22 21:31:11 413827497 114.366972 30.644983 114.367463 30.645258 3.8 238.4 238
2016-10-22 21:31:46 413827497 114.366415 30.644698 114.366972 30.644983 3.9 240.1 240
2016-10-22 21:32:25 413827497 114.365853 30.644417 114.366415 30.644698 3.9 240.8 240
2016-10-22 21:32:46 413827497 114.365307 30.644152 114.365853 30.644417 3.9 240.2 240
2016-10-22 21:33:02 413827497 114.364957 30.64398 114.365307 30.644152 3.9 240.3 240
2016-10-22 21:33:38 413827497 114.364177 30.64362 114.364957 30.64398 4 242.3 242
2016-10-22 21:34:11 413827497 114.363605 30.643343 114.364177 30.64362 4 240 240
2016-10-22 21:34:46 413827497 114.363028 30.64306 114.363605 30.643343 4.1 240.3 240
2016-10-22 21:35:04 413827497 114.362452 30.642758 114.363028 30.64306 4.2 237.4 237
2016-10-22 21:35:39 413827497 114.36189 30.642413 114.362452 30.642758 4.3 233.4 233
2016-10-22 21:36:12 413827497 114.361333 30.64204 114.36189 30.642413 4.4 231.4 231
2016-10-22 21:37:07 413827497 114.360272 30.64119 114.361333 30.64204 4.6 224.6 224
2016-10-22 21:37:41 413827497 114.359755 30.640722 114.360272 30.64119 4.6 222.5 222
2016-10-22 21:38:20 413827497 114.359263 30.640222 114.359755 30.640722 4.7 220.5 220
2016-10-22 21:38:38 413827497 114.35875 30.63974 114.359263 30.640222 4.6 223.7 223
2016-10-22 21:38:56 413827497 114.35839 30.639408 114.35875 30.63974 4.6 223.2 223
2016-10-22 21:39:12 413827497 114.358237 30.639268 114.35839 30.639408 4.6 224 224
2016-10-22 21:39:38 413827497 114.357705 30.638832 114.358237 30.639268 4.5 226.5 226
2016-10-22 21:40:11 413827497 114.357187 30.638393 114.357705 30.638832 4.4 226.1 225
2016-10-22 21:40:55 413827497 114.356678 30.637962 114.357187 30.638393 4.4 224 224
2016-10-22 21:41:15 413827497 114.356195 30.637547 114.356678 30.637962 4.3 226.6 226
2016-10-22 21:41:50 413827497 114.355675 30.637122 114.356195 30.637547 4.3 225.1 225
2016-10-22 21:42:09 413827497 114.355192 30.636702 114.355675 30.637122 4.2 224.9 225
2016-10-22 21:42:40 413827497 114.354722 30.636287 114.355192 30.636702 4.1 223.6 223
2016-10-22 21:43:14 413827497 114.354268 30.635873 114.354722 30.636287 4 224 223
2016-10-22 21:43:32 413827497 114.353828 30.63549 114.354268 30.635873 3.9 225 225
2016-10-22 21:44:04 413827497 114.353378 30.635105 114.353828 30.63549 3.9 226.5 226
2016-10-22 21:44:49 413827497 114.352922 30.634705 114.353378 30.635105 3.9 223.9 223
2016-10-22 21:45:03 413827497 114.352483 30.634322 114.352922 30.634705 3.8 224.8 224
2016-10-22 21:45:39 413827497 114.352053 30.633947 114.352483 30.634322 3.7 225.8 225
2016-10-22 21:46:11 413827497 114.351612 30.633592 114.352053 30.633947 3.7 226.5 226
2016-10-22 21:46:46 413827497 114.351185 30.633228 114.351612 30.633592 3.7 225.9 225
2016-10-22 21:47:03 413827497 114.350778 30.632858 114.351185 30.633228 3.7 221 220
2016-10-22 21:47:35 413827497 114.35036 30.632498 114.350778 30.632858 3.7 226 226
2016-10-22 21:48:08 413827497 114.349945 30.632125 114.35036 30.632498 3.7 223.9 223
2016-10-22 21:48:39 413827497 114.349518 30.631757 114.349945 30.632125 3.7 225.2 225
2016-10-22 21:49:12 413827497 114.349087 30.631383 114.349518 30.631757 3.7 226 226
2016-10-22 21:49:39 413827497 114.348657 30.631015 114.349087 30.631383 3.7 225.3 225
2016-10-22 21:50:05 413827497 114.348233 30.630642 114.348657 30.631015 3.7 223.8 223
2016-10-22 21:50:43 413827497 114.347797 30.630292 114.348233 30.630642 3.6 228.6 228
2016-10-22 21:50:59 413827497 114.347475 30.630043 114.347797 30.630292 3.6 228.6 228
2016-10-22 21:51:39 413827497 114.346908 30.629632 114.347475 30.630043 3.6 230.6 230
2016-10-22 21:52:14 413827497 114.346457 30.629317 114.346908 30.629632 3.6 231.2 231
2016-10-22 21:52:37 413827497 114.34601 30.629003 114.346457 30.629317 3.5 230.2 230
2016-10-22 21:53:08 413827497 114.345582 30.628695 114.34601 30.629003 3.5 230.9 230
2016-10-22 21:53:47 413827497 114.34512 30.628367 114.345582 30.628695 3.6 229.8 229
2016-10-22 21:54:05 413827497 114.344677 30.628042 114.34512 30.628367 3.6 228.6 228
2016-10-22 21:54:39 413827497 114.344245 30.627703 114.344677 30.628042 3.6 227.3 227
2016-10-22 21:55:16 413827497 114.343827 30.627348 114.344245 30.627703 3.6 224.6 224
2016-10-22 21:55:32 413827497 114.343412 30.626995 114.343827 30.627348 3.6 225.9 225
2016-10-22 21:56:10 413827497 114.342997 30.626635 114.343412 30.626995 3.6 224.2 224
2016-10-22 21:56:48 413827497 114.342592 30.62629 114.342997 30.626635 3.6 225.8 225
2016-10-22 21:57:05 413827497 114.342142 30.62594 114.342592 30.62629 3.6 229.3 229
2016-10-22 21:57:44 413827497 114.341693 30.625618 114.342142 30.62594 3.6 229.8 229
2016-10-22 21:58:17 413827497 114.341238 30.625297 114.341693 30.625618 3.6 230.9 230
2016-10-22 21:58:39 413827497 114.34079 30.624963 114.341238 30.625297 3.6 228.7 228
2016-10-22 21:59:14 413827497 114.340332 30.624642 114.34079 30.624963 3.6 232.2 232
2016-10-22 22:00:12 413827497 114.339388 30.624018 114.340332 30.624642 3.6 232.2 232
2016-10-22 22:00:44 413827497 114.338927 30.623703 114.339388 30.624018 3.6 231.4 231
2016-10-22 22:01:10 413827497 114.338477 30.623392 114.338927 30.623703 3.5 231.4 231
2016-10-22 22:01:40 413827497 114.338027 30.62309 114.338477 30.623392 3.5 232.9 232
2016-10-22 22:02:26 413827497 114.337615 30.622798 114.338027 30.62309 3.5 230.7 230
2016-10-22 22:02:46 413827497 114.337135 30.622467 114.337615 30.622798 3.6 232.3 232
2016-10-22 22:03:04 413827497 114.336678 30.622147 114.337135 30.622467 3.6 230.6 230
2016-10-22 22:03:37 413827497 114.336208 30.62183 114.336678 30.622147 3.7 232.1 232
2016-10-22 22:04:12 413827497 114.33574 30.621507 114.336208 30.62183 3.7 231.8 231
2016-10-22 22:04:49 413827497 114.335262 30.621193 114.33574 30.621507 3.7 233.3 233
2016-10-22 22:05:06 413827497 114.334778 30.620885 114.335262 30.621193 3.7 233.8 233
2016-10-22 22:05:36 413827497 114.33429 30.620585 114.334778 30.620885 3.7 235.3 235
2016-10-22 22:06:17 413827497 114.33379 30.620292 114.33429 30.620585 3.7 237 237
2016-10-22 22:06:49 413827497 114.333275 30.620017 114.33379 30.620292 3.7 237.4 237
2016-10-22 22:07:08 413827497 114.33277 30.619723 114.333275 30.620017 3.7 235.8 235
2016-10-22 22:07:41 413827497 114.332273 30.619415 114.33277 30.619723 3.8 231.8 232
2016-10-22 22:08:13 413827497 114.331813 30.619058 114.332273 30.619415 3.8 227 227
2016-10-22 22:08:43 413827497 114.331355 30.618697 114.331813 30.619058 3.8 228 228
2016-10-22 22:08:59 413827497 114.331 30.618397 114.331355 30.618697 3.8 224.1 224
2016-10-22 22:09:37 413827497 114.330505 30.617933 114.331 30.618397 3.9 222.6 222
2016-10-22 22:10:11 413827497 114.33007 30.617515 114.330505 30.617933 3.9 221.2 221
2016-10-22 22:10:35 413827497 114.329662 30.617095 114.33007 30.617515 3.9 220.2 220
2016-10-22 22:11:10 413827497 114.329258 30.61669 114.329662 30.617095 3.9 221.3 221
2016-10-22 22:11:48 413827497 114.328835 30.616243 114.329258 30.61669 4 219.4 219
2016-10-22 22:12:06 413827497 114.32846 30.615858 114.328835 30.616243 4 220.5 220
2016-10-22 22:12:33 413827497 114.328012 30.61538 114.32846 30.615858 4 217.8 217
2016-10-22 22:13:14 413827497 114.327622 30.614928 114.328012 30.61538 4 215.4 215
2016-10-22 22:13:41 413827497 114.32726 30.614455 114.327622 30.614928 4 213.8 213
2016-10-22 22:14:06 413827497 114.326888 30.614012 114.32726 30.614455 4 216.5 216
2016-10-22 22:14:38 413827497 114.326492 30.61353 114.326888 30.614012 4.1 214.9 215
2016-10-22 22:15:18 413827497 114.326117 30.613053 114.326492 30.61353 4.1 214.7 214
2016-10-22 22:15:35 413827497 114.325745 30.612567 114.326117 30.613053 4.2 213 213
2016-10-22 22:16:09 413827497 114.325347 30.612097 114.325745 30.612567 4.2 217 217
2016-10-22 22:16:51 413827497 114.324947 30.611625 114.325347 30.612097 4.1 218.5 218
2016-10-22 22:17:11 413827497 114.324502 30.611212 114.324947 30.611625 4.2 223.5 223
2016-10-22 22:17:56 413827497 114.324038 30.610757 114.324502 30.611212 4.2 222.3 222
2016-10-22 22:18:14 413827497 114.32359 30.610312 114.324038 30.610757 4.2 220.2 220
2016-10-22 22:18:44 413827497 114.323155 30.609855 114.32359 30.610312 4.2 218.9 218
2016-10-22 22:19:06 413827497 114.322728 30.609385 114.323155 30.609855 4.2 217.4 217
2016-10-22 22:19:37 413827497 114.322323 30.608898 114.322728 30.609385 4.3 214 214
2016-10-22 22:20:12 413827497 114.321922 30.608382 114.322323 30.608898 4.3 215.4 215
2016-10-22 22:20:46 413827497 114.321515 30.607898 114.321922 30.608382 4.2 215.7 215
2016-10-22 22:21:00 413827497 114.321187 30.60749 114.321515 30.607898 4.2 214.9 214
2016-10-22 22:21:41 413827497 114.320727 30.60693 114.321187 30.60749 4.2 215.3 215
2016-10-22 22:22:11 413827497 114.32033 30.606457 114.320727 30.60693 4.1 215.8 215
2016-10-22 22:22:34 413827497 114.319942 30.606005 114.32033 30.606457 4.1 216.8 216
2016-10-22 22:23:10 413827497 114.319537 30.605523 114.319942 30.606005 4.1 215.8 215
2016-10-22 22:23:46 413827497 114.31915 30.605053 114.319537 30.605523 4.1 214.8 214
2016-10-22 22:24:18 413827497 114.318777 30.604602 114.31915 30.605053 4.1 216.5 216
2016-10-22 22:24:56 413827497 114.31836 30.604135 114.318777 30.604602 4.1 217.1 217
2016-10-22 22:25:19 413827497 114.31796 30.603682 114.31836 30.604135 4.1 217.2 217
2016-10-22 22:25:35 413827497 114.317562 30.603218 114.31796 30.603682 4.1 216.3 216
2016-10-22 22:26:11 413827497 114.317155 30.602738 114.317562 30.603218 4.1 216 215
2016-10-22 22:26:46 413827497 114.316747 30.60229 114.317155 30.602738 4.1 218.1 218
2016-10-22 22:26:57 413827497 114.31643 30.601927 114.316747 30.60229 4.1 218.5 217
2016-10-22 22:27:16 413827497 114.316347 30.601838 114.31643 30.601927 4 219 219
2016-10-22 22:27:43 413827497 114.315937 30.601392 114.316347 30.601838 4.1 218.5 218
2016-10-22 22:28:22 413827497 114.31554 30.600962 114.315937 30.601392 4 218.8 218
2016-10-22 22:28:38 413827497 114.315108 30.600508 114.31554 30.600962 4 217.2 217
2016-10-22 22:29:10 413827497 114.314707 30.600053 114.315108 30.600508 4.1 218.6 218
2016-10-22 22:29:49 413827497 114.314287 30.599607 114.314707 30.600053 4.1 219.3 219
2016-10-22 22:30:04 413827497 114.313858 30.599167 114.314287 30.599607 4.1 219.7 219
2016-10-22 22:30:43 413827497 114.313458 30.598733 114.313858 30.599167 4.1 218.7 218
2016-10-22 22:31:15 413827497 114.313025 30.59827 114.313458 30.598733 4.1 219.5 219
2016-10-22 22:31:48 413827497 114.312595 30.597828 114.313025 30.59827 4.1 219.6 219
2016-10-22 22:32:05 413827497 114.312167 30.597412 114.312595 30.597828 4.1 221.3 221
2016-10-22 22:32:34 413827497 114.311725 30.596953 114.312167 30.597412 4.1 220.2 220
2016-10-22 22:32:59 413827497 114.311365 30.596583 114.311725 30.596953 4.1 219.6 219
2016-10-22 22:33:18 413827497 114.311293 30.596508 114.311365 30.596583 4.1 219.2 219
2016-10-22 22:33:34 413827497 114.310873 30.596057 114.311293 30.596508 4.1 218.9 218
2016-10-22 22:34:14 413827497 114.310438 30.595617 114.310873 30.596057 4.1 221.5 221
2016-10-22 22:34:47 413827497 114.310005 30.595178 114.310438 30.595617 4.1 220.5 220
2016-10-22 22:35:05 413827497 114.30961 30.59476 114.310005 30.595178 4.1 219 219
2016-10-22 22:35:43 413827497 114.309153 30.594278 114.30961 30.59476 4.1 219.4 219
2016-10-22 22:36:12 413827497 114.308732 30.59382 114.309153 30.594278 4.2 217.6 217
2016-10-22 22:36:48 413827497 114.308322 30.593345 114.308732 30.59382 4.2 217.2 217
2016-10-22 22:37:15 413827497 114.30791 30.592887 114.308322 30.593345 4.1 219.1 219
2016-10-22 22:37:38 413827497 114.30751 30.592427 114.30791 30.592887 4.1 215.9 215
2016-10-22 22:38:10 413827497 114.307093 30.591973 114.30751 30.592427 4.1 221.3 221
2016-10-22 22:38:44 413827497 114.306667 30.591547 114.307093 30.591973 4.2 221.1 220
2016-10-22 22:39:02 413827497 114.30625 30.591157 114.306667 30.591547 4.2 223.4 223
2016-10-22 22:39:51 413827497 114.305692 30.590687 114.30625 30.591157 4.3 228.1 228
2016-10-22 22:40:09 413827497 114.305158 30.590295 114.305692 30.590687 4.3 230.9 230
2016-10-22 22:40:39 413827497 114.30463 30.58989 114.305158 30.590295 4.4 227.5 227
2016-10-22 22:41:17 413827497 114.304148 30.589447 114.30463 30.58989 4.3 222 221
2016-10-22 22:41:46 413827497 114.303642 30.588997 114.304148 30.589447 4.3 224.5 224
2016-10-22 22:42:07 413827497 114.303168 30.588572 114.303642 30.588997 4.4 224 224
2016-10-22 22:42:35 413827497 114.302703 30.588103 114.303168 30.588572 4.4 219.7 219
2016-10-22 22:43:14 413827497 114.302247 30.587622 114.302703 30.588103 4.4 217.5 217
2016-10-22 22:43:47 413827497 114.301863 30.587098 114.302247 30.587622 4.4 211.3 211
2016-10-22 22:44:29 413827497 114.301503 30.586552 114.301863 30.587098 4.5 209.6 209
2016-10-22 22:44:51 413827497 114.301142 30.585993 114.301503 30.586552 4.6 208.5 208
2016-10-22 22:45:10 413827497 114.300783 30.58542 114.301142 30.585993 4.5 208.1 208
2016-10-22 22:45:48 413827497 114.300435 30.584848 114.300783 30.58542 4.6 208.6 208
2016-10-22 22:46:03 413827497 114.300093 30.584273 114.300435 30.584848 4.6 207.9 207
2016-10-22 22:46:34 413827497 114.299752 30.583723 114.300093 30.584273 4.6 209.2 209
2016-10-22 22:47:17 413827497 114.299407 30.583152 114.299752 30.583723 4.6 207.3 207
2016-10-22 22:47:36 413827497 114.299015 30.582583 114.299407 30.583152 4.6 212.3 212
2016-10-22 22:48:13 413827497 114.298633 30.582038 114.299015 30.582583 4.6 210.9 210
2016-10-22 22:48:39 413827497 114.298263 30.581485 114.298633 30.582038 4.6 209.5 209
2016-10-22 22:49:18 413827497 114.297905 30.580925 114.298263 30.581485 4.6 209.1 208
2016-10-22 22:49:35 413827497 114.29753 30.580373 114.297905 30.580925 4.6 211.3 211
2016-10-22 22:50:05 413827497 114.297173 30.579863 114.29753 30.580373 4.6 211.3 211
2016-10-22 22:50:46 413827497 114.296778 30.579272 114.297173 30.579863 4.6 208.4 208
2016-10-22 22:51:04 413827497 114.296453 30.578695 114.296778 30.579272 4.6 206.2 206
2016-10-22 22:51:40 413827497 114.296122 30.578128 114.296453 30.578695 4.5 206.8 206
2016-10-22 22:52:13 413827497 114.295788 30.577597 114.296122 30.578128 4.4 210.7 210
2016-10-22 22:52:50 413827497 114.295417 30.577075 114.295788 30.577597 4.4 212.1 212
2016-10-22 22:53:12 413827497 114.295033 30.576537 114.295417 30.577075 4.3 211.3 211
2016-10-22 22:53:42 413827497 114.29467 30.57601 114.295033 30.576537 4.4 211.1 211
2016-10-22 22:54:08 413827497 114.294308 30.575475 114.29467 30.57601 4.4 210.1 209
2016-10-22 22:54:43 413827497 114.293933 30.574943 114.294308 30.575475 4.4 210.2 210
2016-10-22 22:55:23 413827497 114.293593 30.574393 114.293933 30.574943 4.4 208.3 208
2016-10-22 22:55:40 413827497 114.293253 30.573847 114.293593 30.574393 4.4 208.7 208
2016-10-22 22:56:11 413827497 114.292903 30.57339 114.293253 30.573847 0 215.8 215
2016-10-22 22:56:46 413827497 114.29248 30.572782 114.292903 30.57339 4.4 209.7 210
2016-10-22 22:57:15 413827497 114.292128 30.57223 114.29248 30.572782 1.6 207.5 209
2016-10-22 22:57:37 413827497 114.291815 30.571667 114.292128 30.57223 0.9 208.5 203
2016-10-22 22:58:10 413827497 114.291515 30.571043 114.291815 30.571667 3.6 203 203
2016-10-22 23:01:14 413827497 114.289835 30.56764 114.291515 30.571043 4.4 205 205
2016-10-22 23:01:44 413827497 114.28953 30.567073 114.289835 30.56764 4.5 205.5 205
2016-10-22 23:02:24 413827497 114.289198 30.566513 114.28953 30.567073 4.5 208 208
2016-10-22 23:03:09 413827497 114.288465 30.565408 114.289198 30.566513 4.5 213.9 213
2016-10-22 23:03:44 413827497 114.288082 30.56487 114.288465 30.565408 4.5 211.6 211
2016-10-22 23:04:13 413827497 114.287703 30.564325 114.288082 30.56487 4.5 210.6 210
2016-10-22 23:04:39 413827497 114.287315 30.563788 114.287703 30.564325 4.5 212.3 212
2016-10-22 23:05:13 413827497 114.286935 30.56325 114.287315 30.563788 4.5 211.6 211
2016-10-22 23:05:54 413827497 114.286583 30.562695 114.286935 30.56325 4.5 208 207
2016-10-22 23:06:12 413827497 114.286223 30.562138 114.286583 30.562695 4.6 208.5 208
2016-10-22 23:07:06 413827497 114.285508 30.561012 114.286223 30.562138 4.6 209 209
2016-10-22 23:07:40 413827497 114.285157 30.560447 114.285508 30.561012 4.5 208.5 208
2016-10-22 23:08:19 413827497 114.284825 30.55988 114.285157 30.560447 4.5 206.1 206
2016-10-22 23:09:13 413827497 114.284213 30.558725 114.284825 30.55988 4.5 204.2 204
2016-10-22 23:09:53 413827497 114.28393 30.558158 114.284213 30.558725 4.5 202 202
2016-10-22 23:10:12 413827497 114.283625 30.557565 114.28393 30.558158 4.4 203.7 203
2016-10-22 23:10:48 413827497 114.283332 30.557028 114.283625 30.557565 4.3 205.9 205
2016-10-22 23:11:08 413827497 114.28305 30.556453 114.283332 30.557028 4.3 203 203
2016-10-22 23:11:44 413827497 114.282773 30.555898 114.28305 30.556453 4.3 201.8 202
2016-10-22 23:12:10 413827497 114.282508 30.555332 114.282773 30.555898 4.4 203.4 203
2016-10-22 23:12:44 413827497 114.282215 30.554772 114.282508 30.555332 4.4 204.4 204
2016-10-22 23:13:21 413827497 114.281927 30.554212 114.282215 30.554772 4.3 203.5 203
2016-10-22 23:13:39 413827497 114.281648 30.553652 114.281927 30.554212 4.3 203.8 203
2016-10-22 23:14:13 413827497 114.281392 30.553133 114.281648 30.553652 4.3 199.3 199
2016-10-22 23:14:53 413827497 114.281155 30.552538 114.281392 30.553133 4.1 204.8 204
2016-10-22 23:15:10 413827497 114.280792 30.552057 114.281155 30.552538 4.1 216.3 216
2016-10-22 23:16:07 413827497 114.279833 30.551247 114.280792 30.552057 4.2 228.8 228
2016-10-22 23:16:35 413827497 114.279342 30.55083 114.279833 30.551247 4.2 223.2 223
2016-10-22 23:19:27 413827497 114.277527 30.54844 114.279342 30.55083 3.9 206.3 206
2016-10-22 23:19:46 413827497 114.277268 30.547933 114.277527 30.54844 3.9 199.5 199
2016-10-22 23:20:21 413827497 114.277048 30.547413 114.277268 30.547933 3.9 202.2 202
2016-10-22 23:21:13 413827497 114.276592 30.546363 114.277048 30.547413 4 200.2 200
2016-10-22 23:21:47 413827497 114.276373 30.545825 114.276592 30.546363 4.1 198.6 198
2016-10-22 23:22:21 413827497 114.276138 30.545285 114.276373 30.545825 4.1 202.5 202
2016-10-22 23:22:33 413827497 114.275868 30.544757 114.276138 30.545285 4.1 204.7 204
2016-10-22 23:23:14 413827497 114.275593 30.54424 114.275868 30.544757 4 205.2 205
2016-10-22 23:23:44 413827497 114.275302 30.54374 114.275593 30.54424 3.9 207.9 207
2016-10-22 23:24:49 413827497 114.274733 30.542792 114.275302 30.54374 3.8 205.2 205
2016-10-22 23:25:12 413827497 114.274475 30.542312 114.274733 30.542792 3.7 206.3 206
2016-10-22 23:26:17 413827497 114.27395 30.541377 114.274475 30.542312 3.7 205.2 205
2016-10-22 23:27:22 413827497 114.273445 30.540407 114.27395 30.541377 3.6 205.4 205
2016-10-22 23:27:39 413827497 114.273205 30.540008 114.273445 30.540407 3.5 207.2 207
2016-10-22 23:29:47 413827497 114.272455 30.538167 114.273205 30.540008 3.4 191.6 191
2016-10-22 23:32:49 413827497 114.271157 30.535452 114.272455 30.538167 3.6 212 211
2016-10-22 23:35:08 413827497 114.269483 30.533537 114.271157 30.535452 3.4 215.5 215
2016-10-22 23:54:52 413827497 114.255768 30.518125 114.256593 30.518975 3.9 222 222
