2016-10-19 0:13:57 59644213 114.489853 30.679463 114.489853 30.679468 0 258.7 N/A
2016-10-19 0:15:06 59644213 114.48985 30.679467 114.489853 30.679463 0 258.7 N/A
2016-10-19 0:18:11 59644213 114.48985 30.679465 114.48985 30.679467 0 258.7 N/A
2016-10-19 1:02:04 59644213 114.489853 30.679457 114.489855 30.67946 0 258.7 N/A
2016-10-19 1:38:01 59644213 114.489853 30.679452 114.489853 30.679455 0 258.7 N/A
2016-10-19 1:39:07 59644213 114.489853 30.679453 114.489853 30.679452 0 258.7 N/A
2016-10-19 1:42:06 59644213 114.489852 30.679452 114.489853 30.679453 0 258.7 N/A
2016-10-19 1:51:09 59644213 114.489852 30.679452 114.489853 30.679452 0 258.7 N/A
2016-10-19 2:12:14 59644213 114.489847 30.679447 114.48985 30.679448 0 258.7 N/A
2016-10-19 2:24:08 59644213 114.48985 30.679443 114.48985 30.679447 0 258.7 N/A
2016-10-19 2:26:06 59644213 114.48985 30.679445 114.48985 30.679443 0 258.7 N/A
2016-10-19 2:30:01 59644213 114.48985 30.679447 114.48985 30.679445 0 258.7 N/A
2016-10-19 2:42:03 59644213 114.489847 30.679443 114.489847 30.679443 0 258.7 N/A
2016-10-19 2:44:08 59644213 114.489845 30.679443 114.489847 30.679443 0 258.7 N/A
2016-10-19 2:45:11 59644213 114.489848 30.67944 114.489845 30.679443 0 258.7 N/A
2016-10-19 2:54:04 59644213 114.48985 30.67944 114.489847 30.679443 0 258.7 N/A
2016-10-19 3:06:11 59644213 114.489853 30.67944 114.489848 30.679438 0 258.7 N/A
2016-10-19 3:08:00 59644213 114.489852 30.67944 114.489853 30.67944 0 258.7 N/A
2016-10-19 3:09:03 59644213 114.489855 30.679443 114.489852 30.67944 0 258.7 N/A
2016-10-19 3:12:05 59644213 114.48985 30.679442 114.489855 30.679443 0 258.7 N/A
2016-10-19 3:14:02 59644213 114.489852 30.679442 114.48985 30.679442 0 258.7 N/A
2016-10-19 3:30:01 59644213 114.489853 30.679442 114.489852 30.679442 0 258.7 N/A
2016-10-19 3:32:59 59644213 114.489857 30.679447 114.489853 30.679442 0 258.7 N/A
2016-10-19 3:36:09 59644213 114.489858 30.679445 114.489857 30.679447 0 258.7 N/A
2016-10-19 3:37:55 59644213 114.489853 30.679443 114.489858 30.679445 0 258.7 N/A
2016-10-19 3:39:11 59644213 114.489855 30.679445 114.489853 30.679443 0 258.7 N/A
2016-10-19 3:42:00 59644213 114.489855 30.679445 114.489855 30.679445 0 258.7 N/A
2016-10-19 3:44:07 59644213 114.489855 30.679447 114.489855 30.679445 0 258.7 N/A
2016-10-19 3:45:06 59644213 114.489857 30.679445 114.489855 30.679447 0 258.7 N/A
2016-10-19 3:53:56 59644213 114.48986 30.679447 114.48986 30.679445 0 258.7 N/A
2016-10-19 3:56:08 59644213 114.489857 30.679447 114.48986 30.679447 0 258.7 N/A
2016-10-19 3:57:09 59644213 114.489858 30.679445 114.489857 30.679447 0 258.7 N/A
2016-10-19 4:00:02 59644213 114.489862 30.679448 114.489858 30.679445 0 258.7 N/A
2016-10-19 4:02:00 59644213 114.489858 30.679447 114.489862 30.679448 0 258.7 N/A
2016-10-19 4:03:10 59644213 114.489858 30.679447 114.489858 30.679447 0 258.7 N/A
2016-10-19 4:21:05 59644213 114.489858 30.679448 114.489863 30.67945 0 258.7 N/A
2016-10-19 4:23:58 59644213 114.489863 30.679448 114.489858 30.679448 0 258.7 N/A
2016-10-19 4:26:11 59644213 114.489862 30.679448 114.489863 30.679448 0 258.7 N/A
2016-10-19 4:27:13 59644213 114.48986 30.679448 114.489862 30.679448 0 258.7 N/A
2016-10-19 4:35:59 59644213 114.489862 30.679448 114.489863 30.679447 0 258.7 N/A
2016-10-19 4:39:00 59644213 114.489863 30.679452 114.489862 30.679448 0 258.7 N/A
2016-10-19 4:42:01 59644213 114.489862 30.67945 114.489863 30.679452 0 258.7 N/A
2016-10-19 4:44:07 59644213 114.489863 30.679452 114.489862 30.67945 0 258.7 N/A
2016-10-19 4:45:04 59644213 114.489863 30.679453 114.489863 30.679452 0 258.7 N/A
2016-10-19 4:48:07 59644213 114.489862 30.679453 114.489863 30.679453 0 258.7 N/A
2016-10-19 4:51:05 59644213 114.489863 30.679452 114.489862 30.679453 0 258.7 N/A
2016-10-19 4:54:15 59644213 114.48986 30.679455 114.489863 30.679452 0 258.7 N/A
2016-10-19 4:56:53 59644213 114.489862 30.679452 114.48986 30.679455 0 258.7 N/A
2016-10-19 5:00:02 59644213 114.489863 30.679453 114.489862 30.679452 0 258.7 N/A
2016-10-19 5:02:54 59644213 114.489862 30.679457 114.489863 30.679453 0 258.7 N/A
2016-10-19 5:09:03 59644213 114.48986 30.679455 114.48986 30.679457 0 258.7 N/A
2016-10-19 5:15:07 59644213 114.48986 30.679455 114.489862 30.679455 0 258.7 N/A
2016-10-19 5:18:07 59644213 114.489862 30.679457 114.48986 30.679455 0 258.7 N/A
2016-10-19 5:21:01 59644213 114.489863 30.679457 114.489862 30.679457 0 258.7 N/A
2016-10-19 5:30:04 59644213 114.489863 30.67946 114.489862 30.679457 0 258.7 N/A
2016-10-19 5:38:17 59644213 114.489863 30.679458 114.489867 30.679462 0 258.7 N/A
2016-10-19 5:39:11 59644213 114.489863 30.679463 114.489863 30.679458 0 258.7 N/A
2016-10-19 5:42:09 59644213 114.489872 30.679465 114.489863 30.679463 0 258.7 N/A
2016-10-19 5:57:02 59644213 114.489893 30.679467 114.489892 30.679463 0 258.7 N/A
2016-10-19 6:00:01 59644213 114.489903 30.679467 114.489893 30.679467 0 258.7 N/A
2016-10-19 6:02:11 59644213 114.489898 30.67947 114.489903 30.679467 0 258.7 N/A
2016-10-19 6:03:11 59644213 114.489903 30.679468 114.489898 30.67947 0 258.7 N/A
2016-10-19 6:05:56 59644213 114.489907 30.67947 114.489903 30.679468 0 258.7 N/A
2016-10-19 6:08:11 59644213 114.489903 30.679472 114.489907 30.67947 0 258.7 N/A
2016-10-19 6:09:16 59644213 114.48991 30.67947 114.489903 30.679472 0 258.7 N/A
2016-10-19 6:12:07 59644213 114.489913 30.679468 114.48991 30.67947 0 258.7 N/A
2016-10-19 6:20:03 59644213 114.48992 30.679473 114.489915 30.679472 0 258.7 N/A
2016-10-19 6:21:00 59644213 114.489918 30.679472 114.48992 30.679473 0 258.7 N/A
2016-10-19 6:24:09 59644213 114.48992 30.679472 114.489918 30.679472 0 258.7 N/A
2016-10-19 6:27:09 59644213 114.489922 30.679473 114.48992 30.679472 0 258.7 N/A
2016-10-19 6:30:06 59644213 114.489925 30.679473 114.489922 30.679473 0 258.7 N/A
2016-10-19 6:32:13 59644213 114.489933 30.679475 114.489925 30.679473 0 258.7 N/A
2016-10-19 6:33:06 59644213 114.489932 30.679472 114.489933 30.679475 0 258.7 N/A
2016-10-19 6:35:55 59644213 114.48993 30.679472 114.489932 30.679472 0 258.7 N/A
2016-10-19 6:39:07 59644213 114.489932 30.679475 114.48993 30.679472 0 258.7 N/A
2016-10-19 6:42:04 59644213 114.489938 30.679473 114.489932 30.679475 0 258.7 N/A
2016-10-19 6:44:04 59644213 114.489937 30.679475 114.489938 30.679473 0 258.7 N/A
2016-10-19 6:45:06 59644213 114.489942 30.679473 114.489937 30.679475 0 258.7 N/A
2016-10-19 6:48:12 59644213 114.489943 30.679475 114.489942 30.679473 0 258.7 N/A
2016-10-19 6:51:01 59644213 114.489943 30.679477 114.489943 30.679475 0 258.7 N/A
2016-10-19 6:54:03 59644213 114.489947 30.679472 114.489943 30.679477 0 258.7 N/A
2016-10-19 6:56:09 59644213 114.489947 30.679475 114.489947 30.679472 0 258.7 N/A
2016-10-19 6:57:10 59644213 114.489948 30.679473 114.489947 30.679475 0 258.7 N/A
2016-10-19 7:00:11 59644213 114.489952 30.679477 114.489948 30.679473 0 258.7 N/A
2016-10-19 7:02:58 59644213 114.489953 30.679477 114.489952 30.679477 0 258.7 N/A
2016-10-19 7:12:12 59644213 114.489958 30.679477 114.489953 30.679475 0 258.7 N/A
2016-10-19 7:14:20 59644213 114.489957 30.679478 114.489958 30.679477 0 258.7 N/A
2016-10-19 7:15:01 59644213 114.48996 30.679477 114.489957 30.679478 0 258.7 N/A
2016-10-19 7:18:06 59644213 114.48996 30.679477 114.48996 30.679477 0 258.7 N/A
2016-10-19 7:20:15 59644213 114.489962 30.679478 114.48996 30.679477 0 258.7 N/A
2016-10-19 7:20:53 59644213 114.489962 30.679477 114.489962 30.679478 0 258.7 N/A
2016-10-19 7:24:03 59644213 114.489963 30.679478 114.489962 30.679477 0 258.7 N/A
2016-10-19 7:26:09 59644213 114.489965 30.679477 114.489963 30.679478 0 258.7 N/A
2016-10-19 7:33:04 59644213 114.489967 30.679477 114.489965 30.679477 0 258.7 N/A
2016-10-19 7:36:06 59644213 114.489965 30.679477 114.489967 30.679477 0 258.7 N/A
2016-10-19 7:38:20 59644213 114.489968 30.679477 114.489965 30.679477 0 258.7 N/A
2016-10-19 7:39:05 59644213 114.489965 30.679477 114.489968 30.679477 0 258.7 N/A
2016-10-19 7:42:24 59644213 114.489965 30.679475 114.489965 30.679477 0 258.7 N/A
2016-10-19 7:44:12 59644213 114.489967 30.679477 114.489965 30.679475 0 258.7 N/A
2016-10-19 7:44:59 59644213 114.489968 30.679477 114.489967 30.679477 0 258.7 N/A
2016-10-19 7:47:59 59644213 114.489972 30.679477 114.489968 30.679477 0 258.7 N/A
2016-10-19 7:50:16 59644213 114.489967 30.679475 114.489972 30.679477 0 258.7 N/A
2016-10-19 7:51:16 59644213 114.48997 30.679475 114.489967 30.679475 0 258.7 N/A
2016-10-19 7:53:59 59644213 114.489972 30.679477 114.48997 30.679475 0 258.7 N/A
2016-10-19 7:56:58 59644213 114.489973 30.679477 114.489972 30.679477 0 258.7 N/A
2016-10-19 8:00:07 59644213 114.48997 30.679475 114.489973 30.679477 0 258.7 N/A
2016-10-19 8:02:14 59644213 114.489975 30.679475 114.48997 30.679475 0 258.7 N/A
2016-10-19 8:02:56 59644213 114.489973 30.679473 114.489975 30.679475 0 258.7 N/A
2016-10-19 8:05:58 59644213 114.489977 30.679473 114.489973 30.679473 0 258.7 N/A
2016-10-19 8:09:10 59644213 114.489975 30.679472 114.489977 30.679473 0 258.7 N/A
2016-10-19 8:11:54 59644213 114.489975 30.679472 114.489975 30.679472 0 258.7 N/A
2016-10-19 8:14:59 59644213 114.489977 30.679473 114.489975 30.679472 0 258.7 N/A
2016-10-19 8:18:14 59644213 114.489977 30.67947 114.489977 30.679473 0 258.7 N/A
2016-10-19 8:21:12 59644213 114.48998 30.679473 114.489977 30.67947 0 258.7 N/A
2016-10-19 8:24:09 59644213 114.489978 30.67947 114.48998 30.679473 0 258.7 N/A
2016-10-19 8:26:14 59644213 114.48998 30.679477 114.489978 30.67947 0 258.7 N/A
2016-10-19 8:26:58 59644213 114.48998 30.679472 114.48998 30.679477 0 258.7 N/A
2016-10-19 8:30:04 59644213 114.489977 30.679473 114.48998 30.679472 0 258.7 N/A
2016-10-19 8:32:14 59644213 114.489978 30.679472 114.489977 30.679473 0 258.7 N/A
2016-10-19 8:33:06 59644213 114.489978 30.67947 114.489978 30.679472 0 258.7 N/A
2016-10-19 8:36:08 59644213 114.489978 30.679468 114.489978 30.67947 0 258.7 N/A
2016-10-19 8:42:24 59644213 114.489978 30.679468 114.489978 30.679468 0 258.7 N/A
2016-10-19 8:45:04 59644213 114.489982 30.679467 114.489978 30.679468 0 258.7 N/A
2016-10-19 8:50:57 59644213 114.489987 30.679465 114.489987 30.679468 0 258.7 N/A
2016-10-19 8:54:19 59644213 114.489983 30.679465 114.489987 30.679465 0 258.7 N/A
2016-10-19 8:57:18 59644213 114.489987 30.679463 114.489983 30.679465 0 258.7 N/A
2016-10-19 9:00:14 59644213 114.48999 30.679467 114.489987 30.679463 0 258.7 N/A
2016-10-19 9:02:31 59644213 114.489988 30.679468 114.48999 30.679467 0 258.7 N/A
2016-10-19 9:03:05 59644213 114.489987 30.679463 114.489988 30.679468 0 258.7 N/A
2016-10-19 9:08:22 59644213 114.489993 30.679463 114.489987 30.679463 0 258.7 N/A
2016-10-19 9:08:57 59644213 114.489992 30.679463 114.489993 30.679463 0 258.7 N/A
2016-10-19 9:12:03 59644213 114.489993 30.679462 114.489992 30.679463 0 258.7 N/A
2016-10-19 9:14:12 59644213 114.489997 30.679463 114.489993 30.679462 0 258.7 N/A
2016-10-19 9:15:19 59644213 114.489993 30.679462 114.489997 30.679463 0 258.7 N/A
2016-10-19 9:18:05 59644213 114.489995 30.679462 114.489993 30.679462 0 258.7 N/A
2016-10-19 9:21:04 59644213 114.489993 30.679458 114.489995 30.679462 0 258.7 N/A
2016-10-19 9:24:00 59644213 114.489993 30.679458 114.489993 30.679458 0 258.7 N/A
2016-10-19 9:26:30 59644213 114.489995 30.67946 114.489993 30.679458 0 258.7 N/A
2016-10-19 9:26:55 59644213 114.489995 30.67946 114.489995 30.67946 0 258.7 N/A
2016-10-19 9:30:31 59644213 114.48999 30.67946 114.489995 30.67946 0 258.7 N/A
2016-10-19 9:32:37 59644213 114.489995 30.679458 114.48999 30.67946 0 258.7 N/A
2016-10-19 9:36:10 59644213 114.489995 30.679463 114.489995 30.679458 0 258.7 N/A
2016-10-19 9:38:13 59644213 114.489993 30.679458 114.489995 30.679463 0 258.7 N/A
2016-10-19 9:39:20 59644213 114.489992 30.679463 114.489993 30.679458 0 258.7 N/A
2016-10-19 9:41:57 59644213 114.489995 30.679465 114.489992 30.679463 0 258.7 N/A
2016-10-19 9:44:30 59644213 114.489995 30.679462 114.489995 30.679465 0 258.7 N/A
2016-10-19 9:45:04 59644213 114.489992 30.679463 114.489995 30.679462 0 258.7 N/A
2016-10-19 9:48:06 59644213 114.489993 30.679462 114.489992 30.679463 0 258.7 N/A
2016-10-19 9:57:27 59644213 114.489997 30.679462 114.489993 30.679462 0 258.7 N/A
2016-10-19 10:02:12 59644213 114.489992 30.679458 114.489997 30.679462 0 258.7 N/A
2016-10-19 10:03:18 59644213 114.489995 30.679458 114.489992 30.679458 0 258.7 N/A
2016-10-19 10:06:11 59644213 114.489998 30.67946 114.489995 30.679458 0 258.7 N/A
2016-10-19 10:08:27 59644213 114.489997 30.679458 114.489998 30.67946 0 258.7 N/A
2016-10-19 10:09:05 59644213 114.489993 30.679458 114.489997 30.679458 0 258.7 N/A
2016-10-19 10:12:21 59644213 114.489995 30.679458 114.489993 30.679458 0 258.7 N/A
2016-10-19 10:14:19 59644213 114.489992 30.67946 114.489995 30.679458 0 258.7 N/A
2016-10-19 10:14:55 59644213 114.489987 30.679462 114.489992 30.67946 0 258.7 N/A
2016-10-19 10:26:25 59644213 114.48999 30.679462 114.489992 30.679457 0 258.7 N/A
2016-10-19 10:26:50 59644213 114.489995 30.67946 114.48999 30.679462 0 258.7 N/A
2016-10-19 10:30:12 59644213 114.48999 30.679457 114.489995 30.67946 0 258.7 N/A
2016-10-19 10:32:24 59644213 114.489995 30.679462 114.48999 30.679457 0 258.7 N/A
2016-10-19 10:32:52 59644213 114.489993 30.679462 114.489995 30.679462 0 258.7 N/A
2016-10-19 10:35:55 59644213 114.48999 30.67946 114.489993 30.679462 0 258.7 N/A
2016-10-19 10:39:09 59644213 114.489992 30.67946 114.48999 30.67946 0 258.7 N/A
2016-10-19 10:42:09 59644213 114.489995 30.67946 114.489992 30.67946 0 258.7 N/A
2016-10-19 10:44:32 59644213 114.489992 30.679463 114.489995 30.67946 0 258.7 N/A
2016-10-19 10:48:07 59644213 114.48999 30.679463 114.489992 30.679463 0 258.7 N/A
2016-10-19 10:50:35 59644213 114.489993 30.679462 114.48999 30.679463 0 258.7 N/A
2016-10-19 10:54:01 59644213 114.48999 30.679463 114.489993 30.679462 0 258.7 N/A
2016-10-19 10:56:23 59644213 114.489992 30.679465 114.48999 30.679463 0 258.7 N/A
2016-10-19 10:57:02 59644213 114.489992 30.679465 114.489992 30.679465 0 258.7 N/A
2016-10-19 11:02:18 59644213 114.48999 30.679462 114.489992 30.679465 0 258.7 N/A
2016-10-19 11:09:11 59644213 114.48999 30.679467 114.48999 30.679465 0 258.7 N/A
2016-10-19 11:12:02 59644213 114.489992 30.679467 114.48999 30.679467 0 258.7 N/A
2016-10-19 11:14:41 59644213 114.489988 30.679463 114.489992 30.679467 0 258.7 N/A
2016-10-19 11:18:07 59644213 114.489995 30.679468 114.489988 30.679463 0 258.7 N/A
2016-10-19 11:20:45 59644213 114.48999 30.679467 114.489995 30.679468 0 258.7 N/A
2016-10-19 11:23:55 59644213 114.48999 30.679472 114.48999 30.679467 0 258.7 N/A
2016-10-19 11:26:25 59644213 114.489988 30.679473 114.48999 30.679472 0 258.7 N/A
2016-10-19 11:26:52 59644213 114.489988 30.679472 114.489988 30.679473 0 258.7 N/A
2016-10-19 11:30:15 59644213 114.489987 30.679472 114.489988 30.679472 0 258.7 N/A
2016-10-19 11:32:41 59644213 114.48999 30.679472 114.489987 30.679472 0 258.7 N/A
2016-10-19 11:36:21 59644213 114.48999 30.679472 114.48999 30.679472 0 258.7 N/A
2016-10-19 11:38:12 59644213 114.489992 30.679472 114.48999 30.679472 0 258.7 N/A
2016-10-19 11:38:57 59644213 114.489987 30.679473 114.489992 30.679472 0 258.7 N/A
2016-10-19 11:42:15 59644213 114.489988 30.679472 114.489987 30.679473 0 258.7 N/A
2016-10-19 11:44:36 59644213 114.48999 30.679468 114.489988 30.679472 0 258.7 N/A
2016-10-19 11:47:51 59644213 114.48999 30.679468 114.48999 30.679468 0 258.7 N/A
2016-10-19 11:50:40 59644213 114.48999 30.679468 114.48999 30.679468 0 258.7 N/A
2016-10-19 11:54:12 59644213 114.48999 30.679472 114.48999 30.679468 0 258.7 N/A
2016-10-19 11:56:21 59644213 114.489992 30.679472 114.48999 30.679472 0 258.7 N/A
2016-10-19 12:03:01 59644213 114.489992 30.679472 114.489988 30.67947 0 258.7 N/A
2016-10-19 12:06:04 59644213 114.48999 30.679475 114.489992 30.679472 0 258.7 N/A
2016-10-19 12:08:58 59644213 114.489992 30.679472 114.48999 30.679475 0 258.7 N/A
2016-10-19 12:12:11 59644213 114.489993 30.679473 114.489992 30.679472 0 258.7 N/A
2016-10-19 12:14:18 59644213 114.489993 30.679472 114.489993 30.679473 0 258.7 N/A
2016-10-19 12:15:06 59644213 114.489993 30.67947 114.489993 30.679472 0 258.7 N/A
2016-10-19 12:17:56 59644213 114.489992 30.679472 114.489993 30.67947 0 258.7 N/A
2016-10-19 12:20:16 59644213 114.489993 30.679472 114.489992 30.679472 0 258.7 N/A
2016-10-19 12:21:13 59644213 114.48999 30.679472 114.489993 30.679472 0 258.7 N/A
2016-10-19 12:26:18 59644213 114.489993 30.679473 114.48999 30.679472 0 258.7 N/A
2016-10-19 12:26:49 59644213 114.489993 30.679477 114.489993 30.679473 0 258.7 N/A
2016-10-19 12:30:01 59644213 114.489995 30.679475 114.489993 30.679477 0 258.7 N/A
2016-10-19 12:32:49 59644213 114.489995 30.679473 114.489995 30.679475 0 258.7 N/A
2016-10-19 12:36:10 59644213 114.489995 30.679472 114.489995 30.679473 0 258.7 N/A
2016-10-19 12:38:26 59644213 114.489998 30.67947 114.489995 30.679472 0 258.7 N/A
2016-10-19 12:38:50 59644213 114.489997 30.679472 114.489998 30.67947 0 258.7 N/A
2016-10-19 12:41:49 59644213 114.489995 30.67947 114.489997 30.679472 0 258.7 N/A
2016-10-19 12:45:03 59644213 114.489998 30.679472 114.489995 30.67947 0 258.7 N/A
2016-10-19 12:54:09 59644213 114.490003 30.67947 114.49 30.67947 0 258.7 N/A
2016-10-19 13:02:56 59644213 114.489998 30.679467 114.49 30.679467 0 258.7 N/A
2016-10-19 13:05:49 59644213 114.490003 30.67947 114.489998 30.679467 0 258.7 N/A
2016-10-19 13:14:10 59644213 114.490002 30.679463 114.490002 30.679468 0 258.7 N/A
2016-10-19 13:14:55 59644213 114.49 30.679463 114.490002 30.679463 0 258.7 N/A
2016-10-19 13:17:48 59644213 114.489998 30.679465 114.49 30.679463 0 258.7 N/A
2016-10-19 13:20:30 59644213 114.489998 30.679468 114.489998 30.679465 0 258.7 N/A
2016-10-19 13:23:47 59644213 114.489998 30.679468 114.489998 30.679468 0 258.7 N/A
2016-10-19 13:32:51 59644213 114.489998 30.679475 114.489998 30.679473 0 258.7 N/A
2016-10-19 13:36:04 59644213 114.489997 30.679477 114.489998 30.679475 0 258.7 N/A
2016-10-19 13:39:03 59644213 114.489998 30.679473 114.489997 30.679477 0 258.7 N/A
2016-10-19 13:44:37 59644213 114.490002 30.679475 114.489998 30.679473 0 258.7 N/A
2016-10-19 13:54:13 59644213 114.490003 30.679475 114.490002 30.679473 0 258.7 N/A
2016-10-19 13:56:16 59644213 114.490003 30.679478 114.490003 30.679475 0 258.7 N/A
2016-10-19 13:57:11 59644213 114.490007 30.679475 114.490003 30.679478 0 258.7 N/A
2016-10-19 13:59:41 59644213 114.490007 30.679477 114.490007 30.679475 0 258.7 N/A
2016-10-19 14:02:15 59644213 114.490008 30.679477 114.490007 30.679477 0 258.7 N/A
2016-10-19 14:03:02 59644213 114.49001 30.679475 114.490008 30.679477 0 258.7 N/A
2016-10-19 14:09:02 59644213 114.490008 30.67948 114.49001 30.679475 0 258.7 N/A
2016-10-19 14:26:46 59644213 114.49002 30.679478 114.490022 30.679482 0 258.7 N/A
2016-10-19 14:56:21 59644213 114.490022 30.679473 114.490023 30.679473 0 258.7 N/A
2016-10-19 15:02:24 59644213 114.490025 30.679475 114.490022 30.679473 0 258.7 N/A
2016-10-19 15:26:52 59644213 114.490022 30.679473 114.49002 30.679477 0 258.7 N/A
2016-10-19 16:44:53 59644213 114.49002 30.679467 114.49002 30.679465 0 258.7 N/A
2016-10-19 16:47:36 59644213 114.490018 30.679467 114.49002 30.679467 0 258.7 N/A
2016-10-19 16:50:51 59644213 114.49002 30.679465 114.490018 30.679467 0 258.7 N/A
2016-10-19 16:53:46 59644213 114.490022 30.679467 114.49002 30.679465 0 258.7 N/A
2016-10-19 16:56:12 59644213 114.490027 30.679463 114.490022 30.679467 0 258.7 N/A
2016-10-19 16:56:35 59644213 114.490027 30.679463 114.490027 30.679463 0 258.7 N/A
2016-10-19 16:59:35 59644213 114.490028 30.679463 114.490027 30.679463 0 258.7 N/A
2016-10-19 17:02:14 59644213 114.490028 30.679462 114.490028 30.679463 0 258.7 N/A
2016-10-19 17:02:34 59644213 114.490027 30.67946 114.490028 30.679462 0 258.7 N/A
2016-10-19 17:05:34 59644213 114.490028 30.67946 114.490027 30.67946 0 258.7 N/A
2016-10-19 17:08:35 59644213 114.490032 30.679462 114.490028 30.67946 0 258.7 N/A
2016-10-19 17:11:35 59644213 114.490032 30.679458 114.490032 30.679462 0 258.7 N/A
2016-10-19 17:14:14 59644213 114.490033 30.679462 114.490032 30.679458 0 258.7 N/A
2016-10-19 17:14:35 59644213 114.490035 30.67946 114.490033 30.679462 0 258.7 N/A
2016-10-19 17:20:42 59644213 114.49004 30.67946 114.490033 30.679462 0 258.7 N/A
2016-10-19 17:23:37 59644213 114.490032 30.679458 114.49004 30.67946 0 258.7 N/A
2016-10-19 17:26:18 59644213 114.490037 30.679462 114.490032 30.679458 0 258.7 N/A
2016-10-19 17:29:43 59644213 114.490035 30.67946 114.490037 30.679462 0 258.7 N/A
2016-10-19 17:32:23 59644213 114.49004 30.679462 114.490035 30.67946 0 258.7 N/A
2016-10-19 17:38:48 59644213 114.490037 30.679465 114.490038 30.679467 0 258.7 N/A
2016-10-19 17:41:34 59644213 114.490035 30.679468 114.490037 30.679465 0 258.7 N/A
2016-10-19 17:44:17 59644213 114.490032 30.679472 114.490035 30.679468 0 258.7 N/A
2016-10-19 17:47:36 59644213 114.490038 30.679473 114.490032 30.679472 0 258.7 N/A
2016-10-19 17:50:14 59644213 114.490038 30.67947 114.490038 30.679473 0 258.7 N/A
2016-10-19 17:56:39 59644213 114.490032 30.679467 114.490035 30.67947 0 258.7 N/A
2016-10-19 17:59:36 59644213 114.490033 30.679468 114.490032 30.679467 0 258.7 N/A
2016-10-19 18:02:40 59644213 114.490028 30.679465 114.490033 30.679468 0 258.7 N/A
2016-10-19 18:17:25 59644213 114.490023 30.67947 114.490025 30.67947 0 258.7 N/A
2016-10-19 18:20:22 59644213 114.490022 30.679468 114.490023 30.67947 0 258.7 N/A
2016-10-19 18:23:28 59644213 114.490023 30.67947 114.490022 30.679468 0 258.7 N/A
2016-10-19 18:26:07 59644213 114.49002 30.679472 114.490023 30.67947 0 258.7 N/A
2016-10-19 18:26:31 59644213 114.490022 30.67947 114.49002 30.679472 0 258.7 N/A
2016-10-19 18:29:24 59644213 114.49002 30.679472 114.490022 30.67947 0 258.7 N/A
2016-10-19 18:32:08 59644213 114.490023 30.679468 114.49002 30.679472 0 258.7 N/A
2016-10-19 18:32:27 59644213 114.49002 30.679468 114.490023 30.679468 0 258.7 N/A
2016-10-19 18:35:24 59644213 114.49002 30.679467 114.49002 30.679468 0 258.7 N/A
2016-10-19 18:38:16 59644213 114.490017 30.679468 114.49002 30.679467 0 258.7 N/A
2016-10-19 18:41:22 59644213 114.490017 30.679467 114.490017 30.679468 0 258.7 N/A
2016-10-19 18:44:10 59644213 114.490017 30.679465 114.490017 30.679467 0 258.7 N/A
2016-10-19 18:44:28 59644213 114.490017 30.679468 114.490017 30.679465 0 258.7 N/A
2016-10-19 18:47:21 59644213 114.490017 30.679467 114.490017 30.679468 0 258.7 N/A
2016-10-19 18:50:24 59644213 114.490017 30.679467 114.490017 30.679467 0 258.7 N/A
2016-10-19 18:53:33 59644213 114.490018 30.679468 114.490017 30.679467 0 258.7 N/A
2016-10-19 18:56:23 59644213 114.490018 30.679465 114.490018 30.679468 0 258.7 N/A
2016-10-19 19:14:27 59644213 114.49002 30.67946 114.490018 30.679463 0 258.7 N/A
2016-10-19 19:17:35 59644213 114.490022 30.679463 114.49002 30.67946 0 258.7 N/A
2016-10-19 19:20:22 59644213 114.49002 30.67946 114.490022 30.679463 0 258.7 N/A
2016-10-19 19:23:38 59644213 114.49002 30.679457 114.49002 30.67946 0 258.7 N/A
2016-10-19 19:26:07 59644213 114.490018 30.679455 114.49002 30.679457 0 258.7 N/A
2016-10-19 19:29:27 59644213 114.49002 30.679455 114.490018 30.679455 0 258.7 N/A
2016-10-19 19:32:25 59644213 114.49002 30.679453 114.49002 30.679455 0 258.7 N/A
2016-10-19 19:35:23 59644213 114.49002 30.679453 114.49002 30.679453 0 258.7 N/A
2016-10-19 19:38:23 59644213 114.490018 30.679455 114.49002 30.679453 0 258.7 N/A
2016-10-19 19:41:29 59644213 114.490018 30.679455 114.490018 30.679455 0 258.7 N/A
2016-10-19 19:44:09 59644213 114.490018 30.679455 114.490018 30.679455 0 258.7 N/A
2016-10-19 19:59:32 59644213 114.490018 30.679453 114.490018 30.679452 0 258.7 N/A
2016-10-19 20:29:18 59644213 114.490018 30.679452 114.490018 30.679453 0 258.7 N/A
2016-10-19 20:32:04 59644213 114.490018 30.679452 114.490018 30.679452 0 258.7 N/A
2016-10-19 20:32:26 59644213 114.490018 30.679452 114.490018 30.679452 0 258.7 N/A
2016-10-19 20:35:29 59644213 114.490018 30.679453 114.490018 30.679452 0 258.7 N/A
2016-10-19 20:38:14 59644213 114.49002 30.679453 114.490018 30.679453 0 258.7 N/A
2016-10-19 20:50:12 59644213 114.490025 30.679455 114.490023 30.679457 0 258.7 N/A
2016-10-19 20:53:14 59644213 114.490025 30.679457 114.490025 30.679455 0 258.7 N/A
2016-10-19 21:02:15 59644213 114.490023 30.679458 114.490025 30.679455 0 258.7 N/A
2016-10-19 22:41:10 59644213 114.490042 30.679455 114.49004 30.679453 0 258.7 N/A
2016-10-19 22:44:12 59644213 114.49004 30.67945 114.490042 30.679455 0 258.7 N/A
2016-10-19 22:47:11 59644213 114.49004 30.67945 114.49004 30.67945 0 258.7 N/A
2016-10-19 23:14:16 59644213 114.49004 30.679452 114.490038 30.679453 0 258.7 N/A
2016-10-19 23:17:06 59644213 114.490043 30.679453 114.49004 30.679452 0 258.7 N/A
2016-10-19 23:29:14 59644213 114.490043 30.679455 114.49004 30.679452 0 258.7 N/A
2016-10-19 23:41:07 59644213 114.490045 30.679455 114.490045 30.679452 0 258.7 N/A
2016-10-19 23:44:01 59644213 114.490045 30.679457 114.490045 30.679455 0 258.7 N/A
2016-10-19 23:56:15 59644213 114.490047 30.679463 114.490045 30.679465 0 258.7 N/A
2016-10-19 23:59:11 59644213 114.490048 30.67946 114.490047 30.679463 0 258.7 N/A
