2016-10-17 13:58:44 413823019 114.283087 30.567037 114.28211 30.56686 6.2 80.6 80
2016-10-17 14:00:16 413823019 114.286088 30.567103 114.283087 30.567037 6.1 90.9 90
2016-10-17 14:00:43 413823019 114.287035 30.56716 114.286088 30.567103 5.8 83.6 83
2016-10-17 14:01:32 413823019 114.288943 30.567547 114.287035 30.56716 6.1 71.3 71
2016-10-17 14:02:01 413823019 114.289858 30.567877 114.288943 30.567547 6.2 62.8 63
2016-10-17 19:08:00 413823019 114.345237 30.632835 114.346898 30.633838 2.6 225.8 225
2016-10-17 19:08:26 413823019 114.344917 30.63257 114.345237 30.632835 2.8 225.4 225
2016-10-17 19:09:11 413823019 114.344622 30.632292 114.344917 30.63257 2.8 220.7 220
2016-10-17 19:09:32 413823019 114.344298 30.631997 114.344622 30.632292 2.8 226 225
2016-10-17 19:09:56 413823019 114.343975 30.631725 114.344298 30.631997 2.7 224.6 224
2016-10-17 19:10:39 413823019 114.343638 30.631393 114.343975 30.631725 2.7 219.6 219
2016-10-17 19:10:57 413823019 114.343402 30.631122 114.343638 30.631393 2.8 215.1 215
2016-10-17 19:11:42 413823019 114.34314 30.630818 114.343402 30.631122 2.8 218.9 218
2016-10-17 19:12:05 413823019 114.342847 30.630545 114.34314 30.630818 2.7 225.3 225
2016-10-17 19:12:25 413823019 114.342487 30.630287 114.342847 30.630545 2.7 232.4 232
2016-10-17 19:13:12 413823019 114.342157 30.630047 114.342487 30.630287 2.7 228.5 228
2016-10-17 19:13:30 413823019 114.341832 30.629795 114.342157 30.630047 2.7 229 228
2016-10-17 19:14:16 413823019 114.341498 30.629548 114.341832 30.629795 2.7 231.2 231
2016-10-17 19:14:54 413823019 114.340815 30.629093 114.341498 30.629548 2.6 231.2 231
2016-10-17 19:15:34 413823019 114.340483 30.628862 114.340815 30.629093 2.7 231.3 231
2016-10-17 19:15:57 413823019 114.340133 30.628625 114.340483 30.628862 2.7 232.9 233
2016-10-17 19:16:36 413823019 114.33972 30.628368 114.340133 30.628625 2.7 235 235
2016-10-17 19:17:02 413823019 114.339408 30.628173 114.33972 30.628368 2.7 233 233
2016-10-17 19:18:05 413823019 114.338735 30.627687 114.339408 30.628173 2.7 232.5 232
2016-10-17 19:18:34 413823019 114.33837 30.627465 114.338735 30.627687 2.7 235.2 235
2016-10-17 19:19:33 413823019 114.337672 30.627 114.33837 30.627465 2.7 231.6 231
2016-10-17 19:19:55 413823019 114.337325 30.626767 114.337672 30.627 2.7 229.8 230
2016-10-17 19:20:54 413823019 114.336667 30.626277 114.337325 30.626767 2.7 232.9 233
2016-10-17 19:21:38 413823019 114.336335 30.626028 114.336667 30.626277 2.7 225.8 226
2016-10-17 19:22:46 413823019 114.335682 30.625447 114.336335 30.626028 2.6 224.6 224
2016-10-17 19:23:28 413823019 114.335075 30.624967 114.335682 30.625447 2.7 228.4 228
2016-10-17 19:24:17 413823019 114.334747 30.624717 114.335075 30.624967 2.8 229.4 229
2016-10-17 19:25:02 413823019 114.334005 30.624248 114.334747 30.624717 2.8 236.7 236
2016-10-17 19:25:42 413823019 114.333612 30.624032 114.334005 30.624248 2.9 236.8 237
2016-10-17 19:26:04 413823019 114.33322 30.62381 114.333612 30.624032 2.9 237.3 237
2016-10-17 19:26:28 413823019 114.332807 30.62362 114.33322 30.62381 2.9 244.2 244
2016-10-17 19:27:15 413823019 114.332378 30.623443 114.332807 30.62362 2.9 243.2 243
2016-10-17 19:27:58 413823019 114.331533 30.623043 114.332378 30.623443 2.9 239.2 239
2016-10-17 19:28:44 413823019 114.331082 30.622763 114.331533 30.623043 2.8 232.9 233
2016-10-17 19:30:08 413823019 114.330155 30.621997 114.331082 30.622763 2.8 222.6 222
2016-10-17 19:31:12 413823019 114.329515 30.621443 114.330155 30.621997 2.8 226 226
2016-10-17 19:31:39 413823019 114.329178 30.621145 114.329515 30.621443 2.9 222.8 222
2016-10-17 19:32:01 413823019 114.328888 30.620852 114.329178 30.621145 2.9 219.6 219
2016-10-17 19:34:45 413823019 114.327033 30.619213 114.328888 30.620852 3.1 225 225
2016-10-17 19:35:08 413823019 114.326735 30.61895 114.327033 30.619213 3.2 225.2 225
2016-10-17 19:35:31 413823019 114.326353 30.618642 114.326735 30.61895 3.2 228.1 228
2016-10-17 19:36:15 413823019 114.325985 30.618325 114.326353 30.618642 3.2 221.7 222
2016-10-17 19:37:03 413823019 114.325297 30.617665 114.325985 30.618325 3.2 224.4 224
2016-10-17 19:37:50 413823019 114.324947 30.617333 114.325297 30.617665 3.2 219.9 220
2016-10-17 19:38:36 413823019 114.324298 30.61662 114.324947 30.617333 3.3 217 217
2016-10-17 19:38:57 413823019 114.323975 30.616248 114.324298 30.61662 3.3 217 217
2016-10-17 19:39:50 413823019 114.32365 30.615875 114.323975 30.616248 3.3 217.1 217
2016-10-17 19:40:35 413823019 114.322943 30.615043 114.32365 30.615875 3.4 215 215
2016-10-17 19:41:01 413823019 114.322675 30.614713 114.322943 30.615043 3.4 215.4 215
2016-10-17 19:41:25 413823019 114.322353 30.614317 114.322675 30.614713 3.4 214 214
2016-10-17 19:42:11 413823019 114.322055 30.613908 114.322353 30.614317 3.4 211.9 211
2016-10-17 19:42:37 413823019 114.32176 30.613497 114.322055 30.613908 3.4 211.5 211
2016-10-17 19:43:02 413823019 114.321465 30.61308 114.32176 30.613497 3.5 211 211
2016-10-17 19:43:43 413823019 114.321192 30.612643 114.321465 30.61308 3.5 206.7 206
2016-10-17 19:44:07 413823019 114.320928 30.612223 114.321192 30.612643 3.5 210.9 210
2016-10-17 19:44:27 413823019 114.32064 30.611793 114.320928 30.612223 3.5 208 208
2016-10-17 19:45:04 413823019 114.320387 30.611342 114.32064 30.611793 3.6 205.3 205
2016-10-17 19:45:29 413823019 114.320135 30.610887 114.320387 30.611342 3.6 205.9 205
2016-10-17 19:46:07 413823019 114.31989 30.610432 114.320135 30.610887 3.5 204.4 204
2016-10-17 19:46:24 413823019 114.319647 30.609985 114.31989 30.610432 3.5 206.4 206
2016-10-17 19:47:07 413823019 114.319388 30.609553 114.319647 30.609985 3.4 207.2 207
2016-10-17 19:47:28 413823019 114.3191 30.609138 114.319388 30.609553 3.4 212.2 212
2016-10-17 19:48:16 413823019 114.318798 30.608735 114.3191 30.609138 3.4 214 213
2016-10-17 19:50:07 413823019 114.317565 30.607118 114.318798 30.608735 3.5 214.8 214
2016-10-17 19:52:10 413823019 114.31617 30.605605 114.317565 30.607118 3.4 220.1 220
2016-10-17 19:52:29 413823019 114.315848 30.60523 114.31617 30.605605 3.4 215.5 215
2016-10-17 19:53:02 413823019 114.315458 30.604838 114.315848 30.60523 3.4 224.5 224
2016-10-17 19:53:26 413823019 114.315085 30.60448 114.315458 30.604838 3.4 221.3 221
2016-10-17 19:54:06 413823019 114.314708 30.604125 114.315085 30.60448 3.4 221.6 221
2016-10-17 19:54:24 413823019 114.31436 30.603768 114.314708 30.604125 3.4 221.6 221
2016-10-17 19:55:18 413823019 114.313962 30.60342 114.31436 30.603768 3.5 225.5 225
