2016-10-23 11:35:34 413825671 114.62272 30.55668 114.623907 30.556837 3.7 261.7 0
2016-10-23 11:36:27 413825671 114.622107 30.556587 114.62272 30.55668 3.6 258.5 1
2016-10-23 11:37:13 413825671 114.620933 30.556393 114.622107 30.556587 3.7 257 1
2016-10-23 11:37:59 413825671 114.620933 30.556393 114.620933 30.556393 3.7 257 1
2016-10-23 11:39:04 413825671 114.61856 30.55612 114.620933 30.556393 3.7 268.5 1
2016-10-23 11:41:38 413825671 114.61616 30.556417 114.61856 30.55612 3.6 281.7 1
2016-10-23 11:42:43 413825671 114.61616 30.556417 114.61616 30.556417 3.6 281.7 1
2016-10-23 11:44:05 413825671 114.61616 30.556417 114.61616 30.556417 3.6 281.7 1
2016-10-23 11:45:05 413825671 114.611667 30.55745 114.61616 30.556417 3.6 285.8 1
2016-10-23 11:45:31 413825671 114.611133 30.55758 114.611667 30.55745 3.7 285.8 0
2016-10-23 11:46:18 413825671 114.610533 30.55773 114.611133 30.55758 3.7 285.3 1
2016-10-23 11:47:19 413825671 114.609387 30.558027 114.610533 30.55773 3.8 286.3 1
2016-10-23 11:48:38 413825671 114.607613 30.558427 114.609387 30.558027 3.8 284.5 0
2016-10-23 11:49:03 413825671 114.607013 30.55854 114.607613 30.558427 3.8 281.8 1
2016-10-23 11:49:25 413825671 114.606387 30.558667 114.607013 30.55854 3.8 284.7 0
2016-10-23 11:49:42 413825671 114.606387 30.558667 114.606387 30.558667 3.8 284.7 0
2016-10-23 11:50:20 413825671 114.605787 30.558803 114.606387 30.558667 3.8 285.4 1
2016-10-23 11:53:04 413825671 114.602667 30.560377 114.605787 30.558803 3.8 310.3 1
2016-10-23 11:53:27 413825671 114.602147 30.560727 114.602667 30.560377 3.8 305 0
2016-10-23 12:06:16 413825671 114.586827 30.56787 114.587253 30.56727 5 326.7 1
2016-10-23 12:08:05 413825671 114.586827 30.56787 114.586827 30.56787 5 326.7 1
2016-10-23 12:10:35 413825671 114.582107 30.572127 114.586827 30.56787 4.6 320.6 0
2016-10-23 12:11:37 413825671 114.58124 30.57313 114.582107 30.572127 4.6 324.9 0
2016-10-23 12:12:49 413825671 114.58124 30.57313 114.58124 30.57313 4.6 324.9 0
2016-10-23 12:18:05 413825671 114.57672 30.580723 114.58124 30.57313 4.8 335.4 1
2016-10-23 12:19:35 413825671 114.575707 30.582663 114.57672 30.580723 4.8 336.6 1
2016-10-23 12:20:49 413825671 114.575053 30.583873 114.575707 30.582663 4.8 334.6 0
2016-10-23 12:23:49 413825671 114.57296 30.587613 114.575053 30.583873 5 335.2 0
2016-10-23 12:25:02 413825671 114.57296 30.587613 114.57296 30.587613 5 335.2 0
2016-10-23 12:31:59 413825671 114.56804 30.599257 114.56916 30.596537 5.2 337 1
2016-10-23 12:34:11 413825671 114.56684 30.60209 114.56804 30.599257 5.3 341.5 1
2016-10-23 12:35:30 413825671 114.566347 30.603423 114.56684 30.60209 5.3 343.6 1
2016-10-23 12:36:18 413825671 114.565893 30.604843 114.566347 30.603423 5.2 344.5 1
2016-10-23 12:39:35 413825671 114.564573 30.60999 114.565893 30.604843 5.3 353.2 1
2016-10-23 12:40:34 413825671 114.564307 30.611427 114.564573 30.60999 5.3 346.8 0
2016-10-23 12:42:52 413825671 114.56348 30.6143 114.564307 30.611427 5.2 344 1
2016-10-23 12:43:33 413825671 114.56304 30.615683 114.56348 30.6143 5.2 345.1 0
2016-10-23 12:44:02 413825671 114.56304 30.615683 114.56304 30.615683 5.2 345.1 0
2016-10-23 12:44:48 413825671 114.56256 30.617137 114.56304 30.615683 5.2 342.5 1
2016-10-23 12:45:10 413825671 114.562293 30.617853 114.56256 30.617137 5.2 342.8 1
2016-10-23 12:45:47 413825671 114.562053 30.618557 114.562293 30.617853 5.2 342.3 1
2016-10-23 12:46:32 413825671 114.5616 30.619907 114.562053 30.618557 5.2 344 1
2016-10-23 12:47:54 413825671 114.56108 30.621367 114.5616 30.619907 5.2 342.6 1
2016-10-23 12:48:37 413825671 114.560693 30.622687 114.56108 30.621367 5.1 349.5 1
2016-10-23 12:49:54 413825671 114.560693 30.622687 114.560693 30.622687 5.1 349.5 1
2016-10-23 12:51:26 413825671 114.559693 30.62612 114.560693 30.622687 4.9 338.2 1
2016-10-23 12:52:12 413825671 114.55908 30.627413 114.559693 30.62612 4.9 337.1 1
2016-10-23 12:52:46 413825671 114.55876 30.628097 114.55908 30.627413 4.9 337.8 1
2016-10-23 12:53:11 413825671 114.558453 30.628733 114.55876 30.628097 4.9 336.5 1
2016-10-23 12:53:38 413825671 114.55816 30.629323 114.558453 30.628733 4.9 336.6 1
2016-10-23 12:54:36 413825671 114.557853 30.629973 114.55816 30.629323 4.9 338 1
2016-10-23 12:55:22 413825671 114.55728 30.631253 114.557853 30.629973 4.8 338.8 1
2016-10-23 12:55:39 413825671 114.55728 30.631253 114.55728 30.631253 4.8 338.8 1
2016-10-23 12:56:19 413825671 114.556707 30.632487 114.55728 30.631253 4.8 338.8 1
2016-10-23 12:56:49 413825671 114.55644 30.633097 114.556707 30.632487 4.8 340 1
2016-10-23 12:58:20 413825671 114.555587 30.635017 114.55644 30.633097 4.6 341.4 1
2016-10-23 13:00:03 413825671 114.55488 30.63677 114.555587 30.635017 4.7 341.8 1
2016-10-23 13:00:48 413825671 114.554627 30.63744 114.55488 30.63677 4.7 340.7 1
2016-10-23 13:01:10 413825671 114.554093 30.63866 114.554627 30.63744 4.6 339.8 1
2016-10-23 13:01:48 413825671 114.553867 30.63923 114.554093 30.63866 4.6 342.7 1
2016-10-23 13:02:32 413825671 114.5534 30.640437 114.553867 30.63923 4.6 339.2 1
2016-10-23 13:03:26 413825671 114.55312 30.641047 114.5534 30.640437 4.5 338.3 1
2016-10-23 13:04:10 413825671 114.5526 30.642237 114.55312 30.641047 4.6 338.9 1
2016-10-23 13:04:32 413825671 114.552333 30.642833 114.5526 30.642237 4.6 337.6 1
2016-10-23 13:05:09 413825671 114.552067 30.643403 114.552333 30.642833 4.6 337.4 1
2016-10-23 13:06:02 413825671 114.55152 30.64459 114.552067 30.643403 4.5 339.3 1
2016-10-23 13:07:20 413825671 114.550973 30.64579 114.55152 30.64459 4.5 337.6 1
2016-10-23 13:07:44 413825671 114.55072 30.646357 114.550973 30.64579 4.5 338.4 1
2016-10-23 13:09:17 413825671 114.549893 30.648133 114.55072 30.646357 4.5 338.9 1
2016-10-23 13:10:38 413825671 114.549053 30.649893 114.549893 30.648133 4.3 338.7 1
2016-10-23 13:11:22 413825671 114.548787 30.65048 114.549053 30.649893 4.3 337 1
2016-10-23 13:12:01 413825671 114.548507 30.65102 114.548787 30.65048 4.3 336 1
2016-10-23 13:13:19 413825671 114.547733 30.652617 114.548507 30.65102 4.2 335.3 1
2016-10-23 13:13:50 413825671 114.547413 30.653233 114.547733 30.652617 4.2 336.6 1
2016-10-23 13:14:10 413825671 114.547173 30.653723 114.547413 30.653233 4.2 337.5 1
2016-10-23 13:15:34 413825671 114.54664 30.654783 114.547173 30.653723 4 335.9 1
2016-10-23 13:16:23 413825671 114.546053 30.655853 114.54664 30.654783 3.9 334.9 1
2016-10-23 13:18:38 413825671 114.54476 30.658293 114.546053 30.655853 3.9 334.5 1
2016-10-23 13:19:56 413825671 114.54476 30.658293 114.54476 30.658293 3.9 334.5 1
2016-10-23 13:21:40 413825671 114.543107 30.66124 114.54476 30.658293 3.9 333.1 1
2016-10-23 13:22:52 413825671 114.542533 30.662263 114.543107 30.66124 3.9 337.6 1
2016-10-23 13:24:05 413825671 114.542027 30.6633 114.542533 30.662263 3.9 335.9 1
2016-10-23 13:24:52 413825671 114.541547 30.664337 114.542027 30.6633 4 338.7 1
2016-10-23 13:25:10 413825671 114.541307 30.66484 114.541547 30.664337 4.1 338.1 1
2016-10-23 13:25:46 413825671 114.54104 30.66541 114.541307 30.66484 4 339.3 1
2016-10-23 13:26:08 413825671 114.54084 30.665903 114.54104 30.66541 4 338.7 1
2016-10-23 13:26:54 413825671 114.5406 30.666447 114.54084 30.665903 4 338.9 1
2016-10-23 13:27:54 413825671 114.540053 30.667443 114.5406 30.666447 4 331.9 1
2016-10-23 13:28:14 413825671 114.539733 30.66795 114.540053 30.667443 4 331.3 1
2016-10-23 13:28:31 413825671 114.53944 30.668403 114.539733 30.66795 4 328.2 1
2016-10-23 13:29:07 413825671 114.539053 30.66892 114.53944 30.668403 4.1 326.6 1
2016-10-23 13:30:15 413825671 114.53832 30.669867 114.539053 30.66892 4.1 326.8 1
2016-10-23 13:30:49 413825671 114.53792 30.670373 114.53832 30.669867 4.1 326.5 1
2016-10-23 13:31:15 413825671 114.537573 30.670857 114.53792 30.670373 4.1 329.4 1
2016-10-23 13:31:38 413825671 114.537267 30.671317 114.537573 30.670857 4.1 328.5 1
2016-10-23 13:32:36 413825671 114.536547 30.672263 114.537267 30.671317 4.1 327 1
2016-10-23 13:33:47 413825671 114.535707 30.673183 114.536547 30.672263 4 313.1 1
2016-10-23 13:34:17 413825671 114.535253 30.673537 114.535707 30.673183 4.1 312.5 1
2016-10-23 13:34:39 413825671 114.534747 30.67396 114.535253 30.673537 4.1 314.6 1
2016-10-23 13:36:50 413825671 114.534747 30.67396 114.534747 30.67396 4.1 314.6 1
2016-10-23 13:37:24 413825671 114.532267 30.675837 114.534747 30.67396 4.1 312.6 1
2016-10-23 13:37:43 413825671 114.531787 30.676207 114.532267 30.675837 4.1 311.8 1
2016-10-23 13:38:18 413825671 114.531267 30.676613 114.531787 30.676207 4.2 311.6 1
2016-10-23 13:39:14 413825671 114.53016 30.677393 114.531267 30.676613 4.2 307.2 1
2016-10-23 13:40:17 413825671 114.52904 30.678147 114.53016 30.677393 4.4 308.6 1
2016-10-23 13:40:40 413825671 114.528507 30.678523 114.52904 30.678147 4.5 308 1
2016-10-23 13:41:21 413825671 114.527973 30.67888 114.528507 30.678523 4.5 306.9 1
2016-10-23 13:42:21 413825671 114.526747 30.679607 114.527973 30.67888 4.6 299.9 1
2016-10-23 13:42:44 413825671 114.52608 30.67995 114.526747 30.679607 4.6 301.7 1
2016-10-23 13:44:03 413825671 114.5248 30.68063 114.52608 30.67995 4.6 300.3 1
2016-10-23 13:44:49 413825671 114.523507 30.68128 114.5248 30.68063 4.6 297.9 1
2016-10-23 13:45:38 413825671 114.52224 30.68192 114.523507 30.68128 4.6 300.2 1
2016-10-23 13:46:19 413825671 114.52156 30.682243 114.52224 30.68192 4.6 296.7 1
2016-10-23 13:46:58 413825671 114.520907 30.68252 114.52156 30.682243 4.6 295.9 1
2016-10-23 13:47:47 413825671 114.51952 30.683143 114.520907 30.68252 4.7 298.2 1
2016-10-23 13:48:40 413825671 114.518227 30.68375 114.51952 30.683143 4.6 299.6 1
2016-10-23 13:49:29 413825671 114.517547 30.684073 114.518227 30.68375 4.5 298.5 1
2016-10-23 13:49:49 413825671 114.516933 30.684337 114.517547 30.684073 4.5 294.8 1
2016-10-23 13:50:39 413825671 114.515467 30.684767 114.516933 30.684337 4.5 286.4 1
2016-10-23 13:51:20 413825671 114.514787 30.684937 114.515467 30.684767 4.5 285.1 1
2016-10-23 13:51:55 413825671 114.514053 30.685123 114.514787 30.684937 4.5 287.2 1
2016-10-23 13:52:19 413825671 114.513413 30.685283 114.514053 30.685123 4.5 284.8 1
2016-10-23 13:52:39 413825671 114.512653 30.685467 114.513413 30.685283 4.5 285 1
2016-10-23 13:53:33 413825671 114.512 30.68561 114.512653 30.685467 4.5 284.5 1
2016-10-23 13:54:17 413825671 114.510627 30.68593 114.512 30.68561 4.5 284.9 1
2016-10-23 13:54:43 413825671 114.509907 30.686083 114.510627 30.68593 4.5 283.4 1
2016-10-23 13:55:25 413825671 114.509173 30.686183 114.509907 30.686083 4.5 276.1 1
2016-10-23 13:55:48 413825671 114.5084 30.686243 114.509173 30.686183 4.5 276.2 1
2016-10-23 13:56:08 413825671 114.50768 30.68632 114.5084 30.686243 4.5 277.6 1
2016-10-23 13:57:02 413825671 114.506947 30.686393 114.50768 30.68632 4.6 275.7 1
2016-10-23 13:58:18 413825671 114.504667 30.68668 114.506947 30.686393 4.6 278 1
2016-10-23 13:58:59 413825671 114.503933 30.686753 114.504667 30.68668 4.7 275.3 1
2016-10-23 13:59:46 413825671 114.50244 30.68688 114.503933 30.686753 4.8 275 1
2016-10-23 14:00:09 413825671 114.501627 30.686943 114.50244 30.68688 4.9 276.1 1
2016-10-23 14:00:44 413825671 114.5008 30.687027 114.501627 30.686943 4.9 276 1
2016-10-23 14:01:53 413825671 114.5008 30.687027 114.5008 30.687027 4.9 276 1
2016-10-23 14:02:29 413825671 114.49844 30.687057 114.5008 30.687027 4.8 269.5 1
2016-10-23 14:03:15 413825671 114.496853 30.68702 114.49844 30.687057 4.8 267.3 1
2016-10-23 14:04:07 413825671 114.495307 30.68695 114.496853 30.68702 4.7 266.8 1
2016-10-23 14:04:54 413825671 114.494613 30.68691 114.495307 30.68695 4.7 265.7 1
2016-10-23 14:05:14 413825671 114.4938 30.686827 114.494613 30.68691 4.6 260.5 1
2016-10-23 14:05:52 413825671 114.493107 30.686697 114.4938 30.686827 4.6 256.8 1
2016-10-23 14:06:11 413825671 114.492333 30.686527 114.493107 30.686697 4.6 257.5 1
2016-10-23 14:06:55 413825671 114.491573 30.686373 114.492333 30.686527 4.6 256 1
2016-10-23 14:07:27 413825671 114.490907 30.686227 114.491573 30.686373 4.6 254.9 1
2016-10-23 14:07:51 413825671 114.490173 30.68607 114.490907 30.686227 4.6 255.6 1
2016-10-23 14:08:08 413825671 114.489387 30.6859 114.490173 30.68607 4.6 253.9 1
2016-10-23 14:08:57 413825671 114.488667 30.685713 114.489387 30.6859 4.7 254.5 1
2016-10-23 14:09:42 413825671 114.487253 30.685393 114.488667 30.685713 4.6 256.2 1
2016-10-23 14:10:35 413825671 114.486507 30.685237 114.487253 30.685393 4.6 255.2 1
2016-10-23 14:11:24 413825671 114.485067 30.684913 114.486507 30.685237 4.5 252.6 1
2016-10-23 14:12:16 413825671 114.483653 30.684557 114.485067 30.684913 4.4 254 1
2016-10-23 14:13:07 413825671 114.483653 30.684557 114.483653 30.684557 4.4 254 1
2016-10-23 14:14:07 413825671 114.481707 30.6839 114.483653 30.684557 4.1 248.1 1
2016-10-23 14:14:53 413825671 114.480507 30.683497 114.481707 30.6839 4 246.3 1
2016-10-23 14:15:10 413825671 114.479933 30.683283 114.480507 30.683497 3.9 250.1 1
2016-10-23 14:15:47 413825671 114.47932 30.683097 114.479933 30.683283 4.1 252.3 1
2016-10-23 14:16:11 413825671 114.4786 30.682947 114.47932 30.683097 4.3 258 1
2016-10-23 14:16:54 413825671 114.477973 30.682837 114.4786 30.682947 4.3 257.8 1
2016-10-23 14:17:21 413825671 114.47724 30.68268 114.477973 30.682837 4.5 254.5 1
2016-10-23 14:17:44 413825671 114.47652 30.68247 114.47724 30.68268 4.7 248.2 1
2016-10-23 14:18:22 413825671 114.475813 30.682227 114.47652 30.68247 4.8 249.4 1
2016-10-23 14:18:56 413825671 114.475813 30.682227 114.475813 30.682227 4.8 249.4 1
2016-10-23 14:19:22 413825671 114.47432 30.681723 114.475813 30.682227 5 248.1 1
2016-10-23 14:20:38 413825671 114.472787 30.681193 114.47432 30.681723 5.2 248 1
2016-10-23 14:21:30 413825671 114.471147 30.680617 114.472787 30.681193 5.5 245.9 1
2016-10-23 14:22:26 413825671 114.46952 30.68005 114.471147 30.680617 5.4 250.6 1
2016-10-23 14:22:50 413825671 114.46868 30.679827 114.46952 30.68005 5.3 253.8 1
2016-10-23 14:23:11 413825671 114.467907 30.679623 114.46868 30.679827 5.2 251.9 1
2016-10-23 14:24:13 413825671 114.46636 30.67904 114.467907 30.679623 5.3 238.8 1
2016-10-23 14:25:04 413825671 114.465587 30.678587 114.46636 30.67904 5.3 229.3 1
2016-10-23 14:25:54 413825671 114.46432 30.677533 114.465587 30.678587 5.4 226.7 1
2016-10-23 14:27:54 413825671 114.46156 30.676087 114.46432 30.677533 5 248 1
2016-10-23 14:28:16 413825671 114.460773 30.675853 114.46156 30.676087 5 253.3 1
2016-10-23 14:29:12 413825671 114.459227 30.675487 114.460773 30.675853 5.1 256.1 1
2016-10-23 14:30:58 413825671 114.459227 30.675487 114.459227 30.675487 5.1 256.1 1
2016-10-23 14:32:09 413825671 114.459227 30.675487 114.459227 30.675487 5.1 256.1 1
2016-10-23 14:32:46 413825671 114.453693 30.673593 114.459227 30.675487 4.8 246.7 1
2016-10-23 14:34:04 413825671 114.452453 30.673 114.453693 30.673593 4.9 237.1 1
2016-10-23 14:34:48 413825671 114.451147 30.67226 114.452453 30.673 5.1 236.6 1
2016-10-23 14:35:49 413825671 114.44968 30.671543 114.451147 30.67226 5.2 245 1
2016-10-23 14:37:11 413825671 114.44816 30.671013 114.44968 30.671543 5 250.2 1
2016-10-23 14:37:55 413825671 114.446507 30.670567 114.44816 30.671013 5.1 256.6 1
2016-10-23 14:38:15 413825671 114.445787 30.670433 114.446507 30.670567 5.1 258.7 1
2016-10-23 14:38:52 413825671 114.444973 30.670283 114.445787 30.670433 5 257.3 1
2016-10-23 14:39:56 413825671 114.443413 30.670033 114.444973 30.670283 4.7 261.5 1
2016-10-23 14:40:35 413825671 114.442653 30.669997 114.443413 30.670033 4.8 273.4 1
2016-10-23 14:41:22 413825671 114.441107 30.67028 114.442653 30.669997 5.1 291.2 1
2016-10-23 14:41:41 413825671 114.44036 30.6706 114.441107 30.67028 5.2 296.3 1
2016-10-23 14:42:27 413825671 114.4396 30.670943 114.44036 30.6706 5.2 297.7 1
2016-10-23 14:42:46 413825671 114.438827 30.671297 114.4396 30.670943 5.2 297.9 1
2016-10-23 14:43:40 413825671 114.43804 30.67166 114.438827 30.671297 5.3 297.1 1
2016-10-23 14:44:29 413825671 114.436573 30.67225 114.43804 30.67166 4.9 289.5 1
2016-10-23 14:44:45 413825671 114.435747 30.672447 114.436573 30.67225 4.7 280.7 1
2016-10-23 14:45:26 413825671 114.435 30.672513 114.435747 30.672447 4.5 271.3 1
2016-10-23 14:45:50 413825671 114.434333 30.672473 114.435 30.672513 4.4 261.6 1
2016-10-23 14:47:12 413825671 114.432973 30.67211 114.434333 30.672473 4.4 245.2 1
2016-10-23 14:48:35 413825671 114.43096 30.67118 114.432973 30.67211 4.7 239 1
2016-10-23 14:48:59 413825671 114.43028 30.67082 114.43096 30.67118 4.7 238.1 1
2016-10-23 14:49:22 413825671 114.429707 30.670513 114.43028 30.67082 4.8 239.4 1
2016-10-23 14:49:39 413825671 114.429013 30.670183 114.429707 30.670513 4.8 240.6 1
2016-10-23 14:50:11 413825671 114.428333 30.669847 114.429013 30.670183 4.9 239.9 1
2016-10-23 14:50:49 413825671 114.427627 30.66949 114.428333 30.669847 4.9 239.4 1
2016-10-23 14:51:38 413825671 114.426893 30.66911 114.427627 30.66949 5 238.8 0
2016-10-23 14:54:38 413825671 114.422653 30.667013 114.426893 30.66911 5 243.2 0
2016-10-23 14:55:45 413825671 114.42048 30.666053 114.422653 30.667013 5 243.5 1
2016-10-23 14:56:30 413825671 114.419773 30.66576 114.42048 30.666053 5 245.8 1
2016-10-23 14:56:47 413825671 114.418987 30.665463 114.419773 30.66576 5.1 245.8 1
2016-10-23 14:58:00 413825671 114.417493 30.664887 114.418987 30.665463 5.2 247 1
2016-10-23 14:58:19 413825671 114.416707 30.664603 114.417493 30.664887 5.3 248 1
2016-10-23 14:59:28 413825671 114.415107 30.664017 114.416707 30.664603 5.2 247.9 0
2016-10-23 14:59:49 413825671 114.41432 30.663737 114.415107 30.664017 5.3 246.8 1
2016-10-23 15:00:41 413825671 114.413507 30.66343 114.41432 30.663737 5.3 245.9 0
2016-10-23 15:01:26 413825671 114.411973 30.662793 114.413507 30.66343 5.3 242.1 1
2016-10-23 15:01:45 413825671 114.411187 30.662437 114.411973 30.662793 5.3 243.7 1
2016-10-23 15:02:19 413825671 114.410467 30.66215 114.411187 30.662437 5.2 245.7 1
2016-10-23 15:02:42 413825671 114.40964 30.66183 114.410467 30.66215 5.2 247.5 1
2016-10-23 15:03:25 413825671 114.40884 30.661543 114.40964 30.66183 5.2 246.8 0
2016-10-23 15:04:07 413825671 114.408053 30.66127 114.40884 30.661543 5.2 248.8 1
2016-10-23 15:04:50 413825671 114.40652 30.660757 114.408053 30.66127 5.2 247.4 1
2016-10-23 15:05:46 413825671 114.404973 30.660223 114.40652 30.660757 5.1 249.3 1
2016-10-23 15:06:25 413825671 114.4042 30.659977 114.404973 30.660223 5 249.6 1
2016-10-23 15:06:48 413825671 114.40332 30.659697 114.4042 30.659977 4.9 249.6 1
2016-10-23 15:07:23 413825671 114.40268 30.65948 114.40332 30.659697 4.8 246.6 0
2016-10-23 15:07:44 413825671 114.40268 30.65948 114.40268 30.65948 4.8 246.6 0
2016-10-23 15:08:29 413825671 114.40128 30.658913 114.40268 30.65948 4.7 246.3 0
2016-10-23 15:09:11 413825671 114.400613 30.65869 114.40128 30.658913 4.7 251.1 1
2016-10-23 15:09:53 413825671 114.39916 30.65823 114.400613 30.65869 4.5 250.1 1
2016-10-23 15:10:15 413825671 114.39848 30.658047 114.39916 30.65823 4.4 254.1 0
2016-10-23 15:10:46 413825671 114.397787 30.6579 114.39848 30.658047 4.4 256.5 1
2016-10-23 15:11:50 413825671 114.396307 30.657663 114.397787 30.6579 4.4 261 1
2016-10-23 15:12:26 413825671 114.395667 30.65759 114.396307 30.657663 4.4 262.3 0
2016-10-23 15:12:49 413825671 114.394947 30.657497 114.395667 30.65759 4.4 260.6 1
2016-10-23 15:13:16 413825671 114.394253 30.657383 114.394947 30.657497 4.4 257.1 0
2016-10-23 15:14:09 413825671 114.393467 30.657213 114.394253 30.657383 4.4 256 1
2016-10-23 15:14:50 413825671 114.392147 30.656887 114.393467 30.657213 4.4 254.5 1
2016-10-23 15:15:45 413825671 114.3914 30.65671 114.392147 30.656887 4.5 253.6 0
2016-10-23 15:16:26 413825671 114.390027 30.656343 114.3914 30.65671 4.5 251.2 0
2016-10-23 15:16:44 413825671 114.38932 30.65612 114.390027 30.656343 4.5 247.4 1
2016-10-23 15:17:16 413825671 114.388733 30.655903 114.38932 30.65612 4.5 245.6 1
2016-10-23 15:17:54 413825671 114.388067 30.65564 114.388733 30.655903 4.5 246.1 1
2016-10-23 15:18:16 413825671 114.387333 30.65535 114.388067 30.65564 4.5 244 0
2016-10-23 15:18:51 413825671 114.386613 30.655063 114.387333 30.65535 4.5 244.6 1
2016-10-23 15:20:00 413825671 114.386613 30.655063 114.386613 30.655063 4.5 244.6 1
2016-10-23 15:20:37 413825671 114.384693 30.654207 114.386613 30.655063 4.5 242.1 0
2016-10-23 15:21:20 413825671 114.383373 30.653587 114.384693 30.654207 4.5 240.1 0
2016-10-23 15:22:15 413825671 114.382773 30.65327 114.383373 30.653587 4.6 240.2 1
2016-10-23 15:23:15 413825671 114.380853 30.652303 114.382773 30.65327 4.6 240.6 0
2016-10-23 15:23:48 413825671 114.380173 30.651987 114.380853 30.652303 4.6 243.4 1
2016-10-23 15:24:25 413825671 114.379507 30.65169 114.380173 30.651987 4.6 242.4 0
2016-10-23 15:24:44 413825671 114.379507 30.65169 114.379507 30.65169 4.6 242.4 0
2016-10-23 15:25:42 413825671 114.378787 30.65136 114.379507 30.65169 4.6 243 1
2016-10-23 15:26:18 413825671 114.376867 30.65045 114.378787 30.65136 4.6 241.8 0
2016-10-23 15:26:51 413825671 114.3762 30.650133 114.376867 30.65045 4.7 242.2 1
2016-10-23 15:27:14 413825671 114.37552 30.64979 114.3762 30.650133 4.7 239.2 0
2016-10-23 15:27:49 413825671 114.374853 30.64946 114.37552 30.64979 4.7 241.1 1
2016-10-23 15:28:20 413825671 114.37424 30.649163 114.374853 30.64946 4.7 242.7 0
2016-10-23 15:28:56 413825671 114.373547 30.64886 114.37424 30.649163 4.7 242.7 1
2016-10-23 15:29:16 413825671 114.372867 30.648553 114.373547 30.64886 4.8 242.9 0
2016-10-23 15:29:41 413825671 114.3722 30.648247 114.372867 30.648553 4.8 241.3 1
2016-10-23 15:30:48 413825671 114.370747 30.647533 114.3722 30.648247 4.8 240.3 1
2016-10-23 15:31:23 413825671 114.370093 30.647173 114.370747 30.647533 4.8 237.1 0
2016-10-23 15:31:46 413825671 114.370093 30.647173 114.370093 30.647173 4.8 237.1 0
2016-10-23 15:32:28 413825671 114.368733 30.64645 114.370093 30.647173 4.8 240.2 0
2016-10-23 15:33:02 413825671 114.368133 30.646153 114.368733 30.64645 4.8 239.3 1
2016-10-23 15:33:24 413825671 114.3674 30.645777 114.368133 30.646153 4.9 239.7 0
2016-10-23 15:34:01 413825671 114.366773 30.64542 114.3674 30.645777 4.9 234.6 1
2016-10-23 15:34:28 413825671 114.366093 30.645013 114.366773 30.64542 4.9 236.4 0
2016-10-23 15:34:49 413825671 114.3654 30.64461 114.366093 30.645013 4.8 235.5 1
2016-10-23 15:35:59 413825671 114.364227 30.64386 114.3654 30.64461 4.8 231.5 1
2016-10-23 15:36:21 413825671 114.363587 30.64341 114.364227 30.64386 4.7 230.4 0
2016-10-23 15:36:41 413825671 114.363587 30.64341 114.363587 30.64341 4.7 230.4 0
2016-10-23 15:37:29 413825671 114.362387 30.6426 114.363587 30.64341 4.7 233.8 0
2016-10-23 15:37:51 413825671 421 0 114.362387 30.6426 4.6 232.5 1
2016-10-23 15:38:29 413825671 114.361147 30.641773 360 0 4.6 229.9 0
2016-10-23 15:39:07 413825671 114.360627 30.641407 114.361147 30.641773 4.6 232.6 1
2016-10-23 15:39:53 413825671 114.359453 30.640577 114.360627 30.641407 4.7 228.9 1
2016-10-23 15:40:16 413825671 114.358893 30.64014 114.359453 30.640577 4.7 227.8 0
2016-10-23 15:40:52 413825671 114.358307 30.639657 114.358893 30.64014 4.7 226.1 1
2016-10-23 15:41:17 413825671 114.357787 30.639237 114.358307 30.639657 4.7 227.5 0
2016-10-23 15:42:00 413825671 114.357213 30.638783 114.357787 30.639237 4.8 227.1 1
2016-10-23 15:42:30 413825671 114.356667 30.63832 114.357213 30.638783 4.7 224.9 0
2016-10-23 15:42:53 413825671 114.356093 30.637807 114.356667 30.63832 4.8 223.5 1
2016-10-23 15:44:01 413825671 114.35504 30.636827 114.356093 30.637807 4.8 222.2 1
2016-10-23 15:44:25 413825671 114.354493 30.636313 114.35504 30.636827 4.8 221.4 0
2016-10-23 15:45:41 413825671 114.353493 30.635353 114.354493 30.636313 4.6 225.1 0
2016-10-23 15:46:28 413825671 114.352427 30.634387 114.353493 30.635353 4.6 222.6 0
2016-10-23 15:46:46 413825671 114.351947 30.63391 114.352427 30.634387 4.5 220.9 1
2016-10-23 15:47:21 413825671 114.351493 30.633487 114.351947 30.63391 4.5 223.1 0
2016-10-23 15:48:02 413825671 114.350973 30.633 114.351493 30.633487 4.4 220.8 1
2016-10-23 15:48:21 413825671 114.350547 30.63256 114.350973 30.633 4.4 220.4 0
2016-10-23 15:48:55 413825671 114.350093 30.632107 114.350547 30.63256 4.4 220.6 1
2016-10-23 15:49:21 413825671 114.3496 30.631617 114.350093 30.632107 4.4 220.2 0
2016-10-23 15:49:41 413825671 114.3496 30.631617 114.3496 30.631617 4.4 220.2 0
2016-10-23 15:50:34 413825671 114.34864 30.63068 114.3496 30.631617 4.3 224.3 0
2016-10-23 15:50:56 413825671 114.348147 30.630253 114.34864 30.63068 4.3 226.3 1
2016-10-23 15:51:34 413825671 114.347627 30.629837 114.348147 30.630253 4.2 226.9 0
2016-10-23 15:52:01 413825671 114.347093 30.629427 114.347627 30.629837 4.2 229.3 1
2016-10-23 15:53:04 413825671 114.34608 30.628707 114.347093 30.629427 4.1 230.5 1
2016-10-23 15:53:31 413825671 114.345547 30.628317 114.34608 30.628707 4.1 230.3 0
2016-10-23 15:53:53 413825671 114.34504 30.627933 114.345547 30.628317 4.2 227.6 1
2016-10-23 15:54:28 413825671 114.3446 30.627573 114.34504 30.627933 4.1 225.9 0
2016-10-23 15:55:01 413825671 114.34408 30.627157 114.3446 30.627573 4.1 225.8 1
2016-10-23 15:55:29 413825671 114.343627 30.626757 114.34408 30.627157 4.1 225.7 0
2016-10-23 15:55:49 413825671 114.34312 30.62634 114.343627 30.626757 4.1 225.9 1
2016-10-23 15:56:39 413825671 114.342613 30.62595 114.34312 30.62634 4.1 229.4 0
2016-10-23 15:57:22 413825671 114.3416 30.6252 114.342613 30.62595 4.1 230.1 0
2016-10-23 15:58:09 413825671 114.341067 30.624837 114.3416 30.6252 4.1 232.6 1
2016-10-23 15:58:49 413825671 114.339973 30.62412 114.341067 30.624837 4.2 233.4 1
2016-10-23 15:59:39 413825671 114.339413 30.623747 114.339973 30.62412 4.2 231.7 0
2016-10-23 16:00:30 413825671 114.338333 30.623047 114.339413 30.623747 4.2 232.3 0
2016-10-23 16:00:53 413825671 114.3378 30.622683 114.338333 30.623047 4.3 232.1 1
2016-10-23 16:01:21 413825671 114.337213 30.622293 114.3378 30.622683 4.3 233.3 0
2016-10-23 16:01:43 413825671 114.337213 30.622293 114.337213 30.622293 4.3 233.3 0
2016-10-23 16:02:27 413825671 114.33608 30.62159 114.337213 30.622293 4.3 235.6 0
2016-10-23 16:02:56 413825671 114.335493 30.621247 114.33608 30.62159 4.3 234.6 1
2016-10-23 16:03:18 413825671 114.334933 30.620913 114.335493 30.621247 4.3 235.2 0
2016-10-23 16:03:54 413825671 114.334373 30.620563 114.334933 30.620913 4.3 234 1
2016-10-23 16:04:21 413825671 114.333853 30.62023 114.334373 30.620563 4.2 234.1 0
2016-10-23 16:04:58 413825671 114.33328 30.619873 114.333853 30.62023 4.2 233.7 1
2016-10-23 16:05:16 413825671 114.33276 30.61954 114.33328 30.619873 4.1 232.7 0
2016-10-23 16:06:10 413825671 114.332213 30.619177 114.33276 30.61954 4 232.1 1
2016-10-23 16:06:49 413825671 114.331133 30.618473 114.332213 30.619177 4 232.1 1
2016-10-23 16:07:30 413825671 114.330613 30.61812 114.331133 30.618473 4.1 236.9 0
2016-10-23 16:07:54 413825671 114.330067 30.61777 114.330613 30.61812 4.3 229.5 1
2016-10-23 16:08:30 413825671 114.32952 30.617367 114.330067 30.61777 4.7 230 0
2016-10-23 16:09:00 413825671 114.328867 30.616903 114.32952 30.617367 5.1 231.1 1
2016-10-23 16:09:22 413825671 114.32828 30.61649 114.328867 30.616903 5.2 231.1 0
2016-10-23 16:10:00 413825671 114.327693 30.616013 114.32828 30.61649 5.1 223 1
2016-10-23 16:10:25 413825671 114.3272 30.615463 114.327693 30.616013 4.9 216 0
2016-10-23 16:10:47 413825671 114.32672 30.614857 114.3272 30.615463 4.9 214.4 1
2016-10-23 16:11:24 413825671 114.326227 30.61426 114.32672 30.614857 4.8 214.7 0
2016-10-23 16:11:50 413825671 114.325853 30.613753 114.326227 30.61426 4.8 213.1 1
2016-10-23 16:12:30 413825671 114.325387 30.61315 114.325853 30.613753 4.8 213.6 0
2016-10-23 16:12:47 413825671 114.325387 30.61315 114.325387 30.61315 4.8 213.6 0
2016-10-23 16:13:20 413825671 114.324547 30.61206 114.325387 30.61315 4.8 214 0
2016-10-23 16:13:47 413825671 114.324547 30.61206 114.324547 30.61206 4.8 214 0
2016-10-23 16:14:22 413825671 114.323667 30.610917 114.324547 30.61206 4.8 214.4 0
2016-10-23 16:14:49 413825671 114.323213 30.61034 114.323667 30.610917 4.7 213.7 1
2016-10-23 16:15:31 413825671 114.3228 30.609803 114.323213 30.61034 4.7 215.2 0
2016-10-23 16:15:52 413825671 114.322373 30.609287 114.3228 30.609803 4.7 215.9 1
2016-10-23 16:16:24 413825671 114.32192 30.608747 114.322373 30.609287 4.7 215.2 0
2016-10-23 16:16:45 413825671 114.321493 30.608203 114.32192 30.608747 4.7 214 1
2016-10-23 16:17:22 413825671 114.32104 30.607633 114.321493 30.608203 4.7 214.2 0
2016-10-23 16:17:50 413825671 114.320573 30.607057 114.32104 30.607633 4.7 215.8 1
2016-10-23 16:18:31 413825671 114.32016 30.606547 114.320573 30.607057 4.7 216.3 0
2016-10-23 16:18:51 413825671 114.319693 30.60602 114.32016 30.606547 4.7 218.3 1
2016-10-23 16:19:20 413825671 114.3192 30.605507 114.319693 30.60602 4.6 219.7 0
2016-10-23 16:19:44 413825671 114.3192 30.605507 114.3192 30.605507 4.6 219.7 0
2016-10-23 16:20:28 413825671 114.318213 30.604463 114.3192 30.605507 4.7 219.9 0
2016-10-23 16:21:07 413825671 114.31772 30.603957 114.318213 30.604463 4.7 219.8 1
2016-10-23 16:21:28 413825671 114.317253 30.603477 114.31772 30.603957 4.7 219.8 0
2016-10-23 16:22:04 413825671 114.31672 30.602923 114.317253 30.603477 4.7 219.2 1
2016-10-23 16:22:27 413825671 114.316293 30.60246 114.31672 30.602923 4.7 218.6 0
2016-10-23 16:22:46 413825671 114.3158 30.601917 114.316293 30.60246 4.7 218.2 1
2016-10-23 16:23:26 413825671 114.315333 30.60139 114.3158 30.601917 4.7 215.1 0
2016-10-23 16:24:01 413825671 114.314907 30.600857 114.315333 30.60139 4.7 216.1 1
2016-10-23 16:24:28 413825671 114.314427 30.600263 114.314907 30.600857 4.7 215.5 0
2016-10-23 16:24:46 413825671 114.314427 30.600263 114.314427 30.600263 4.7 215.5 0
2016-10-23 16:25:40 413825671 114.313547 30.599203 114.314427 30.600263 4.7 215.8 0
2016-10-23 16:26:20 413825671 114.312667 30.59809 114.313547 30.599203 4.7 214.5 0
2016-10-23 16:27:14 413825671 114.312227 30.59755 114.312667 30.59809 4.7 214.5 1
2016-10-23 16:27:59 413825671 114.311387 30.596463 114.312227 30.59755 4.7 214.6 1
2016-10-23 16:28:19 413825671 114.310973 30.595963 114.311387 30.596463 4.6 216 0
2016-10-23 16:28:57 413825671 114.31056 30.59545 114.310973 30.595963 4.7 215.5 1
2016-10-23 16:29:22 413825671 114.310067 30.594877 114.31056 30.59545 4.7 216.7 0
2016-10-23 16:30:02 413825671 114.309627 30.594363 114.310067 30.594877 4.7 215.8 1
2016-10-23 16:30:32 413825671 114.309173 30.593813 114.309627 30.594363 4.7 214.9 0
2016-10-23 16:30:51 413825671 114.308733 30.593273 114.309173 30.593813 4.7 215.7 1
2016-10-23 16:31:24 413825671 114.30828 30.59274 114.308733 30.593273 4.5 216.2 0
2016-10-23 16:31:54 413825671 114.30788 30.592233 114.30828 30.59274 4.5 213.1 1
2016-10-23 16:32:35 413825671 114.30748 30.59168 114.30788 30.592233 4.4 211.1 0
2016-10-23 16:32:55 413825671 114.307147 30.59118 114.30748 30.59168 4.4 210.8 1
2016-10-23 16:33:28 413825671 114.306747 30.59065 114.307147 30.59118 4.4 214.3 0
2016-10-23 16:33:49 413825671 114.306373 30.590157 114.306747 30.59065 4.3 212.3 1
2016-10-23 16:34:24 413825671 114.305987 30.589623 114.306373 30.590157 4.3 212.7 0
2016-10-23 16:34:56 413825671 114.305613 30.589107 114.305987 30.589623 4.4 213.9 1
2016-10-23 16:35:22 413825671 114.305213 30.588597 114.305613 30.589107 4.6 213.9 0
2016-10-23 16:36:09 413825671 114.3048 30.588037 114.305213 30.588597 4.7 211.1 1
2016-10-23 16:36:34 413825671 114.3044 30.587477 114.3048 30.588037 4.7 211.9 0
2016-10-23 16:36:57 413825671 114.3044 30.587477 114.3044 30.587477 4.7 211.9 0
2016-10-23 16:37:21 413825671 114.303533 30.58637 114.3044 30.587477 4.7 215.4 0
2016-10-23 16:37:46 413825671 114.303533 30.58637 114.303533 30.58637 4.7 215.4 0
2016-10-23 16:39:07 413825671 114.302267 30.584687 114.303533 30.58637 4.7 213.8 1
2016-10-23 16:39:28 413825671 114.301813 30.58412 114.302267 30.584687 4.7 214.1 0
2016-10-23 16:40:02 413825671 114.3014 30.583567 114.301813 30.58412 4.7 212.8 1
2016-10-23 16:40:24 413825671 114.301 30.583033 114.3014 30.583567 4.7 213.2 0
2016-10-23 16:41:05 413825671 114.300573 30.582473 114.301 30.583033 4.6 212.7 1
2016-10-23 16:41:39 413825671 114.300187 30.581937 114.300573 30.582473 4.6 210.9 0
2016-10-23 16:42:03 413825671 114.299867 30.58141 114.300187 30.581937 4.6 204.9 1
2016-10-23 16:42:25 413825671 114.299493 30.580777 114.299867 30.58141 4.5 208.5 0
2016-10-23 16:42:46 413825671 114.299493 30.580777 114.299493 30.580777 4.5 208.5 0
2016-10-23 16:43:42 413825671 114.298773 30.579657 114.299493 30.580777 4.5 208.8 0
2016-10-23 16:45:00 413825671 114.29764 30.577957 114.298773 30.579657 4.7 211.6 1
2016-10-23 16:45:24 413825671 114.297253 30.577383 114.29764 30.577957 4.7 209.1 0
2016-10-23 16:46:08 413825671 114.29692 30.57687 114.297253 30.577383 4.7 209.4 1
2016-10-23 16:46:38 413825671 114.29652 30.57624 114.29692 30.57687 4.7 210.3 0
2016-10-23 16:47:23 413825671 114.29572 30.575143 114.29652 30.57624 4.8 216 0
2016-10-23 16:48:15 413825671 114.295213 30.57459 114.29572 30.575143 4.8 218.8 1
2016-10-23 16:49:03 413825671 114.29424 30.57353 114.295213 30.57459 4.9 218 1
2016-10-23 16:49:58 413825671 114.293253 30.57237 114.29424 30.57353 4.9 213.9 1
2016-10-23 16:50:36 413825671 114.292827 30.571817 114.293253 30.57237 4.9 214.4 0
2016-10-23 16:50:58 413825671 114.292387 30.571243 114.292827 30.571817 4.9 212.7 1
2016-10-23 16:51:30 413825671 114.291987 30.570647 114.292387 30.571243 4.9 210 0
2016-10-23 16:51:53 413825671 114.291627 30.570087 114.291987 30.570647 4.9 208.5 1
2016-10-23 16:52:30 413825671 114.291267 30.569473 114.291627 30.570087 4.9 207 0
2016-10-23 16:53:06 413825671 114.290893 30.568847 114.291267 30.569473 4.9 206.5 1
2016-10-23 16:53:51 413825671 114.290173 30.567667 114.290893 30.568847 4.9 207.9 1
2016-10-23 16:54:48 413825671 114.289747 30.56697 114.290173 30.567667 4.9 207.3 0
2016-10-23 16:55:34 413825671 114.288987 30.56575 114.289747 30.56697 5 208.3 0
2016-10-23 16:55:54 413825671 114.288653 30.5652 114.288987 30.56575 4.9 208 1
2016-10-23 16:56:26 413825671 114.288293 30.5646 114.288653 30.5652 4.8 208.3 0
2016-10-23 16:56:48 413825671 114.287947 30.56402 114.288293 30.5646 4.8 205.7 1
2016-10-23 16:57:23 413825671 114.287573 30.563387 114.287947 30.56402 4.7 205 0
2016-10-23 16:57:59 413825671 114.287267 30.562797 114.287573 30.563387 4.5 206 1
2016-10-23 16:58:24 413825671 114.28696 30.56224 114.287267 30.562797 4.3 205.2 0
2016-10-23 16:59:38 413825671 114.286427 30.561187 114.28696 30.56224 3.8 208.3 0
2016-10-23 17:00:01 413825671 114.286107 30.56071 114.286427 30.561187 3.6 213.1 1
2016-10-23 17:01:07 413825671 114.28544 30.559887 114.286107 30.56071 3.6 216 1
2016-10-23 17:01:49 413825671 114.28544 30.559887 114.28544 30.559887 3.6 216 1
2016-10-23 17:02:59 413825671 114.284067 30.558223 114.28544 30.559887 3.9 211.3 1
2016-10-23 17:04:08 413825671 114.28344 30.557213 114.284067 30.558223 4.1 207.2 1
2016-10-23 17:04:55 413825671 114.282907 30.55617 114.28344 30.557213 4.1 203.7 1
2016-10-23 17:05:49 413825671 114.282613 30.555583 114.282907 30.55617 4.2 202.3 0
2016-10-23 17:06:30 413825671 114.28212 30.554563 114.282613 30.555583 4.2 203.4 0
2016-10-23 17:06:48 413825671 114.28212 30.554563 114.28212 30.554563 4.2 203.4 0
2016-10-23 17:07:45 413825671 114.281613 30.55341 114.28212 30.554563 4.3 201.4 0
2016-10-23 17:08:55 413825671 114.280827 30.551667 114.281613 30.55341 4.4 199.1 1
2016-10-23 17:09:44 413825671 114.2806 30.551077 114.280827 30.551667 4.4 199.5 0
2016-10-23 17:11:39 413825671 114.279493 30.54883 114.2806 30.551077 4.4 204.8 0
2016-10-23 17:12:12 413825671 114.279173 30.548223 114.279493 30.54883 4.4 203.3 1
2016-10-23 17:12:32 413825671 114.278933 30.547707 114.279173 30.548223 4.4 202.1 0
2016-10-23 17:14:00 413825671 114.278147 30.54595 114.278933 30.547707 4.4 203.9 1
2016-10-23 17:14:40 413825671 114.277867 30.545393 114.278147 30.54595 4.5 202.9 0
2016-10-23 17:15:08 413825671 114.277547 30.544743 114.277867 30.545393 4.5 203.2 1
2016-10-23 17:16:09 413825671 114.27696 30.54363 114.277547 30.544743 4.7 203.3 1
2016-10-23 17:16:34 413825671 114.276667 30.542963 114.27696 30.54363 4.9 198.4 0
2016-10-23 17:17:36 413825671 114.276173 30.541703 114.276667 30.542963 5 199.5 0
2016-10-23 17:18:25 413825671 114.275547 30.54033 114.276173 30.541703 5.1 202.7 0
2016-10-23 17:18:44 413825671 114.275547 30.54033 114.275547 30.54033 5.1 202.7 0
2016-10-23 17:19:52 413825671 114.275253 30.53974 114.275547 30.54033 5.4 202.5 1
2016-10-23 17:20:32 413825671 114.27408 30.537513 114.275253 30.53974 5.6 211.4 0
2016-10-23 17:21:06 413825671 114.273587 30.53689 114.27408 30.537513 5.6 216.9 1
2016-10-23 17:22:10 413825671 114.27248 30.535667 114.273587 30.53689 5.7 220.2 1
2016-10-23 17:24:51 413825671 114.269453 30.53245 114.27248 30.535667 4.2 217.1 1
2016-10-23 17:25:44 413825671 114.269013 30.532003 114.269453 30.53245 4.1 223.2 0
2016-10-23 17:25:59 413825671 114.26856 30.531587 114.269013 30.532003 4.1 227.6 1
2016-10-23 17:27:34 413825671 114.267187 30.530407 114.26856 30.531587 3.8 220.1 0
2016-10-23 17:31:02 413825671 114.264533 30.52753 114.267187 30.530407 3.8 218.5 1
2016-10-23 17:31:39 413825671 114.264533 30.52753 114.264533 30.52753 3.8 218.5 1
2016-10-23 17:32:05 413825671 114.26372 30.526663 114.264533 30.52753 3.8 219 1
2016-10-23 17:32:55 413825671 114.262973 30.525787 114.26372 30.526663 3.9 216.5 1
2016-10-23 17:35:08 413825671 114.261467 30.52401 114.262973 30.525787 4 219.2 1
2016-10-23 17:35:32 413825671 114.26104 30.52351 114.261467 30.52401 4 214.7 0
2016-10-23 17:36:42 413825671 114.26104 30.52351 114.26104 30.52351 4 214.7 0
2016-10-23 17:37:53 413825671 114.2592 30.521223 114.26104 30.52351 4 214.3 1
2016-10-23 17:38:29 413825671 114.258827 30.520697 114.2592 30.521223 4.1 210 0
2016-10-23 17:38:55 413825671 114.258493 30.520207 114.258827 30.520697 4.1 210.9 1
2016-10-23 17:39:26 413825671 114.258147 30.519673 114.258493 30.520207 4.1 210.1 0
2016-10-23 17:41:00 413825671 114.2572 30.51817 114.258147 30.519673 4 210.8 1
2016-10-23 17:42:36 413825671 114.2562 30.51671 114.2572 30.51817 4 211.4 0
2016-10-23 17:42:58 413825671 114.255893 30.51626 114.2562 30.51671 4.1 209.7 1
2016-10-23 17:43:30 413825671 114.255547 30.51572 114.255893 30.51626 4.1 210.7 0
2016-10-23 17:45:22 413825671 114.254453 30.514253 114.255547 30.51572 4.1 216 1
2016-10-23 17:46:42 413825671 114.2532 30.51287 114.254453 30.514253 4.2 220.3 0
2016-10-23 17:47:05 413825671 114.252787 30.512427 114.2532 30.51287 4.2 218.8 1
2016-10-23 17:47:40 413825671 114.252333 30.51198 114.252787 30.512427 4.2 219.8 0
2016-10-23 17:48:05 413825671 114.25188 30.51152 114.252333 30.51198 4.2 218.8 1
2016-10-23 17:48:43 413825671 114.25188 30.51152 114.25188 30.51152 4.2 218.8 1
2016-10-23 17:49:34 413825671 114.2506 30.51015 114.25188 30.51152 4.4 218.7 0
2016-10-23 17:50:07 413825671 114.250133 30.509643 114.2506 30.51015 4.4 218.9 1
2016-10-23 17:51:08 413825671 114.24928 30.50866 114.250133 30.509643 4.4 215 1
2016-10-23 17:51:22 413825671 114.24884 30.508157 114.24928 30.50866 4.4 218.2 0
2016-10-23 17:52:29 413825671 114.247947 30.50719 114.24884 30.508157 4.5 218.8 0
2016-10-23 17:53:15 413825671 114.247453 30.506663 114.247947 30.50719 4.5 220.3 1
2016-10-23 17:56:32 413825671 114.244787 30.50301 114.247453 30.506663 4 207 1
2016-10-23 17:58:30 413825671 114.24356 30.501077 114.244787 30.50301 3.7 212.5 1
2016-10-23 17:59:58 413825671 114.24264 30.49984 114.24356 30.501077 3.3 215 1
2016-10-23 18:00:36 413825671 114.242333 30.499477 114.24264 30.49984 3.1 216.5 1
2016-10-23 18:01:08 413825671 114.242067 30.499123 114.242333 30.499477 2.9 211.6 1
2016-10-23 18:01:40 413825671 114.242067 30.499123 114.242067 30.499123 2.9 211.6 1
2016-10-23 18:03:37 413825671 114.241133 30.497413 114.242067 30.499123 2.7 211 0
2016-10-23 18:04:15 413825671 114.240853 30.497067 114.241133 30.497413 2.8 213.3 1
2016-10-23 18:04:36 413825671 114.2406 30.496717 114.240853 30.497067 3 214.3 1
2016-10-23 18:05:32 413825671 114.240027 30.49603 114.2406 30.496717 3.3 217.6 0
2016-10-23 18:06:40 413825671 114.240027 30.49603 114.240027 30.49603 3.3 217.6 0
2016-10-23 18:07:27 413825671 114.238893 30.494297 114.240027 30.49603 3.6 206.4 1
2016-10-23 18:07:48 413825671 114.238893 30.494297 114.238893 30.494297 3.6 206.4 1
2016-10-23 18:09:15 413825671 114.238093 30.492913 114.238893 30.494297 3.7 207.5 1
2016-10-23 18:09:32 413825671 114.237787 30.492423 114.238093 30.492913 3.8 208.8 1
2016-10-23 18:09:58 413825671 114.237533 30.491993 114.237787 30.492423 3.8 206.6 1
2016-10-23 18:10:43 413825671 114.237227 30.491457 114.237533 30.491993 3.9 207.5 1
2016-10-23 18:11:59 413825671 114.236147 30.49013 114.237227 30.491457 4 218 1
2016-10-23 18:13:36 413825671 114.234867 30.48898 114.236147 30.49013 4.1 227.5 0
2016-10-23 18:14:04 413825671 114.23432 30.488537 114.234867 30.48898 4.3 225.4 1
2016-10-23 18:14:41 413825671 114.23384 30.488103 114.23432 30.488537 4.5 223.2 1
2016-10-23 18:17:43 413825671 114.23088 30.48501 114.23384 30.488103 4.9 215.4 1
2016-10-23 18:17:58 413825671 114.230387 30.484447 114.23088 30.48501 4.9 220.1 1
2016-10-23 18:18:29 413825671 114.229907 30.483987 114.230387 30.484447 4.8 221.8 0
2016-10-23 18:18:50 413825671 114.229907 30.483987 114.229907 30.483987 4.8 221.8 0
2016-10-23 18:20:45 413825671 114.227787 30.481867 114.229907 30.483987 4 218.7 1
2016-10-23 18:23:09 413825671 114.22604 30.47997 114.227787 30.481867 3.7 215.1 1
2016-10-23 18:27:56 413825671 114.222613 30.475997 114.22604 30.47997 3.4 223.4 1
2016-10-23 18:31:43 413825671 114.222613 30.475997 114.222613 30.475997 3.4 223.4 1
2016-10-23 18:31:59 413825671 114.21972 30.473163 114.222613 30.475997 3.4 225.8 1
2016-10-23 18:37:50 413825671 114.216027 30.470103 114.216027 30.470103 3.6 227.1 1
2016-10-23 18:54:41 413825671 114.202373 30.457547 114.20448 30.459617 3.5 222.4 1
2016-10-23 18:54:59 413825671 114.202 30.457207 114.202373 30.457547 3.6 223.7 1
2016-10-23 18:56:07 413825671 114.20116 30.456467 114.202 30.457207 3.7 225.4 1
2016-10-23 18:58:50 413825671 114.199067 30.454443 114.20116 30.456467 4 220.8 1
2016-10-23 19:06:09 413825671 114.193253 30.44726 114.19364 30.44776 4.4 217.2 1
2016-10-23 19:06:41 413825671 114.192733 30.446737 114.193253 30.44726 4.4 222.1 1
2016-10-23 19:16:18 413825671 114.184987 30.43679 114.1854 30.437303 4.4 214 1
2016-10-23 19:16:40 413825671 114.184587 30.436287 114.184987 30.43679 4.4 214.5 1
2016-10-23 19:17:35 413825671 114.183813 30.435243 114.184587 30.436287 4.4 211.7 1
2016-10-23 19:19:41 413825671 114.183813 30.435243 114.183813 30.435243 4.4 211.7 1
2016-10-23 19:25:49 413825671 114.17872 30.426563 114.17872 30.426563 4.3 203.2 1
2016-10-23 19:29:44 413825671 114.176707 30.421923 114.17872 30.426563 4.5 195.6 1
2016-10-23 19:30:16 413825671 114.176493 30.421367 114.176707 30.421923 4.5 202.4 1
