2016-10-20 0:07:32 413800658 114.302777 30.590497 114.302777 30.590497 0 204 204
2016-10-20 0:10:20 413800658 114.302773 30.59045 114.302777 30.590497 0 105.4 105
2016-10-20 0:13:22 413800658 114.302775 30.590448 114.302773 30.59045 0 132.9 132
2016-10-20 0:13:36 413800658 114.302775 30.590448 114.302775 30.590448 0 248.3 248
2016-10-20 0:16:23 413800658 114.302775 30.590448 114.302775 30.590448 0 150.7 150
2016-10-20 0:19:34 413800658 114.302775 30.59045 114.302775 30.590448 0 152.9 239
2016-10-20 0:22:36 413800658 114.302777 30.590452 114.302775 30.59045 0 330.5 100
2016-10-20 0:25:33 413800658 114.302777 30.590452 114.302777 30.590452 0 13.4 13
2016-10-20 0:34:36 413800658 114.302783 30.590452 114.302782 30.590452 0 100.4 100
2016-10-20 0:37:26 413800658 114.302783 30.59045 114.302783 30.590452 0 6 6
2016-10-20 0:43:42 413800658 114.302785 30.590448 114.302785 30.590448 0 163.1 163
2016-10-20 0:46:27 413800658 114.302783 30.590445 114.302785 30.590448 0 168.9 141
2016-10-20 0:49:39 413800658 114.30278 30.590445 114.302783 30.590445 0 210.7 210
2016-10-20 0:52:28 413800658 114.30278 30.590447 114.30278 30.590445 0 356.3 356
2016-10-20 0:55:27 413800658 114.302777 30.590448 114.30278 30.590447 0 88.2 88
2016-10-20 0:55:43 413800658 114.302777 30.590448 114.302777 30.590448 0 235 235
2016-10-20 0:58:35 413800658 114.302777 30.590448 114.302777 30.590448 0 49.9 49
2016-10-20 1:01:38 413800658 114.302775 30.590445 114.302777 30.590448 0 222.3 222
2016-10-20 1:10:32 413800658 114.302772 30.590453 114.302773 30.590448 0 325.3 160
2016-10-20 1:13:29 413800658 114.302773 30.590453 114.302772 30.590453 0 62.9 214
2016-10-20 1:16:39 413800658 114.302773 30.590452 114.302773 30.590453 0 203.1 190
2016-10-20 1:19:48 413800658 114.302772 30.59045 114.302773 30.590452 0 263 263
2016-10-20 1:22:36 413800658 114.302773 30.59045 114.302772 30.59045 0 339.6 339
2016-10-20 1:25:42 413800658 114.302775 30.590455 114.302773 30.59045 0 152.1 152
2016-10-20 1:28:35 413800658 114.302775 30.590457 114.302775 30.590455 0 115.3 115
2016-10-20 1:31:42 413800658 114.302773 30.590458 114.302775 30.590457 0 139.4 283
2016-10-20 1:34:36 413800658 114.302772 30.590463 114.302773 30.590458 0 107.3 268
2016-10-20 1:37:48 413800658 114.302773 30.590463 114.302772 30.590463 0 178.3 178
2016-10-20 1:49:46 413800658 114.302773 30.590457 114.30277 30.590455 0 348.4 294
2016-10-20 1:50:03 413800658 114.302773 30.590457 114.302773 30.590457 0 348.4 294
2016-10-20 1:52:45 413800658 114.302772 30.590453 114.302773 30.590457 0 81.1 98
2016-10-20 1:55:52 413800658 114.30277 30.590452 114.302772 30.590453 0 196.1 196
2016-10-20 1:58:48 413800658 114.302768 30.590448 114.30277 30.590452 0 192.3 211
2016-10-20 2:01:51 413800658 114.302763 30.590448 114.302768 30.590448 0 231.8 231
2016-10-20 2:04:41 413800658 114.302758 30.590447 114.302763 30.590448 0 279 279
2016-10-20 2:07:50 413800658 114.302758 30.590448 114.302758 30.590447 0 67.4 67
2016-10-20 2:10:43 413800658 114.302752 30.590452 114.302758 30.590448 0 342.2 293
2016-10-20 2:13:43 413800658 114.302758 30.590447 114.302752 30.590452 0 148 0
2016-10-20 2:14:00 413800658 114.302758 30.590447 114.302758 30.590447 0 11.4 11
2016-10-20 2:16:50 413800658 114.302762 30.590452 114.302758 30.590447 0 341 222
2016-10-20 2:19:46 413800658 114.302762 30.590452 114.302762 30.590452 0 303.4 192
2016-10-20 2:20:05 413800658 114.302762 30.590452 114.302762 30.590452 0 277.2 277
2016-10-20 2:22:55 413800658 114.302758 30.590455 114.302762 30.590452 0 319.8 319
2016-10-20 2:25:58 413800658 114.302755 30.590455 114.302758 30.590455 0 316.1 6
2016-10-20 2:34:58 413800658 114.302722 30.590463 114.302698 30.590462 0 86.2 86
2016-10-20 2:38:09 413800658 114.30274 30.590458 114.302722 30.590463 0 195.4 195
2016-10-20 2:43:57 413800658 114.30274 30.590467 114.30274 30.590467 0 335.2 343
2016-10-20 2:46:55 413800658 114.302745 30.590467 114.30274 30.590467 0 57.4 300
2016-10-20 2:56:05 413800658 114.30278 30.590458 114.302775 30.59046 0 159.2 159
2016-10-20 3:04:59 413800658 114.302767 30.590423 114.30278 30.590438 0 223.4 223
2016-10-20 3:08:09 413800658 114.302768 30.590413 114.302767 30.590423 0 174.9 174
2016-10-20 3:17:01 413800658 114.302735 30.590462 114.302743 30.590452 0 171.9 209
2016-10-20 3:20:01 413800658 114.302748 30.590452 114.302735 30.590462 0 137.3 137
2016-10-20 3:20:21 413800658 114.302748 30.59045 114.302748 30.590452 0 153.8 150
2016-10-20 3:35:08 413800658 114.302805 30.590433 114.302805 30.590435 0 110.4 110
2016-10-20 3:38:24 413800658 114.302778 30.590445 114.302805 30.590433 0 254.3 24
2016-10-20 3:41:20 413800658 114.302813 30.590427 114.302778 30.590445 0 285.5 118
2016-10-20 3:44:26 413800658 114.302773 30.590423 114.302813 30.590427 0 287.3 288
2016-10-20 3:47:26 413800658 114.30275 30.590442 114.302773 30.590423 0 320.4 150
2016-10-20 3:50:17 413800658 114.30277 30.590427 114.30275 30.590442 0 200.8 317
2016-10-20 3:53:20 413800658 114.302782 30.590448 114.30277 30.590427 0 104.9 148
2016-10-20 3:56:15 413800658 114.302795 30.59043 114.302782 30.590448 0 322.1 322
2016-10-20 3:59:18 413800658 114.30279 30.590432 114.302795 30.59043 0 19.3 19
2016-10-20 4:02:21 413800658 114.302802 30.590427 114.30279 30.590432 0 52.2 52
2016-10-20 4:05:15 413800658 114.302795 30.590427 114.302802 30.590427 0 188.9 50
2016-10-20 4:08:29 413800658 114.30278 30.59044 114.302795 30.590427 0 93.3 333
2016-10-20 4:11:34 413800658 114.30278 30.590438 114.30278 30.59044 0 319.9 275
2016-10-20 4:14:24 413800658 114.302785 30.590437 114.30278 30.590438 0 147 293
2016-10-20 4:17:20 413800658 114.302785 30.590437 114.302785 30.590437 0 297 297
2016-10-20 4:20:28 413800658 114.302788 30.590433 114.302785 30.590437 0 288.7 288
2016-10-20 4:29:18 413800658 114.30279 30.590415 114.30279 30.590413 0 4.7 4
2016-10-20 4:32:48 413800658 114.302787 30.590415 114.30279 30.590415 0 252 252
2016-10-20 4:35:26 413800658 114.302782 30.590413 114.302787 30.590415 0 280.6 280
2016-10-20 4:38:34 413800658 114.302775 30.590422 114.302782 30.590413 0 141.7 209
2016-10-20 4:41:22 413800658 114.302775 30.590422 114.302775 30.590422 0 124.8 283
2016-10-20 4:44:28 413800658 114.302768 30.590425 114.302775 30.590422 0 275.8 235
2016-10-20 4:59:33 413800658 114.30277 30.590448 114.302763 30.590448 0 145.2 77
2016-10-20 5:02:46 413800658 114.302777 30.59045 114.30277 30.590448 0 21.6 97
2016-10-20 5:11:33 413800658 114.302787 30.590455 114.302785 30.590455 0 353 353
2016-10-20 5:15:02 413800658 114.302787 30.590453 114.302787 30.590455 0 263.1 286
2016-10-20 5:17:41 413800658 114.30279 30.590455 114.302787 30.590453 0 340.8 244
2016-10-20 5:21:03 413800658 114.302795 30.59046 114.30279 30.590455 0 338.6 0
2016-10-20 5:23:39 413800658 114.302793 30.590457 114.302795 30.59046 0 25.4 69
2016-10-20 5:26:50 413800658 114.302792 30.590455 114.302793 30.590457 0 132.7 179
2016-10-20 5:29:36 413800658 114.30279 30.590452 114.302792 30.590455 0 326.3 269
2016-10-20 5:32:49 413800658 114.302787 30.59045 114.30279 30.590452 0 222.3 210
2016-10-20 5:35:52 413800658 257.608167 30.650773 114.302787 30.59045 17.9 252.4 21
2016-10-20 5:47:49 413800658 114.30275 30.59039 114.302775 30.590432 0 114.7 114
2016-10-20 5:50:58 413800658 114.302763 30.590387 114.30275 30.59039 0 36.5 36
2016-10-20 5:59:50 413800658 114.302782 30.590377 114.30278 30.590365 0 220.5 10
2016-10-20 6:03:10 413800658 114.302782 30.590395 114.302782 30.590377 0 197.1 115
2016-10-20 6:06:09 413800658 114.302775 30.590402 114.302782 30.590395 0 237.9 257
2016-10-20 6:08:59 413800658 114.302788 30.590397 114.302775 30.590402 0 158.2 158
2016-10-20 6:17:59 413800658 114.30276 30.59041 114.302763 30.59041 0 281.9 281
2016-10-20 6:21:09 413800658 114.302775 30.590395 114.30276 30.59041 0 71 194
2016-10-20 6:24:09 413800658 114.302785 30.590397 114.302775 30.590395 0 159.2 228
2016-10-20 6:27:03 413800658 114.302793 30.59041 114.302785 30.590397 0 184 91
2016-10-20 6:29:56 413800658 114.302793 30.59041 114.302793 30.59041 0 154.9 154
2016-10-20 6:32:50 413800658 114.30279 30.590408 114.302793 30.59041 0 68.4 68
2016-10-20 6:33:16 413800658 114.30279 30.590408 114.30279 30.590408 0 8.7 8
2016-10-20 6:36:15 413800658 114.302778 30.590418 114.30279 30.590408 0 292.4 346
2016-10-20 6:39:12 413800658 114.302778 30.590427 114.302778 30.590418 0 290.2 290
2016-10-20 6:47:55 413800658 114.302778 30.590428 114.302778 30.590428 0 152.4 74
2016-10-20 6:51:17 413800658 114.302778 30.590428 114.302778 30.590428 0 51.8 30
2016-10-20 6:54:11 413800658 114.302782 30.590433 114.302778 30.590428 0 157.2 341
2016-10-20 6:57:12 413800658 114.30278 30.590433 114.302782 30.590433 0 352.5 159
2016-10-20 7:00:10 413800658 114.30278 30.590433 114.30278 30.590433 0 233.5 233
2016-10-20 7:12:20 413800658 114.30278 30.590438 114.30278 30.590437 0 63.6 63
2016-10-20 7:15:11 413800658 114.30278 30.590442 114.30278 30.590438 0 19 73
2016-10-20 7:18:05 413800658 114.302778 30.590443 114.30278 30.590442 0 315.1 315
2016-10-20 7:21:27 413800658 114.30278 30.590445 114.302778 30.590443 0 289.9 229
2016-10-20 7:24:27 413800658 114.30278 30.590445 114.30278 30.590445 0 320 250
2016-10-20 7:27:29 413800658 114.30278 30.590448 114.30278 30.590445 0 2.5 2
2016-10-20 7:30:36 413800658 114.30278 30.590448 114.30278 30.590448 0 31.2 31
2016-10-20 7:33:43 413800658 114.302782 30.590448 114.30278 30.590448 0 214.9 302
2016-10-20 7:48:17 413800658 114.302792 30.590453 114.302788 30.590452 0 39.9 25
2016-10-20 7:51:18 413800658 114.302792 30.590457 114.302792 30.590453 0 15.5 34
2016-10-20 7:51:51 413800658 114.302792 30.590455 114.302792 30.590457 0 67.6 333
2016-10-20 8:00:44 413800658 114.302798 30.590458 114.302793 30.590458 0 100 70
2016-10-20 8:03:32 413800658 114.302805 30.59046 114.302798 30.590458 0 295.6 295
2016-10-20 8:06:25 413800658 114.302805 30.590458 114.302805 30.59046 0 17.4 271
2016-10-20 8:09:54 413800658 114.302807 30.590455 114.302805 30.590458 0 195.5 195
2016-10-20 8:12:26 413800658 114.302815 30.590455 114.302807 30.590455 0 215.8 215
2016-10-20 8:15:40 413800658 114.302817 30.590452 114.302815 30.590455 0 286.9 286
2016-10-20 8:33:40 413800658 114.302798 30.590463 114.302795 30.590463 0 348.7 336
2016-10-20 8:36:31 413800658 114.30279 30.59048 114.302798 30.590463 0 23.8 3
2016-10-20 8:39:33 413800658 114.302783 30.590493 114.30279 30.59048 0 105.1 105
2016-10-20 8:39:58 413800658 114.302783 30.590493 114.302783 30.590493 0 329.5 184
2016-10-20 8:42:40 413800658 114.302783 30.590493 114.302783 30.590493 0 97.7 97
2016-10-20 8:45:46 413800658 114.302785 30.590498 114.302783 30.590493 0 344.3 344
2016-10-20 8:48:40 413800658 114.30279 30.590495 114.302785 30.590498 0 333.2 156
2016-10-20 8:51:56 413800658 114.302792 30.590493 114.30279 30.590495 0 324.2 334
2016-10-20 8:58:01 413800658 114.302792 30.590492 114.302792 30.590492 0 0 344
2016-10-20 9:00:31 413800658 114.30279 30.59049 114.302792 30.590492 0 284.7 36
2016-10-20 9:03:45 413800658 114.302788 30.590488 114.30279 30.59049 0 119.2 119
2016-10-20 9:10:07 413800658 114.302787 30.590483 114.302787 30.590483 0 134.7 134
2016-10-20 9:21:49 413800658 114.302788 30.590485 114.302788 30.590485 0 249.3 322
2016-10-20 9:24:37 413800658 114.302788 30.590483 114.302788 30.590485 0 237.6 237
2016-10-20 9:27:57 413800658 114.30279 30.59048 114.302788 30.590483 0 240.5 200
2016-10-20 9:30:43 413800658 114.30279 30.590478 114.30279 30.59048 0 7.1 279
2016-10-20 9:33:56 413800658 114.30279 30.59048 114.30279 30.590478 0 310.3 35
2016-10-20 10:01:15 413800658 114.302795 30.590462 114.302792 30.59046 0 60.2 96
2016-10-20 10:09:54 413800658 114.302788 30.590467 114.30279 30.590465 0 202.8 299
2016-10-20 10:13:02 413800658 114.302792 30.59047 114.302788 30.590467 0 39.9 39
2016-10-20 10:43:25 413800658 114.30281 30.590488 114.302808 30.590485 0 108 108
2016-10-20 10:46:16 413800658 114.302813 30.590483 114.30281 30.590488 0 158.5 108
2016-10-20 10:49:33 413800658 114.302812 30.590475 114.302813 30.590483 0 47.6 52
2016-10-20 10:58:29 413800658 114.302795 30.590363 114.30274 30.590292 0 354.9 354
2016-10-20 11:01:36 413800658 114.302803 30.590388 114.302795 30.590363 0 264.1 221
2016-10-20 11:04:25 413800658 114.302807 30.590395 114.302803 30.590388 0 20.9 226
2016-10-20 11:13:41 413800658 114.302787 30.59043 114.302787 30.590423 0 105.8 18
2016-10-20 11:19:38 413800658 114.302777 30.590443 114.302787 30.59043 0 180.5 180
2016-10-20 11:22:17 413800658 114.302775 30.590443 114.302777 30.590443 0 167.1 73
2016-10-20 11:22:46 413800658 114.302775 30.590443 114.302775 30.590443 0 58.5 326
2016-10-20 12:01:32 413800658 114.302772 30.590448 114.302773 30.59045 0 103.6 103
2016-10-20 12:04:57 413800658 114.30277 30.590452 114.302772 30.590448 0 19.6 319
2016-10-20 12:07:41 413800658 114.30277 30.590445 114.30277 30.590452 0 307 283
2016-10-20 12:10:46 413800658 114.302758 30.590452 114.30277 30.590445 0 329.8 329
2016-10-20 12:13:33 413800658 114.302758 30.590452 114.302758 30.590452 0 136.8 136
2016-10-20 12:16:39 413800658 114.302758 30.590452 114.302758 30.590452 0 296.4 296
2016-10-20 12:17:04 413800658 114.302758 30.590452 114.302758 30.590452 0 186.5 186
2016-10-20 12:19:32 413800658 114.30276 30.59045 114.302758 30.590452 0 161.8 161
2016-10-20 12:22:56 413800658 114.302748 30.590458 114.30276 30.59045 0 178.7 178
2016-10-20 12:49:58 413800658 114.302775 30.59044 114.30277 30.590438 0 127.7 169
2016-10-20 12:52:49 413800658 114.302773 30.590443 114.302775 30.59044 0 169.5 300
2016-10-20 12:53:15 413800658 114.302773 30.590443 114.302773 30.590443 0 347.1 8
2016-10-20 13:10:49 413800658 114.302768 30.590437 114.302768 30.590438 0 91.1 244
2016-10-20 13:11:13 413800658 114.302768 30.590437 114.302768 30.590437 0 147.1 147
2016-10-20 13:13:56 413800658 114.302765 30.590433 114.302768 30.590437 0 309.2 309
2016-10-20 13:17:05 413800658 114.302762 30.590433 114.302765 30.590433 0 120.4 343
2016-10-20 13:50:19 413800658 114.302732 30.590515 114.302725 30.590517 0 174.5 174
2016-10-20 13:53:26 413800658 114.302737 30.590513 114.302732 30.590515 0 220.7 71
2016-10-20 13:59:32 413800658 114.302745 30.59051 114.302745 30.59051 0 256.4 312
2016-10-20 14:08:30 413800658 114.30275 30.590512 114.302747 30.590508 0 337.5 263
2016-10-20 14:11:16 413800658 114.302755 30.59051 114.30275 30.590512 0 60.6 60
2016-10-20 14:11:44 413800658 114.302755 30.59051 114.302755 30.59051 0 87.4 87
2016-10-20 14:23:17 413800658 114.302743 30.59049 114.302745 30.59049 0 49.1 166
2016-10-20 14:23:47 413800658 114.302745 30.59049 114.302743 30.59049 0 259 259
2016-10-20 14:26:17 413800658 114.302745 30.59049 114.302745 30.59049 0 34 273
2016-10-20 14:35:40 413800658 114.302782 30.59048 114.302748 30.590488 0 260.4 143
2016-10-20 14:44:30 413800658 114.302747 30.590482 114.302742 30.590505 0 138.1 138
2016-10-20 14:47:35 413800658 114.302763 30.590472 114.302747 30.590482 0 3.9 3
2016-10-20 14:48:03 413800658 114.302763 30.590472 114.302763 30.590472 0 185.9 185
2016-10-20 14:53:48 413800658 114.302782 30.590458 114.302782 30.590458 0 210.1 210
2016-10-20 15:08:58 413800658 114.302788 30.590455 114.302783 30.590453 0 77.9 77
2016-10-20 15:11:53 413800658 114.30279 30.590453 114.302788 30.590455 0 338.8 338
2016-10-20 15:14:54 413800658 114.302788 30.590453 114.30279 30.590453 0 115.8 115
2016-10-20 15:17:48 413800658 114.302803 30.590465 114.302788 30.590453 0 67.1 67
2016-10-20 15:23:53 413800658 114.302807 30.590462 114.302807 30.590462 0 225.7 222
2016-10-20 15:26:41 413800658 114.302805 30.590457 114.302807 30.590462 0 251.6 251
2016-10-20 15:35:41 413800658 114.3028 30.590368 114.302762 30.590423 0.1 174.1 174
2016-10-20 15:38:55 413800658 114.302773 30.590507 114.3028 30.590368 0.1 164.7 165
2016-10-20 15:41:44 413800658 114.302833 30.590362 114.302773 30.590507 0 26.2 26
2016-10-20 15:48:19 413800658 114.302803 30.590393 114.302803 30.590393 0 136 136
2016-10-20 15:56:49 413800658 114.302793 30.590453 114.302807 30.590413 0 330 318
2016-10-20 16:12:30 413800658 114.30279 30.590475 114.30279 30.590475 0 291 291
2016-10-20 16:21:15 413800658 114.302785 30.590477 114.302787 30.590478 0 254.6 254
2016-10-20 16:29:56 413800658 114.302792 30.590475 114.302788 30.590472 0 306 149
2016-10-20 16:30:18 413800658 114.302792 30.590475 114.302792 30.590475 0 121.6 121
2016-10-20 16:36:26 413800658 114.302792 30.590468 114.302792 30.590468 0 73 73
2016-10-20 16:39:08 413800658 114.302793 30.590473 114.302792 30.590468 0 44.3 44
2016-10-20 16:42:14 413800658 114.302793 30.590473 114.302793 30.590473 0 358.2 301
2016-10-20 16:45:04 413800658 114.302787 30.590478 114.302793 30.590473 0 133.5 294
2016-10-20 16:48:24 413800658 114.302787 30.590478 114.302787 30.590478 0 132.7 132
2016-10-20 17:00:37 413800658 114.30279 30.590483 114.30279 30.590483 0 253.6 253
2016-10-20 17:03:18 413800658 114.30279 30.590485 114.30279 30.590483 0 197 293
2016-10-20 17:06:21 413800658 114.302788 30.590485 114.30279 30.590485 0 169.3 169
2016-10-20 17:09:12 413800658 114.302788 30.590483 114.302788 30.590485 0 77 110
2016-10-20 17:12:19 413800658 114.302788 30.590508 114.302788 30.590483 0 58.9 311
2016-10-20 17:21:16 413800658 114.302793 30.590507 114.302795 30.590508 0 47 222
2016-10-20 17:24:36 413800658 114.302795 30.590503 114.302793 30.590507 0 69.1 288
2016-10-20 17:36:46 413800658 114.3028 30.590492 114.3028 30.59049 0 204.2 204
2016-10-20 17:48:58 413800658 114.302772 30.590462 114.302783 30.59047 0 332.7 332
2016-10-20 17:51:59 413800658 114.302768 30.590453 114.302772 30.590462 0.1 106.8 238
2016-10-20 17:55:02 413800658 114.302778 30.590395 114.302768 30.590453 0 332.3 332
2016-10-20 17:57:59 413800658 114.302788 30.590393 114.302778 30.590395 0.2 142.4 142
2016-10-20 18:01:04 413800658 114.302775 30.590433 114.302788 30.590393 0 320.3 320
2016-10-20 18:03:54 413800658 114.302778 30.590437 114.302775 30.590433 0 172.9 172
2016-10-20 18:06:51 413800658 114.302778 30.590437 114.302778 30.590437 0 0.7 0
2016-10-20 18:09:50 413800658 114.302783 30.590442 114.302778 30.590437 0 330.2 217
2016-10-20 18:19:05 413800658 114.302785 30.590447 114.302783 30.590448 0 202.4 202
2016-10-20 18:22:06 413800658 114.3028 30.590452 114.302785 30.590447 0 32.4 32
2016-10-20 18:25:02 413800658 114.302803 30.590448 114.3028 30.590452 0 75.9 75
2016-10-20 18:28:15 413800658 114.302798 30.590432 114.302803 30.590448 0 78.4 242
2016-10-20 18:30:59 413800658 114.302797 30.590452 114.302798 30.590432 0 116.4 24
2016-10-20 18:33:56 413800658 114.302778 30.59047 114.302797 30.590452 0 276.4 276
2016-10-20 18:43:10 413800658 114.30278 30.590463 114.30278 30.590465 0 211.3 211
2016-10-20 18:45:59 413800658 114.302782 30.590457 114.30278 30.590463 0 98.9 127
2016-10-20 18:48:53 413800658 114.302782 30.590453 114.302782 30.590457 0 325.1 325
2016-10-20 18:52:04 413800658 114.302785 30.59045 114.302782 30.590453 0 87.6 321
2016-10-20 18:54:55 413800658 114.302788 30.590447 114.302785 30.59045 0 21.9 21
2016-10-20 18:58:08 413800658 114.302788 30.590447 114.302788 30.590447 0 61.9 357
2016-10-20 19:07:12 413800658 114.302787 30.590448 114.302787 30.590452 0 118.1 118
2016-10-20 19:09:55 413800658 114.3027 30.590027 114.302787 30.590448 2.2 203.8 212
2016-10-20 19:13:11 413800658 114.302243 30.587412 114.3027 30.590027 3.7 149.8 149
2016-10-20 19:13:30 413800658 114.302568 30.586967 114.302243 30.587412 3.8 144.3 144
2016-10-20 19:13:58 413800658 114.302857 30.58653 114.302568 30.586967 3.2 163.9 163
2016-10-20 19:14:38 413800658 114.302888 30.586093 114.302857 30.58653 3.2 187.2 187
2016-10-20 19:15:16 413800658 114.302722 30.585572 114.302888 30.586093 4.9 198.2 198
2016-10-20 19:15:55 413800658 114.30196 30.584133 114.302722 30.585572 6 209.2 209
2016-10-20 19:16:13 413800658 114.301898 30.584035 114.30196 30.584133 6.1 206.3 208
2016-10-20 19:16:39 413800658 114.301463 30.583388 114.301898 30.584035 6.1 210.2 210
2016-10-20 19:17:02 413800658 114.300988 30.58269 114.301463 30.583388 6.1 210.7 210
2016-10-20 19:17:41 413800658 114.300482 30.581928 114.300988 30.58269 6.4 209.4 209
2016-10-20 19:18:05 413800658 114.29998 30.581172 114.300482 30.581928 6.2 208.4 208
2016-10-20 19:18:24 413800658 114.299523 30.58041 114.29998 30.581172 6.2 209.3 209
2016-10-20 19:19:03 413800658 114.299013 30.579647 114.299523 30.58041 6 210.2 209
2016-10-20 19:20:30 413800658 114.297458 30.577372 114.299013 30.579647 6.2 211.8 211
2016-10-20 19:21:09 413800658 114.296912 30.57658 114.297458 30.577372 6.4 210.5 211
2016-10-20 19:21:26 413800658 114.296372 30.575857 114.296912 30.57658 6.2 212.2 212
2016-10-20 19:22:17 413800658 114.295747 30.574988 114.296372 30.575857 6.4 209 209
2016-10-20 19:22:40 413800658 114.295243 30.574345 114.295747 30.574988 6.5 212.9 211
2016-10-20 19:22:59 413800658 114.294703 30.573565 114.295243 30.574345 6.5 207.8 211
2016-10-20 19:23:57 413800658 114.293652 30.572012 114.294703 30.573565 6.2 210.4 210
2016-10-20 19:24:56 413800658 114.292653 30.570498 114.293652 30.572012 6 206.9 206
2016-10-20 19:25:34 413800658 114.292143 30.569698 114.292653 30.570498 6.6 209 208
2016-10-20 19:26:12 413800658 114.29165 30.568867 114.292143 30.569698 6.3 205.3 203
2016-10-20 19:26:31 413800658 114.291202 30.568093 114.29165 30.568867 6.2 206.3 207
2016-10-20 19:27:03 413800658 114.290743 30.567312 114.291202 30.568093 5.9 207.4 206
2016-10-20 19:27:45 413800658 114.290303 30.566558 114.290743 30.567312 6.4 209.6 209
2016-10-20 19:28:04 413800658 114.28975 30.565725 114.290303 30.566558 6.3 209.2 209
2016-10-20 19:29:31 413800658 114.288198 30.563375 114.28975 30.565725 6.3 208.6 208
2016-10-20 19:31:27 413800658 114.286292 30.560233 114.288198 30.563375 6.4 211.3 211
2016-10-20 19:32:29 413800658 114.285232 30.558712 114.286292 30.560233 5.7 212.5 211
2016-10-20 19:33:32 413800658 114.284412 30.55751 114.285232 30.558712 4.7 207.9 207
2016-10-20 19:34:35 413800658 114.28361 30.556498 114.284412 30.55751 4.4 212 212
2016-10-20 19:35:12 413800658 114.283295 30.556003 114.28361 30.556498 3.9 211.8 211
2016-10-20 19:39:03 413800658 114.28037 30.55081 114.283295 30.556003 5.1 199.8 199
2016-10-20 19:52:11 413800658 114.283283 30.551253 114.280772 30.546485 9.2 27.8 27
2016-10-20 19:52:28 413800658 114.283432 30.551482 114.283283 30.551253 9.1 28 28
2016-10-20 19:53:16 413800658 114.284642 30.55359 114.283432 30.551482 9.4 27.2 25
2016-10-20 19:55:36 413800658 114.288278 30.559455 114.284642 30.55359 9.4 27.5 27
2016-10-20 19:56:39 413800658 114.289777 30.561778 114.288278 30.559455 9.4 28.9 28
2016-10-20 19:57:09 413800658 114.290503 30.562953 114.289777 30.561778 9.6 28.7 29
2016-10-20 19:57:42 413800658 114.29123 30.564092 114.290503 30.562953 9.4 30.2 30
2016-10-20 19:58:11 413800658 114.291993 30.565172 114.29123 30.564092 9.4 31.3 31
2016-10-20 19:59:07 413800658 114.293543 30.567482 114.291993 30.565172 9.6 31.2 31
2016-10-20 19:59:42 413800658 114.294325 30.568625 114.293543 30.567482 9.5 31.2 31
2016-10-20 20:00:14 413800658 114.295128 30.569758 114.294325 30.568625 9.6 32.7 32
2016-10-20 20:00:44 413800658 114.295943 30.570928 114.295128 30.569758 9.4 31.4 31
2016-10-20 20:01:18 413800658 114.296753 30.572083 114.295943 30.570928 9.7 31 31
2016-10-20 20:01:51 413800658 114.29754 30.57329 114.296753 30.572083 9.8 30 30
2016-10-20 20:02:07 413800658 114.29829 30.574418 114.29754 30.57329 9.5 27.8 27
2016-10-20 20:02:51 413800658 114.299087 30.575645 114.29829 30.574418 9.9 29.3 29
2016-10-20 20:03:07 413800658 114.299845 30.576827 114.299087 30.575645 9.8 29.5 29
2016-10-20 20:03:37 413800658 114.300588 30.578015 114.299845 30.576827 9.5 27.5 27
2016-10-20 20:04:15 413800658 114.301517 30.579523 114.300588 30.578015 9.6 27.8 27
2016-10-20 20:04:51 413800658 114.302015 30.580355 114.301517 30.579523 9.7 26.9 26
2016-10-20 20:05:12 413800658 114.302765 30.581665 114.302015 30.580355 10.1 25.5 25
2016-10-20 20:05:43 413800658 114.303392 30.582812 114.302765 30.581665 9.5 25 25
2016-10-20 20:06:43 413800658 114.304822 30.58544 114.303392 30.582812 9.8 24.1 24
2016-10-20 20:07:19 413800658 114.305448 30.586667 114.304822 30.58544 9.1 25.1 23
2016-10-20 20:07:52 413800658 114.305975 30.587855 114.305448 30.586667 8.8 20 19
2016-10-20 20:08:08 413800658 114.306433 30.589045 114.305975 30.587855 9 15.9 15
2016-10-20 20:08:49 413800658 114.306573 30.590198 114.306433 30.589045 7.8 355.8 357
2016-10-20 20:09:15 413800658 114.306182 30.591108 114.306573 30.590198 6.1 325.3 325
2016-10-20 20:09:53 413800658 114.3055 30.591545 114.306182 30.591108 4.6 291.5 295
2016-10-20 20:10:09 413800658 114.304825 30.591648 114.3055 30.591545 4.4 272.8 268
2016-10-20 20:10:28 413800658 114.30469 30.59164 114.304825 30.591648 3.8 266 266
2016-10-20 20:10:52 413800658 114.30421 30.591522 114.30469 30.59164 3.5 246.5 247
2016-10-20 20:11:11 413800658 114.303792 30.591295 114.30421 30.591522 2.7 226.9 226
2016-10-20 20:11:43 413800658 114.303512 30.591078 114.303792 30.591295 2.3 226.9 226
2016-10-20 20:12:13 413800658 114.303278 30.590863 114.303512 30.591078 1.9 226.9 226
2016-10-20 20:12:41 413800658 114.303088 30.590675 114.303278 30.590863 1.5 226.9 226
2016-10-20 20:15:43 413800658 114.302763 30.590428 114.303088 30.590675 0 296 296
2016-10-20 20:16:33 413800658 114.302765 30.59043 114.302763 30.590428 0 296 296
2016-10-20 20:18:46 413800658 114.302767 30.59043 114.302765 30.59043 0 296 296
2016-10-20 20:21:36 413800658 114.302787 30.590447 114.302767 30.59043 0 210.5 8
2016-10-20 20:24:36 413800658 114.302787 30.590447 114.302787 30.590447 0 330.4 265
2016-10-20 20:27:29 413800658 114.302785 30.590445 114.302787 30.590447 0 133.7 133
2016-10-20 20:27:48 413800658 114.302785 30.590445 114.302785 30.590445 0 105.4 177
2016-10-20 20:42:40 413800658 114.302778 30.59044 114.302778 30.59044 0 34 34
2016-10-20 20:45:38 413800658 114.302778 30.59044 114.302778 30.59044 0 232.3 232
2016-10-20 20:54:36 413800658 114.302783 30.590435 114.302783 30.590437 0 271.2 288
2016-10-20 20:57:51 413800658 114.302782 30.590435 114.302783 30.590435 0 226.1 226
2016-10-20 21:00:55 413800658 114.302787 30.590432 114.302782 30.590435 0 201.4 335
2016-10-20 21:03:44 413800658 114.302787 30.590432 114.302787 30.590432 0 329.5 217
2016-10-20 21:06:45 413800658 114.302785 30.590432 114.302787 30.590432 0 178.8 178
2016-10-20 21:09:42 413800658 114.302782 30.590433 114.302785 30.590432 0 81 81
2016-10-20 21:18:45 413800658 114.302772 30.590447 114.302772 30.590447 0 90.2 40
2016-10-20 21:21:41 413800658 114.302773 30.590448 114.302772 30.590447 0 124.3 281
2016-10-20 21:24:52 413800658 114.302773 30.590448 114.302773 30.590448 0 305.9 305
2016-10-20 21:27:43 413800658 114.302773 30.590448 114.302773 30.590448 0 87.3 87
2016-10-20 22:07:10 413800658 114.302755 30.590458 114.302755 30.590457 0 282.1 282
2016-10-20 22:09:56 413800658 114.302762 30.590462 114.302755 30.590458 0 62.2 62
2016-10-20 22:10:18 413800658 114.302762 30.590462 114.302762 30.590462 0 20.6 47
2016-10-20 22:12:57 413800658 114.302763 30.590465 114.302762 30.590462 0 112.1 355
2016-10-20 22:28:16 413800658 114.302753 30.59046 114.302753 30.59046 0 266.1 266
2016-10-20 22:31:19 413800658 114.302752 30.59046 114.302753 30.59046 0 47.2 47
2016-10-20 22:34:16 413800658 114.302752 30.59046 114.302752 30.59046 0 48.1 336
2016-10-20 22:49:15 413800658 114.302758 30.590467 114.302757 30.59047 0 141.9 141
2016-10-20 22:52:14 413800658 114.30276 30.590465 114.302758 30.590467 0 80.6 307
2016-10-20 23:01:19 413800658 114.302768 30.590467 114.302765 30.590465 0 313.3 313
2016-10-20 23:04:19 413800658 114.30277 30.590467 114.302768 30.590467 0 198.4 198
2016-10-20 23:07:22 413800658 114.302768 30.590467 114.30277 30.590467 0 234.6 234
2016-10-20 23:10:27 413800658 114.30277 30.590468 114.302768 30.590467 0 120 120
2016-10-20 23:13:20 413800658 114.302792 30.590468 114.30277 30.590468 0 106.2 333
2016-10-20 23:16:26 413800658 114.30278 30.590473 114.302792 30.590468 0 146.5 175
2016-10-20 23:19:29 413800658 114.302775 30.590482 114.30278 30.590473 0 321.7 321
2016-10-20 23:22:20 413800658 114.302773 30.590483 114.302775 30.590482 0 240.9 240
2016-10-20 23:46:43 413800658 114.302733 30.59049 114.302733 30.59049 0 148.9 149
2016-10-20 23:55:28 413800658 114.302762 30.590492 114.302745 30.59048 0 247.1 247
2016-10-20 23:58:53 413800658 114.302763 30.59049 114.302762 30.590492 0 185.6 185
