2016-10-18 9:33:49 413771615 114.541005 30.674057 114.541015 30.674087 0.1 171.6 171
2016-10-18 9:37:23 413771615 114.541015 30.674058 114.541005 30.674057 0 294 294
2016-10-18 9:37:51 413771615 114.541015 30.674058 114.541015 30.674058 0 340.9 340
2016-10-18 9:49:52 413771615 114.541012 30.674047 114.541023 30.674067 0 80.4 80
2016-10-18 9:53:44 413771615 114.541012 30.674047 114.541012 30.674047 0 80.4 80
2016-10-18 10:17:58 413771615 114.541007 30.674053 114.541002 30.674042 0 239.8 239
2016-10-18 10:18:55 413771615 114.540993 30.674053 114.541007 30.674053 0.1 255.4 255
2016-10-18 10:41:05 413771615 114.54101 30.674077 114.541002 30.67407 0.1 142.8 142
2016-10-18 10:50:43 413771615 114.54105 30.674078 114.541035 30.674065 0.1 249.4 249
2016-10-18 10:54:48 413771615 114.541058 30.674075 114.54105 30.674078 0 270.3 270
2016-10-18 10:59:22 413771615 114.541077 30.674082 114.541058 30.674075 0 137.5 137
2016-10-18 11:03:04 413771615 114.541062 30.67408 114.541077 30.674082 0 110.6 110
2016-10-18 11:15:11 413771615 114.541027 30.674078 114.541043 30.674045 0 308.8 308
2016-10-18 11:19:19 413771615 114.541032 30.674067 114.541027 30.674078 0 169.8 169
2016-10-18 11:23:19 413771615 114.541017 30.674083 114.541032 30.674067 0.2 35.9 35
2016-10-18 11:27:36 413771615 114.54101 30.674063 114.541017 30.674083 0 197.4 197
2016-10-18 11:36:38 413771615 114.54102 30.674055 114.541018 30.674053 0 61.2 61
2016-10-18 11:40:22 413771615 114.541025 30.67406 114.54102 30.674055 0 27.5 27
2016-10-18 11:44:41 413771615 114.541018 30.674037 114.541025 30.67406 0 236.4 236
2016-10-18 11:48:45 413771615 114.54102 30.674032 114.541018 30.674037 0.1 227.5 227
2016-10-18 11:52:37 413771615 114.541025 30.674058 114.54102 30.674032 0.1 17.9 17
2016-10-18 11:57:04 413771615 114.541 30.67406 114.541025 30.674058 0.1 270.2 270
2016-10-18 12:00:40 413771615 114.541032 30.67407 114.541 30.67406 0 121.6 121
2016-10-18 12:04:52 413771615 114.541007 30.674055 114.541032 30.67407 0 114.8 114
2016-10-18 12:08:57 413771615 114.541048 30.67406 114.541007 30.674055 0 64 64
2016-10-18 12:13:08 413771615 114.541027 30.67406 114.541048 30.67406 0.1 58.9 58
2016-10-18 12:17:16 413771615 114.541042 30.67406 114.541027 30.67406 0 240.8 240
2016-10-18 12:21:17 413771615 114.541035 30.674052 114.541042 30.67406 0 123 123
2016-10-18 12:25:03 413771615 114.541027 30.674055 114.541035 30.674052 0.1 254.2 254
2016-10-18 12:29:31 413771615 114.541028 30.674088 114.541027 30.674055 0.1 5.3 5
2016-10-18 12:33:05 413771615 114.541023 30.674053 114.541028 30.674088 0 356.5 356
2016-10-18 12:37:18 413771615 114.541023 30.674077 114.541023 30.674053 0 226.3 226
2016-10-18 12:41:27 413771615 114.54102 30.674075 114.541023 30.674077 0 232 232
2016-10-18 12:45:16 413771615 114.541037 30.674092 114.54102 30.674075 0.1 4.5 4
2016-10-18 12:49:33 413771615 114.541033 30.674083 114.541037 30.674092 0.1 61.9 61
2016-10-18 12:53:44 413771615 114.541035 30.674058 114.541033 30.674083 0.1 79.6 79
2016-10-18 12:57:42 413771615 114.541038 30.674097 114.541035 30.674058 0 86.2 86
2016-10-18 13:01:44 413771615 114.54103 30.67409 114.541038 30.674097 0 1.5 1
2016-10-18 13:05:36 413771615 114.541003 30.674137 114.54103 30.67409 0 236.6 236
2016-10-18 13:09:57 413771615 114.541007 30.674117 114.541003 30.674137 0.1 205.8 205
2016-10-18 13:13:38 413771615 114.541012 30.674117 114.541007 30.674117 0.1 239.6 239
2016-10-18 13:17:52 413771615 114.541008 30.67411 114.541012 30.674117 0 229.1 229
2016-10-18 13:21:58 413771615 114.54103 30.674085 114.541008 30.67411 0.1 188 188
2016-10-18 13:25:58 413771615 114.54106 30.67409 114.54103 30.674085 0 55.8 55
2016-10-18 13:30:01 413771615 114.541053 30.674098 114.54106 30.67409 0.1 98.1 98
2016-10-18 13:33:08 413771615 114.541045 30.6741 114.541053 30.674098 0.2 6.2 6
2016-10-18 13:37:02 413771615 114.541048 30.674108 114.541045 30.6741 0 261.4 261
2016-10-18 13:38:27 413771615 114.541033 30.674128 114.541048 30.674108 0.1 316.8 316
2016-10-18 13:49:52 413771615 114.541025 30.67413 114.541052 30.674127 0 113.7 113
2016-10-18 14:01:48 413771615 114.541063 30.674167 114.541053 30.674188 0 135.8 135
2016-10-18 14:05:49 413771615 114.541055 30.67414 114.541063 30.674167 0.1 192.9 192
2016-10-18 14:10:10 413771615 114.541052 30.674118 114.541055 30.67414 0 170.6 170
2016-10-18 14:14:03 413771615 114.541037 30.674093 114.541052 30.674118 0 121.2 121
2016-10-18 14:30:31 413771615 114.541008 30.674065 114.541023 30.674092 0.1 215.7 215
2016-10-18 14:34:09 413771615 114.54101 30.674082 114.541008 30.674065 0 215.8 215
2016-10-18 14:38:31 413771615 114.54102 30.674057 114.54101 30.674082 0 162.2 162
2016-10-18 14:53:47 413771615 114.541022 30.67405 114.541035 30.674058 0 234.1 234
2016-10-18 14:57:43 413771615 114.541035 30.674077 114.541022 30.67405 0 163.5 163
2016-10-18 15:01:57 413771615 114.541035 30.674077 114.541035 30.674077 0 163.5 163
2016-10-18 15:14:11 413771615 114.541028 30.674085 114.541032 30.67408 0 35.7 35
2016-10-18 15:18:15 413771615 114.541022 30.674085 114.541028 30.674085 0 96.6 96
2016-10-18 15:22:09 413771615 114.541018 30.674085 114.541022 30.674085 0 64.5 64
2016-10-18 15:26:11 413771615 114.541013 30.67408 114.541018 30.674085 0 347.3 347
2016-10-18 15:30:19 413771615 114.541028 30.674105 114.541013 30.67408 0 327.1 327
2016-10-18 15:50:34 413771615 114.541025 30.674088 114.541025 30.674088 0 193.9 193
2016-10-18 16:03:02 413771615 114.541025 30.674082 114.541018 30.674073 0 86.6 86
2016-10-18 16:06:37 413771615 114.541015 30.674085 114.541025 30.674082 0 296.2 296
2016-10-18 16:10:58 413771615 114.541013 30.674077 114.541015 30.674085 0 28.8 28
2016-10-18 16:14:54 413771615 114.541008 30.674073 114.541013 30.674077 0.1 30.4 30
2016-10-18 16:19:04 413771615 114.540998 30.674073 114.541008 30.674073 0 113.4 113
2016-10-18 16:23:06 413771615 114.541013 30.674085 114.540998 30.674073 0.1 26.6 26
2016-10-18 16:33:57 413771615 114.541007 30.674075 114.541008 30.674065 0 326.3 326
2016-10-18 16:37:59 413771615 114.541003 30.674068 114.541007 30.674075 0 256.5 256
2016-10-18 16:42:10 413771615 114.541005 30.674072 114.541003 30.674068 0 89.3 89
2016-10-18 16:46:00 413771615 114.541015 30.674057 114.541005 30.674072 0 176.3 176
2016-10-18 16:50:09 413771615 114.540988 30.674083 114.541015 30.674057 0 280.7 280
2016-10-18 16:54:01 413771615 114.540997 30.67406 114.540988 30.674083 0 326.5 326
2016-10-18 16:58:16 413771615 114.540995 30.674062 114.540997 30.67406 0 310.1 310
2016-10-18 17:02:17 413771615 114.540993 30.674058 114.540995 30.674062 0.1 3.1 3
2016-10-18 17:06:29 413771615 114.54098 30.67407 114.540993 30.674058 0.1 142.5 142
2016-10-18 17:10:09 413771615 114.541012 30.674058 114.54098 30.67407 0 131.2 131
2016-10-18 17:22:25 413771615 114.541017 30.67408 114.54104 30.674068 0.1 264.7 264
2016-10-18 17:24:39 413771615 114.540993 30.6741 114.541017 30.67408 0.1 291.7 291
2016-10-18 17:28:56 413771615 114.540993 30.6741 114.540993 30.6741 0.1 291.7 291
2016-10-18 17:30:50 413771615 114.541005 30.674085 114.540993 30.6741 0 204.6 204
2016-10-18 18:11:39 413771615 114.540955 30.674043 114.540987 30.674083 0.2 234.2 234
2016-10-18 18:39:42 413771615 114.540998 30.674038 114.540985 30.674033 0 199.8 199
2016-10-18 18:43:42 413771615 114.541013 30.674058 114.540998 30.674038 0.1 220.6 220
2016-10-18 18:46:19 413771615 114.541003 30.674053 114.541013 30.674058 0.1 208.5 208
2016-10-18 18:50:42 413771615 114.54101 30.674053 114.541003 30.674053 0.1 63.2 63
2016-10-18 18:54:42 413771615 114.541005 30.674088 114.54101 30.674053 0 57.6 57
2016-10-18 18:59:04 413771615 114.540998 30.674068 114.541005 30.674088 0.1 68.6 68
2016-10-18 19:02:59 413771615 114.541025 30.674057 114.540998 30.674068 0 118.9 118
2016-10-18 19:06:59 413771615 114.541 30.674038 114.541025 30.674057 0 90 90
2016-10-18 19:11:00 413771615 114.541007 30.674058 114.541 30.674038 0.1 66.4 66
2016-10-18 19:15:09 413771615 114.54099 30.674057 114.541007 30.674058 0.1 48.2 48
2016-10-18 19:19:06 413771615 114.540983 30.674047 114.54099 30.674057 0.1 218 218
2016-10-18 19:23:07 413771615 114.540987 30.674045 114.540983 30.674047 0.1 225 225
2016-10-18 19:27:18 413771615 114.541008 30.674045 114.540987 30.674045 0.1 278.5 278
2016-10-18 19:31:20 413771615 114.54098 30.674035 114.541008 30.674045 0 248.6 248
2016-10-18 19:41:12 413771615 114.539288 30.673145 114.539268 30.674948 5.6 157 157
2016-10-18 19:41:30 413771615 114.539763 30.672335 114.539288 30.673145 6.5 153.4 153
2016-10-18 19:44:05 413771615 114.542365 30.667482 114.539763 30.672335 8.1 158.3 158
2016-10-18 19:44:35 413771615 114.542837 30.666407 114.542365 30.667482 8.3 159.6 159
2016-10-18 19:45:01 413771615 114.543273 30.665323 114.542837 30.666407 8.3 161.1 161
2016-10-18 19:46:07 413771615 114.544118 30.66309 114.543273 30.665323 8.5 161.3 161
2016-10-18 19:48:01 413771615 114.546113 30.65863 114.544118 30.66309 8.7 156.5 156
2016-10-18 19:49:04 413771615 114.547497 30.656203 114.546113 30.65863 8.6 153.5 153
2016-10-18 19:49:50 413771615 114.548178 30.655022 114.547497 30.656203 8.6 154 154
2016-10-18 19:50:51 413771615 114.549352 30.65285 114.548178 30.655022 8.5 155.1 155
2016-10-18 19:52:50 413771615 114.551622 30.648608 114.549352 30.65285 8.4 155.7 155
2016-10-18 19:55:52 413771615 114.554988 30.64228 114.551622 30.648608 8.3 155.9 155
2016-10-18 19:56:07 413771615 114.555518 30.641275 114.554988 30.64228 8.2 155.3 155
2016-10-18 19:58:41 413771615 114.558162 30.636107 114.555518 30.641275 8.2 157.8 157
2016-10-18 20:08:18 413771615 114.567762 30.61599 114.565683 30.62045 7.8 160.4 160
2016-10-18 20:09:18 413771615 114.56853 30.613983 114.567762 30.61599 7.8 162.8 162
2016-10-18 20:17:02 413771615 114.575048 30.603938 114.573318 30.60452 3.8 89.9 89
2016-10-18 20:17:20 413771615 114.575587 30.60408 114.575048 30.603938 3.2 70.2 70
2016-10-18 20:43:33 413771615 114.57599 30.607078 114.576017 30.607093 0 124.2 124
2016-10-18 20:47:31 413771615 114.576047 30.607093 114.57599 30.607078 0.1 125.2 125
2016-10-18 20:51:34 413771615 114.576017 30.607065 114.576047 30.607093 0.2 61 61
2016-10-18 20:55:38 413771615 114.576017 30.607068 114.576017 30.607065 0 42.6 42
2016-10-18 20:57:43 413771615 114.576045 30.607085 114.576017 30.607068 0.1 245.4 245
2016-10-18 21:01:41 413771615 114.576027 30.607072 114.576045 30.607085 0.1 222.1 222
2016-10-18 21:05:54 413771615 114.576012 30.607058 114.576027 30.607072 0 24.4 24
2016-10-18 21:09:48 413771615 114.576023 30.607067 114.576012 30.607058 0 334 334
2016-10-18 21:13:49 413771615 114.576048 30.607075 114.576023 30.607067 0.1 72.4 72
2016-10-18 21:17:58 413771615 114.57604 30.607075 114.576048 30.607075 0.1 48 48
2016-10-18 21:22:03 413771615 114.576037 30.607083 114.57604 30.607075 0 20.6 20
2016-10-18 21:25:59 413771615 114.576037 30.607083 114.576037 30.607083 0 20.6 20
2016-10-18 21:29:52 413771615 114.576035 30.607068 114.576037 30.607083 0.1 252.1 252
2016-10-18 21:33:37 413771615 114.57604 30.607065 114.576035 30.607068 0.1 56.8 56
2016-10-18 21:34:46 413771615 114.57604 30.607063 114.57604 30.607065 0 243 243
2016-10-18 21:50:58 413771615 114.57605 30.607063 114.57604 30.60707 0 33.9 33
2016-10-18 21:54:56 413771615 114.576053 30.60706 114.57605 30.607063 0 37 37
2016-10-18 21:59:07 413771615 114.57606 30.607063 114.576053 30.60706 0 308.5 308
2016-10-18 22:03:02 413771615 114.576057 30.607068 114.57606 30.607063 0 270.4 270
2016-10-18 22:07:00 413771615 114.576042 30.607063 114.576057 30.607068 0.1 284.5 284
2016-10-18 22:07:13 413771615 114.576042 30.607062 114.576042 30.607063 0 263.9 263
2016-10-18 22:11:18 413771615 114.576038 30.607068 114.576042 30.607062 0 288.9 288
2016-10-18 22:15:10 413771615 114.576033 30.607067 114.576038 30.607068 0 263.6 263
2016-10-18 22:23:16 413771615 114.576037 30.60707 114.576037 30.60707 0 281.4 281
2016-10-18 22:31:28 413771615 114.576038 30.607063 114.576023 30.60707 0.1 93 93
2016-10-18 22:35:31 413771615 114.576038 30.607065 114.576038 30.607063 0 289.4 289
2016-10-18 22:39:40 413771615 114.57604 30.607063 114.576038 30.607065 0 89.8 89
2016-10-18 22:42:18 413771615 114.57603 30.607063 114.57604 30.607063 0 54.5 54
2016-10-18 22:46:37 413771615 114.576037 30.60706 114.57603 30.607063 0 63.2 63
2016-10-18 22:54:53 413771615 114.576037 30.607053 114.576032 30.607058 0.1 198.1 198
2016-10-18 22:58:56 413771615 114.576035 30.607052 114.576037 30.607053 0.1 140.1 140
2016-10-18 23:02:56 413771615 114.576035 30.607052 114.576035 30.607052 0.1 140.1 140
2016-10-18 23:06:54 413771615 114.576025 30.607053 114.576035 30.607052 0.1 221.3 221
2016-10-18 23:10:53 413771615 114.57602 30.60706 114.576025 30.607053 0.1 29.5 29
2016-10-18 23:11:08 413771615 114.576022 30.607063 114.57602 30.60706 0.1 27.2 27
2016-10-18 23:15:03 413771615 114.57603 30.607063 114.576022 30.607063 0 249.6 249
2016-10-18 23:19:08 413771615 114.576037 30.607062 114.57603 30.607063 0 116.6 116
2016-10-18 23:23:09 413771615 114.576033 30.607063 114.576037 30.607062 0 104.6 104
2016-10-18 23:27:21 413771615 114.576022 30.60707 114.576033 30.607063 0 111.2 111
2016-10-18 23:31:21 413771615 114.576037 30.60708 114.576022 30.60707 0 119.2 119
2016-10-18 23:31:53 413771615 114.576037 30.607073 114.576037 30.60708 0 216.6 216
2016-10-18 23:35:39 413771615 114.576028 30.607053 114.576037 30.607073 0 270.8 270
2016-10-18 23:39:45 413771615 114.576015 30.607072 114.576028 30.607053 0.1 292.5 292
2016-10-18 23:43:54 413771615 114.576032 30.607063 114.576015 30.607072 0.1 147.4 147
2016-10-18 23:48:03 413771615 114.576033 30.607058 114.576032 30.607063 0 46.3 46
2016-10-18 23:51:39 413771615 114.576037 30.60705 114.576033 30.607058 0 304.4 304
2016-10-18 23:55:53 413771615 114.57604 30.607045 114.576037 30.60705 0 355.6 355
2016-10-18 23:59:52 413771615 114.576057 30.60706 114.57604 30.607045 0 84.8 84
