2016-10-17 0:02:20 413815739 114.372377 30.643148 114.372378 30.643147 0 219.7 N/A
2016-10-17 0:04:29 413815739 114.372377 30.64315 114.372377 30.643148 0 219.7 N/A
2016-10-17 0:07:43 413815739 114.372373 30.643148 114.372377 30.64315 0 219.7 N/A
2016-10-17 0:08:21 413815739 114.372375 30.64315 114.372373 30.643148 0 219.7 N/A
2016-10-17 0:10:30 413815739 114.372377 30.643148 114.372375 30.64315 0 219.7 N/A
2016-10-17 0:28:28 413815739 114.372373 30.643152 114.372375 30.64315 0 219.7 N/A
2016-10-17 0:31:42 413815739 114.372375 30.64315 114.372373 30.643152 0 219.7 N/A
2016-10-17 0:34:42 413815739 114.372375 30.64315 114.372375 30.64315 0 219.7 N/A
2016-10-17 0:37:45 413815739 114.37237 30.643152 114.372375 30.64315 0 219.7 N/A
2016-10-17 0:40:43 413815739 114.37237 30.64315 114.37237 30.643152 0 219.7 N/A
2016-10-17 0:50:14 413815739 114.372367 30.643152 114.372368 30.643155 0 219.7 N/A
2016-10-17 1:04:37 413815739 114.372372 30.643157 114.372372 30.643153 0 219.7 N/A
2016-10-17 1:07:28 413815739 114.37237 30.643153 114.372372 30.643157 0 219.7 N/A
2016-10-17 1:08:27 413815739 114.37237 30.643157 114.37237 30.643153 0 219.7 N/A
2016-10-17 1:10:40 413815739 114.372375 30.643155 114.37237 30.643157 0 219.7 N/A
2016-10-17 1:13:41 413815739 114.372373 30.643155 114.372375 30.643155 0 219.7 N/A
2016-10-17 1:14:13 413815739 114.372368 30.643153 114.372373 30.643155 0 219.7 N/A
2016-10-17 1:16:33 413815739 114.372368 30.643152 114.372368 30.643153 0 219.7 N/A
2016-10-17 1:28:35 413815739 114.37236 30.643158 114.372363 30.643163 0 219.7 N/A
2016-10-17 1:31:33 413815739 114.372362 30.643158 114.37236 30.643158 0 219.7 N/A
2016-10-17 1:32:30 413815739 114.372363 30.64316 114.372362 30.643158 0 219.7 N/A
2016-10-17 1:34:33 413815739 114.372367 30.643162 114.372363 30.64316 0 219.7 N/A
2016-10-17 1:38:18 413815739 114.372362 30.643155 114.372367 30.643162 0 219.7 N/A
2016-10-17 1:40:39 413815739 114.372358 30.643158 114.372362 30.643155 0 219.7 N/A
2016-10-17 1:43:44 413815739 114.372363 30.643153 114.372358 30.643158 0 219.7 N/A
2016-10-17 1:46:47 413815739 114.372362 30.64315 114.372363 30.643153 0 219.7 N/A
2016-10-17 1:49:40 413815739 114.37236 30.643152 114.372362 30.64315 0 219.7 N/A
2016-10-17 1:52:44 413815739 114.372362 30.64315 114.37236 30.643152 0 219.7 N/A
2016-10-17 2:02:30 413815739 114.372357 30.643147 114.372355 30.643148 0 219.7 N/A
2016-10-17 2:04:46 413815739 114.372355 30.643152 114.372357 30.643147 0 219.7 N/A
2016-10-17 2:07:40 413815739 114.372355 30.64315 114.372355 30.643152 0 219.7 N/A
2016-10-17 2:14:21 413815739 114.372353 30.643148 114.372358 30.643152 0 219.7 N/A
2016-10-17 2:20:18 413815739 114.372355 30.643152 114.372357 30.64315 0 219.7 N/A
2016-10-17 2:22:42 413815739 114.372353 30.643155 114.372355 30.643152 0 219.7 N/A
2016-10-17 2:25:47 413815739 114.372352 30.643153 114.372353 30.643155 0 219.7 N/A
2016-10-17 2:26:21 413815739 114.37235 30.64316 114.372352 30.643153 0 219.7 N/A
2016-10-17 2:28:34 413815739 114.37235 30.64316 114.37235 30.64316 0 219.7 N/A
2016-10-17 2:31:46 413815739 114.372352 30.643158 114.37235 30.64316 0 219.7 N/A
2016-10-17 2:34:33 413815739 114.372353 30.643157 114.372352 30.643158 0 219.7 N/A
2016-10-17 2:37:38 413815739 114.372352 30.643158 114.372353 30.643157 0 219.7 N/A
2016-10-17 2:46:41 413815739 114.37235 30.643155 114.372353 30.643158 0 219.7 N/A
2016-10-17 2:49:46 413815739 114.372353 30.643157 114.37235 30.643155 0 219.7 N/A
2016-10-17 2:50:23 413815739 114.372353 30.643155 114.372353 30.643157 0 219.7 N/A
2016-10-17 2:52:42 413815739 114.372355 30.643155 114.372353 30.643155 0 219.7 N/A
2016-10-17 2:55:53 413815739 114.372353 30.643153 114.372355 30.643155 0 219.7 N/A
2016-10-17 2:58:43 413815739 114.372348 30.643152 114.372353 30.643153 0 219.7 N/A
2016-10-17 3:01:48 413815739 114.372352 30.643148 114.372348 30.643152 0 219.7 N/A
2016-10-17 3:14:23 413815739 114.372355 30.643148 114.37236 30.643147 0 219.7 N/A
2016-10-17 3:16:47 413815739 114.372357 30.643148 114.372355 30.643148 0 219.7 N/A
2016-10-17 3:19:31 413815739 114.372358 30.643147 114.372357 30.643148 0 219.7 N/A
2016-10-17 3:28:47 413815739 114.372362 30.643148 114.372357 30.643142 0 219.7 N/A
2016-10-17 3:31:38 413815739 114.372358 30.64315 114.372362 30.643148 0 219.7 N/A
2016-10-17 3:40:49 413815739 114.372365 30.643147 114.372363 30.643145 0 219.7 N/A
2016-10-17 3:43:36 413815739 114.372363 30.643145 114.372365 30.643147 0 219.7 N/A
2016-10-17 3:44:30 413815739 114.372362 30.643147 114.372363 30.643145 0 219.7 N/A
2016-10-17 3:50:26 413815739 114.372365 30.643147 114.372363 30.643148 0 219.7 N/A
2016-10-17 3:52:45 413815739 114.372365 30.643145 114.372365 30.643147 0 219.7 N/A
2016-10-17 3:55:37 413815739 114.372365 30.643145 114.372365 30.643145 0 219.7 N/A
2016-10-17 3:58:37 413815739 114.372367 30.643145 114.372365 30.643145 0 219.7 N/A
2016-10-17 4:02:28 413815739 114.372367 30.643143 114.372367 30.643145 0 219.7 N/A
2016-10-17 4:10:50 413815739 114.37237 30.64314 114.372367 30.64314 0 219.7 N/A
2016-10-17 4:19:42 413815739 114.372365 30.643145 114.372367 30.643142 0 219.7 N/A
2016-10-17 4:20:24 413815739 114.372367 30.643143 114.372365 30.643145 0 219.7 N/A
2016-10-17 4:28:53 413815739 114.372368 30.643145 114.372367 30.643145 0 219.7 N/A
2016-10-17 4:31:43 413815739 114.372367 30.643143 114.372368 30.643145 0 219.7 N/A
2016-10-17 4:34:45 413815739 114.372367 30.643143 114.372367 30.643143 0 219.7 N/A
2016-10-17 4:43:49 413815739 114.372368 30.643142 114.372367 30.643142 0 219.7 N/A
2016-10-17 4:46:39 413815739 114.372367 30.643143 114.372368 30.643142 0 219.7 N/A
2016-10-17 4:49:52 413815739 114.37237 30.643143 114.372367 30.643143 0 219.7 N/A
2016-10-17 4:52:50 413815739 114.37237 30.64314 114.37237 30.643143 0 219.7 N/A
2016-10-17 4:55:42 413815739 114.372365 30.643143 114.37237 30.64314 0 219.7 N/A
2016-10-17 4:56:44 413815739 114.372368 30.643142 114.372365 30.643143 0 219.7 N/A
2016-10-17 4:58:39 413815739 114.37237 30.643143 114.372368 30.643142 0 219.7 N/A
2016-10-17 5:01:39 413815739 114.372365 30.643143 114.37237 30.643143 0 219.7 N/A
2016-10-17 5:02:36 413815739 114.372365 30.643145 114.372365 30.643143 0 219.7 N/A
2016-10-17 5:08:38 413815739 114.372365 30.643143 114.372367 30.64314 0 219.7 N/A
2016-10-17 5:13:49 413815739 114.372367 30.64314 114.372365 30.643143 0 219.7 N/A
2016-10-17 5:14:27 413815739 114.372365 30.643137 114.372367 30.64314 0 219.7 N/A
2016-10-17 5:16:48 413815739 114.372365 30.64314 114.372365 30.643137 0 219.7 N/A
2016-10-17 5:19:46 413815739 114.372365 30.643142 114.372365 30.64314 0 219.7 N/A
2016-10-17 5:20:43 413815739 114.372362 30.64314 114.372365 30.643142 0 219.7 N/A
2016-10-17 5:22:44 413815739 114.372363 30.643137 114.372362 30.64314 0 219.7 N/A
2016-10-17 5:25:45 413815739 114.372363 30.643137 114.372363 30.643137 0 219.7 N/A
2016-10-17 5:26:40 413815739 114.372362 30.643137 114.372363 30.643137 0 219.7 N/A
2016-10-17 5:37:55 413815739 114.372363 30.643138 114.372363 30.643137 0 219.7 N/A
2016-10-17 5:40:43 413815739 114.372368 30.643132 114.372363 30.643138 0 219.7 N/A
2016-10-17 5:50:37 413815739 114.37237 30.643138 114.372368 30.643137 0 219.7 N/A
2016-10-17 5:52:42 413815739 114.372365 30.643137 114.37237 30.643138 0 219.7 N/A
2016-10-17 5:55:59 413815739 114.372363 30.64314 114.372365 30.643137 0 219.7 N/A
2016-10-17 5:56:43 413815739 114.37236 30.643137 114.372363 30.64314 0 219.7 N/A
2016-10-17 6:02:40 413815739 114.372363 30.643142 114.372363 30.64314 0 219.7 N/A
2016-10-17 6:16:48 413815739 114.372365 30.643142 114.372362 30.643142 0 219.7 N/A
2016-10-17 6:25:49 413815739 114.372365 30.643142 114.372367 30.643138 0 219.7 N/A
2016-10-17 6:26:40 413815739 114.37236 30.643142 114.372365 30.643142 0 219.7 N/A
2016-10-17 6:52:57 413815739 114.372367 30.643147 114.372368 30.643145 0 219.7 N/A
2016-10-17 6:56:02 413815739 114.37237 30.643143 114.372367 30.643147 0 219.7 N/A
2016-10-17 6:56:46 413815739 114.372373 30.643145 114.37237 30.643143 0 219.7 N/A
2016-10-17 7:04:56 413815739 114.372365 30.643138 114.372372 30.643142 0 219.7 N/A
2016-10-17 7:07:56 413815739 114.372372 30.64314 114.372365 30.643138 0 219.7 N/A
2016-10-17 7:08:44 413815739 114.372373 30.643142 114.372372 30.64314 0 219.7 N/A
2016-10-17 7:14:57 413815739 114.372372 30.643143 114.37237 30.643143 0 219.7 N/A
2016-10-17 7:17:12 413815739 114.372375 30.64314 114.372372 30.643143 0 219.7 N/A
2016-10-17 7:41:12 413815739 114.372372 30.64314 114.372373 30.64314 0 219.7 N/A
2016-10-17 7:44:08 413815739 114.372368 30.643137 114.372372 30.64314 0 219.7 N/A
2016-10-17 7:44:59 413815739 114.372372 30.643138 114.372368 30.643137 0 219.7 N/A
2016-10-17 7:47:25 413815739 114.372372 30.64314 114.372372 30.643138 0 219.7 N/A
2016-10-17 7:50:10 413815739 114.372368 30.643138 114.372372 30.64314 0 219.7 N/A
2016-10-17 7:51:08 413815739 114.37237 30.643138 114.372368 30.643138 0 219.7 N/A
2016-10-17 7:53:07 413815739 114.372373 30.643138 114.37237 30.643138 0 219.7 N/A
2016-10-17 7:55:51 413815739 114.37237 30.643138 114.372373 30.643138 0 219.7 N/A
2016-10-17 8:05:05 413815739 114.372375 30.64314 114.372372 30.643137 0 219.7 N/A
2016-10-17 8:08:17 413815739 114.372373 30.643142 114.372375 30.64314 0 219.7 N/A
2016-10-17 8:26:49 413815739 114.372373 30.643148 114.372372 30.643143 0 219.7 N/A
2016-10-17 8:29:05 413815739 114.372373 30.64315 114.372373 30.643148 0 219.7 N/A
2016-10-17 8:32:08 413815739 114.372373 30.64315 114.372373 30.64315 0 219.7 N/A
2016-10-17 8:36:27 413815739 114.372373 30.643152 114.372373 30.64315 0 219.7 N/A
2016-10-17 8:55:40 413815739 114.37237 30.643148 114.372373 30.643152 0 219.7 N/A
2016-10-17 8:57:17 413815739 114.372367 30.643155 114.37237 30.643148 0 219.7 N/A
2016-10-17 9:12:53 413815739 114.372368 30.64315 114.372367 30.643155 0 219.7 N/A
2016-10-17 9:13:59 413815739 114.372363 30.643153 114.372368 30.64315 0 219.7 N/A
2016-10-17 9:17:04 413815739 114.372367 30.643157 114.372363 30.643153 0 219.7 N/A
2016-10-17 9:19:59 413815739 114.372363 30.643155 114.372367 30.643157 0 219.7 N/A
2016-10-17 9:29:20 413815739 114.37236 30.643158 114.372365 30.643157 0 219.7 N/A
2016-10-17 9:47:16 413815739 114.372363 30.643158 114.372362 30.643158 0 219.7 N/A
2016-10-17 9:50:55 413815739 114.37236 30.64316 114.372363 30.643158 0 219.7 N/A
2016-10-17 9:59:16 413815739 114.372365 30.643158 114.372363 30.643158 0 219.7 N/A
2016-10-17 10:02:17 413815739 114.372365 30.64316 114.372365 30.643158 0 219.7 N/A
2016-10-17 10:03:06 413815739 114.372363 30.64316 114.372365 30.64316 0 219.7 N/A
2016-10-17 10:05:09 413815739 114.372368 30.643158 114.372363 30.64316 0 219.7 N/A
2016-10-17 10:08:10 413815739 114.372372 30.643158 114.372368 30.643158 0 219.7 N/A
2016-10-17 10:08:58 413815739 114.372368 30.64316 114.372372 30.643158 0 219.7 N/A
2016-10-17 10:17:10 413815739 114.372368 30.643155 114.372367 30.643157 0 219.7 N/A
2016-10-17 10:20:18 413815739 114.372367 30.643157 114.372368 30.643155 0 219.7 N/A
2016-10-17 10:23:22 413815739 114.372367 30.643155 114.372367 30.643157 0 219.7 N/A
2016-10-17 10:26:27 413815739 114.372367 30.643155 114.372367 30.643155 0 219.7 N/A
2016-10-17 10:27:16 413815739 114.372367 30.643153 114.372367 30.643155 0 219.7 N/A
2016-10-17 10:29:19 413815739 114.372367 30.643155 114.372367 30.643153 0 219.7 N/A
2016-10-17 10:32:09 413815739 114.372365 30.643153 114.372367 30.643155 0 219.7 N/A
2016-10-17 10:39:01 413815739 114.372363 30.643153 114.372363 30.643155 0 219.7 N/A
2016-10-17 10:44:17 413815739 114.372363 30.643153 114.372363 30.643153 0 219.7 N/A
2016-10-17 10:47:15 413815739 114.372365 30.64315 114.372363 30.643153 0 219.7 N/A
2016-10-17 10:51:03 413815739 114.372363 30.643148 114.372365 30.64315 0 219.7 N/A
2016-10-17 10:53:10 413815739 114.372365 30.643152 114.372363 30.643148 0 219.7 N/A
2016-10-17 11:02:17 413815739 114.372363 30.643152 114.372365 30.643152 0 219.7 N/A
2016-10-17 11:03:06 413815739 114.372362 30.643152 114.372363 30.643152 0 219.7 N/A
2016-10-17 11:05:23 413815739 114.372362 30.643153 114.372362 30.643152 0 219.7 N/A
2016-10-17 11:08:28 413815739 114.372362 30.643153 114.372362 30.643153 0 219.7 N/A
2016-10-17 11:09:20 413815739 114.372363 30.643152 114.372362 30.643153 0 219.7 N/A
2016-10-17 11:11:07 413815739 114.372363 30.643157 114.372363 30.643152 0 219.7 N/A
2016-10-17 11:27:01 413815739 114.372358 30.643162 114.372358 30.643163 0 219.7 N/A
2016-10-17 11:29:11 413815739 114.372363 30.643165 114.372358 30.643162 0 219.7 N/A
2016-10-17 11:32:11 413815739 114.372355 30.643165 114.372363 30.643165 0 219.7 N/A
2016-10-17 11:33:29 413815739 114.372358 30.643168 114.372355 30.643165 0 219.7 N/A
2016-10-17 11:35:09 413815739 114.372355 30.643162 114.372358 30.643168 0 219.7 N/A
2016-10-17 11:38:06 413815739 114.37236 30.643167 114.372355 30.643162 0 219.7 N/A
2016-10-17 11:41:05 413815739 114.372355 30.643165 114.37236 30.643167 0 219.7 N/A
2016-10-17 11:50:11 413815739 114.372358 30.643173 114.372358 30.643167 0 219.7 N/A
2016-10-17 11:51:05 413815739 114.372358 30.643172 114.372358 30.643173 0 219.7 N/A
2016-10-17 11:56:36 413815739 114.372363 30.643177 114.372358 30.643172 0 219.7 N/A
2016-10-17 12:03:08 413815739 114.372362 30.64317 114.372363 30.64317 0 219.7 N/A
2016-10-17 12:05:26 413815739 114.372363 30.64317 114.372362 30.64317 0 219.7 N/A
2016-10-17 12:09:05 413815739 114.372363 30.64317 114.372363 30.64317 0 219.7 N/A
2016-10-17 12:14:11 413815739 114.372362 30.643172 114.372363 30.64317 0 219.7 N/A
2016-10-17 12:17:32 413815739 114.372362 30.643172 114.372362 30.643172 0 219.7 N/A
2016-10-17 12:20:16 413815739 114.372363 30.64317 114.372362 30.643172 0 219.7 N/A
2016-10-17 12:21:20 413815739 114.372365 30.643173 114.372363 30.64317 0 219.7 N/A
2016-10-17 12:23:31 413815739 114.37236 30.643173 114.372365 30.643173 0 219.7 N/A
2016-10-17 12:33:28 413815739 114.372362 30.643175 114.372362 30.643173 0 219.7 N/A
2016-10-17 12:45:28 413815739 114.372363 30.643177 114.372365 30.643172 0 219.7 N/A
2016-10-17 12:56:27 413815739 114.37237 30.643177 114.37237 30.643175 0 219.7 N/A
2016-10-17 12:59:18 413815739 114.37237 30.643182 114.37237 30.643177 0 219.7 N/A
2016-10-17 13:02:31 413815739 114.372367 30.643177 114.37237 30.643182 0 219.7 N/A
2016-10-17 13:15:22 413815739 114.372367 30.643187 114.372362 30.643185 0 219.7 N/A
2016-10-17 13:23:18 413815739 114.372367 30.643187 114.37236 30.643188 0 219.7 N/A
2016-10-17 13:26:27 413815739 114.37236 30.643187 114.372367 30.643187 0 219.7 N/A
2016-10-17 13:35:23 413815739 114.37236 30.643187 114.372355 30.643188 0 219.7 N/A
2016-10-17 13:38:36 413815739 114.37236 30.643187 114.37236 30.643187 0 219.7 N/A
2016-10-17 13:39:31 413815739 114.372362 30.643188 114.37236 30.643187 0 219.7 N/A
2016-10-17 13:41:16 413815739 114.372357 30.643187 114.372362 30.643188 0 219.7 N/A
2016-10-17 13:59:30 413815739 114.372368 30.643193 114.372362 30.643193 0 219.7 N/A
2016-10-17 14:02:17 413815739 114.372367 30.643193 114.372368 30.643193 0 219.7 N/A
2016-10-17 14:03:37 413815739 114.372373 30.643192 114.372367 30.643193 0 219.7 N/A
2016-10-17 14:05:27 413815739 114.372365 30.643195 114.372373 30.643192 0 219.7 N/A
2016-10-17 14:08:30 413815739 114.372365 30.643198 114.372365 30.643195 0 219.7 N/A
2016-10-17 14:11:21 413815739 114.372365 30.643195 114.372365 30.643198 0 219.7 N/A
2016-10-17 14:14:41 413815739 114.372367 30.6432 114.372365 30.643195 0 219.7 N/A
2016-10-17 14:15:36 413815739 114.372372 30.643197 114.372367 30.6432 0 219.7 N/A
2016-10-17 14:27:17 413815739 114.37238 30.643195 114.372378 30.643192 0 219.7 N/A
2016-10-17 14:29:30 413815739 114.37238 30.643193 114.37238 30.643195 0 219.7 N/A
2016-10-17 14:32:17 413815739 114.372378 30.64319 114.37238 30.643193 0 219.7 N/A
2016-10-17 14:35:38 413815739 114.37238 30.643187 114.372378 30.64319 0 219.7 N/A
2016-10-17 14:38:44 413815739 114.372382 30.643188 114.37238 30.643187 0 219.7 N/A
2016-10-17 14:39:40 413815739 114.372378 30.643185 114.372382 30.643188 0 219.7 N/A
2016-10-17 14:45:15 413815739 114.37238 30.643182 114.37238 30.643183 0 219.7 N/A
2016-10-17 14:47:42 413815739 114.37238 30.643182 114.37238 30.643182 0 219.7 N/A
2016-10-17 14:50:40 413815739 114.37238 30.64318 114.37238 30.643182 0 219.7 N/A
2016-10-17 14:53:40 413815739 114.37238 30.64318 114.37238 30.64318 0 219.7 N/A
2016-10-17 14:57:45 413815739 114.372378 30.643178 114.37238 30.64318 0 219.7 N/A
2016-10-17 15:05:37 413815739 114.372378 30.643175 114.37238 30.643177 0 219.7 N/A
2016-10-17 15:09:39 413815739 114.372378 30.643172 114.372378 30.643175 0 219.7 N/A
2016-10-17 15:11:46 413815739 114.372378 30.643172 114.372378 30.643172 0 219.7 N/A
2016-10-17 15:15:22 413815739 114.372375 30.64317 114.372378 30.643172 0 219.7 N/A
2016-10-17 15:32:35 413815739 114.372372 30.643172 114.372375 30.643175 0 219.7 N/A
2016-10-17 15:38:48 413815739 114.372367 30.643177 114.372372 30.643172 0 219.7 N/A
2016-10-17 15:41:49 413815739 114.372363 30.643177 114.372367 30.643177 0 219.7 N/A
2016-10-17 15:51:40 413815739 114.372362 30.64318 114.372362 30.643178 0 219.7 N/A
2016-10-17 15:53:46 413815739 114.372363 30.643178 114.372362 30.64318 0 219.7 N/A
2016-10-17 16:03:49 413815739 114.372362 30.643182 114.37236 30.643187 0 219.7 N/A
2016-10-17 16:17:50 413815739 114.372363 30.643178 114.372362 30.643178 0 219.7 N/A
2016-10-17 16:29:56 413815739 114.372367 30.643173 114.372365 30.643177 0 219.7 N/A
2016-10-17 16:32:40 413815739 114.372368 30.643172 114.372367 30.643173 0 219.7 N/A
2016-10-17 16:35:27 413815739 114.372367 30.64317 114.372368 30.643172 0 219.7 N/A
2016-10-17 16:39:47 413815739 114.372368 30.643168 114.372367 30.64317 0 219.7 N/A
2016-10-17 16:41:53 413815739 114.372365 30.64317 114.372368 30.643168 0 219.7 N/A
2016-10-17 16:45:45 413815739 114.372362 30.643168 114.372365 30.64317 0 219.7 N/A
2016-10-17 16:50:25 413815739 114.372362 30.643168 114.372362 30.643168 0 219.7 N/A
2016-10-17 16:51:22 413815739 114.37236 30.643168 114.372362 30.643168 0 219.7 N/A
2016-10-17 16:53:46 413815739 114.37236 30.643168 114.37236 30.643168 0 219.7 N/A
2016-10-17 17:05:50 413815739 114.372358 30.643168 114.372358 30.643168 0 219.7 N/A
2016-10-17 17:09:41 413815739 114.37236 30.643165 114.372358 30.643168 0 219.7 N/A
2016-10-17 17:11:38 413815739 114.372363 30.643168 114.37236 30.643165 0 219.7 N/A
2016-10-17 17:15:51 413815739 114.372362 30.643167 114.372363 30.643168 0 219.7 N/A
2016-10-17 17:17:40 413815739 114.372362 30.643168 114.372362 30.643167 0 219.7 N/A
2016-10-17 17:21:56 413815739 114.372362 30.643172 114.372362 30.643168 0 219.7 N/A
2016-10-17 17:23:47 413815739 114.372362 30.643168 114.372362 30.643172 0 219.7 N/A
2016-10-17 17:27:53 413815739 114.372363 30.643173 114.372362 30.643168 0 219.7 N/A
2016-10-17 17:29:43 413815739 114.372363 30.643172 114.372363 30.643173 0 219.7 N/A
2016-10-17 17:44:53 413815739 114.372367 30.643178 114.372368 30.643173 0 219.7 N/A
2016-10-17 17:47:49 413815739 114.372368 30.64318 114.372367 30.643178 0 219.7 N/A
2016-10-17 17:50:41 413815739 114.372367 30.643182 114.372368 30.64318 0 219.7 N/A
2016-10-17 17:51:35 413815739 114.372365 30.643182 114.372367 30.643182 0 219.7 N/A
2016-10-17 17:53:40 413815739 114.372367 30.64318 114.372365 30.643182 0 219.7 N/A
2016-10-17 18:02:37 413815739 114.372362 30.64318 114.372365 30.643182 0 219.7 N/A
2016-10-17 18:03:44 413815739 114.372363 30.64318 114.372362 30.64318 0 219.7 N/A
2016-10-17 18:15:57 413815739 114.372358 30.643183 114.37236 30.643178 0 219.7 N/A
2016-10-17 18:26:50 413815739 114.372355 30.64318 114.372355 30.643182 0 219.7 N/A
2016-10-17 18:29:39 413815739 114.372353 30.643178 114.372355 30.64318 0 219.7 N/A
2016-10-17 18:45:38 413815739 114.372353 30.643172 114.372347 30.643175 0 219.7 N/A
2016-10-17 18:47:46 413815739 114.37235 30.643172 114.372353 30.643172 0 219.7 N/A
2016-10-17 18:51:47 413815739 114.37235 30.643172 114.37235 30.643172 0 219.7 N/A
2016-10-17 18:53:45 413815739 114.372355 30.64317 114.37235 30.643172 0 219.7 N/A
2016-10-17 19:14:49 413815739 114.37235 30.643167 114.37235 30.643168 0 219.7 N/A
2016-10-17 19:15:48 413815739 114.372347 30.643168 114.37235 30.643167 0 219.7 N/A
2016-10-17 19:17:57 413815739 114.372348 30.643168 114.372347 30.643168 0 219.7 N/A
2016-10-17 19:20:48 413815739 114.37235 30.643167 114.372348 30.643168 0 219.7 N/A
2016-10-17 19:21:50 413815739 114.372348 30.643165 114.37235 30.643167 0 219.7 N/A
2016-10-17 19:26:42 413815739 114.372352 30.643162 114.372348 30.643165 0 219.7 N/A
2016-10-17 19:35:45 413815739 114.37235 30.64316 114.372342 30.643163 0 219.7 N/A
2016-10-17 19:38:49 413815739 114.372352 30.643162 114.37235 30.64316 0 219.7 N/A
2016-10-17 19:39:42 413815739 114.372355 30.643158 114.372352 30.643162 0 268.8 N/A
2016-10-17 19:41:40 413815739 114.372348 30.643158 114.372355 30.643158 0 277.5 N/A
2016-10-17 19:52:01 413815739 114.372353 30.64316 114.372353 30.64316 0 135 N/A
