2016-10-25 0:00:43 413801604 114.415833 30.662597 114.413027 30.661637 6.3 69.5 N/A
2016-10-25 0:02:40 413801604 114.41895 30.663662 114.415833 30.662597 6.2 69.1 N/A
2016-10-25 0:04:10 413801604 114.422055 30.664647 114.41895 30.663662 6.1 68.7 N/A
2016-10-25 0:04:34 413801604 115.25067 30.66485 114.422055 30.664647 6.1 69.7 N/A
2016-10-25 0:04:51 413801604 114.423602 30.665147 115.25067 30.66485 6.2 69.6 N/A
2016-10-25 0:08:31 413801604 114.430222 30.66762 114.423602 30.665147 6.1 68.5 N/A
2016-10-25 0:08:59 413801604 114.430832 30.667827 114.430222 30.66762 6.1 69.2 N/A
2016-10-25 0:09:21 413801604 114.431747 30.668125 114.430832 30.667827 6.1 69.2 N/A
2016-10-25 0:10:21 413801604 114.432967 30.66853 114.431747 30.668125 6.1 68.7 N/A
2016-10-25 0:10:45 413801604 114.434193 30.668947 114.432967 30.66853 6.1 69.3 N/A
2016-10-25 0:11:07 413801604 114.43481 30.669137 114.434193 30.668947 6.1 70.9 N/A
2016-10-25 0:12:05 413801604 114.436668 30.66973 114.43481 30.669137 6.1 69.2 N/A
2016-10-25 0:12:28 413801604 114.437278 30.669928 114.436668 30.66973 6.1 69.9 N/A
2016-10-25 0:13:02 413801604 114.438507 30.670328 114.437278 30.669928 6.1 69.4 N/A
2016-10-25 0:13:30 413801604 114.439123 30.670533 114.438507 30.670328 6.1 69.8 N/A
2016-10-25 0:14:26 413801604 114.440978 30.671118 114.439123 30.670533 6.1 69.8 N/A
2016-10-25 0:16:23 413801604 114.44438 30.672238 114.440978 30.671118 6.3 69.1 N/A
2016-10-25 0:18:20 413801604 114.447903 30.673382 114.44438 30.672238 6.3 66.7 N/A
2016-10-25 0:18:55 413801604 114.44942 30.673993 114.447903 30.673382 6.2 64.2 N/A
2016-10-25 0:20:32 413801604 114.451782 30.674968 114.44942 30.673993 6.1 65.5 N/A
2016-10-25 0:21:32 413801604 114.453873 30.67578 114.451782 30.674968 6.1 65.5 N/A
2016-10-25 0:23:13 413801604 114.45654 30.676817 114.453873 30.67578 6 65.5 N/A
2016-10-25 8:35:29 413801604 114.42926 30.66627 114.430507 30.666097 5.9 280.1 N/A
2016-10-25 8:49:09 413801604 114.405833 30.660722 114.415287 30.664183 5.5 249.5 N/A
2016-10-25 8:50:12 413801604 114.404715 30.660402 114.405833 30.660722 5.5 251.5 N/A
2016-10-25 8:51:22 413801604 114.401978 30.659518 114.404715 30.660402 5.4 247.8 N/A
2016-10-25 8:52:43 413801604 114.40005 30.658938 114.401978 30.659518 5.4 253.3 N/A
2016-10-25 8:54:34 413801604 114.397305 30.658152 114.40005 30.658938 5.4 246.9 N/A
2016-10-25 8:56:19 413801604 114.394478 30.657427 114.397305 30.658152 5.7 258.4 N/A
2016-10-25 8:57:25 413801604 114.391547 30.6567 114.394478 30.657427 5.7 252.3 N/A
2016-10-25 8:59:12 413801604 114.388968 30.655907 114.391547 30.6567 5.6 248.8 N/A
2016-10-25 9:01:32 413801604 114.385055 30.654463 114.388968 30.655907 5.7 246 N/A
2016-10-25 9:02:24 413801604 114.383343 30.653818 114.385055 30.654463 5.8 244.9 N/A
2016-10-25 9:03:33 413801604 114.381372 30.652955 114.383343 30.653818 6 240.4 N/A
2016-10-25 9:05:10 413801604 114.37854 30.651577 114.381372 30.652955 6.1 239.1 N/A
2016-10-25 9:05:42 413801604 114.377423 30.650998 114.37854 30.651577 6.1 238.3 N/A
2016-10-25 9:07:23 413801604 114.375158 30.649842 114.377423 30.650998 6.1 240.6 N/A
2016-10-25 9:08:01 413801604 114.373722 30.649162 114.375158 30.649842 6.1 241.8 N/A
2016-10-25 9:09:03 413801604 114.372297 30.64846 114.373722 30.649162 6.1 241.2 N/A
2016-10-25 9:09:54 413801604 114.370863 30.64776 114.372297 30.64846 6.2 241.9 N/A
2016-10-25 9:10:32 413801604 114.36938 30.647087 114.370863 30.64776 6.3 239.2 N/A
2016-10-25 9:11:34 413801604 114.367665 30.646138 114.36938 30.647087 6.4 238.2 N/A
2016-10-25 9:13:30 413801604 114.364395 30.644078 114.367665 30.646138 6.2 231.3 N/A
2016-10-25 9:14:42 413801604 114.362585 30.642858 114.364395 30.644078 6.1 231.7 N/A
2016-10-25 9:15:42 413801604 114.361043 30.641777 114.362585 30.642858 6.1 230.4 N/A
2016-10-25 9:18:40 413801604 114.357087 30.638392 114.361043 30.641777 6 221 N/A
2016-10-25 9:19:19 413801604 114.356245 30.637562 114.357087 30.638392 5.9 220.8 N/A
2016-10-25 9:20:22 413801604 114.355017 30.636293 114.356245 30.637562 5.8 217.6 N/A
2016-10-25 9:23:04 413801604 114.351255 30.632985 114.355017 30.636293 5.6 225 N/A
2016-10-25 9:24:06 413801604 114.3502 30.632075 114.351255 30.632985 5.6 225.5 N/A
2016-10-25 9:24:51 413801604 114.34912 30.631187 114.3502 30.632075 5.5 228.8 N/A
2016-10-25 9:25:28 413801604 114.348217 30.63052 114.34912 30.631187 5.5 230.4 N/A
2016-10-25 9:26:52 413801604 114.34634 30.629257 114.348217 30.63052 5.5 232.4 N/A
2016-10-25 9:27:27 413801604 114.345617 30.62879 114.34634 30.629257 5.6 234.2 N/A
2016-10-25 9:27:58 413801604 114.344883 30.62832 114.345617 30.62879 5.6 231.1 N/A
2016-10-25 9:29:32 413801604 114.342835 30.626807 114.344883 30.62832 5.6 225.9 N/A
2016-10-25 9:30:43 413801604 114.341175 30.625297 114.342835 30.626807 5.6 222.6 N/A
2016-10-25 9:31:27 413801604 114.340135 30.62436 114.341175 30.625297 5.6 227.2 N/A
2016-10-25 9:32:27 413801604 114.33902 30.623497 114.340135 30.62436 5.5 230.3 N/A
2016-10-25 9:33:00 413801604 114.338065 30.622883 114.33902 30.623497 5.5 235.6 N/A
2016-10-25 9:33:29 413801604 114.33733 30.622458 114.338065 30.622883 5.5 236.2 N/A
2016-10-25 9:33:56 413801604 114.336577 30.622022 114.33733 30.622458 5.6 235 N/A
2016-10-25 9:34:48 413801604 114.335853 30.621567 114.336577 30.622022 5.6 233.1 N/A
2016-10-25 9:35:27 413801604 114.334427 30.62064 114.335853 30.621567 5.6 234.3 N/A
2016-10-25 9:36:00 413801604 114.333705 30.620172 114.334427 30.62064 5.6 234.6 N/A
2016-10-25 9:37:45 413801604 114.331378 30.618483 114.333705 30.620172 5.6 224.7 N/A
2016-10-25 9:38:20 413801604 114.330505 30.617735 114.331378 30.618483 5.7 224 N/A
2016-10-25 9:38:49 413801604 114.329885 30.617145 114.330505 30.617735 5.7 222 N/A
2016-10-25 9:39:22 413801604 114.329268 30.61655 114.329885 30.617145 5.8 220.7 N/A
2016-10-25 9:40:15 413801604 114.328068 30.61531 114.329268 30.61655 5.9 220.6 N/A
2016-10-25 9:40:52 413801604 114.327443 30.614687 114.328068 30.61531 5.9 220.8 N/A
2016-10-25 9:41:23 413801604 114.326607 30.613872 114.327443 30.614687 5.9 220.1 N/A
2016-10-25 9:41:52 413801604 114.325987 30.613243 114.326607 30.613872 5.9 219.9 N/A
2016-10-25 9:42:54 413801604 114.324967 30.612155 114.325987 30.613243 6 218.9 N/A
2016-10-25 9:43:34 413801604 114.3242 30.61126 114.324967 30.612155 6 215 N/A
2016-10-25 9:44:13 413801604 114.323623 30.61059 114.3242 30.61126 6 217.3 N/A
2016-10-25 9:44:49 413801604 114.322633 30.609455 114.323623 30.61059 6.2 216.5 N/A
2016-10-25 9:45:52 413801604 114.321552 30.608015 114.322633 30.609455 6.1 212.2 N/A
2016-10-25 9:46:39 413801604 114.320847 30.607077 114.321552 30.608015 5.9 216 N/A
2016-10-25 9:47:53 413801604 114.319203 30.605393 114.320847 30.607077 6.2 224.9 N/A
2016-10-25 9:49:01 413801604 114.317847 30.604195 114.319203 30.605393 6 222.7 N/A
2016-10-25 9:49:41 413801604 114.316983 30.60336 114.317847 30.604195 6 221.2 N/A
2016-10-25 9:50:20 413801604 114.316327 30.602738 114.316983 30.60336 5.9 222.6 N/A
2016-10-25 9:50:55 413801604 114.315238 30.60175 114.316327 30.602738 5.9 224.7 N/A
2016-10-25 9:51:54 413801604 114.314377 30.600967 114.315238 30.60175 5.8 220.3 N/A
2016-10-25 9:53:16 413801604 114.312528 30.598758 114.314377 30.600967 5.9 211.7 N/A
2016-10-25 9:53:55 413801604 114.311858 30.597817 114.312528 30.598758 6 213.2 N/A
2016-10-25 9:54:55 413801604 114.31087 30.596422 114.311858 30.597817 6 210.4 N/A
2016-10-25 9:56:07 413801604 114.309807 30.594693 114.31087 30.596422 5.9 204 N/A
2016-10-25 9:56:37 413801604 114.309363 30.593977 114.309807 30.594693 5.9 211.2 N/A
2016-10-25 9:57:31 413801604 114.308373 30.592572 114.309363 30.593977 5.8 210.1 N/A
2016-10-25 9:58:11 413801604 114.307772 30.591627 114.308373 30.592572 5.8 208 N/A
2016-10-25 9:59:09 413801604 114.306907 30.590205 114.307772 30.591627 5.7 205.3 N/A
2016-10-25 10:00:02 413801604 114.306163 30.589055 114.306907 30.590205 5.7 214.2 N/A
2016-10-25 10:00:40 413801604 114.305612 30.588427 114.306163 30.589055 5.8 219.3 N/A
2016-10-25 10:01:16 413801604 114.304808 30.587592 114.305612 30.588427 5.8 217.4 N/A
2016-10-25 10:02:49 413801604 114.303062 30.585658 114.304808 30.587592 6 218.1 N/A
2016-10-25 10:03:31 413801604 114.302257 30.58478 114.303062 30.585658 6.1 218.8 N/A
2016-10-25 10:04:35 413801604 114.300738 30.582925 114.302257 30.58478 6.1 213.9 N/A
2016-10-25 10:05:19 413801604 114.299982 30.582013 114.300738 30.582925 6.1 216.6 N/A
2016-10-25 10:05:55 413801604 114.299288 30.58108 114.299982 30.582013 5.9 212.7 N/A
2016-10-25 10:06:25 413801604 114.298775 30.580397 114.299288 30.58108 5.9 213.9 N/A
2016-10-25 10:06:58 413801604 114.29822 30.579717 114.298775 30.580397 6 215.4 N/A
2016-10-25 10:08:08 413801604 114.297502 30.57878 114.29822 30.579717 6.1 213.8 N/A
2016-10-25 10:08:52 413801604 114.29626 30.57721 114.297502 30.57878 5.8 217.9 N/A
2016-10-25 10:09:26 413801604 114.295488 30.576348 114.29626 30.57721 5.9 216 N/A
2016-10-25 10:09:59 413801604 114.294915 30.57565 114.295488 30.576348 6 215.3 N/A
2016-10-25 10:11:40 413801604 114.2931 30.573298 114.294915 30.57565 6.1 209.6 N/A
2016-10-25 10:12:12 413801604 114.292397 30.572332 114.2931 30.573298 6.2 213 N/A
2016-10-25 10:13:41 413801604 114.291657 30.571363 114.292397 30.572332 6.3 212.8 N/A
