2016-10-22 0:02:28 413829819 114.54342 30.670773 114.54339 30.670767 0.1 285 285
2016-10-22 0:06:27 413829819 114.54337 30.670773 114.54342 30.670773 0.1 277.2 277
2016-10-22 0:10:36 413829819 114.543385 30.670785 114.54337 30.670773 0.1 65.1 65
2016-10-22 0:14:36 413829819 114.543422 30.670795 114.543385 30.670785 0 28.2 28
2016-10-22 0:18:41 413829819 114.54341 30.670793 114.543422 30.670795 0.1 356.4 356
2016-10-22 0:22:33 413829819 114.5434 30.670817 114.54341 30.670793 0 135.1 135
2016-10-22 0:22:48 413829819 114.5434 30.670817 114.5434 30.670817 0 135.1 135
2016-10-22 0:26:41 413829819 114.543432 30.670808 114.5434 30.670817 0.1 176.4 176
2016-10-22 0:30:48 413829819 114.54343 30.670785 114.543432 30.670808 0 237.3 237
2016-10-22 0:47:07 413829819 114.54364 30.669005 114.54364 30.669005 1.6 157.4 157
2016-10-22 1:14:21 413829819 114.545558 30.666802 114.545537 30.666865 0.1 157.8 157
2016-10-22 1:17:38 413829819 114.545548 30.666798 114.545558 30.666802 0 70 70
2016-10-22 1:21:42 413829819 114.545548 30.666822 114.545548 30.666798 0.1 63.3 63
2016-10-22 1:25:42 413829819 114.545538 30.666835 114.545548 30.666822 0.1 206.5 206
2016-10-22 1:29:53 413829819 114.545538 30.666828 114.545538 30.666835 0 67.2 67
2016-10-22 1:30:48 413829819 114.545537 30.666827 114.545538 30.666828 0.1 5 5
2016-10-22 1:34:32 413829819 114.545557 30.666875 114.545537 30.666827 0 161.2 161
2016-10-22 1:37:33 413829819 114.545547 30.666858 114.545557 30.666875 0.1 77.9 77
2016-10-22 1:41:50 413829819 114.545583 30.666835 114.545547 30.666858 0 59.5 59
2016-10-22 1:45:49 413829819 114.545552 30.666833 114.545583 30.666835 0.1 242.7 242
2016-10-22 1:49:47 413829819 114.545552 30.666833 114.545552 30.666833 0.1 242.7 242
2016-10-22 1:53:51 413829819 114.545532 30.666837 114.545552 30.666833 0 298.8 298
2016-10-22 1:57:55 413829819 114.545532 30.666837 114.545532 30.666837 0.1 342.7 342
2016-10-22 2:01:59 413829819 114.545528 30.666837 114.545532 30.666837 0.1 275.1 275
2016-10-22 2:05:53 413829819 114.545545 30.666843 114.545528 30.666837 0 145 145
2016-10-22 2:06:12 413829819 114.545545 30.666843 114.545545 30.666843 0 145 145
2016-10-22 2:10:11 413829819 114.545545 30.66686 114.545545 30.666843 0.1 289.6 289
2016-10-22 2:14:09 413829819 114.545533 30.666837 114.545545 30.66686 0.1 282.4 282
2016-10-22 2:18:09 413829819 114.545528 30.666838 114.545533 30.666837 0 93 93
2016-10-22 2:22:12 413829819 114.545533 30.666858 114.545528 30.666838 0.1 104 104
2016-10-22 2:26:14 413829819 114.545512 30.666872 114.545533 30.666858 0.2 114.2 114
2016-10-22 2:30:17 413829819 114.545498 30.66687 114.545512 30.666872 0 238.4 238
2016-10-22 2:34:31 413829819 114.545523 30.666853 114.545498 30.66687 0 30.9 30
2016-10-22 2:38:24 413829819 114.545515 30.666857 114.545523 30.666853 0.1 334.6 334
2016-10-22 2:42:35 413829819 114.545528 30.666842 114.545515 30.666857 0.1 148.6 148
2016-10-22 2:46:25 413829819 114.545515 30.666837 114.545528 30.666842 0.1 327.7 327
2016-10-22 2:46:47 413829819 114.545515 30.666837 114.545515 30.666837 0.1 327.7 327
2016-10-22 2:50:34 413829819 114.545505 30.666822 114.545515 30.666837 0 353.5 353
2016-10-22 2:54:44 413829819 114.545533 30.666812 114.545505 30.666822 0.1 161.1 161
2016-10-22 2:58:54 413829819 114.545522 30.666837 114.545533 30.666812 0 135.1 135
2016-10-22 3:02:49 413829819 114.545557 30.66682 114.545522 30.666837 0 35.1 35
2016-10-22 3:06:56 413829819 114.545535 30.666847 114.545557 30.66682 0.1 121.5 121
2016-10-22 3:10:51 413829819 114.545527 30.666857 114.545535 30.666847 0.1 326 326
2016-10-22 3:15:01 413829819 114.545547 30.666872 114.545527 30.666857 0 203.4 203
2016-10-22 3:19:05 413829819 114.545545 30.666832 114.545547 30.666872 0 16.3 16
2016-10-22 3:23:01 413829819 114.545585 30.666817 114.545545 30.666832 0.1 303.8 303
2016-10-22 3:27:03 413829819 114.545585 30.666817 114.545585 30.666817 0.1 303.8 303
2016-10-22 3:35:21 413829819 114.545528 30.666845 114.545545 30.666838 0 8 8
2016-10-22 3:37:40 413829819 114.545528 30.666855 114.545528 30.666845 0 177.5 177
2016-10-22 3:41:30 413829819 114.545545 30.666818 114.545528 30.666855 0.1 173.2 173
2016-10-22 3:45:40 413829819 114.545543 30.66682 114.545545 30.666818 0 134.2 134
2016-10-22 3:49:46 413829819 114.545512 30.666848 114.545543 30.66682 0 233.8 233
2016-10-22 3:53:47 413829819 114.545523 30.666855 114.545512 30.666848 0 239.5 239
2016-10-22 3:57:50 413829819 114.545528 30.666847 114.545523 30.666855 0 169.8 169
2016-10-22 4:01:45 413829819 114.545498 30.66684 114.545528 30.666847 0.1 296.3 296
2016-10-22 4:05:46 413829819 114.545505 30.66683 114.545498 30.66684 0.1 222.2 222
2016-10-22 4:06:11 413829819 114.545505 30.66683 114.545505 30.66683 0.1 222.2 222
2016-10-22 4:09:59 413829819 114.545527 30.66684 114.545505 30.66683 0.1 101.9 101
2016-10-22 4:14:09 413829819 114.545525 30.666848 114.545527 30.66684 0 220.3 220
2016-10-22 4:18:04 413829819 114.545518 30.666843 114.545525 30.666848 0 273.4 273
2016-10-22 4:22:13 413829819 114.545535 30.66683 114.545518 30.666843 0 13.9 13
2016-10-22 4:33:32 413829819 114.545522 30.666832 114.545538 30.66685 0 287.1 287
2016-10-22 4:37:41 413829819 114.54553 30.666863 114.545522 30.666832 0 87.8 87
2016-10-22 4:41:44 413829819 114.54551 30.666848 114.54553 30.666863 0 143.3 143
2016-10-22 4:45:46 413829819 114.545495 30.66682 114.54551 30.666848 0 139.3 139
2016-10-22 4:49:42 413829819 114.5455 30.666817 114.545495 30.66682 0 24.8 24
2016-10-22 4:53:51 413829819 114.545492 30.666827 114.5455 30.666817 0.1 103.1 103
2016-10-22 4:57:54 413829819 114.545492 30.666827 114.545492 30.666827 0.1 103.1 103
2016-10-22 5:02:06 413829819 114.54548 30.666822 114.545492 30.666827 0.1 8 8
2016-10-22 5:06:10 413829819 114.545465 30.666833 114.54548 30.666822 0 332.3 332
2016-10-22 5:10:17 413829819 114.545472 30.666797 114.545465 30.666833 0 213.7 213
2016-10-22 5:14:14 413829819 114.545452 30.666832 114.545472 30.666797 0.1 52.1 52
2016-10-22 5:15:04 413829819 114.545452 30.666832 114.545452 30.666832 0.1 52.1 52
2016-10-22 5:19:04 413829819 114.545462 30.666777 114.545452 30.666832 0 352.8 352
2016-10-22 5:23:21 413829819 114.545513 30.666753 114.545462 30.666777 0.1 78 78
2016-10-22 5:27:18 413829819 114.545528 30.666785 114.545513 30.666753 0 110.2 110
2016-10-22 5:28:16 413829819 114.545515 30.666783 114.545528 30.666785 0.1 167.1 167
2016-10-22 5:36:38 413829819 114.545525 30.666822 114.54552 30.666812 0 131.4 131
2016-10-22 5:40:51 413829819 114.545543 30.66688 114.545525 30.666822 0.1 255.5 255
2016-10-22 5:44:44 413829819 114.545527 30.666818 114.545543 30.66688 0.1 225.2 225
2016-10-22 5:48:44 413829819 114.545533 30.666888 114.545527 30.666818 0.2 14.5 14
2016-10-22 5:52:55 413829819 114.545527 30.666873 114.545533 30.666888 0 60 60
2016-10-22 5:56:57 413829819 114.545543 30.666843 114.545527 30.666873 0.2 56.6 56
2016-10-22 6:01:02 413829819 114.545553 30.666838 114.545543 30.666843 0 258.6 258
2016-10-22 6:05:03 413829819 114.545547 30.666902 114.545553 30.666838 0.4 176.2 176
2016-10-22 6:09:18 413829819 114.545532 30.666865 114.545547 30.666902 0.2 192.1 192
2016-10-22 6:13:22 413829819 114.54557 30.666838 114.545532 30.666865 0.1 308.1 308
2016-10-22 6:17:14 413829819 114.545543 30.666827 114.54557 30.666838 0.1 127.3 127
2016-10-22 6:21:20 413829819 114.545393 30.666842 114.545543 30.666827 0.5 298.9 298
2016-10-22 6:24:42 413829819 114.543885 30.667902 114.545393 30.666842 2.3 311.3 311
2016-10-22 6:26:53 413829819 114.543003 30.66885 114.543885 30.667902 2.2 331.7 331
2016-10-22 6:28:17 413829819 114.542587 30.669688 114.543003 30.66885 2.2 339.2 339
2016-10-22 6:30:45 413829819 114.54216 30.671205 114.542587 30.669688 2.2 342.7 342
2016-10-22 6:43:38 413829819 114.542063 30.672543 114.54202 30.672545 0.1 75 75
2016-10-22 6:47:46 413829819 114.542038 30.672533 114.542063 30.672543 0 169.1 169
2016-10-22 6:51:31 413829819 114.542038 30.672533 114.542038 30.672533 0 169.1 169
2016-10-22 6:55:55 413829819 114.542043 30.672538 114.542038 30.672533 0 7 7
2016-10-22 6:59:58 413829819 114.541837 30.672572 114.542043 30.672538 0.5 286.1 286
2016-10-22 7:03:49 413829819 114.541067 30.671763 114.541837 30.672572 2.6 168.7 168
2016-10-22 7:05:47 413829819 114.541767 30.670057 114.541067 30.671763 3.7 160.5 160
2016-10-22 7:06:44 413829819 114.54225 30.668963 114.541767 30.670057 4.6 158.7 158
2016-10-22 7:07:26 413829819 114.542545 30.668307 114.54225 30.668963 4.9 159.4 159
2016-10-22 7:08:00 413829819 114.542797 30.66762 114.542545 30.668307 5.1 163.1 163
2016-10-22 7:08:46 413829819 114.543217 30.66611 114.542797 30.66762 6 168.4 168
2016-10-22 7:09:51 413829819 114.543672 30.664385 114.543217 30.66611 6.4 165.8 165
2016-10-22 7:10:10 413829819 114.543953 30.663547 114.543672 30.664385 6.5 163.7 163
2016-10-22 7:10:56 413829819 114.544283 30.662653 114.543953 30.663547 6.7 162.1 162
2016-10-22 7:11:17 413829819 114.544647 30.661708 114.544283 30.662653 7 161.3 161
2016-10-22 7:11:55 413829819 114.544647 30.661708 114.544647 30.661708 7 161.3 161
2016-10-22 7:12:21 413829819 114.545658 30.65954 114.544647 30.661708 7.3 156.2 156
2016-10-22 7:13:07 413829819 114.546158 30.658615 114.545658 30.65954 7.4 154.7 154
2016-10-22 7:13:53 413829819 114.547203 30.656823 114.546158 30.658615 7.4 152.9 152
2016-10-22 7:15:51 413829819 114.549097 30.653782 114.547203 30.656823 7.8 151.4 151
2016-10-22 7:16:12 413829819 114.5497 30.652813 114.549097 30.653782 7.9 151.8 151
2016-10-22 7:18:12 413829819 114.55197 30.6491 114.5497 30.652813 7.5 154 154
2016-10-22 7:20:41 413829819 114.55446 30.644195 114.55197 30.6491 7.5 159.2 159
2016-10-22 7:21:00 413829819 114.554863 30.643207 114.55446 30.644195 7.5 160.6 160
2016-10-22 7:21:49 413829819 114.55527 30.642245 114.554863 30.643207 7.4 160 160
2016-10-22 7:22:11 413829819 114.555662 30.641288 114.55527 30.642245 7.6 160.9 160
2016-10-22 7:23:20 413829819 114.556467 30.639347 114.555662 30.641288 7.5 160 160
2016-10-22 7:24:02 413829819 114.557342 30.637438 114.556467 30.639347 7.4 157.8 157
2016-10-22 7:24:56 413829819 114.557985 30.636098 114.557342 30.637438 7.5 157.9 157
2016-10-22 7:25:24 413829819 114.558437 30.635143 114.557985 30.636098 7.4 157.7 157
2016-10-22 7:27:21 413829819 114.55995 30.631173 114.558437 30.635143 7.5 165.3 165
2016-10-22 7:28:13 413829819 114.560552 30.629182 114.55995 30.631173 7.4 164.8 164
2016-10-22 7:29:22 413829819 114.561252 30.627192 114.560552 30.629182 7.4 162.2 162
2016-10-22 7:29:54 413829819 114.561608 30.62629 114.561252 30.627192 7.3 161 161
2016-10-22 7:30:19 413829819 114.561988 30.625332 114.561608 30.62629 7.3 161.5 161
2016-10-22 7:31:27 413829819 114.562725 30.623388 114.561988 30.625332 7.2 161.2 161
2016-10-22 7:32:18 413829819 114.563455 30.621467 114.562725 30.623388 7.1 162.2 162
2016-10-22 7:35:05 413829819 114.56532 30.616393 114.563455 30.621467 7 162.9 162
2016-10-22 7:35:28 413829819 114.565637 30.615523 114.56532 30.616393 7 162.7 162
2016-10-22 7:36:19 413829819 114.565973 30.614597 114.565637 30.615523 7 162.6 162
2016-10-22 7:37:34 413829819 114.566942 30.611805 114.565973 30.614597 6.9 162.9 162
2016-10-22 7:41:11 413829819 114.569263 30.605412 114.566942 30.611805 6.8 163.2 163
2016-10-22 7:41:56 413829819 114.569957 30.603582 114.569263 30.605412 6.9 161.3 161
2016-10-22 7:45:14 413829819 114.57215 30.598037 114.569957 30.603582 6.5 162.7 162
2016-10-22 7:55:15 413829819 114.579522 30.580888 114.57821 30.583342 6.6 154.3 154
2016-10-22 7:55:40 413829819 114.580017 30.580027 114.579522 30.580888 6.7 153.6 153
2016-10-22 7:56:02 413829819 114.580515 30.579183 114.580017 30.580027 6.8 152.7 152
2016-10-22 7:59:38 413829819 114.580515 30.579183 114.580515 30.579183 6.8 152.7 152
2016-10-22 8:00:55 413829819 114.586062 30.571653 114.580515 30.579183 6.8 143.7 143
2016-10-22 8:03:56 413829819 114.59018 30.567053 114.586062 30.571653 7 140.6 140
2016-10-22 8:07:57 413829819 114.596552 30.56163 114.59018 30.567053 7 128.9 128
