2016-10-21 0:00:09 413832501 114.292987 30.57182 114.29332 30.57236 4.1 209.6 1
2016-10-21 0:00:27 413832501 114.29264 30.571297 114.292987 30.57182 4.3 210.6 0
2016-10-21 0:01:08 413832501 114.292307 30.57082 114.29264 30.571297 4.3 211.4 1
2016-10-21 0:01:28 413832501 114.29196 30.57033 114.292307 30.57082 4.4 211.7 0
2016-10-21 0:02:01 413832501 114.291573 30.569767 114.29196 30.57033 4.4 210.3 1
2016-10-21 0:02:26 413832501 114.291227 30.56924 114.291573 30.569767 4.5 207.6 0
2016-10-21 0:03:01 413832501 114.29088 30.568683 114.291227 30.56924 4.5 208.2 1
2016-10-21 0:03:41 413832501 114.290493 30.568093 114.29088 30.568683 4.5 211.6 0
2016-10-21 0:04:00 413832501 114.29012 30.567603 114.290493 30.568093 4.5 214.5 1
2016-10-21 0:04:34 413832501 114.289693 30.56703 114.29012 30.567603 4.5 210.9 0
2016-10-21 0:04:58 413832501 114.289373 30.5665 114.289693 30.56703 4.5 207 1
2016-10-21 0:05:32 413832501 114.289027 30.56593 114.289373 30.5665 4.6 209.3 0
2016-10-21 0:06:12 413832501 114.288653 30.56535 114.289027 30.56593 4.6 209 1
2016-10-21 0:06:33 413832501 114.288307 30.564757 114.288653 30.56535 4.6 208 0
2016-10-21 0:07:06 413832501 114.28796 30.56419 114.288307 30.564757 4.6 205.6 1
2016-10-21 0:07:27 413832501 114.287627 30.56362 114.28796 30.56419 4.7 207 0
2016-10-21 0:08:03 413832501 114.28728 30.563053 114.287627 30.56362 4.7 207.6 1
2016-10-21 0:10:10 413832501 114.28584 30.560657 114.28728 30.563053 4.7 209.5 1
2016-10-21 0:10:28 413832501 114.285467 30.56008 114.28584 30.560657 4.7 207.8 0
2016-10-21 0:11:14 413832501 114.285107 30.559477 114.285467 30.56008 4.7 206.5 1
2016-10-21 0:11:34 413832501 114.284773 30.558883 114.285107 30.559477 4.7 204.6 0
2016-10-21 0:12:08 413832501 114.284493 30.55826 114.284773 30.558883 4.6 201.7 1
2016-10-21 0:12:34 413832501 114.284213 30.557697 114.284493 30.55826 4.6 204.7 0
2016-10-21 0:13:12 413832501 114.283853 30.557083 114.284213 30.557697 4.5 208.8 1
2016-10-21 0:13:30 413832501 114.28348 30.556513 114.283853 30.557083 4.5 210.8 1
2016-10-21 0:14:29 413832501 114.282733 30.555453 114.28348 30.556513 4.4 210.8 0
2016-10-21 0:15:13 413832501 114.282413 30.554953 114.282733 30.555453 4.3 207.4 1
2016-10-21 0:15:32 413832501 114.28208 30.554387 114.282413 30.554953 4.2 206.6 1
2016-10-21 0:16:06 413832501 114.281773 30.553843 114.28208 30.554387 4.1 205 1
2016-10-21 0:16:47 413832501 114.281773 30.553843 114.281773 30.553843 4.1 205 1
2016-10-21 0:17:27 413832501 114.280867 30.552327 114.281773 30.553843 4 205.9 0
2016-10-21 0:18:10 413832501 114.280573 30.55179 114.280867 30.552327 4 205.1 1
2016-10-21 0:18:46 413832501 114.280293 30.55129 114.280573 30.55179 4 204.8 0
2016-10-21 0:19:07 413832501 114.28004 30.550793 114.280293 30.55129 4 204.4 1
2016-10-21 0:19:27 413832501 114.27976 30.55027 114.28004 30.550793 3.9 204 0
2016-10-21 0:20:03 413832501 114.27948 30.54974 114.27976 30.55027 3.8 204.5 1
2016-10-21 0:20:44 413832501 114.279253 30.549277 114.27948 30.54974 3.8 201.5 1
2016-10-21 0:21:00 413832501 114.279013 30.548743 114.279253 30.549277 3.7 200.7 1
2016-10-21 0:21:43 413832501 114.278827 30.54827 114.279013 30.548743 3.6 198.5 1
2016-10-21 0:22:02 413832501 114.27864 30.547803 114.278827 30.54827 3.6 199 1
2016-10-21 0:22:34 413832501 114.27864 30.547803 114.27864 30.547803 3.6 199 1
2016-10-21 0:22:59 413832501 114.278373 30.546887 114.27864 30.547803 3.3 200.2 1
2016-10-21 0:23:39 413832501 114.278147 30.54647 114.278373 30.546887 3.3 207.5 0
2016-10-21 0:24:18 413832501 114.277827 30.546043 114.278147 30.54647 3.2 213.2 1
2016-10-21 0:24:35 413832501 114.277573 30.545683 114.277827 30.546043 3.2 209.7 0
2016-10-21 0:25:10 413832501 114.27732 30.545267 114.277573 30.545683 3.2 206.6 1
2016-10-21 0:25:33 413832501 114.277093 30.54488 114.27732 30.545267 3.2 204.6 0
2016-10-21 0:26:27 413832501 114.27668 30.54406 114.277093 30.54488 3.2 203.1 0
2016-10-21 0:27:06 413832501 114.276427 30.543587 114.27668 30.54406 3.1 204.1 1
2016-10-21 0:27:39 413832501 114.276253 30.543213 114.276427 30.543587 3.1 201 0
2016-10-21 0:27:58 413832501 114.276053 30.54279 114.276253 30.543213 3.1 204.6 1
2016-10-21 0:28:29 413832501 114.275827 30.542403 114.276053 30.54279 3 208.3 1
2016-10-21 0:29:04 413832501 114.275573 30.542037 114.275827 30.542403 3 212.2 1
2016-10-21 0:29:41 413832501 114.275307 30.541653 114.275573 30.542037 2.9 211.4 1
2016-10-21 0:30:23 413832501 114.275027 30.541287 114.275307 30.541653 2.9 212.6 1
2016-10-21 0:31:02 413832501 114.274587 30.540607 114.275027 30.541287 2.7 208.6 1
2016-10-21 0:31:43 413832501 114.274347 30.540247 114.274587 30.540607 2.7 208.2 1
2016-10-21 0:32:01 413832501 114.27416 30.539943 114.274347 30.540247 2.6 208.8 1
2016-10-21 0:33:07 413832501 114.273747 30.539263 114.27416 30.539943 2.5 206.4 1
2016-10-21 0:33:38 413832501 114.27356 30.538937 114.273747 30.539263 2.5 204.9 1
2016-10-21 0:33:59 413832501 114.273347 30.538597 114.27356 30.538937 2.6 212.1 1
2016-10-21 0:34:35 413832501 114.273133 30.53829 114.273347 30.538597 2.6 212 1
2016-10-21 0:35:42 413832501 114.273133 30.53829 114.273133 30.53829 2.6 212 1
2016-10-21 0:35:59 413832501 114.272413 30.537283 114.273133 30.53829 2.9 211.6 1
2016-10-21 0:36:36 413832501 114.272147 30.536917 114.272413 30.537283 2.8 211.9 1
2016-10-21 0:37:11 413832501 114.27188 30.536573 114.272147 30.536917 3 214.9 1
2016-10-21 0:37:31 413832501 114.2716 30.53624 114.27188 30.536573 3 213.6 0
2016-10-21 0:38:10 413832501 114.271333 30.53586 114.2716 30.53624 3 213.4 1
2016-10-21 0:38:40 413832501 114.271013 30.535517 114.271333 30.53586 3 222.7 1
2016-10-21 0:39:03 413832501 114.270733 30.535207 114.271013 30.535517 2.9 215.1 1
2016-10-21 0:39:40 413832501 114.270507 30.534847 114.270733 30.535207 2.7 199.2 1
2016-10-21 0:39:59 413832501 114.270373 30.534483 114.270507 30.534847 2.6 193.7 1
2016-10-21 0:40:48 413832501 114.27028 30.534073 114.270373 30.534483 2.6 193.5 1
2016-10-21 0:41:02 413832501 114.2702 30.533773 114.27028 30.534073 2.5 194.8 1
2016-10-21 0:41:42 413832501 114.2702 30.533773 114.2702 30.533773 2.5 194.8 1
2016-10-21 0:42:01 413832501 114.269947 30.53311 114.2702 30.533773 2.4 201.9 1
2016-10-21 0:43:12 413832501 114.2696 30.53245 114.269947 30.53311 2.4 208.4 1
2016-10-21 0:43:29 413832501 114.2694 30.532133 114.2696 30.53245 2.4 210.4 1
2016-10-21 0:44:05 413832501 114.2692 30.531837 114.2694 30.532133 2.5 209.4 1
2016-10-21 0:45:19 413832501 114.268813 30.531247 114.2692 30.531837 2.5 218.1 1
2016-10-21 0:45:38 413832501 114.268533 30.530973 114.268813 30.531247 2.5 222.2 1
2016-10-21 0:46:15 413832501 114.26824 30.530693 114.268533 30.530973 2.5 222.5 1
2016-10-21 0:46:41 413832501 114.26824 30.530693 114.26824 30.530693 2.5 222.5 1
2016-10-21 0:46:59 413832501 114.267733 30.53018 114.26824 30.530693 2.4 219.8 1
2016-10-21 0:47:35 413832501 114.26748 30.5299 114.267733 30.53018 2.3 218.9 1
2016-10-21 0:48:14 413832501 114.267253 30.529637 114.26748 30.5299 2.3 215.9 1
2016-10-21 0:48:47 413832501 114.267013 30.52937 114.267253 30.529637 2.2 221.2 1
2016-10-21 0:49:29 413832501 114.266507 30.52894 114.267013 30.52937 2.2 229.4 1
2016-10-21 0:50:02 413832501 114.266253 30.528737 114.266507 30.52894 2 224.5 1
2016-10-21 0:51:03 413832501 114.265813 30.528403 114.266253 30.528737 1.6 230.2 1
2016-10-21 0:52:51 413832501 114.265813 30.528403 114.265813 30.528403 1.6 230.2 1
2016-10-21 0:53:44 413832501 114.265813 30.528403 114.265813 30.528403 1.6 230.2 1
2016-10-21 0:55:16 413832501 114.26452 30.528057 114.265813 30.528403 0.5 285.7 1
2016-10-21 0:59:27 413832501 114.26452 30.528057 114.26452 30.528057 0.5 285.7 1
2016-10-21 1:01:04 413832501 114.26476 30.52881 114.26452 30.528057 0.5 17 1
2016-10-21 1:05:31 413832501 114.26476 30.52881 114.26476 30.52881 0.5 17 1
2016-10-21 1:07:01 413832501 114.264613 30.528167 114.26476 30.52881 1.8 214.9 1
2016-10-21 1:10:07 413832501 114.263387 30.5265 114.264613 30.528167 2.7 214.6 1
2016-10-21 1:10:38 413832501 114.263387 30.5265 114.263387 30.5265 2.7 214.6 1
2016-10-21 1:11:15 413832501 114.26288 30.52589 114.263387 30.5265 2.8 215.4 1
2016-10-21 1:11:33 413832501 114.26288 30.52589 114.26288 30.52589 2.8 215.4 1
2016-10-21 1:12:27 413832501 114.26208 30.52494 114.26288 30.52589 2.9 217 1
2016-10-21 1:13:42 413832501 114.26144 30.524303 114.26208 30.52494 3.2 222.3 1
2016-10-21 1:14:16 413832501 114.26104 30.523903 114.26144 30.524303 3.3 218.9 1
2016-10-21 1:14:31 413832501 114.260707 30.52354 114.26104 30.523903 3.4 217.1 1
2016-10-21 1:15:14 413832501 114.260387 30.523153 114.260707 30.52354 3.5 217 1
2016-10-21 1:16:40 413832501 114.259347 30.521987 114.260387 30.523153 3.5 219.1 1
2016-10-21 1:17:20 413832501 114.258973 30.521617 114.259347 30.521987 3.5 219.4 1
2016-10-21 1:17:38 413832501 114.258587 30.52119 114.258973 30.521617 3.5 219 1
2016-10-21 1:18:12 413832501 114.258267 30.52084 114.258587 30.52119 3.6 218.8 1
2016-10-21 1:19:12 413832501 114.25756 30.520017 114.258267 30.52084 3.6 214.7 1
2016-10-21 1:20:12 413832501 114.256973 30.519203 114.25756 30.520017 3.5 211.4 1
2016-10-21 1:20:50 413832501 114.256653 30.518777 114.256973 30.519203 3.5 213.3 1
2016-10-21 1:21:20 413832501 114.256347 30.518387 114.256653 30.518777 3.5 214.7 1
2016-10-21 1:22:34 413832501 114.256347 30.518387 114.256347 30.518387 3.5 214.7 1
2016-10-21 1:23:12 413832501 114.255227 30.516713 114.256347 30.518387 3.4 204.7 1
2016-10-21 1:23:30 413832501 114.255013 30.516293 114.255227 30.516713 3.4 202 1
2016-10-21 1:24:40 413832501 114.254587 30.515393 114.255013 30.516293 3.4 202.1 1
2016-10-21 1:25:09 413832501 114.25432 30.514923 114.254587 30.515393 3.4 207.9 1
2016-10-21 1:25:49 413832501 114.254067 30.51454 114.25432 30.514923 3.4 210.9 1
2016-10-21 1:26:07 413832501 114.25376 30.5141 114.254067 30.51454 3.4 211.4 1
2016-10-21 1:28:08 413832501 114.25272 30.512397 114.25376 30.5141 3.3 211 1
2016-10-21 1:28:44 413832501 114.252427 30.51203 114.25272 30.512397 3.3 214.6 1
2016-10-21 1:29:06 413832501 114.252107 30.51162 114.252427 30.51203 3.4 215.9 1
2016-10-21 1:29:42 413832501 114.25176 30.51118 114.252107 30.51162 3.4 213.4 1
2016-10-21 1:30:46 413832501 114.251187 30.51043 114.25176 30.51118 3.5 212.5 1
2016-10-21 1:32:35 413832501 114.249893 30.508743 114.251187 30.51043 3.6 214.6 1
2016-10-21 1:33:15 413832501 114.249533 30.5083 114.249893 30.508743 3.6 213.7 1
2016-10-21 1:33:33 413832501 114.249213 30.50789 114.249533 30.5083 3.7 214.8 1
2016-10-21 1:34:29 413832501 114.249213 30.50789 114.249213 30.50789 3.7 214.8 1
2016-10-21 1:35:01 413832501 114.24812 30.506603 114.249213 30.50789 3.8 215 1
2016-10-21 1:35:37 413832501 114.2478 30.50617 114.24812 30.506603 3.8 209.3 1
2016-10-21 1:36:13 413832501 114.247467 30.505687 114.2478 30.50617 3.8 210.8 1
2016-10-21 1:37:11 413832501 114.2468 30.5048 114.247467 30.505687 3.8 215.8 1
2016-10-21 1:38:44 413832501 114.24556 30.503483 114.2468 30.5048 3.9 214.6 1
2016-10-21 1:39:43 413832501 114.24488 30.50251 114.24556 30.503483 4 209.7 1
2016-10-21 1:40:03 413832501 114.244547 30.502067 114.24488 30.50251 4 213.1 1
2016-10-21 1:40:49 413832501 114.244107 30.50154 114.244547 30.502067 4 218.3 1
2016-10-21 1:41:04 413832501 114.243787 30.501183 114.244107 30.50154 4 216.5 1
2016-10-21 1:41:43 413832501 114.243387 30.500677 114.243787 30.501183 3.9 211.3 1
2016-10-21 1:42:21 413832501 114.243067 30.50019 114.243387 30.500677 3.8 211 1
2016-10-21 1:42:39 413832501 114.242773 30.49976 114.243067 30.50019 3.8 212.2 1
2016-10-21 1:43:36 413832501 114.242173 30.498893 114.242773 30.49976 3.5 207.5 1
2016-10-21 1:44:16 413832501 114.241893 30.498467 114.242173 30.498893 3.4 209.2 1
2016-10-21 1:44:35 413832501 114.241653 30.498063 114.241893 30.498467 3.3 207.9 1
2016-10-21 1:47:06 413832501 114.240307 30.496207 114.241653 30.498063 2.8 211.1 1
2016-10-21 1:47:41 413832501 114.240053 30.495843 114.240307 30.496207 2.7 207.9 1
2016-10-21 1:48:37 413832501 114.239693 30.495163 114.240053 30.495843 2.7 207.2 1
2016-10-21 1:49:18 413832501 114.239467 30.49482 114.239693 30.495163 2.7 210.4 1
2016-10-21 1:51:49 413832501 114.23812 30.49317 114.239467 30.49482 3 221 1
2016-10-21 1:52:08 413832501 114.237813 30.49285 114.23812 30.49317 3.1 222.6 1
2016-10-21 1:52:37 413832501 114.23748 30.492493 114.237813 30.49285 3.2 217.6 1
2016-10-21 1:53:17 413832501 114.2372 30.49216 114.23748 30.492493 3.2 216 1
2016-10-21 1:53:31 413832501 114.236907 30.49178 114.2372 30.49216 3.2 210.6 1
2016-10-21 1:54:11 413832501 114.236587 30.491333 114.236907 30.49178 3.2 211.6 1
2016-10-21 1:55:42 413832501 114.23572 30.490143 114.236587 30.491333 3.5 211.5 1
2016-10-21 1:56:38 413832501 114.235067 30.489347 114.23572 30.490143 3.4 222.7 1
2016-10-21 1:57:11 413832501 114.23468 30.489013 114.235067 30.489347 3.4 226.8 1
2016-10-21 1:57:44 413832501 114.23432 30.48871 114.23468 30.489013 3.3 221.9 1
2016-10-21 1:58:19 413832501 114.233973 30.4883 114.23432 30.48871 3.3 214.9 1
2016-10-21 1:58:35 413832501 114.233973 30.4883 114.233973 30.4883 3.3 214.9 1
2016-10-21 1:59:23 413832501 114.233347 30.48756 114.233973 30.4883 3.3 219.5 1
2016-10-21 1:59:44 413832501 114.233013 30.487207 114.233347 30.48756 3.4 219.9 1
2016-10-21 2:00:45 413832501 114.23224 30.486483 114.233013 30.487207 3.4 221 1
2016-10-21 2:01:44 413832501 114.231613 30.485693 114.23224 30.486483 3.3 213.6 1
2016-10-21 2:03:22 413832501 114.23064 30.484547 114.231613 30.485693 3.4 219 1
2016-10-21 2:03:40 413832501 114.23028 30.484223 114.23064 30.484547 3.4 225.9 1
2016-10-21 2:04:36 413832501 114.229547 30.483493 114.23028 30.484223 3.3 214.1 1
2016-10-21 2:05:16 413832501 114.22924 30.4831 114.229547 30.483493 3.3 213.7 1
2016-10-21 2:05:40 413832501 114.228907 30.482713 114.22924 30.4831 3.3 220.7 1
2016-10-21 2:06:22 413832501 114.22856 30.482367 114.228907 30.482713 3.3 220.5 1
2016-10-21 2:07:07 413832501 114.22792 30.48166 114.22856 30.482367 3.3 219.9 1
2016-10-21 2:07:55 413832501 114.227547 30.481267 114.22792 30.48166 3.4 220.4 1
2016-10-21 2:09:18 413832501 114.22648 30.48019 114.227547 30.481267 3.3 217.3 1
2016-10-21 2:09:38 413832501 114.2262 30.47984 114.22648 30.48019 3.2 213.4 1
2016-10-21 2:10:23 413832501 114.22588 30.479457 114.2262 30.47984 3.2 219.6 1
2016-10-21 2:10:43 413832501 114.225547 30.479137 114.22588 30.479457 3.2 222.2 1
2016-10-21 2:11:29 413832501 114.225213 30.478807 114.225547 30.479137 3.2 220.7 1
2016-10-21 2:12:25 413832501 114.224493 30.47806 114.225213 30.478807 3.2 217.4 1
2016-10-21 2:12:56 413832501 114.22424 30.477753 114.224493 30.47806 3.2 214.6 1
2016-10-21 2:14:54 413832501 114.22284 30.47643 114.22424 30.477753 3.2 230.7 1
2016-10-21 2:15:50 413832501 114.2222 30.475713 114.22284 30.47643 3.1 205.3 1
2016-10-21 2:16:28 413832501 114.2222 30.475713 114.2222 30.475713 3.1 205.3 1
2016-10-21 2:16:46 413832501 114.22168 30.474953 114.2222 30.475713 3.1 212.6 1
2016-10-21 2:17:13 413832501 114.221387 30.474597 114.22168 30.474953 3.1 216.8 1
2016-10-21 2:18:12 413832501 114.220747 30.47399 114.221387 30.474597 3 230.2 1
2016-10-21 2:19:47 413832501 114.21968 30.473107 114.220747 30.47399 2.9 212.2 1
2016-10-21 2:20:16 413832501 114.21944 30.472753 114.21968 30.473107 2.9 212.6 1
2016-10-21 2:22:42 413832501 114.21944 30.472753 114.21944 30.472753 2.9 212.6 1
2016-10-21 2:23:45 413832501 114.2174 30.47021 114.21944 30.472753 3 213.3 1
2016-10-21 2:24:35 413832501 114.217133 30.469883 114.2174 30.47021 3 217 1
2016-10-21 2:26:05 413832501 114.216253 30.46881 114.217133 30.469883 3.1 212.5 1
2016-10-21 2:27:11 413832501 114.215573 30.467693 114.216253 30.46881 3.1 204.7 1
2016-10-21 2:29:34 413832501 114.214213 30.466457 114.215573 30.467693 3.1 245.1 1
2016-10-21 2:30:12 413832501 114.213333 30.46605 114.214213 30.466457 3.2 244 1
2016-10-21 2:32:35 413832501 114.21168 30.46509 114.213333 30.46605 2.9 234.7 1
2016-10-21 2:34:04 413832501 114.210667 30.464253 114.21168 30.46509 2.8 220.1 1
2016-10-21 2:34:49 413832501 114.21008 30.463643 114.210667 30.464253 2.9 218.7 1
2016-10-21 2:35:50 413832501 114.209493 30.463013 114.21008 30.463643 2.9 218.6 1
2016-10-21 2:36:12 413832501 114.209147 30.462683 114.209493 30.463013 2.9 221.5 1
2016-10-21 2:38:28 413832501 114.207907 30.461523 114.209147 30.462683 3 220.5 1
2016-10-21 2:38:51 413832501 114.207587 30.461173 114.207907 30.461523 3.2 214.4 1
2016-10-21 2:39:12 413832501 114.20728 30.46085 114.207587 30.461173 3.3 219.2 1
2016-10-21 2:41:36 413832501 114.206 30.459257 114.20728 30.46085 3.4 216.6 1
2016-10-21 2:42:18 413832501 114.205293 30.458573 114.206 30.459257 3.4 227.1 1
2016-10-21 2:44:14 413832501 114.203547 30.457197 114.205293 30.458573 3.7 223.5 1
2016-10-21 2:46:12 413832501 114.20172 30.45577 114.203547 30.457197 4.1 225.2 1
2016-10-21 2:46:33 413832501 114.20172 30.45577 114.20172 30.45577 4.1 225.2 1
2016-10-21 2:47:44 413832501 114.2002 30.454497 114.20172 30.45577 4.5 228.8 1
2016-10-21 2:48:29 413832501 114.19964 30.454057 114.2002 30.454497 4.6 223.9 1
2016-10-21 2:51:12 413832501 114.197147 30.450943 114.19964 30.454057 4.3 217.1 1
2016-10-21 2:53:32 413832501 114.195333 30.449097 114.197147 30.450943 4.2 219.5 1
2016-10-21 2:54:10 413832501 114.19452 30.448223 114.195333 30.449097 4.2 217.4 1
2016-10-21 2:55:46 413832501 114.19324 30.446767 114.19452 30.448223 4.5 220.4 1
2016-10-21 2:59:46 413832501 114.190027 30.443027 114.19324 30.446767 4.8 214.2 0
2016-10-21 3:02:25 413832501 114.187653 30.4397 114.190027 30.443027 4.7 215.1 1
2016-10-21 3:04:00 413832501 114.18636 30.438033 114.187653 30.4397 4.5 213.9 1
2016-10-21 3:05:37 413832501 114.18636 30.438033 114.18636 30.438033 4.5 213.9 1
2016-10-21 3:07:59 413832501 114.1834 30.434147 114.18636 30.438033 4 211.2 1
2016-10-21 3:08:18 413832501 114.183053 30.433627 114.1834 30.434147 3.9 206.4 0
2016-10-21 3:11:46 413832501 114.181293 30.430293 114.183053 30.433627 3.7 201.8 1
2016-10-21 3:15:15 413832501 114.17964 30.426797 114.181293 30.430293 4 205.4 1
2016-10-21 3:16:47 413832501 114.17964 30.426797 114.17964 30.426797 4 205.4 1
2016-10-21 3:17:48 413832501 114.17964 30.426797 114.17964 30.426797 4 205.4 1
2016-10-21 3:19:23 413832501 114.177427 30.422543 114.17964 30.426797 4.1 198.3 0
2016-10-21 3:19:54 413832501 114.177187 30.421977 114.177427 30.422543 4.1 197.9 1
2016-10-21 3:22:58 413832501 114.177187 30.421977 114.177187 30.421977 4.1 197.9 1
2016-10-21 3:23:21 413832501 114.175813 30.417997 114.177187 30.421977 4.3 195.9 0
2016-10-21 3:23:45 413832501 114.17564 30.41744 114.175813 30.417997 4.3 197.9 1
2016-10-21 3:24:53 413832501 114.175173 30.416207 114.17564 30.41744 4.4 200.4 1
2016-10-21 3:26:26 413832501 114.17436 30.41448 114.175173 30.416207 4.6 206.1 0
2016-10-21 3:27:58 413832501 114.17332 30.41275 114.17436 30.41448 4.6 211.6 1
2016-10-21 3:31:23 413832501 114.170947 30.408913 114.17332 30.41275 4.3 218.2 0
2016-10-21 3:34:49 413832501 114.170947 30.408913 114.170947 30.408913 4.3 218.2 0
2016-10-21 3:36:52 413832501 114.16692 30.402937 114.170947 30.408913 4.6 203.8 1
2016-10-21 3:38:28 413832501 114.166027 30.401187 114.16692 30.402937 4.6 204.5 0
2016-10-21 3:39:17 413832501 114.16536 30.40004 114.166027 30.401187 4.7 204.9 0
2016-10-21 3:40:48 413832501 114.16536 30.40004 114.16536 30.40004 4.7 204.9 0
2016-10-21 3:53:45 413832501 114.155093 30.389653 114.155093 30.389653 4.3 226.7 0
2016-10-21 3:57:27 413832501 114.148067 30.383887 114.155093 30.389653 4.3 227.6 0
2016-10-21 4:08:21 413832501 114.138147 30.373737 114.139933 30.375513 4.1 213.5 0
2016-10-21 4:10:35 413832501 114.13672 30.371713 114.138147 30.373737 4.1 210.8 0
