2016-10-25 18:10:28 413801412 114.625918 30.556958 114.62864 30.556963 2.8 269.9 269
2016-10-25 18:11:35 413801412 114.62481 30.556952 114.625918 30.556958 3 273.6 273
2016-10-25 19:07:40 413801412 114.572118 30.589778 114.572353 30.589173 4.9 338.7 338
2016-10-25 19:20:40 413801412 114.565363 30.606753 114.566872 30.602587 5.1 343.4 343
2016-10-25 19:27:37 413801412 114.562748 30.616785 114.563365 30.614702 5 344.1 344
2016-10-25 19:37:54 413801412 114.557887 30.629917 114.558165 30.629307 4.7 338.1 338
2016-10-25 19:38:09 413801412 114.557618 30.63051 114.557887 30.629917 4.7 337.5 337
2016-10-25 19:39:47 413801412 114.556745 30.632323 114.557618 30.63051 4.6 340.7 340
2016-10-25 19:42:48 413801412 114.55512 30.635928 114.556745 30.632323 4.5 336.1 336
2016-10-25 19:43:22 413801412 114.55512 30.635928 114.55512 30.635928 4.5 336.1 336
2016-10-25 19:44:51 413801412 114.553918 30.638533 114.55512 30.635928 4.5 336.5 336
2016-10-25 19:45:28 413801412 114.55363 30.63912 114.553918 30.638533 4.5 334.2 334
2016-10-25 19:46:09 413801412 114.553332 30.639692 114.55363 30.63912 4.5 336.5 336
2016-10-25 19:46:31 413801412 114.553052 30.640283 114.553332 30.639692 4.5 339 339
2016-10-25 19:47:03 413801412 114.552812 30.640865 114.553052 30.640283 4.5 339 339
2016-10-25 19:47:51 413801412 114.55238 30.642073 114.552812 30.640865 4.5 348.5 348
2016-10-25 19:48:52 413801412 114.55201 30.6433 114.55238 30.642073 4.5 342.6 342
2016-10-25 19:51:41 413801412 114.55059 30.64616 114.55201 30.6433 4.3 334.1 334
2016-10-25 19:52:04 413801412 114.550285 30.646708 114.55059 30.64616 4.3 335 335
2016-10-25 19:53:15 413801412 114.549655 30.647812 114.550285 30.646708 4.4 333.9 333
2016-10-25 19:54:11 413801412 114.548923 30.649118 114.549655 30.647812 4.3 332.8 332
2016-10-25 19:54:41 413801412 114.5486 30.649663 114.548923 30.649118 4.3 329.9 329
2016-10-25 19:55:18 413801412 114.548277 30.650207 114.5486 30.649663 4.4 332.4 332
2016-10-25 19:55:32 413801412 114.547953 30.650753 114.548277 30.650207 4.3 333.5 333
2016-10-25 19:59:02 413801412 114.54562 30.654617 114.547953 30.650753 4.5 335 335
2016-10-25 19:59:35 413801412 114.545325 30.655197 114.54562 30.654617 4.5 337.1 337
2016-10-25 20:00:39 413801412 114.544752 30.656373 114.545325 30.655197 4.5 333.2 333
2016-10-25 20:02:04 413801412 114.54388 30.658057 114.544752 30.656373 4.4 337.7 337
2016-10-25 20:04:26 413801412 114.54264 30.660502 114.54388 30.658057 4.3 336.5 336
2016-10-25 20:04:47 413801412 114.54235 30.661053 114.54264 30.660502 4.4 335.9 335
2016-10-25 20:05:59 413801412 114.541748 30.662147 114.54235 30.661053 4.2 333.5 333
2016-10-25 20:06:16 413801412 114.54146 30.662685 114.541748 30.662147 4.2 336.8 336
2016-10-25 20:07:11 413801412 114.541207 30.66324 114.54146 30.662685 4.2 336.4 336
2016-10-25 20:07:55 413801412 114.540662 30.664307 114.541207 30.66324 4.2 335.4 335
2016-10-25 20:08:36 413801412 114.54038 30.664895 114.540662 30.664307 4.2 339.8 339
2016-10-25 20:10:22 413801412 114.539417 30.667032 114.54038 30.664895 4 340.6 340
2016-10-25 20:11:19 413801412 114.538963 30.668138 114.539417 30.667032 4.2 342.2 342
2016-10-25 20:13:00 413801412 114.538277 30.669782 114.538963 30.668138 4.1 330.1 330
2016-10-25 20:13:19 413801412 114.537937 30.670273 114.538277 30.669782 4.1 330.1 330
2016-10-25 20:13:45 413801412 114.537937 30.670273 114.537937 30.670273 4.1 330.1 330
2016-10-25 20:14:03 413801412 114.537937 30.670273 114.537937 30.670273 4.1 330.1 330
2016-10-25 20:14:57 413801412 114.536578 30.671792 114.537937 30.670273 4.1 321.4 321
2016-10-25 20:15:29 413801412 114.536125 30.672232 114.536578 30.671792 4 314.2 314
2016-10-25 20:18:49 413801412 114.533308 30.674627 114.536125 30.672232 4.1 312.8 312
2016-10-25 20:19:10 413801412 114.532842 30.675012 114.533308 30.674627 4.2 314.1 314
2016-10-25 20:20:16 413801412 114.53183 30.675802 114.532842 30.675012 4.1 311.9 311
2016-10-25 20:22:02 413801412 114.529842 30.677392 114.53183 30.675802 4.2 310.6 310
2016-10-25 20:22:31 413801412 114.529335 30.677795 114.529842 30.677392 4.3 314.8 314
2016-10-25 20:23:18 413801412 114.528805 30.678228 114.529335 30.677795 4.3 314.1 314
2016-10-25 20:23:35 413801412 114.52831 30.678622 114.528805 30.678228 4.3 311.9 311
2016-10-25 20:24:15 413801412 114.52831 30.678622 114.52831 30.678622 4.3 311.9 311
2016-10-25 20:25:40 413801412 114.526103 30.680448 114.52831 30.678622 4.4 315.3 315
2016-10-25 20:27:16 413801412 114.524507 30.681597 114.526103 30.680448 4.2 304.9 304
2016-10-25 20:27:45 413801412 114.523928 30.681943 114.524507 30.681597 4.1 301.6 301
2016-10-25 20:28:11 413801412 114.523358 30.682218 114.523928 30.681943 4.2 297.7 297
2016-10-25 20:29:28 413801412 114.522148 30.682642 114.523358 30.682218 4 288.5 288
2016-10-25 20:29:48 413801412 114.521505 30.682827 114.522148 30.682642 4.1 288.2 288
2016-10-25 20:30:51 413801412 114.520228 30.683192 114.521505 30.682827 4 290.2 290
2016-10-25 20:31:07 413801412 114.519628 30.683375 114.520228 30.683192 4.1 288.8 288
2016-10-25 20:32:12 413801412 114.518358 30.683773 114.519628 30.683375 4.1 292 292
2016-10-25 20:33:22 413801412 114.517142 30.684188 114.518358 30.683773 4.1 287.6 287
2016-10-25 20:33:43 413801412 114.516487 30.68437 114.517142 30.684188 4.1 286.9 286
2016-10-25 20:34:18 413801412 114.516487 30.68437 114.516487 30.68437 4.1 286.9 286
2016-10-25 20:35:03 413801412 114.514953 30.684748 114.516487 30.68437 4.2 287.6 287
2016-10-25 20:35:20 413801412 114.51432 30.684868 114.514953 30.684748 4.1 281.2 281
2016-10-25 20:36:07 413801412 114.513623 30.68501 114.51432 30.684868 4.1 283.6 283
2016-10-25 20:36:27 413801412 114.51299 30.685137 114.513623 30.68501 4.1 280.6 280
2016-10-25 20:37:00 413801412 114.512325 30.685232 114.51299 30.685137 4.1 280 280
2016-10-25 20:38:05 413801412 114.511023 30.685438 114.512325 30.685232 4.1 283.6 283
2016-10-25 20:38:24 413801412 114.510315 30.68558 114.511023 30.685438 4.1 282.6 282
2016-10-25 20:39:28 413801412 114.509017 30.685843 114.510315 30.68558 4.1 279.9 279
2016-10-25 20:40:13 413801412 114.508345 30.685937 114.509017 30.685843 4.2 279.8 279
2016-10-25 20:40:53 413801412 114.507002 30.686152 114.508345 30.685937 4.2 280 280
2016-10-25 20:41:43 413801412 114.50632 30.686238 114.507002 30.686152 4.2 278.6 278
2016-10-25 20:42:04 413801412 114.505618 30.686337 114.50632 30.686238 4.2 278.8 278
2016-10-25 20:42:22 413801412 114.504962 30.68646 114.505618 30.686337 4.3 281 281
2016-10-25 20:43:16 413801412 114.504277 30.686573 114.504962 30.68646 4.3 280.7 280
2016-10-25 20:43:54 413801412 114.502892 30.6868 114.504277 30.686573 4.3 278.8 278
2016-10-25 20:44:43 413801412 114.501915 30.68691 114.502892 30.6868 4.3 278.2 278
2016-10-25 20:45:03 413801412 114.50122 30.687022 114.501915 30.68691 4.3 280 280
2016-10-25 20:45:35 413801412 114.50052 30.687117 114.50122 30.687022 4.3 277.2 277
2016-10-25 20:46:20 413801412 114.499805 30.687185 114.50052 30.687117 4.2 275.9 275
2016-10-25 20:47:25 413801412 114.498477 30.687295 114.499805 30.687185 4.2 279.7 279
2016-10-25 20:47:48 413801412 114.497777 30.687403 114.498477 30.687295 4.2 278.9 278
2016-10-25 20:48:52 413801412 114.49644 30.687518 114.497777 30.687403 4 261 261
2016-10-25 20:49:45 413801412 114.495175 30.68722 114.49644 30.687518 4 252.2 252
2016-10-25 20:50:11 413801412 114.494548 30.687073 114.495175 30.68722 4 261 261
2016-10-25 20:50:50 413801412 114.49389 30.686965 114.494548 30.687073 3.9 255.3 255
2016-10-25 20:51:34 413801412 114.492678 30.686698 114.49389 30.686965 3.9 254.5 254
2016-10-25 20:52:08 413801412 114.492053 30.68653 114.492678 30.686698 3.9 252.6 252
2016-10-25 20:52:52 413801412 114.491448 30.686375 114.492053 30.68653 3.8 252.6 252
2016-10-25 20:53:09 413801412 114.490868 30.686223 114.491448 30.686375 3.8 253.9 253
2016-10-25 20:53:42 413801412 114.490275 30.686063 114.490868 30.686223 3.8 251.1 251
2016-10-25 20:54:09 413801412 114.489687 30.68589 114.490275 30.686063 3.8 250.1 250
2016-10-25 20:54:48 413801412 114.488863 30.685655 114.489687 30.68589 3.9 253.2 253
2016-10-25 20:55:57 413801412 114.487598 30.685528 114.488863 30.685655 3.9 266.1 266
2016-10-25 20:56:14 413801412 114.486988 30.685445 114.487598 30.685528 3.7 256.8 256
2016-10-25 20:57:01 413801412 114.486395 30.685322 114.486988 30.685445 3.7 257.8 257
2016-10-25 20:57:22 413801412 114.485775 30.685187 114.486395 30.685322 3.8 250.7 250
2016-10-25 20:57:51 413801412 114.485243 30.684988 114.485775 30.685187 3.7 245 245
2016-10-25 20:58:19 413801412 114.48468 30.6848 114.485243 30.684988 3.7 253.4 253
2016-10-25 20:58:54 413801412 114.484088 30.684655 114.48468 30.6848 3.7 253.7 253
2016-10-25 20:59:37 413801412 114.483497 30.684473 114.484088 30.684655 3.8 248.3 248
2016-10-25 20:59:56 413801412 114.482955 30.684282 114.483497 30.684473 3.8 246.2 246
2016-10-25 21:01:11 413801412 114.481783 30.683947 114.482955 30.684282 3.6 254.4 254
2016-10-25 21:01:53 413801412 114.480643 30.68366 114.481783 30.683947 3.8 248.8 248
2016-10-25 21:02:42 413801412 114.480073 30.683455 114.480643 30.68366 3.8 247.6 247
2016-10-25 21:03:18 413801412 114.478903 30.683038 114.480073 30.683455 3.8 245.2 245
2016-10-25 21:04:14 413801412 114.477755 30.68256 114.478903 30.683038 3.8 245.2 245
2016-10-25 21:04:46 413801412 114.477755 30.68256 114.477755 30.68256 3.8 245.2 245
2016-10-25 21:05:09 413801412 114.477002 30.682233 114.477755 30.68256 3.9 244.8 244
2016-10-25 21:05:29 413801412 114.476408 30.68203 114.477002 30.682233 3.9 248.7 248
2016-10-25 21:06:01 413801412 114.475803 30.681828 114.476408 30.68203 3.9 248.2 248
2016-10-25 21:06:28 413801412 114.475228 30.681615 114.475803 30.681828 3.9 243.1 243
2016-10-25 21:07:09 413801412 114.474665 30.68138 114.475228 30.681615 3.8 248 248
2016-10-25 21:07:24 413801412 114.474097 30.681183 114.474665 30.68138 3.7 248.7 248
2016-10-25 21:08:31 413801412 114.472983 30.680777 114.474097 30.681183 3.9 246.8 246
2016-10-25 21:10:31 413801412 114.470715 30.679797 114.472983 30.680777 3.8 241.7 241
2016-10-25 21:11:06 413801412 114.470163 30.679538 114.470715 30.679797 3.9 241.2 241
2016-10-25 21:11:52 413801412 114.469592 30.679265 114.470163 30.679538 3.8 241.2 241
2016-10-25 21:13:10 413801412 114.468047 30.678415 114.469592 30.679265 3.8 239.2 239
2016-10-25 21:13:29 413801412 114.46751 30.678142 114.468047 30.678415 3.8 239.9 239
2016-10-25 21:14:02 413801412 114.466957 30.677905 114.46751 30.678142 3.8 248.9 248
2016-10-25 21:14:58 413801412 114.466957 30.677905 114.466957 30.677905 3.8 248.9 248
2016-10-25 21:15:15 413801412 114.465552 30.67747 114.466957 30.677905 3.9 249.1 249
2016-10-25 21:16:04 413801412 114.464418 30.677003 114.465552 30.67747 3.8 244.2 244
2016-10-25 21:17:07 413801412 114.46328 30.676558 114.464418 30.677003 3.8 245.4 245
2016-10-25 21:17:38 413801412 114.462687 30.676343 114.46328 30.676558 3.8 249.2 249
2016-10-25 21:18:07 413801412 114.4621 30.676147 114.462687 30.676343 3.8 247.6 247
2016-10-25 21:18:49 413801412 114.461515 30.675945 114.4621 30.676147 3.9 251.7 251
2016-10-25 21:19:21 413801412 114.460918 30.67576 114.461515 30.675945 3.9 249 249
2016-10-25 21:20:16 413801412 114.45972 30.675427 114.460918 30.67576 3.9 252.4 252
2016-10-25 21:20:50 413801412 114.459112 30.675237 114.45972 30.675427 4 248.3 248
2016-10-25 21:23:50 413801412 114.455472 30.673897 114.459112 30.675237 4.1 249.6 249
2016-10-25 21:24:47 413801412 114.454223 30.673463 114.455472 30.673897 4 246.6 246
2016-10-25 21:25:17 413801412 114.454223 30.673463 114.454223 30.673463 4 246.6 246
2016-10-25 21:26:23 413801412 114.452167 30.672752 114.454223 30.673463 4.1 251.5 251
2016-10-25 21:27:03 413801412 114.451537 30.67256 114.452167 30.672752 4.2 249.5 249
2016-10-25 21:29:34 413801412 114.448468 30.671307 114.451537 30.67256 4.1 242.5 242
2016-10-25 21:29:51 413801412 114.447857 30.671052 114.448468 30.671307 4.1 242.6 242
2016-10-25 21:30:55 413801412 114.446707 30.670553 114.447857 30.671052 4.1 247.2 247
2016-10-25 21:31:26 413801412 114.446095 30.670347 114.446707 30.670553 4 250.2 250
2016-10-25 21:32:08 413801412 114.445458 30.670153 114.446095 30.670347 4 251.8 251
2016-10-25 21:32:58 413801412 114.4443 30.669778 114.445458 30.670153 3.5 248.3 248
2016-10-25 21:33:30 413801412 114.443777 30.66958 114.4443 30.669778 3.5 247.9 247
2016-10-25 21:34:02 413801412 114.44324 30.669437 114.443777 30.66958 3.5 257.7 257
2016-10-25 21:34:29 413801412 114.442675 30.669355 114.44324 30.669437 3.5 261.9 261
2016-10-25 21:35:29 413801412 114.442675 30.669355 114.442675 30.669355 3.5 261.9 261
2016-10-25 21:36:04 413801412 114.440785 30.669878 114.442675 30.669355 4.3 314.6 314
2016-10-25 21:36:31 413801412 114.440265 30.67032 114.440785 30.669878 4.3 313.4 313
2016-10-25 21:37:10 413801412 114.439732 30.670728 114.440265 30.67032 4.4 310.4 310
2016-10-25 21:37:54 413801412 114.439168 30.671073 114.439732 30.670728 4.2 303.1 303
2016-10-25 21:38:10 413801412 114.438588 30.67142 114.439168 30.671073 4.3 301.7 301
2016-10-25 21:38:41 413801412 114.437978 30.671692 114.438588 30.67142 4.2 295.4 295
2016-10-25 21:39:07 413801412 114.43736 30.67192 114.437978 30.671692 4 288.4 288
2016-10-25 21:39:39 413801412 114.436785 30.672072 114.43736 30.67192 3.9 284.1 284
2016-10-25 21:40:21 413801412 114.436133 30.67215 114.436785 30.672072 3.7 271.5 271
2016-10-25 21:40:41 413801412 114.435563 30.672162 114.436133 30.67215 3.8 273.5 273
2016-10-25 21:41:14 413801412 114.434925 30.672135 114.435563 30.672162 3.7 261.6 261
2016-10-25 21:41:47 413801412 114.434325 30.672035 114.434925 30.672135 3.8 257.4 257
2016-10-25 21:42:43 413801412 114.433095 30.67181 114.434325 30.672035 4 258.5 258
2016-10-25 21:43:09 413801412 114.432465 30.671677 114.433095 30.67181 4 252 252
2016-10-25 21:43:45 413801412 114.431853 30.671488 114.432465 30.671677 4 250.5 250
2016-10-25 21:44:01 413801412 114.431237 30.671293 114.431853 30.671488 4.1 250.8 250
2016-10-25 21:44:47 413801412 114.430603 30.671105 114.431237 30.671293 4.1 250.6 250
2016-10-25 21:45:04 413801412 114.429972 30.670903 114.430603 30.671105 4.1 247.4 247
2016-10-25 21:45:40 413801412 114.429972 30.670903 114.429972 30.670903 4.1 247.4 247
2016-10-25 21:46:10 413801412 114.428487 30.670372 114.429972 30.670903 4.2 249.7 249
2016-10-25 21:46:49 413801412 114.42785 30.670155 114.428487 30.670372 4.2 246.4 246
2016-10-25 21:47:26 413801412 114.427192 30.669908 114.42785 30.670155 4.3 244.9 244
2016-10-25 21:47:42 413801412 114.426565 30.669643 114.427192 30.669908 4.3 242.8 242
2016-10-25 21:48:26 413801412 114.425992 30.669358 114.426565 30.669643 4.1 239 239
2016-10-25 21:49:27 413801412 114.424867 30.668763 114.425992 30.669358 3.7 240.1 240
2016-10-25 21:49:49 413801412 114.424357 30.668522 114.424867 30.668763 3.5 240.3 240
2016-10-25 21:50:21 413801412 114.423893 30.66827 114.424357 30.668522 3.2 235.3 235
2016-10-25 21:50:47 413801412 114.42355 30.668003 114.423893 30.66827 2.7 234.1 234
2016-10-25 21:51:22 413801412 114.423205 30.667772 114.42355 30.668003 2.3 236.9 236
2016-10-25 21:51:58 413801412 114.423205 30.667772 114.423205 30.667772 2.3 236.9 236
2016-10-25 21:54:49 413801412 114.42151 30.667288 114.423205 30.667772 1 250.9 250
2016-10-25 21:58:06 413801412 114.42061 30.666935 114.42151 30.667288 0.9 241.4 241
2016-10-25 22:00:58 413801412 114.419715 30.666602 114.42061 30.666935 1.2 241.8 241
2016-10-25 22:04:06 413801412 114.418675 30.66617 114.419715 30.666602 0.9 242.6 242
2016-10-25 22:06:59 413801412 114.417775 30.66588 114.418675 30.66617 1.3 255 255
2016-10-25 22:10:01 413801412 114.416645 30.665605 114.417775 30.66588 0.8 250.3 250
2016-10-25 22:13:06 413801412 114.416255 30.665613 114.416645 30.665605 0.5 247.4 247
2016-10-25 22:16:11 413801412 114.416255 30.665613 114.416255 30.665613 0.5 247.4 247
2016-10-25 22:19:20 413801412 114.416458 30.665635 114.416255 30.665613 0.3 343 343
2016-10-25 22:22:31 413801412 114.416455 30.66569 114.416458 30.665635 0 0 0
2016-10-25 22:25:23 413801412 114.416427 30.665702 114.416455 30.66569 0 0 0
2016-10-25 22:28:22 413801412 114.416423 30.66568 114.416427 30.665702 0 0 0
2016-10-25 22:31:31 413801412 114.416403 30.665687 114.416423 30.66568 0 0 0
2016-10-25 22:34:37 413801412 114.416422 30.66567 114.416403 30.665687 0 0 0
2016-10-25 22:38:48 413801412 114.416428 30.66568 114.416422 30.66567 0 0 0
2016-10-25 22:41:46 413801412 114.416428 30.66568 114.416428 30.66568 0 0 0
2016-10-25 22:45:46 413801412 114.416413 30.665685 114.416428 30.66568 0 0 0
2016-10-25 22:49:43 413801412 114.41644 30.665703 114.416413 30.665685 0 0 0
2016-10-25 22:53:47 413801412 114.416437 30.665705 114.41644 30.665703 0 0 0
2016-10-25 22:57:44 413801412 114.416422 30.66568 114.416437 30.665705 0 0 0
2016-10-25 23:02:15 413801412 114.416422 30.665683 114.416422 30.66568 0 0 0
2016-10-25 23:06:00 413801412 114.416437 30.665682 114.416422 30.665683 0 0 0
2016-10-25 23:10:17 413801412 114.416432 30.6657 114.416437 30.665682 0 0 0
2016-10-25 23:14:05 413801412 114.416428 30.665697 114.416432 30.6657 0 0 0
2016-10-25 23:18:13 413801412 114.416422 30.665687 114.416428 30.665697 0 0 0
2016-10-25 23:22:13 413801412 114.41643 30.665713 114.416422 30.665687 0 0 0
2016-10-25 23:26:15 413801412 114.416425 30.665678 114.41643 30.665713 0 0 0
2016-10-25 23:30:14 413801412 114.416418 30.665667 114.416425 30.665678 0 0 0
2016-10-25 23:34:17 413801412 114.416423 30.665705 114.416418 30.665667 0 0 0
2016-10-25 23:38:33 413801412 114.416425 30.665727 114.416423 30.665705 0 0 0
2016-10-25 23:42:39 413801412 114.41641 30.665718 114.416425 30.665727 0 0 0
2016-10-25 23:46:29 413801412 114.41641 30.665688 114.41641 30.665718 0 0 0
2016-10-25 23:50:58 413801412 114.416427 30.665695 114.41641 30.665688 0 0 0
2016-10-25 23:54:38 413801412 114.416433 30.6657 114.416427 30.665695 0 0 0
2016-10-25 23:58:38 413801412 114.416437 30.665693 114.416433 30.6657 0 0 0
