2016-10-21 0:00:04 413232000 114.590153 30.562715 114.590125 30.562643 0.4 23.4 328
2016-10-21 0:00:38 413232000 114.590203 30.562765 114.590153 30.562715 0.6 17 329
2016-10-21 0:01:01 413232000 114.590197 30.56284 114.590203 30.562765 1 357.8 329
2016-10-21 0:01:22 413232000 114.590167 30.562977 114.590197 30.56284 1.5 349.9 327
2016-10-21 0:01:37 413232000 114.590147 30.563055 114.590167 30.562977 1.6 344.5 327
2016-10-21 0:01:54 413232000 114.590025 30.563307 114.590147 30.563055 2.4 334.5 327
2016-10-21 0:02:20 413232000 114.589948 30.56343 114.590025 30.563307 2.6 333 327
2016-10-21 0:02:39 413232000 114.589785 30.563675 114.589948 30.56343 3.1 331.6 327
2016-10-21 0:02:55 413232000 114.589503 30.564082 114.589785 30.563675 3.6 330.4 327
2016-10-21 0:03:11 413232000 114.589393 30.564255 114.589503 30.564082 3.8 330.3 327
2016-10-21 0:03:35 413232000 114.589068 30.564743 114.589393 30.564255 4.2 330 327
2016-10-21 0:04:29 413232000 114.588502 30.565618 114.589068 30.564743 4.6 328.4 327
2016-10-21 0:04:51 413232000 114.588388 30.565807 114.588502 30.565618 4.8 328.7 326
2016-10-21 0:05:10 413232000 114.58797 30.566385 114.588388 30.565807 5 326.6 326
2016-10-21 0:05:26 413232000 114.587827 30.566585 114.58797 30.566385 5.1 326.9 326
2016-10-21 0:06:04 413232000 114.587065 30.567568 114.587827 30.566585 5.3 326.1 327
2016-10-21 0:06:25 413232000 114.586883 30.5678 114.587065 30.567568 5.3 326.9 327
2016-10-21 0:07:20 413232000 114.585895 30.569078 114.586883 30.5678 5.5 325.9 327
2016-10-21 0:07:58 413232000 114.585207 30.569928 114.585895 30.569078 5.6 325 327
2016-10-21 0:08:15 413232000 114.584865 30.570358 114.585207 30.569928 5.7 325.2 327
2016-10-21 0:08:38 413232000 114.584532 30.57076 114.584865 30.570358 5.7 324.9 327
2016-10-21 0:08:55 413232000 114.584155 30.571217 114.584532 30.57076 5.7 324.8 327
2016-10-21 0:09:25 413232000 114.58363 30.571898 114.584155 30.571217 5.8 325.6 327
2016-10-21 0:09:46 413232000 114.58332 30.572297 114.58363 30.571898 5.8 325.6 327
2016-10-21 0:10:04 413232000 114.582937 30.572767 114.58332 30.572297 6 324.3 326
2016-10-21 0:10:21 413232000 114.582748 30.572985 114.582937 30.572767 5.9 323.4 326
2016-10-21 0:10:42 413232000 114.58234 30.573443 114.582748 30.572985 5.9 323 327
2016-10-21 0:11:27 413232000 114.5814 30.574553 114.58234 30.573443 6 324.1 327
2016-10-21 0:11:46 413232000 114.581055 30.574975 114.5814 30.574553 6 324.9 328
2016-10-21 0:12:03 413232000 114.580667 30.57544 114.581055 30.574975 6 324.8 328
2016-10-21 0:12:47 413232000 114.579947 30.576323 114.580667 30.57544 5.8 324.8 329
2016-10-21 0:13:23 413232000 114.579442 30.57697 114.579947 30.576323 5.5 327.5 330
2016-10-21 0:13:45 413232000 114.578945 30.57763 114.579442 30.57697 5.1 327.5 333
2016-10-21 0:14:23 413232000 114.57857 30.578158 114.578945 30.57763 4.5 330.5 335
2016-10-21 0:14:41 413232000 114.578325 30.57856 114.57857 30.578158 4.1 332.4 337
2016-10-21 0:15:05 413232000 114.578068 30.579042 114.578325 30.57856 3.7 336.7 339
2016-10-21 0:15:26 413232000 114.577912 30.579367 114.578068 30.579042 3.4 337.8 339
2016-10-21 0:15:44 413232000 114.57779 30.57962 114.577912 30.579367 3.2 338.6 339
2016-10-21 0:16:01 413232000 114.577743 30.579723 114.57779 30.57962 3.1 339.3 339
2016-10-21 0:16:22 413232000 114.577672 30.579883 114.577743 30.579723 3 339.8 339
2016-10-21 0:16:41 413232000 114.57752 30.58025 114.577672 30.579883 2.7 338.8 337
2016-10-21 0:17:00 413232000 114.577432 30.580483 114.57752 30.58025 2.6 337.6 336
2016-10-21 0:17:43 413232000 114.577185 30.580933 114.577432 30.580483 2.3 333.8 335
2016-10-21 0:18:03 413232000 114.5771 30.581108 114.577185 30.580933 2.2 335.3 335
2016-10-21 0:18:38 413232000 114.576925 30.581482 114.5771 30.581108 1.8 331.8 332
2016-10-21 0:19:01 413232000 114.576842 30.581597 114.576925 30.581482 1.8 329.4 331
2016-10-21 0:19:20 413232000 114.576727 30.58177 114.576842 30.581597 1.6 326.3 330
2016-10-21 0:19:38 413232000 114.576633 30.581873 114.576727 30.58177 1.5 325 330
2016-10-21 0:19:56 413232000 114.576552 30.581953 114.576633 30.581873 1.5 323.4 329
2016-10-21 0:20:19 413232000 114.57645 30.58206 114.576552 30.581953 1.3 322 329
2016-10-21 0:20:38 413232000 114.57635 30.582167 114.57645 30.58206 1.3 320.6 329
2016-10-21 0:20:53 413232000 114.576265 30.582248 114.57635 30.582167 1.2 319.2 329
2016-10-21 0:21:10 413232000 114.576227 30.58229 114.576265 30.582248 1.1 319.2 328
2016-10-21 0:21:36 413232000 114.576105 30.582413 114.576227 30.58229 1 317.5 328
2016-10-21 0:21:56 413232000 114.576027 30.582482 114.576105 30.582413 1 315.2 328
2016-10-21 0:22:13 413232000 114.575955 30.582547 114.576027 30.582482 0.9 313.1 328
2016-10-21 0:22:29 413232000 114.575923 30.582572 114.575955 30.582547 0.9 310.8 328
2016-10-21 0:22:52 413232000 114.575852 30.582625 114.575923 30.582572 0.8 307.5 328
2016-10-21 0:23:14 413232000 114.575752 30.5827 114.575852 30.582625 0.8 307.6 329
2016-10-21 0:23:33 413232000 114.57571 30.582717 114.575752 30.5827 0.8 308.4 329
2016-10-21 0:23:49 413232000 114.575625 30.582775 114.57571 30.582717 1 313.9 329
2016-10-21 0:24:11 413232000 114.57558 30.582812 114.575625 30.582775 1.2 315.2 330
2016-10-21 0:24:28 413232000 114.575453 30.582947 114.57558 30.582812 1.3 315.8 331
2016-10-21 0:24:46 413232000 114.575342 30.583037 114.575453 30.582947 1.1 315.1 331
2016-10-21 0:25:04 413232000 114.575307 30.583077 114.575342 30.583037 1 316.3 331
2016-10-21 0:25:26 413232000 114.575228 30.583152 114.575307 30.583077 0.5 317.9 330
2016-10-21 0:25:45 413232000 114.575235 30.583168 114.575228 30.583152 0.3 315.2 330
2016-10-21 0:26:03 413232000 114.575183 30.583158 114.575235 30.583168 0.4 322.2 329
2016-10-21 0:26:20 413232000 114.575168 30.583215 114.575183 30.583158 0.5 337.5 325
2016-10-21 0:26:45 413232000 114.57514 30.583255 114.575168 30.583215 0.4 330.8 323
2016-10-21 0:27:01 413232000 114.575117 30.583302 114.57514 30.583255 0.3 319.7 320
2016-10-21 0:27:16 413232000 114.575107 30.583318 114.575117 30.583302 0.2 307.4 318
2016-10-21 0:27:52 413232000 114.5751 30.583332 114.575107 30.583318 0.2 273.6 316
2016-10-21 0:28:24 413232000 114.575065 30.58326 114.5751 30.583332 0.3 222.8 315
2016-10-21 0:28:40 413232000 114.575058 30.583248 114.575065 30.58326 0.3 215 316
2016-10-21 0:29:17 413232000 114.574962 30.583233 114.575058 30.583248 0.5 244 324
2016-10-21 0:29:34 413232000 114.574892 30.5832 114.574962 30.583233 0.4 240.7 330
2016-10-21 0:29:52 413232000 114.574885 30.583182 114.574892 30.5832 0.4 236.8 332
2016-10-21 0:30:17 413232000 114.574855 30.583183 114.574885 30.583182 0.1 233.4 334
2016-10-21 0:30:37 413232000 114.574885 30.583198 114.574855 30.583183 0.3 336.2 331
2016-10-21 0:31:35 413232000 114.574905 30.58324 114.574885 30.583198 0.2 60.9 325
2016-10-21 0:31:55 413232000 114.574942 30.583258 114.574905 30.58324 0.2 51.6 318
2016-10-21 0:32:48 413232000 114.574978 30.583258 114.574942 30.583258 0.4 170.4 316
2016-10-21 0:33:53 413232000 114.574885 30.583118 114.574978 30.583258 0.4 194 324
2016-10-21 0:34:11 413232000 114.574885 30.583088 114.574885 30.583118 0.4 192.4 325
2016-10-21 0:34:29 413232000 114.574867 30.58306 114.574885 30.583088 0.2 190.5 326
2016-10-21 0:34:48 413232000 114.574858 30.583063 114.574867 30.58306 0.2 225.7 326
2016-10-21 0:35:13 413232000 114.574832 30.583072 114.574858 30.583063 0.2 259.6 327
2016-10-21 0:35:35 413232000 114.57482 30.583087 114.574832 30.583072 0.2 268.3 328
2016-10-21 0:35:53 413232000 114.574808 30.583122 114.57482 30.583087 0.3 316.1 327
2016-10-21 0:36:10 413232000 114.574805 30.583127 114.574808 30.583122 0.2 322.9 326
2016-10-21 0:36:30 413232000 114.574787 30.58312 114.574805 30.583127 0.2 319.7 326
2016-10-21 0:36:48 413232000 114.57477 30.583127 114.574787 30.58312 0.1 318 329
2016-10-21 0:37:06 413232000 114.574768 30.583117 114.57477 30.583127 0.1 318 331
2016-10-21 0:37:24 413232000 114.574783 30.583122 114.574768 30.583117 0.1 318 331
2016-10-21 0:37:47 413232000 114.574777 30.58311 114.574783 30.583122 0.2 234.5 332
2016-10-21 0:38:05 413232000 114.57476 30.583108 114.574777 30.58311 0.3 253.1 333
2016-10-21 0:38:21 413232000 114.574767 30.583108 114.57476 30.583108 0.1 262.8 334
2016-10-21 0:38:35 413232000 114.574753 30.583103 114.574767 30.583108 0.1 262.8 336
2016-10-21 0:38:56 413232000 114.574742 30.583092 114.574753 30.583103 0.1 262.8 336
2016-10-21 0:39:15 413232000 114.5747 30.583092 114.574742 30.583092 0.3 270.1 337
2016-10-21 0:39:33 413232000 114.574668 30.583102 114.5747 30.583092 0.2 308.7 336
2016-10-21 0:39:52 413232000 114.574663 30.583137 114.574668 30.583102 0.1 314.2 336
2016-10-21 0:40:20 413232000 114.574672 30.58313 114.574663 30.583137 0.1 314.2 334
2016-10-21 0:40:41 413232000 114.57465 30.583115 114.574672 30.58313 0.2 241.4 334
2016-10-21 0:40:58 413232000 114.574625 30.583107 114.57465 30.583115 0.1 228.6 335
2016-10-21 0:41:13 413232000 114.57463 30.583113 114.574625 30.583107 0.1 228.6 335
2016-10-21 0:41:35 413232000 114.574637 30.58312 114.57463 30.583113 0.1 228.6 335
2016-10-21 0:41:54 413232000 114.574657 30.583102 114.574637 30.58312 0.2 188.7 334
2016-10-21 0:42:27 413232000 114.57463 30.583072 114.574657 30.583102 0.1 186.5 336
2016-10-21 0:42:47 413232000 114.574637 30.583087 114.57463 30.583072 0.1 186.5 336
2016-10-21 0:43:24 413232000 114.574645 30.583083 114.574637 30.583087 0.1 186.5 335
2016-10-21 0:43:40 413232000 114.574645 30.583078 114.574645 30.583083 0.1 186.5 336
2016-10-21 0:44:00 413232000 114.57465 30.583092 114.574645 30.583078 0.1 186.5 336
2016-10-21 0:44:16 413232000 114.574647 30.583095 114.57465 30.583092 0.2 245.1 336
2016-10-21 0:44:33 413232000 114.574642 30.5831 114.574647 30.583095 0.2 307.5 334
2016-10-21 0:44:49 413232000 114.574627 30.583118 114.574642 30.5831 0.1 309.9 334
2016-10-21 0:45:12 413232000 114.574627 30.583173 114.574627 30.583118 0.1 309.9 333
2016-10-21 0:45:31 413232000 114.574652 30.583142 114.574627 30.583173 0.1 309.9 333
2016-10-21 0:45:50 413232000 114.574683 30.58307 114.574652 30.583142 0.1 287.9 333
2016-10-21 0:46:10 413232000 114.574687 30.5831 114.574683 30.58307 0.2 253.9 335
2016-10-21 0:46:34 413232000 114.574607 30.583058 114.574687 30.5831 0.1 221.1 336
2016-10-21 0:46:54 413232000 114.574613 30.583047 114.574607 30.583058 0.2 270 336
2016-10-21 0:47:11 413232000 114.574623 30.583063 114.574613 30.583047 0.1 269.6 336
2016-10-21 0:47:30 413232000 114.57461 30.583085 114.574623 30.583063 0.1 269.6 334
2016-10-21 0:47:49 413232000 114.57462 30.58309 114.57461 30.583085 0.1 269.6 333
2016-10-21 0:48:07 413232000 114.574572 30.58312 114.57462 30.58309 0.1 269.6 333
2016-10-21 0:48:24 413232000 114.574565 30.583117 114.574572 30.58312 0.1 269.6 333
2016-10-21 0:49:04 413232000 114.574555 30.58312 114.574565 30.583117 0 269.6 333
2016-10-21 0:49:23 413232000 114.574558 30.583123 114.574555 30.58312 0.2 296.2 333
2016-10-21 0:49:41 413232000 114.574563 30.583127 114.574558 30.583123 0.1 299.2 333
2016-10-21 0:50:15 413232000 114.574568 30.583138 114.574563 30.583127 0 299.2 332
2016-10-21 0:50:31 413232000 114.57457 30.583138 114.574568 30.583138 0 299.2 332
2016-10-21 0:50:59 413232000 114.574563 30.583148 114.57457 30.583138 0.1 299.2 332
2016-10-21 0:51:18 413232000 114.57456 30.583142 114.574563 30.583148 0 299.2 332
2016-10-21 0:51:32 413232000 114.574577 30.583117 114.57456 30.583142 0 299.2 332
2016-10-21 0:52:23 413232000 114.574592 30.583138 114.574577 30.583117 0.1 299.2 333
2016-10-21 0:52:43 413232000 114.574555 30.583123 114.574592 30.583138 0 299.2 333
2016-10-21 0:53:15 413232000 114.574575 30.583108 114.574555 30.583123 0 299.2 333
2016-10-21 0:53:37 413232000 114.574575 30.583113 114.574575 30.583108 0 299.2 333
2016-10-21 0:53:55 413232000 114.574598 30.583113 114.574575 30.583113 0 299.2 333
2016-10-21 0:54:10 413232000 114.574607 30.583117 114.574598 30.583113 0 299.2 333
2016-10-21 0:54:28 413232000 114.574605 30.583117 114.574607 30.583117 0 299.2 333
2016-10-21 0:54:51 413232000 114.574595 30.5831 114.574605 30.583117 0 299.2 333
2016-10-21 0:55:27 413232000 114.574547 30.583075 114.574595 30.5831 0 299.2 333
2016-10-21 22:55:07 413232000 114.576193 30.583745 114.575805 30.583712 4 93.4 109
2016-10-21 22:57:33 413232000 114.579077 30.580847 114.576193 30.583745 7.8 148.7 145
2016-10-21 22:57:49 413232000 114.579512 30.58023 114.579077 30.580847 8.3 148.6 145
2016-10-21 22:58:18 413232000 114.580287 30.579218 114.579512 30.58023 8.8 147.3 145
2016-10-21 22:58:51 413232000 114.580808 30.578497 114.580287 30.579218 9.1 147.7 145
2016-10-21 22:59:41 413232000 114.582427 30.576247 114.580808 30.578497 9.8 149.1 144
2016-10-21 23:02:39 413232000 114.588385 30.569347 114.582427 30.576247 10.6 142.5 139
2016-10-21 23:03:28 413232000 114.590178 30.567538 114.588385 30.569347 10.4 134.1 130
2016-10-21 23:05:05 413232000 114.594465 30.564217 114.590178 30.567538 11.6 130.7 130
2016-10-21 23:05:41 413232000 114.596003 30.563087 114.594465 30.564217 12.4 130.2 130
2016-10-21 23:05:58 413232000 114.597067 30.562323 114.596003 30.563087 12.7 129.6 130
2016-10-21 23:06:11 413232000 114.597545 30.56199 114.597067 30.562323 12.9 129.3 130
2016-10-21 23:06:59 413232000 114.599558 30.560605 114.597545 30.56199 N/A N/A 131
2016-10-21 23:07:14 413232000 114.600913 30.559677 114.599558 30.560605 13.7 128.8 126
2016-10-21 23:07:30 413232000 114.60162 30.55922 114.600913 30.559677 13.7 126.7 121
2016-10-21 23:07:44 413232000 114.603402 30.558285 114.60162 30.55922 13.6 115.6 108
2016-10-21 23:08:02 413232000 114.604215 30.557988 114.603402 30.558285 13.7 111.4 108
2016-10-21 23:08:36 413232000 114.606437 30.557257 114.604215 30.557988 14.1 109.4 108
2016-10-21 23:08:52 413232000 114.60731 30.556987 114.606437 30.557257 14.3 109.3 109
2016-10-21 23:09:09 413232000 114.608707 30.556558 114.60731 30.556987 14.5 108.9 109
2016-10-21 23:09:22 413232000 114.609965 30.556175 114.608707 30.556558 14.6 109.7 106
2016-10-21 23:09:55 413232000 114.612647 30.555587 114.609965 30.556175 14.6 102.4 100
2016-10-21 23:10:09 413232000 114.613562 30.555403 114.612647 30.555587 14.6 101.3 100
2016-10-21 23:10:24 413232000 114.61449 30.555238 114.613562 30.555403 14.8 101.8 99
2016-10-21 23:10:43 413232000 114.616702 30.554907 114.61449 30.555238 14.7 95.1 89
2016-10-21 23:10:58 413232000 114.617823 30.554842 114.616702 30.554907 14.7 91.9 89
2016-10-21 23:11:12 413232000 114.618788 30.554827 114.617823 30.554842 14.9 90.6 89
2016-10-21 23:11:27 413232000 114.619837 30.554828 114.618788 30.554827 15.1 89.6 89
2016-10-21 23:11:46 413232000 114.621723 30.554898 114.619837 30.554828 15.4 89.2 90
2016-10-21 23:12:03 413232000 114.622387 30.55491 114.621723 30.554898 15.4 89.1 90
2016-10-21 23:12:20 413232000 114.624473 30.55491 114.622387 30.55491 15.6 88.1 82
2016-10-21 23:12:35 413232000 114.625717 30.554992 114.624473 30.55491 15.3 83.3 74
2016-10-21 23:12:56 413232000 114.627393 30.555322 114.625717 30.554992 14.9 74.4 62
2016-10-21 23:13:10 413232000 114.628498 30.555703 114.627393 30.555322 14.5 66 51
2016-10-21 23:13:23 413232000 114.629307 30.556093 114.628498 30.555703 14.1 57.9 45
2016-10-21 23:13:37 413232000 114.630155 30.556637 114.629307 30.556093 14.1 51.1 45
2016-10-21 23:13:58 413232000 114.631438 30.557593 114.630155 30.556637 14.4 48 45
2016-10-21 23:14:16 413232000 114.632467 30.558427 114.631438 30.557593 14.6 46.4 45
2016-10-21 23:14:35 413232000 114.633465 30.559288 114.632467 30.558427 14.8 44.1 45
2016-10-21 23:14:50 413232000 114.634143 30.559917 114.633465 30.559288 14.9 43.2 45
2016-10-21 23:15:15 413232000 114.635142 30.560872 114.634143 30.559917 15.1 41.9 46
2016-10-21 23:15:32 413232000 114.636113 30.561792 114.635142 30.560872 15.3 42.2 45
2016-10-21 23:16:03 413232000 114.637923 30.563455 114.636113 30.561792 15.5 45.9 53
2016-10-21 23:16:29 413232000 114.640018 30.565113 114.637923 30.563455 15.7 50.2 55
2016-10-21 23:16:47 413232000 114.641172 30.56592 114.640018 30.565113 15.3 51.2 56
2016-10-21 23:17:05 413232000 114.642317 30.566662 114.641172 30.56592 14.8 53 55
2016-10-21 23:17:39 413232000 114.643798 30.567645 114.642317 30.566662 14.4 52.7 56
2016-10-21 23:17:55 413232000 114.644923 30.568342 114.643798 30.567645 14.2 55.1 56
2016-10-21 23:18:24 413232000 114.646798 30.56947 114.644923 30.568342 14.1 55.6 61
2016-10-21 23:18:44 413232000 114.648408 30.570257 114.646798 30.56947 14.3 62.4 64
2016-10-21 23:19:00 413232000 114.649658 30.570797 114.648408 30.570257 14.5 63.8 65
2016-10-21 23:19:15 413232000 114.649658 30.570797 114.649658 30.570797 14.5 63.8 65
2016-10-21 23:19:32 413232000 114.651348 30.571492 114.649658 30.570797 14.5 64.3 64
2016-10-21 23:19:48 413232000 114.652607 30.57203 114.651348 30.571492 14.5 63.7 65
2016-10-21 23:20:05 413232000 114.654323 30.572703 114.652607 30.57203 14.6 65.5 66
2016-10-21 23:20:58 413232000 114.657822 30.574052 114.654323 30.572703 14.7 68 69
2016-10-21 23:21:17 413232000 114.659602 30.574688 114.657822 30.574052 14.7 67.4 69
2016-10-21 23:21:34 413232000 114.660575 30.575027 114.659602 30.574688 14.7 67.7 69
2016-10-21 23:22:56 413232000 114.666162 30.576762 114.660575 30.575027 14.6 73.3 75
2016-10-21 23:23:15 413232000 114.668003 30.57724 114.666162 30.576762 14.4 74.1 75
2016-10-21 23:23:48 413232000 114.670262 30.577785 114.668003 30.57724 14.3 75.3 75
2016-10-21 23:24:08 413232000 114.67116 30.578002 114.670262 30.577785 14.4 74.2 75
2016-10-21 23:24:43 413232000 114.674733 30.578903 114.67116 30.578002 14.5 73.4 75
2016-10-21 23:25:00 413232000 114.675642 30.579132 114.674733 30.578903 14.5 73.2 75
2016-10-21 23:25:16 413232000 114.677005 30.579462 114.675642 30.579132 14.4 73.5 75
2016-10-21 23:25:36 413232000 114.678803 30.57992 114.677005 30.579462 14.5 74.3 75
2016-10-21 23:26:58 413232000 114.684653 30.581368 114.678803 30.57992 14.6 73.9 75
2016-10-21 23:27:15 413232000 114.686013 30.581708 114.684653 30.581368 14.6 74 75
2016-10-21 23:27:50 413232000 114.688718 30.582375 114.686013 30.581708 14.6 73.7 75
2016-10-21 23:28:09 413232000 114.690072 30.582728 114.688718 30.582375 14.7 73.3 74
2016-10-21 23:28:24 413232000 114.690977 30.582968 114.690072 30.582728 14.6 72.9 74
2016-10-21 23:28:55 413232000 114.692825 30.58343 114.690977 30.582968 14.6 73 74
2016-10-21 23:29:12 413232000 114.694595 30.583925 114.692825 30.58343 14.5 72 70
2016-10-21 23:31:12 413232000 114.703475 30.586997 114.694595 30.583925 14.9 68.4 68
2016-10-21 23:31:43 413232000 114.705788 30.587765 114.703475 30.586997 15 69.1 69
2016-10-21 23:31:58 413232000 114.707568 30.588365 114.705788 30.587765 15 68.5 69
2016-10-21 23:32:15 413232000 114.70786 30.588453 114.707568 30.588365 15 68.5 69
2016-10-21 23:32:33 413232000 114.7093 30.588933 114.70786 30.588453 15 68.5 68
2016-10-21 23:33:27 413232000 114.713305 30.590422 114.7093 30.588933 15 65.2 65
2016-10-21 23:35:43 413232000 114.72377 30.59472 114.713305 30.590422 15.1 64 64
2016-10-21 23:36:34 413232000 114.727697 30.596368 114.72377 30.59472 15 64 65
2016-10-21 23:39:21 413232000 114.738737 30.601517 114.727697 30.596368 14.8 60.3 60
2016-10-21 23:40:52 413232000 114.745352 30.604822 114.738737 30.601517 14.7 59.7 60
2016-10-21 23:41:49 413232000 114.749057 30.606663 114.745352 30.604822 14.7 60 60
2016-10-21 23:42:06 413232000 114.7507 30.607482 114.749057 30.606663 14.7 59.7 61
2016-10-21 23:43:01 413232000 114.75366 30.608785 114.7507 30.607482 14.6 67.4 70
2016-10-21 23:43:17 413232000 114.755353 30.60935 114.75366 30.608785 14.6 69 70
2016-10-21 23:44:15 413232000 114.758953 30.610533 114.755353 30.60935 14.6 70 69
2016-10-21 23:45:37 413232000 114.766215 30.612345 114.758953 30.610533 14.6 79 80
2016-10-21 23:46:10 413232000 114.768995 30.612792 114.766215 30.612345 14.6 79.4 80
2016-10-21 23:46:32 413232000 114.769462 30.61287 114.768995 30.612792 14.7 79.7 80
2016-10-21 23:46:50 413232000 114.77171 30.613227 114.769462 30.61287 14.7 79.9 81
2016-10-21 23:47:44 413232000 114.776002 30.613558 114.77171 30.613227 14.8 89.1 90
