2016-10-18 20:00:32 413819094 114.55248 30.642775 114.553978 30.639322 4.2 339.9 339
2016-10-18 20:13:51 413819094 114.546307 30.65555 114.54763 30.65344 3.4 333.5 333
2016-10-18 20:15:50 413819094 114.545448 30.657207 114.546307 30.65555 3.3 332.4 332
2016-10-18 20:31:51 413819094 114.538157 30.670698 114.539308 30.669053 3.4 326.3 326
2016-10-18 20:32:57 413819094 114.537548 30.671487 114.538157 30.670698 3.4 324.6 324
2016-10-18 20:33:15 413819094 114.53725 30.671867 114.537548 30.671487 3.4 325.3 325
2016-10-18 20:40:36 413819094 114.531922 30.676855 114.5335 30.675518 3.4 312.6 312
2016-10-18 20:43:01 413819094 114.529818 30.678517 114.531922 30.676855 3.6 309.8 309
2016-10-18 20:44:57 413819094 114.527958 30.679693 114.529818 30.678517 3.7 309.1 309
2016-10-18 20:46:38 413819094 114.526548 30.680615 114.527958 30.679693 3.7 304.2 304
2016-10-18 20:48:44 413819094 114.524467 30.681957 114.526548 30.680615 3.7 304 304
2016-10-18 20:49:48 413819094 114.523455 30.68249 114.524467 30.681957 3.7 299.2 299
2016-10-18 20:50:20 413819094 114.522938 30.682715 114.523455 30.68249 3.7 295.5 295
2016-10-18 20:50:47 413819094 114.522378 30.682937 114.522938 30.682715 3.7 295.1 295
2016-10-18 20:53:13 413819094 114.519645 30.68387 114.522378 30.682937 3.7 285.4 285
2016-10-18 20:56:13 413819094 114.516167 30.684828 114.519645 30.68387 3.8 286.1 286
2016-10-18 20:57:15 413819094 114.516167 30.684828 114.516167 30.684828 3.8 286.1 286
2016-10-18 20:57:31 413819094 114.51483 30.68519 114.516167 30.684828 3.8 286.3 286
2016-10-18 20:58:36 413819094 114.51364 30.68554 114.51483 30.68519 3.8 288 288
2016-10-18 20:58:51 413819094 114.513028 30.685675 114.51364 30.68554 3.8 284.4 284
2016-10-18 20:59:19 413819094 114.51245 30.685768 114.513028 30.685675 3.7 279.9 279
2016-10-18 21:00:25 413819094 114.511248 30.685885 114.51245 30.685768 3.7 274.9 274
2016-10-18 21:00:55 413819094 114.510622 30.685938 114.511248 30.685885 3.8 275.1 275
2016-10-18 21:01:27 413819094 114.51004 30.685988 114.510622 30.685938 3.7 277 277
2016-10-18 21:02:02 413819094 114.509432 30.686093 114.51004 30.685988 3.7 282 282
2016-10-18 21:02:53 413819094 114.50824 30.686273 114.509432 30.686093 3.7 276.4 276
2016-10-18 21:03:55 413819094 114.507058 30.686383 114.50824 30.686273 3.7 278.9 278
2016-10-18 21:05:58 413819094 114.504802 30.686602 114.507058 30.686383 3.4 271.2 271
2016-10-18 21:07:32 413819094 114.504802 30.686602 114.504802 30.686602 3.4 271.2 271
2016-10-18 21:08:03 413819094 114.502352 30.687022 114.504802 30.686602 3.6 277.8 277
2016-10-18 21:08:34 413819094 114.50179 30.687072 114.502352 30.687022 3.6 276.2 276
2016-10-18 21:09:04 413819094 114.501187 30.687118 114.50179 30.687072 3.6 275.1 275
2016-10-18 21:09:36 413819094 114.500628 30.687157 114.501187 30.687118 3.6 273.8 273
2016-10-18 21:10:10 413819094 114.500043 30.687138 114.500628 30.687157 3.6 267.2 267
2016-10-18 21:11:43 413819094 114.498288 30.687197 114.500043 30.687138 3.6 274.8 274
2016-10-18 21:12:15 413819094 114.497732 30.687237 114.498288 30.687197 3.5 273.8 273
2016-10-18 21:12:42 413819094 114.49716 30.687228 114.497732 30.687237 3.4 268.5 268
2016-10-18 21:13:07 413819094 114.496642 30.687203 114.49716 30.687228 3.3 266.7 266
2016-10-18 21:13:37 413819094 114.496097 30.687175 114.496642 30.687203 3.3 266.5 266
2016-10-18 21:14:11 413819094 114.49561 30.687137 114.496097 30.687175 3.1 264.3 264
2016-10-18 21:14:41 413819094 114.49512 30.687057 114.49561 30.687137 2.9 258.3 258
2016-10-18 21:15:15 413819094 114.494682 30.686975 114.49512 30.687057 2.9 258.5 258
2016-10-18 21:15:33 413819094 114.494223 30.686925 114.494682 30.686975 2.7 263.6 263
2016-10-18 21:16:45 413819094 114.493427 30.68676 114.494223 30.686925 2.4 253.5 253
2016-10-18 21:17:13 413819094 114.493078 30.686713 114.493427 30.68676 2.2 261.4 261
2016-10-18 21:20:45 413819094 114.491433 30.686173 114.493078 30.686713 1.1 236.8 236
2016-10-18 21:24:36 413819094 114.491433 30.686173 114.491433 30.686173 1.1 236.8 236
2016-10-18 21:28:51 413819094 114.490913 30.685903 114.491433 30.686173 0.2 147.2 147
2016-10-18 21:42:55 413819094 114.491108 30.685555 114.491122 30.685552 0 261 261
2016-10-18 21:45:53 413819094 114.491102 30.685547 114.491108 30.685555 0 19.1 19
2016-10-18 21:49:06 413819094 114.4911 30.68555 114.491102 30.685547 0 153.6 153
2016-10-18 21:52:00 413819094 114.491108 30.685548 114.4911 30.68555 0 139.6 139
2016-10-18 21:55:13 413819094 114.491118 30.68552 114.491108 30.685548 0.1 136 136
2016-10-18 21:58:04 413819094 114.491115 30.68554 114.491118 30.68552 0 102.7 102
2016-10-18 22:01:09 413819094 114.491127 30.685507 114.491115 30.68554 0 329.4 329
2016-10-18 22:04:15 413819094 114.491117 30.685538 114.491127 30.685507 0 354.7 354
2016-10-18 22:07:16 413819094 114.491113 30.685538 114.491117 30.685538 0.1 171.2 171
2016-10-18 22:10:18 413819094 114.491113 30.685528 114.491113 30.685538 0 32.6 32
2016-10-18 22:13:33 413819094 114.49111 30.685562 114.491113 30.685528 0.1 3 3
2016-10-18 22:16:31 413819094 114.491105 30.68554 114.49111 30.685562 0 171.9 171
2016-10-18 22:19:36 413819094 114.49111 30.685545 114.491105 30.68554 0 153.6 153
2016-10-18 22:22:34 413819094 114.491098 30.685538 114.49111 30.685545 0.1 275.9 275
2016-10-18 22:34:49 413819094 114.49113 30.685538 114.491122 30.685542 0.1 149 149
2016-10-18 22:37:58 413819094 114.491117 30.685542 114.49113 30.685538 0 26.7 26
2016-10-18 22:40:55 413819094 114.491117 30.685542 114.491117 30.685542 0.1 339 339
2016-10-18 22:47:13 413819094 114.491135 30.68553 114.491135 30.68553 0 61.8 61
2016-10-18 22:50:04 413819094 114.49111 30.685562 114.491135 30.68553 0.1 155.4 155
2016-10-18 22:53:16 413819094 114.49113 30.68555 114.49111 30.685562 0 349.2 349
2016-10-18 22:56:08 413819094 114.491107 30.685555 114.49113 30.68555 0.1 112.5 112
2016-10-18 22:59:13 413819094 114.491118 30.685543 114.491107 30.685555 0.1 340.3 340
2016-10-18 23:02:13 413819094 114.491135 30.685517 114.491118 30.685543 0 216.8 216
2016-10-18 23:05:22 413819094 114.491137 30.685548 114.491135 30.685517 0.1 3.7 3
2016-10-18 23:08:27 413819094 114.491123 30.685562 114.491137 30.685548 0 68.3 68
2016-10-18 23:11:25 413819094 114.491123 30.685562 114.491123 30.685562 0 68.3 68
2016-10-18 23:14:36 413819094 114.49111 30.68558 114.491123 30.685562 0 333.1 333
2016-10-18 23:17:39 413819094 114.49112 30.685555 114.49111 30.68558 0.1 153.5 153
2016-10-18 23:19:22 413819094 114.49115 30.68553 114.49112 30.685555 0.1 95.4 95
2016-10-18 23:22:44 413819094 114.491117 30.685548 114.49115 30.68553 0 120.1 120
2016-10-18 23:25:53 413819094 114.491122 30.685555 114.491117 30.685548 0.1 64.9 64
2016-10-18 23:29:06 413819094 114.491112 30.685547 114.491122 30.685555 0 247.2 247
2016-10-18 23:32:11 413819094 114.491125 30.685548 114.491112 30.685547 0 55.9 55
2016-10-18 23:35:07 413819094 114.491122 30.685557 114.491125 30.685548 0 296.7 296
2016-10-18 23:38:13 413819094 114.491117 30.685545 114.491122 30.685557 0 293.1 293
2016-10-18 23:41:19 413819094 114.491117 30.685545 114.491117 30.685545 0 293.1 293
2016-10-18 23:42:42 413819094 114.491128 30.68555 114.491117 30.685545 0.1 287.7 287
2016-10-18 23:45:54 413819094 114.491135 30.68557 114.491128 30.68555 0 333.9 333
2016-10-18 23:48:55 413819094 114.491123 30.68557 114.491135 30.68557 0.1 222.9 222
2016-10-18 23:51:53 413819094 114.491105 30.685543 114.491123 30.68557 0 155.8 155
2016-10-18 23:54:59 413819094 114.49112 30.685567 114.491105 30.685543 0.1 22 22
2016-10-18 23:57:54 413819094 114.491135 30.685557 114.49112 30.685567 0.1 293.4 293
2016-10-18 23:58:10 413819094 114.491135 30.685557 114.491135 30.685557 0.1 293.4 293
