2016-10-23 0:00:27 413829449 114.411317 30.65795 114.411317 30.65795 0 249.1 249
2016-10-23 0:01:15 413829449 114.411333 30.657967 114.411317 30.65795 0 0.7 0
2016-10-23 0:01:36 413829449 114.411333 30.657983 114.411333 30.657967 0 15.8 15
2016-10-23 0:02:23 413829449 114.41135 30.658017 114.411333 30.657983 0 24.5 24
2016-10-23 0:03:54 413829449 114.411383 30.658067 114.41135 30.658017 0.1 29.8 29
2016-10-23 0:04:32 413829449 114.4114 30.6581 114.411383 30.658067 0.1 31.2 31
2016-10-23 0:04:51 413829449 114.411417 30.658117 114.4114 30.6581 0.1 30.1 30
2016-10-23 0:05:32 413829449 114.411417 30.658133 114.411417 30.658117 0 31.5 31
2016-10-23 0:08:23 413829449 114.411433 30.658067 114.411417 30.658133 0 56.6 56
2016-10-23 0:09:25 413829449 114.411417 30.658017 114.411433 30.658067 0 80.4 80
2016-10-23 0:10:09 413829449 114.411417 30.657983 114.411417 30.658017 0 189.7 189
2016-10-23 0:10:30 413829449 114.4114 30.657983 114.411417 30.657983 0 196 196
2016-10-23 0:10:47 413829449 114.4114 30.657967 114.4114 30.657983 0 137 137
2016-10-23 0:12:09 413829449 114.411383 30.657967 114.4114 30.657967 0 310.6 310
2016-10-23 0:12:48 413829449 114.411383 30.657983 114.411383 30.657967 0 325.5 325
2016-10-23 0:13:38 413829449 114.411367 30.657983 114.411383 30.657983 0 308.7 308
2016-10-23 0:14:34 413829449 114.41135 30.657983 114.411367 30.657983 0 2.5 2
2016-10-23 0:14:50 413829449 114.41135 30.658 114.41135 30.657983 0.1 355.2 355
2016-10-23 0:16:53 413829449 114.41135 30.65805 114.41135 30.658 0.1 10.9 10
2016-10-23 0:18:00 413829449 114.411367 30.658083 114.41135 30.65805 0 14.6 14
2016-10-23 0:19:08 413829449 114.411383 30.658083 114.411367 30.658083 0 24 24
2016-10-23 0:19:40 413829449 114.411367 30.658083 114.411383 30.658083 0 15.5 15
2016-10-23 0:20:01 413829449 114.411383 30.658083 114.411367 30.658083 0 28.6 28
2016-10-23 0:21:08 413829449 114.4114 30.658117 114.411383 30.658083 0 36.1 36
2016-10-23 0:21:24 413829449 114.4114 30.658117 114.4114 30.658117 0 37.7 37
2016-10-23 0:22:22 413829449 114.411383 30.658083 114.4114 30.658117 0 5.3 5
2016-10-23 0:23:09 413829449 114.4114 30.6581 114.411383 30.658083 0 16.4 16
2016-10-23 0:23:59 413829449 114.411417 30.658133 114.4114 30.6581 0 22.5 22
2016-10-23 0:24:10 413829449 114.411417 30.658133 114.411417 30.658133 0 26.1 26
2016-10-23 0:25:37 413829449 114.411417 30.658133 114.411417 30.658133 0 30.3 30
2016-10-23 0:26:23 413829449 114.411417 30.658117 114.411417 30.658133 0 25.3 25
2016-10-23 0:27:57 413829449 114.411417 30.6581 114.411417 30.658117 0 104.6 104
2016-10-23 0:28:48 413829449 114.411417 30.6581 114.411417 30.6581 0 173 173
2016-10-23 0:29:44 413829449 114.411417 30.658067 114.411417 30.6581 0 196.1 196
2016-10-23 0:30:25 413829449 114.411433 30.6581 114.411417 30.658067 0 253.6 253
2016-10-23 0:30:54 413829449 114.411433 30.6581 114.411433 30.6581 0 271.6 271
2016-10-23 0:32:20 413829449 114.411383 30.658067 114.411433 30.6581 0 254.8 254
2016-10-23 0:32:39 413829449 114.411367 30.65805 114.411383 30.658067 0 247.1 247
2016-10-23 0:33:10 413829449 114.41135 30.65805 114.411367 30.65805 0 265.8 265
2016-10-23 0:35:07 413829449 114.411317 30.65805 114.41135 30.65805 0 2.3 2
2016-10-23 0:36:22 413829449 114.411333 30.658067 114.411317 30.65805 0 27 27
2016-10-23 0:36:41 413829449 114.41135 30.658083 114.411333 30.658067 0.1 25.9 25
2016-10-23 0:37:33 413829449 114.411367 30.658117 114.41135 30.658083 0 52.5 52
2016-10-23 0:38:35 413829449 114.4114 30.658133 114.411367 30.658117 0 75.3 75
2016-10-23 0:38:54 413829449 114.411417 30.658133 114.4114 30.658133 0 99.8 99
2016-10-23 0:39:09 413829449 114.411417 30.658133 114.411417 30.658133 0 141.2 141
2016-10-23 0:40:08 413829449 114.411417 30.658117 114.411417 30.658133 0 184.7 184
2016-10-23 0:40:39 413829449 114.411417 30.658083 114.411417 30.658117 0 206.1 206
2016-10-23 0:41:07 413829449 114.411417 30.658083 114.411417 30.658083 0 213.8 213
2016-10-23 0:41:24 413829449 114.4114 30.658067 114.411417 30.658083 0 218.1 218
2016-10-23 0:43:36 413829449 114.411317 30.658017 114.4114 30.658067 0 237.1 237
2016-10-23 0:44:20 413829449 114.4113 30.658017 114.411317 30.658017 0 263.9 263
2016-10-23 0:45:10 413829449 114.4113 30.658033 114.4113 30.658017 0 327.1 327
2016-10-23 0:45:46 413829449 114.4113 30.658033 114.4113 30.658033 0 31 31
2016-10-23 0:47:17 413829449 114.411317 30.658067 114.4113 30.658033 0 37.3 37
2016-10-23 0:47:44 413829449 114.411333 30.658083 114.411317 30.658067 0 31.8 31
2016-10-23 0:48:06 413829449 114.411333 30.658083 114.411333 30.658083 0 36.1 36
2016-10-23 0:48:24 413829449 114.41135 30.6581 114.411333 30.658083 0 49.2 49
2016-10-23 0:48:42 413829449 114.41135 30.6581 114.41135 30.6581 0 55.4 55
2016-10-23 0:49:37 413829449 114.411367 30.658117 114.41135 30.6581 0 81.2 81
2016-10-23 0:50:25 413829449 114.411383 30.658117 114.411367 30.658117 0 110.9 110
2016-10-23 0:51:44 413829449 114.411417 30.658083 114.411383 30.658117 0 173.3 173
2016-10-23 0:52:17 413829449 114.411417 30.658083 114.411417 30.658083 0 187 187
2016-10-23 0:53:06 413829449 114.4114 30.658067 114.411417 30.658083 0 222.7 222
2016-10-23 0:53:59 413829449 114.411383 30.658067 114.4114 30.658067 0 229.2 229
2016-10-23 0:54:42 413829449 114.411367 30.65805 114.411383 30.658067 0 223.8 223
2016-10-23 0:55:07 413829449 114.411367 30.65805 114.411367 30.65805 0 226.6 226
2016-10-23 0:56:11 413829449 114.411367 30.65805 114.411367 30.65805 0 236.3 236
2016-10-23 0:56:29 413829449 114.411367 30.65805 114.411367 30.65805 0 193 193
2016-10-23 0:56:48 413829449 114.41135 30.65805 114.411367 30.65805 0 223.7 223
2016-10-23 0:58:48 413829449 114.411333 30.658033 114.41135 30.65805 0 228.3 228
2016-10-23 0:59:03 413829449 114.411333 30.658033 114.411333 30.658033 0 252.2 252
2016-10-23 0:59:20 413829449 114.411333 30.658033 114.411333 30.658033 0 280.3 280
2016-10-23 1:00:51 413829449 114.411317 30.658033 114.411333 30.658033 0 64.7 64
2016-10-23 1:01:16 413829449 114.411317 30.65805 114.411317 30.658033 0 63 63
2016-10-23 1:01:33 413829449 114.411333 30.65805 114.411317 30.65805 0 49.7 49
2016-10-23 1:02:02 413829449 114.411333 30.65805 114.411333 30.65805 0 45.7 45
2016-10-23 1:02:44 413829449 114.411333 30.658067 114.411333 30.65805 0 38.5 38
2016-10-23 1:03:38 413829449 114.41135 30.658067 114.411333 30.658067 0 60.8 60
2016-10-23 1:03:55 413829449 114.41135 30.658067 114.41135 30.658067 0 57.5 57
2016-10-23 1:04:57 413829449 114.411367 30.658067 114.41135 30.658067 0 68.4 68
2016-10-23 1:06:11 413829449 114.411417 30.658083 114.411367 30.658067 0 56.2 56
2016-10-23 1:06:30 413829449 114.411417 30.6581 114.411417 30.658083 0 95.3 95
2016-10-23 1:07:03 413829449 114.411433 30.6581 114.411417 30.6581 0 174.6 174
2016-10-23 1:07:37 413829449 114.411433 30.6581 114.411433 30.6581 0 191.9 191
2016-10-23 1:07:54 413829449 114.411417 30.658083 114.411433 30.6581 0 199.2 199
2016-10-23 1:08:09 413829449 114.411417 30.658083 114.411417 30.658083 0 211.6 211
2016-10-23 1:09:17 413829449 114.411383 30.65805 114.411417 30.658083 0 210.3 210
2016-10-23 1:09:39 413829449 114.411383 30.658033 114.411383 30.65805 0 213.4 213
2016-10-23 1:10:11 413829449 114.411367 30.658033 114.411383 30.658033 0 217.7 217
2016-10-23 1:10:26 413829449 114.411367 30.658017 114.411367 30.658033 0 220.7 220
2016-10-23 1:12:24 413829449 114.41135 30.658033 114.411367 30.658017 0 349 349
2016-10-23 1:14:10 413829449 114.411333 30.65805 114.41135 30.658033 0 26.9 26
2016-10-23 1:14:47 413829449 114.411333 30.65805 114.411333 30.65805 0 42 42
2016-10-23 1:15:12 413829449 114.41135 30.65805 114.411333 30.65805 0 50.1 50
2016-10-23 1:15:58 413829449 114.41135 30.65805 114.41135 30.65805 0 61.3 61
2016-10-23 1:16:40 413829449 114.411367 30.658067 114.41135 30.65805 0 73.2 73
2016-10-23 1:18:13 413829449 114.411383 30.65805 114.411367 30.658067 0 77 77
2016-10-23 1:18:49 413829449 114.411383 30.658033 114.411383 30.65805 0 87.8 87
2016-10-23 1:19:41 413829449 114.4114 30.658033 114.411383 30.658033 0 96.4 96
2016-10-23 1:20:19 413829449 114.411417 30.65805 114.4114 30.658033 0 86.3 86
2016-10-23 1:21:09 413829449 114.4114 30.658033 114.411417 30.65805 0 182.9 182
2016-10-23 1:22:36 413829449 114.411383 30.658033 114.4114 30.658033 0 11 11
2016-10-23 1:22:52 413829449 114.411383 30.65805 114.411383 30.658033 0 33.1 33
2016-10-23 1:24:52 413829449 114.411383 30.658067 114.411383 30.65805 0 21.6 21
2016-10-23 1:25:08 413829449 114.411383 30.658067 114.411383 30.658067 0 26.8 26
2016-10-23 1:25:37 413829449 114.411383 30.658083 114.411383 30.658067 0 13.9 13
2016-10-23 1:25:56 413829449 114.411383 30.658083 114.411383 30.658083 0 17.1 17
2016-10-23 1:27:41 413829449 114.411333 30.65805 114.411383 30.658083 0 52.9 52
2016-10-23 1:28:16 413829449 114.411333 30.658067 114.411333 30.65805 0 57.3 57
2016-10-23 1:28:31 413829449 114.411333 30.658067 114.411333 30.658067 0 58.3 58
2016-10-23 1:29:20 413829449 114.41135 30.658067 114.411333 30.658067 0 57.4 57
2016-10-23 1:29:35 413829449 114.41135 30.658067 114.41135 30.658067 0 50.3 50
2016-10-23 1:29:49 413829449 114.411367 30.658083 114.41135 30.658067 0 46.9 46
2016-10-23 1:30:30 413829449 114.411367 30.658083 114.411367 30.658083 0 47 47
2016-10-23 1:31:19 413829449 114.4114 30.6581 114.411367 30.658083 0 58.9 58
2016-10-23 1:31:45 413829449 114.4114 30.6581 114.4114 30.6581 0 69.1 69
2016-10-23 1:32:04 413829449 114.4114 30.6581 114.4114 30.6581 0 79.3 79
2016-10-23 1:33:00 413829449 114.411367 30.658083 114.4114 30.6581 0 108.3 108
2016-10-23 1:33:32 413829449 114.411383 30.658067 114.411367 30.658083 0 117 117
2016-10-23 1:34:10 413829449 114.411383 30.658067 114.411383 30.658067 0 113.6 113
2016-10-23 1:35:44 413829449 114.411383 30.658033 114.411383 30.658067 0 228 228
2016-10-23 1:36:22 413829449 114.411383 30.658033 114.411383 30.658033 0 283.3 283
2016-10-23 1:37:03 413829449 114.411367 30.658033 114.411383 30.658033 0 17.6 17
2016-10-23 1:37:56 413829449 114.411367 30.65805 114.411367 30.658033 0 31.8 31
2016-10-23 1:38:28 413829449 114.411367 30.658067 114.411367 30.65805 0 34 34
2016-10-23 1:38:46 413829449 114.411367 30.658067 114.411367 30.658067 0 39 39
2016-10-23 1:39:13 413829449 114.411367 30.658067 114.411367 30.658067 0 36.5 36
2016-10-23 1:40:31 413829449 114.411383 30.6581 114.411367 30.658067 0 43.7 43
2016-10-23 1:40:50 413829449 114.411383 30.658083 114.411383 30.6581 0 32.9 32
2016-10-23 1:41:40 413829449 114.4114 30.658083 114.411383 30.658083 0 52.1 52
2016-10-23 1:42:16 413829449 114.411417 30.658083 114.4114 30.658083 0 63.8 63
2016-10-23 1:43:13 413829449 114.411433 30.658083 114.411417 30.658083 0 90.5 90
2016-10-23 1:43:28 413829449 114.411433 30.658083 114.411433 30.658083 0 117.5 117
2016-10-23 1:44:33 413829449 114.4114 30.65805 114.411433 30.658083 0 228.8 228
2016-10-23 1:45:25 413829449 114.411383 30.658033 114.4114 30.65805 0 241.5 241
2016-10-23 1:45:56 413829449 114.411383 30.658033 114.411383 30.658033 0 317.9 317
2016-10-23 1:46:41 413829449 114.411367 30.658033 114.411383 30.658033 0 2.4 2
2016-10-23 1:47:25 413829449 114.41135 30.658033 114.411367 30.658033 0 15.5 15
2016-10-23 1:48:02 413829449 114.41135 30.65805 114.41135 30.658033 0 18.9 18
2016-10-23 1:49:17 413829449 114.411367 30.658083 114.41135 30.65805 0 27 27
2016-10-23 1:50:14 413829449 114.411383 30.658117 114.411367 30.658083 0 41.2 41
2016-10-23 1:51:23 413829449 114.411417 30.658117 114.411383 30.658117 0 67.9 67
2016-10-23 1:51:54 413829449 114.411433 30.658117 114.411417 30.658117 0 107 107
2016-10-23 1:53:22 413829449 114.41145 30.658067 114.411433 30.658117 0 119 119
2016-10-23 1:53:48 413829449 114.41145 30.658067 114.41145 30.658067 0 166.9 166
2016-10-23 1:54:08 413829449 114.41145 30.658067 114.41145 30.658067 0 215.3 215
2016-10-23 1:54:25 413829449 114.41145 30.65805 114.41145 30.658067 0 230.8 230
2016-10-23 1:55:39 413829449 114.411417 30.658017 114.41145 30.65805 0 235.5 235
2016-10-23 1:55:55 413829449 114.411417 30.658017 114.411417 30.658017 0 293.3 293
2016-10-23 1:56:18 413829449 114.4114 30.658017 114.411417 30.658017 0 326.7 326
2016-10-23 1:56:36 413829449 114.4114 30.658017 114.4114 30.658017 0 357 357
2016-10-23 1:57:55 413829449 114.411383 30.658017 114.4114 30.658017 0 13.7 13
2016-10-23 1:58:10 413829449 114.41135 30.658017 114.411383 30.658017 0 0.3 0
2016-10-23 1:58:25 413829449 114.41135 30.658017 114.41135 30.658017 0 11.9 11
2016-10-23 1:59:13 413829449 114.41135 30.658033 114.41135 30.658017 0 355 355
2016-10-23 2:00:02 413829449 114.41135 30.658033 114.41135 30.658033 0 14.8 14
2016-10-23 2:00:22 413829449 114.41135 30.658033 114.41135 30.658033 0 12.8 12
2016-10-23 2:00:38 413829449 114.41135 30.658033 114.41135 30.658033 0 22.4 22
2016-10-23 2:01:17 413829449 114.411333 30.658033 114.41135 30.658033 0 16.8 16
2016-10-23 2:02:05 413829449 114.41135 30.658033 114.411333 30.658033 0 12.3 12
2016-10-23 2:03:04 413829449 114.41135 30.65805 114.41135 30.658033 0 23.3 23
2016-10-23 2:03:41 413829449 114.411367 30.658067 114.41135 30.65805 0.1 31.8 31
2016-10-23 2:04:53 413829449 114.4114 30.6581 114.411367 30.658067 0.1 43.3 43
2016-10-23 2:07:44 413829449 114.411417 30.65805 114.4114 30.6581 0 202.1 202
2016-10-23 2:08:51 413829449 114.4114 30.658017 114.411417 30.65805 0 232.1 232
2016-10-23 2:09:41 413829449 114.411383 30.658 114.4114 30.658017 0 258.6 258
2016-10-23 2:09:59 413829449 114.411367 30.658 114.411383 30.658 0 299 299
2016-10-23 2:10:55 413829449 114.411367 30.658 114.411367 30.658 0 8.1 8
2016-10-23 2:11:14 413829449 114.411367 30.658 114.411367 30.658 0 0.8 0
2016-10-23 2:11:44 413829449 114.41135 30.658 114.411367 30.658 0 15.5 15
2016-10-23 2:12:13 413829449 114.41135 30.658 114.41135 30.658 0 12.2 12
2016-10-23 2:13:22 413829449 114.41135 30.658017 114.41135 30.658 0 6 6
2016-10-23 2:14:27 413829449 114.411317 30.658 114.41135 30.658017 0 14.2 14
2016-10-23 2:15:46 413829449 114.411317 30.658 114.411317 30.658 0 37 37
2016-10-23 2:15:59 413829449 114.411317 30.658 114.411317 30.658 0 44.9 44
2016-10-23 2:16:38 413829449 114.411317 30.658017 114.411317 30.658 0.1 37.1 37
2016-10-23 2:17:53 413829449 114.411333 30.65805 114.411317 30.658017 0.1 39.2 39
2016-10-23 2:18:14 413829449 114.41135 30.658067 114.411333 30.65805 0.2 44 44
2016-10-23 2:18:47 413829449 114.411383 30.658083 114.41135 30.658067 0.2 49.2 49
2016-10-23 2:20:24 413829449 114.41145 30.6581 114.411383 30.658083 0 164.3 164
2016-10-23 2:20:51 413829449 114.411433 30.658067 114.41145 30.6581 0 185.2 185
2016-10-23 2:24:17 413829449 114.411283 30.65795 114.411433 30.658067 0 287.3 287
2016-10-23 2:24:35 413829449 114.411283 30.65795 114.411283 30.65795 0 295.8 295
2016-10-23 2:24:50 413829449 114.411267 30.65795 114.411283 30.65795 0 303.3 303
2016-10-23 2:25:19 413829449 114.411267 30.65795 114.411267 30.65795 0 319.2 319
2016-10-23 2:26:26 413829449 114.411233 30.65795 114.411267 30.65795 0 21.9 21
2016-10-23 2:26:49 413829449 114.411233 30.657967 114.411233 30.65795 0 26.3 26
2016-10-23 2:28:25 413829449 114.411267 30.658033 114.411233 30.657967 0.1 37.9 37
2016-10-23 2:29:02 413829449 114.411267 30.658033 114.411267 30.658033 0.1 37.8 37
2016-10-23 2:29:19 413829449 114.4113 30.65805 114.411267 30.658033 0.1 52.8 52
2016-10-23 2:29:33 413829449 114.4113 30.658067 114.4113 30.65805 0.1 52.8 52
2016-10-23 2:30:10 413829449 114.41135 30.658083 114.4113 30.658067 0.1 50.4 50
2016-10-23 2:30:38 413829449 114.4114 30.658133 114.41135 30.658083 0.1 57.2 57
2016-10-23 2:31:28 413829449 114.411433 30.658133 114.4114 30.658133 0 100 100
2016-10-23 2:32:58 413829449 114.411417 30.658067 114.411433 30.658133 0 193 193
2016-10-23 2:33:19 413829449 114.411417 30.658067 114.411417 30.658067 0 199.7 199
2016-10-23 2:33:32 413829449 114.4114 30.65805 114.411417 30.658067 0 214.1 214
2016-10-23 2:33:58 413829449 114.411383 30.658033 114.4114 30.65805 0 184.9 184
2016-10-23 2:34:24 413829449 114.411383 30.658033 114.411383 30.658033 0 67.2 67
2016-10-23 2:35:00 413829449 114.411383 30.658033 114.411383 30.658033 0 38.5 38
2016-10-23 2:35:32 413829449 114.411367 30.658033 114.411383 30.658033 0 23.8 23
2016-10-23 2:35:49 413829449 114.411367 30.658033 114.411367 30.658033 0 33.4 33
2016-10-23 2:37:41 413829449 114.411383 30.65805 114.411367 30.658033 0 3.3 3
2016-10-23 2:38:22 413829449 114.411367 30.65805 114.411383 30.65805 0 354.4 354
2016-10-23 2:39:25 413829449 114.4114 30.658067 114.411367 30.65805 0 295.1 295
2016-10-23 2:40:15 413829449 114.411383 30.65805 114.4114 30.658067 0 110.6 110
2016-10-23 2:41:33 413829449 114.411367 30.658033 114.411383 30.65805 0 49.8 49
2016-10-23 2:42:27 413829449 114.411367 30.658033 114.411367 30.658033 0 56.9 56
2016-10-23 2:44:02 413829449 114.411333 30.65805 114.411367 30.658033 0 0 0
2016-10-23 2:44:30 413829449 114.41135 30.658083 114.411333 30.65805 0 28.2 28
2016-10-23 2:46:09 413829449 114.41135 30.658083 114.41135 30.658083 0 36 36
2016-10-23 2:46:40 413829449 114.411367 30.6581 114.41135 30.658083 0 91.7 91
2016-10-23 2:48:37 413829449 114.411367 30.65805 114.411367 30.6581 0 179.3 179
2016-10-23 2:49:02 413829449 114.411367 30.65805 114.411367 30.65805 0 188 188
2016-10-23 2:50:52 413829449 114.411333 30.65805 114.411367 30.65805 0 283.6 283
2016-10-23 2:52:54 413829449 114.4113 30.658067 114.411333 30.65805 0 3 3
2016-10-23 2:55:00 413829449 114.4113 30.6581 114.4113 30.658067 0 40.8 40
2016-10-23 2:55:31 413829449 114.411317 30.658117 114.4113 30.6581 0 44.5 44
2016-10-23 2:56:12 413829449 114.411333 30.658117 114.411317 30.658117 0 69.9 69
2016-10-23 2:57:26 413829449 114.41135 30.658133 114.411333 30.658117 0 54.8 54
2016-10-23 2:58:19 413829449 114.411367 30.658133 114.41135 30.658133 0 54.3 54
2016-10-23 3:01:28 413829449 114.411433 30.658117 114.411367 30.658133 0 329.7 329
2016-10-23 3:03:31 413829449 114.4114 30.658067 114.411433 30.658117 0 277.4 277
2016-10-23 3:04:07 413829449 114.411383 30.65805 114.4114 30.658067 0 278.9 278
2016-10-23 3:04:23 413829449 114.411367 30.658033 114.411383 30.65805 0 273.4 273
2016-10-23 3:05:16 413829449 114.411333 30.658033 114.411367 30.658033 0 301.2 301
2016-10-23 3:05:51 413829449 114.41135 30.65805 114.411333 30.658033 0 299.6 299
2016-10-23 3:06:06 413829449 114.411333 30.65805 114.41135 30.65805 0 304.4 304
2016-10-23 3:06:37 413829449 114.411317 30.65805 114.411333 30.65805 0 310.9 310
2016-10-23 3:09:01 413829449 114.411267 30.65805 114.411317 30.65805 0 320.9 320
2016-10-23 3:10:08 413829449 114.411283 30.658067 114.411267 30.65805 0 348.2 348
2016-10-23 3:10:36 413829449 114.411283 30.658067 114.411283 30.658067 0 5.1 5
2016-10-23 3:11:12 413829449 114.4113 30.658067 114.411283 30.658067 0 0.4 0
2016-10-23 3:12:34 413829449 114.4113 30.658067 114.4113 30.658067 0 69.9 69
2016-10-23 3:14:34 413829449 114.4113 30.65805 114.4113 30.658067 0 326.1 326
2016-10-23 3:15:25 413829449 114.411317 30.65805 114.4113 30.65805 0 350.4 350
2016-10-23 3:15:46 413829449 114.411317 30.65805 114.411317 30.65805 0 345.3 345
2016-10-23 3:16:53 413829449 114.411367 30.658083 114.411317 30.65805 0 280.6 280
2016-10-23 3:17:10 413829449 114.4114 30.6581 114.411367 30.658083 0 326 326
2016-10-23 3:17:27 413829449 114.4114 30.6581 114.4114 30.6581 0 297.2 297
2016-10-23 3:18:21 413829449 114.411383 30.658083 114.4114 30.6581 0 238.8 238
2016-10-23 3:19:13 413829449 114.41135 30.658067 114.411383 30.658083 0.1 225 225
2016-10-23 3:19:47 413829449 114.41135 30.65805 114.41135 30.658067 0.2 241.5 241
2016-10-23 3:21:32 413829449 114.411267 30.658017 114.41135 30.65805 0.1 269.5 269
2016-10-23 3:21:50 413829449 114.41125 30.658017 114.411267 30.658017 0.1 274.9 274
2016-10-23 3:22:16 413829449 114.411233 30.658017 114.41125 30.658017 0 261.9 261
2016-10-23 3:22:33 413829449 114.411217 30.658 114.411233 30.658017 0.1 277.7 277
2016-10-23 3:23:17 413829449 114.4112 30.658 114.411217 30.658 0 281.7 281
2016-10-23 3:23:42 413829449 114.411183 30.658017 114.4112 30.658 0.1 279.5 279
2016-10-23 3:24:33 413829449 114.411183 30.658033 114.411183 30.658017 0 291 291
2016-10-23 3:25:32 413829449 114.411217 30.658067 114.411183 30.658033 0 328.7 328
2016-10-23 3:25:47 413829449 114.411233 30.658067 114.411217 30.658067 0 349 349
2016-10-23 3:26:24 413829449 114.41125 30.658083 114.411233 30.658067 0 300.6 300
2016-10-23 3:26:55 413829449 114.411283 30.6581 114.41125 30.658083 0 28.1 28
2016-10-23 3:28:25 413829449 114.411367 30.65815 114.411283 30.6581 0 322.6 322
2016-10-23 3:30:45 413829449 114.411383 30.658133 114.411367 30.65815 0.1 236.7 236
2016-10-23 3:31:07 413829449 114.411383 30.658133 114.411383 30.658133 0.1 226.6 226
2016-10-23 3:32:17 413829449 114.411367 30.658083 114.411383 30.658133 0.1 243.3 243
2016-10-23 3:32:35 413829449 114.41135 30.658083 114.411367 30.658083 0.1 234 234
2016-10-23 3:33:29 413829449 114.411333 30.658067 114.41135 30.658083 0.1 240.7 240
2016-10-23 3:34:23 413829449 114.411267 30.658033 114.411333 30.658067 0 255.1 255
2016-10-23 3:34:48 413829449 114.411267 30.658033 114.411267 30.658033 0 260 260
2016-10-23 3:35:21 413829449 114.411267 30.65805 114.411267 30.658033 0 265.3 265
2016-10-23 3:36:28 413829449 114.411283 30.658067 114.411267 30.65805 0 285.2 285
2016-10-23 3:37:04 413829449 114.4113 30.658067 114.411283 30.658067 0 275.3 275
2016-10-23 3:38:41 413829449 114.411317 30.6581 114.4113 30.658067 0 277.2 277
2016-10-23 3:39:00 413829449 114.411317 30.6581 114.411317 30.6581 0 244.2 244
2016-10-23 3:40:07 413829449 114.411317 30.658067 114.411317 30.6581 0.1 229 229
2016-10-23 3:41:09 413829449 114.411333 30.658067 114.411317 30.658067 0.1 235.3 235
2016-10-23 3:41:30 413829449 114.411333 30.65805 114.411333 30.658067 0.2 240.2 240
2016-10-23 3:42:06 413829449 114.411283 30.658033 114.411333 30.65805 0.1 241.6 241
2016-10-23 3:43:03 413829449 114.411183 30.658 114.411283 30.658033 0.1 251.9 251
2016-10-23 3:45:42 413829449 114.4112 30.65805 114.411183 30.658 0 280.3 280
2016-10-23 3:46:22 413829449 114.41125 30.658083 114.4112 30.65805 0 295.1 295
2016-10-23 3:47:43 413829449 114.411267 30.6581 114.41125 30.658083 0 277.2 277
2016-10-23 3:48:04 413829449 114.411267 30.658117 114.411267 30.6581 0 292.1 292
2016-10-23 3:48:39 413829449 114.411283 30.658117 114.411267 30.658117 0 263.9 263
2016-10-23 3:49:03 413829449 114.4113 30.658133 114.411283 30.658117 0 241.3 241
2016-10-23 3:51:54 413829449 114.411333 30.658067 114.4113 30.658133 0.1 240 240
2016-10-23 3:52:11 413829449 114.411333 30.658067 114.411333 30.658067 0.1 246.4 246
2016-10-23 3:52:47 413829449 114.411317 30.65805 114.411333 30.658067 0.1 247.6 247
2016-10-23 3:53:21 413829449 114.4113 30.65805 114.411317 30.65805 0 252.9 252
2016-10-23 3:54:07 413829449 114.4113 30.65805 114.4113 30.65805 0 261.4 261
2016-10-23 3:54:29 413829449 114.4113 30.65805 114.4113 30.65805 0 269.7 269
2016-10-23 3:54:46 413829449 114.4113 30.65805 114.4113 30.65805 0 275 275
2016-10-23 3:56:18 413829449 114.411317 30.658067 114.4113 30.65805 0 279.2 279
2016-10-23 3:56:40 413829449 114.411333 30.658083 114.411317 30.658067 0 297.2 297
2016-10-23 3:56:59 413829449 114.411333 30.658083 114.411333 30.658083 0 318.5 318
2016-10-23 3:57:14 413829449 114.411333 30.6581 114.411333 30.658083 0 290.2 290
2016-10-23 3:57:57 413829449 114.411333 30.6581 114.411333 30.6581 0 297.5 297
2016-10-23 3:58:31 413829449 114.41135 30.658117 114.411333 30.6581 0 305.8 305
2016-10-23 3:58:47 413829449 114.41135 30.658133 114.41135 30.658117 0 291.1 291
2016-10-23 4:01:22 413829449 114.411317 30.658083 114.41135 30.658133 0.1 232.9 232
2016-10-23 4:01:43 413829449 114.4113 30.658067 114.411317 30.658083 0.1 240.6 240
2016-10-23 4:02:03 413829449 114.411283 30.65805 114.4113 30.658067 0.1 242.4 242
2016-10-23 4:03:01 413829449 114.411267 30.658033 114.411283 30.65805 0.1 255.3 255
2016-10-23 4:03:21 413829449 114.411283 30.65805 114.411267 30.658033 0.1 272.4 272
2016-10-23 4:03:37 413829449 114.411283 30.65805 114.411283 30.65805 0 276.5 276
2016-10-23 4:05:18 413829449 114.4113 30.658117 114.411283 30.65805 0 320.8 320
2016-10-23 4:05:46 413829449 114.411317 30.658117 114.4113 30.658117 0 322.5 322
2016-10-23 4:06:28 413829449 114.411317 30.658117 114.411317 30.658117 0 262 262
2016-10-23 4:07:39 413829449 114.411333 30.6581 114.411317 30.658117 0.1 206.9 206
2016-10-23 4:09:18 413829449 114.41135 30.65805 114.411333 30.6581 0 231.9 231
2016-10-23 4:10:02 413829449 114.41135 30.65805 114.41135 30.65805 0 234.5 234
2016-10-23 4:10:25 413829449 114.411333 30.658033 114.41135 30.65805 0 248 248
2016-10-23 4:11:03 413829449 114.411333 30.658033 114.411333 30.658033 0 269.9 269
2016-10-23 4:11:33 413829449 114.411317 30.658033 114.411333 30.658033 0 287.6 287
2016-10-23 4:12:01 413829449 114.411317 30.658033 114.411317 30.658033 0 283.7 283
2016-10-23 4:12:20 413829449 114.411283 30.658033 114.411317 30.658033 0 327 327
2016-10-23 4:12:38 413829449 114.411317 30.65805 114.411283 30.658033 0 288.3 288
2016-10-23 4:13:46 413829449 114.411267 30.658033 114.411317 30.65805 0 298.8 298
2016-10-23 4:14:32 413829449 114.41125 30.65805 114.411267 30.658033 0 300.7 300
2016-10-23 4:14:53 413829449 114.411283 30.658067 114.41125 30.65805 0 305.5 305
2016-10-23 4:15:09 413829449 114.4113 30.658067 114.411283 30.658067 0 279.8 279
2016-10-23 4:16:17 413829449 114.4113 30.658067 114.4113 30.658067 0.1 245.4 245
2016-10-23 4:17:11 413829449 114.41125 30.658033 114.4113 30.658067 0.1 243.2 243
2016-10-23 4:18:47 413829449 114.411333 30.658067 114.41125 30.658033 0 265 265
2016-10-23 4:19:38 413829449 114.411367 30.658067 114.411333 30.658067 0 273.5 273
2016-10-23 4:20:26 413829449 114.41135 30.658067 114.411367 30.658067 0 277.4 277
2016-10-23 4:21:04 413829449 114.411333 30.658067 114.41135 30.658067 0 272.9 272
2016-10-23 4:21:29 413829449 114.411317 30.658067 114.411333 30.658067 0 276.7 276
2016-10-23 4:22:48 413829449 114.411317 30.658067 114.411317 30.658067 0 276.3 276
2016-10-23 4:23:24 413829449 114.411317 30.658067 114.411317 30.658067 0 303.7 303
2016-10-23 4:23:43 413829449 114.411317 30.658067 114.411317 30.658067 0 325.6 325
2016-10-23 4:24:09 413829449 114.411333 30.658083 114.411317 30.658067 0 344.5 344
2016-10-23 4:24:52 413829449 114.41135 30.6581 114.411333 30.658083 0 347.8 347
2016-10-23 4:25:08 413829449 114.411367 30.658117 114.41135 30.6581 0 12.6 12
2016-10-23 4:25:36 413829449 114.411383 30.658117 114.411367 30.658117 0 356.7 356
2016-10-23 4:27:58 413829449 114.41135 30.65805 114.411383 30.658117 0.1 231.5 231
2016-10-23 4:29:33 413829449 114.411267 30.657983 114.41135 30.65805 0.1 238.5 238
2016-10-23 4:30:22 413829449 114.411267 30.657983 114.411267 30.657983 0 248.9 248
2016-10-23 4:32:51 413829449 114.411283 30.658033 114.411267 30.657983 0 326.8 326
2016-10-23 4:33:59 413829449 114.411283 30.658067 114.411283 30.658033 0 2.1 2
2016-10-23 4:34:19 413829449 114.4113 30.658067 114.411283 30.658067 0 21.4 21
2016-10-23 4:34:34 413829449 114.411317 30.658083 114.4113 30.658067 0 352.9 352
2016-10-23 4:36:37 413829449 114.41125 30.658017 114.411317 30.658083 0 169.4 169
2016-10-23 4:36:55 413829449 114.4113 30.658033 114.41125 30.658017 0 187.3 187
2016-10-23 4:37:12 413829449 114.411317 30.658033 114.4113 30.658033 0 193.6 193
2016-10-23 4:38:09 413829449 114.411367 30.65805 114.411317 30.658033 0 218.1 218
2016-10-23 4:39:14 413829449 114.411367 30.65805 114.411367 30.65805 0 246.6 246
2016-10-23 4:40:19 413829449 114.411367 30.65805 114.411367 30.65805 0 264.8 264
2016-10-23 4:40:51 413829449 114.411367 30.658067 114.411367 30.65805 0 261.2 261
2016-10-23 4:41:50 413829449 114.41135 30.658067 114.411367 30.658067 0 267.7 267
2016-10-23 4:42:21 413829449 114.411367 30.658067 114.41135 30.658067 0 256.8 256
2016-10-23 4:42:47 413829449 114.411367 30.658067 114.411367 30.658067 0 252.7 252
2016-10-23 4:43:05 413829449 114.411367 30.658083 114.411367 30.658067 0 217.7 217
2016-10-23 4:43:24 413829449 114.411367 30.658083 114.411367 30.658083 0 223.1 223
2016-10-23 4:44:29 413829449 114.411367 30.658067 114.411367 30.658083 0 224.8 224
2016-10-23 4:45:29 413829449 114.41135 30.658067 114.411367 30.658067 0 232.8 232
2016-10-23 4:46:03 413829449 114.41135 30.658067 114.41135 30.658067 0 238.8 238
2016-10-23 4:46:52 413829449 114.41135 30.658067 114.41135 30.658067 0 270.7 270
2016-10-23 4:47:27 413829449 114.411333 30.658067 114.41135 30.658067 0 300.2 300
2016-10-23 4:47:56 413829449 114.411333 30.658067 114.411333 30.658067 0 302 302
2016-10-23 4:50:01 413829449 114.411333 30.65805 114.411333 30.658067 0 182.4 182
2016-10-23 4:51:05 413829449 114.4113 30.658033 114.411333 30.65805 0 203.8 203
2016-10-23 4:51:26 413829449 114.411283 30.658033 114.4113 30.658033 0 170.7 170
2016-10-23 4:52:04 413829449 114.411333 30.65805 114.411283 30.658033 0 178 178
2016-10-23 4:52:29 413829449 114.411367 30.65805 114.411333 30.65805 0 199.2 199
2016-10-23 4:53:32 413829449 114.41135 30.65805 114.411367 30.65805 0 213.9 213
2016-10-23 4:54:04 413829449 114.411283 30.658 114.41135 30.65805 0.1 241.2 241
2016-10-23 4:54:25 413829449 114.411283 30.658 114.411283 30.658 0 251.1 251
2016-10-23 4:54:45 413829449 114.411267 30.658 114.411283 30.658 0 251.9 251
2016-10-23 4:55:29 413829449 114.411183 30.65795 114.411267 30.658 0 260.9 260
2016-10-23 4:56:27 413829449 114.41115 30.65795 114.411183 30.65795 0 321.3 321
2016-10-23 4:56:55 413829449 114.411167 30.657967 114.41115 30.65795 0 335 335
2016-10-23 4:57:51 413829449 114.41125 30.658033 114.411167 30.657967 0 117.5 117
2016-10-23 4:58:18 413829449 114.411267 30.658033 114.41125 30.658033 0 220.7 220
2016-10-23 4:58:42 413829449 114.411283 30.65805 114.411267 30.658033 0 94.9 94
2016-10-23 4:59:56 413829449 114.41135 30.658067 114.411283 30.65805 0 158.3 158
2016-10-23 5:00:21 413829449 114.41135 30.658067 114.41135 30.658067 0 158.1 158
2016-10-23 5:00:38 413829449 114.411367 30.658067 114.41135 30.658067 0 174.5 174
2016-10-23 5:00:58 413829449 114.411367 30.658067 114.411367 30.658067 0 197.2 197
2016-10-23 5:02:58 413829449 114.411333 30.658 114.411367 30.658067 0 205.8 205
2016-10-23 5:03:23 413829449 114.411333 30.657983 114.411333 30.658 0 204.7 204
2016-10-23 5:03:41 413829449 114.411333 30.657983 114.411333 30.657983 0 202.7 202
2016-10-23 5:04:37 413829449 114.411333 30.657967 114.411333 30.657983 0 204.3 204
2016-10-23 5:06:59 413829449 114.411283 30.657967 114.411333 30.657967 0 225 225
2016-10-23 5:07:28 413829449 114.411283 30.657983 114.411283 30.657967 0 218.3 218
2016-10-23 5:07:51 413829449 114.411283 30.657983 114.411283 30.657983 0 194.8 194
2016-10-23 5:08:09 413829449 114.4113 30.657983 114.411283 30.657983 0 180.3 180
2016-10-23 5:08:51 413829449 114.411267 30.65795 114.4113 30.657983 0 190.9 190
2016-10-23 5:09:32 413829449 114.411217 30.657917 114.411267 30.65795 0.1 217.4 217
2016-10-23 5:09:51 413829449 114.411183 30.6579 114.411217 30.657917 0.1 248.4 248
2016-10-23 5:11:04 413829449 114.411117 30.6579 114.411183 30.6579 0.2 251.1 251
2016-10-23 5:11:22 413829449 114.411117 30.657917 114.411117 30.6579 0.2 258.7 258
2016-10-23 5:11:50 413829449 114.4111 30.657917 114.411117 30.657917 0.1 244.6 244
2016-10-23 5:12:35 413829449 114.411083 30.657933 114.4111 30.657917 0.3 258.2 258
2016-10-23 5:13:25 413829449 114.410917 30.657933 114.411083 30.657933 0.6 256.2 256
2016-10-23 5:15:27 413829449 114.41005 30.6579 114.410917 30.657933 2 318.7 318
2016-10-23 5:15:48 413829449 114.40995 30.658117 114.41005 30.6579 2.2 352.9 352
2016-10-23 5:16:09 413829449 114.41 30.65835 114.40995 30.658117 2.4 16.2 16
2016-10-23 5:16:38 413829449 114.410117 30.6586 114.41 30.65835 2.6 33.7 33
2016-10-23 5:17:05 413829449 114.410333 30.658833 114.410117 30.6586 2.8 43.1 43
2016-10-23 5:18:41 413829449 114.4122 30.659717 114.410333 30.658833 4.1 66.9 66
2016-10-23 5:19:51 413829449 114.4137 30.660233 114.4122 30.659717 4.7 68.5 68
2016-10-23 5:20:13 413829449 114.414233 30.6604 114.4137 30.660233 4.9 70.1 70
2016-10-23 5:20:53 413829449 114.415383 30.660783 114.414233 30.6604 5.2 69.2 69
2016-10-23 5:22:41 413829449 114.418467 30.661833 114.415383 30.660783 5.7 67.6 67
2016-10-23 5:23:03 413829449 114.4191 30.66205 114.418467 30.661833 5.8 67.9 67
2016-10-23 5:24:39 413829449 114.421767 30.66295 114.4191 30.66205 6 68.1 68
2016-10-23 5:24:58 413829449 114.422433 30.663183 114.421767 30.66295 6 68.6 68
2016-10-23 5:26:34 413829449 114.425183 30.664167 114.422433 30.663183 6.2 66.8 66
2016-10-23 5:27:24 413829449 114.42655 30.664683 114.425183 30.664167 6.2 67.5 67
2016-10-23 5:28:53 413829449 114.429283 30.665667 114.42655 30.664683 6.1 66.5 66
2016-10-23 5:29:33 413829449 114.430633 30.666167 114.429283 30.665667 6.1 67.1 67
2016-10-23 5:29:50 413829449 114.431317 30.666433 114.430633 30.666167 6 65.4 65
2016-10-23 5:31:04 413829449 114.433317 30.667233 114.431317 30.666433 6 66.5 66
2016-10-23 5:31:54 413829449 114.434683 30.66775 114.433317 30.667233 6 66.7 66
2016-10-23 5:33:27 413829449 114.438 30.669033 114.434683 30.66775 6.1 64.9 64
2016-10-23 5:34:12 413829449 114.438767 30.669333 114.438 30.669033 6 65.1 65
2016-10-23 5:35:02 413829449 114.4402 30.6699 114.438767 30.669333 6 65.9 65
2016-10-23 5:35:48 413829449 114.44225 30.6707 114.4402 30.6699 6 66.3 66
2016-10-23 5:36:40 413829449 114.443633 30.671217 114.44225 30.6707 6.1 66.9 66
2016-10-23 5:38:55 413829449 114.447667 30.672633 114.443633 30.671217 6.1 63.6 63
2016-10-23 5:41:11 413829449 114.4518 30.674517 114.447667 30.672633 6 64.2 64
2016-10-23 5:42:51 413829449 114.454433 30.675633 114.4518 30.674517 6 65.8 65
2016-10-23 5:43:30 413829449 114.455733 30.676167 114.454433 30.675633 6 64.4 64
2016-10-23 5:44:19 413829449 114.45705 30.676683 114.455733 30.676167 6 66.5 66
2016-10-23 5:48:27 413829449 114.464917 30.679833 114.45705 30.676683 5.9 64 64
2016-10-23 5:49:21 413829449 114.46625 30.680417 114.464917 30.679833 5.9 64.2 64
2016-10-23 5:54:29 413829449 114.475483 30.68395 114.46625 30.680417 5.9 69 69
2016-10-23 5:57:33 413829449 114.480967 30.68555 114.475483 30.68395 5.9 71.1 71
2016-10-23 5:57:53 413829449 114.481667 30.685767 114.480967 30.68555 5.9 70.8 70
2016-10-23 5:58:26 413829449 114.48235 30.685967 114.481667 30.685767 5.9 70.3 70
2016-10-23 5:59:14 413829449 114.48375 30.686383 114.48235 30.685967 6 72.4 72
2016-10-23 5:59:33 413829449 114.48445 30.68655 114.48375 30.686383 6 74.6 74
2016-10-23 6:00:10 413829449 114.485217 30.686733 114.48445 30.68655 5.9 76.7 76
2016-10-23 6:02:56 413829449 114.4909 30.687717 114.485217 30.686733 6 80.7 80
2016-10-23 6:03:52 413829449 114.492833 30.688017 114.4909 30.687717 6.1 80.1 80
2016-10-23 6:18:44 413829449 114.52125 30.684083 114.514717 30.686133 6 114.2 114
2016-10-23 6:19:10 413829449 114.522383 30.683633 114.52125 30.684083 6.1 115 115
2016-10-23 6:20:40 413829449 114.524533 30.682767 114.522383 30.683633 6.1 116.1 116
2016-10-23 6:23:10 413829449 114.529283 30.680333 114.524533 30.682767 6.2 123.7 123
2016-10-23 6:23:38 413829449 114.52995 30.679933 114.529283 30.680333 6.2 125.7 125
2016-10-23 6:24:00 413829449 114.530567 30.679517 114.52995 30.679933 6.2 128.3 128
2016-10-23 6:24:25 413829449 114.531183 30.6791 114.530567 30.679517 6.2 129.5 129
2016-10-23 6:28:25 413829449 114.5366 30.6745 114.531183 30.6791 6.3 139.5 139
2016-10-23 6:28:50 413829449 114.5378 30.673217 114.5366 30.6745 6.4 141.8 141
2016-10-23 6:29:29 413829449 114.538317 30.672633 114.5378 30.673217 6.4 144 144
2016-10-23 6:30:28 413829449 114.539767 30.67075 114.538317 30.672633 6.4 147.9 147
2016-10-23 6:39:08 413829449 114.547333 30.655967 114.545917 30.65865 6.8 156.6 156
2016-10-23 6:46:19 413829449 114.55415 30.6436 114.552367 30.646983 6.7 155.8 155
2016-10-23 6:48:33 413829449 114.55605 30.639617 114.55415 30.6436 6.6 158.6 158
2016-10-23 6:48:55 413829449 114.55635 30.63895 114.55605 30.639617 6.6 158.4 158
2016-10-23 6:50:30 413829449 114.5576 30.636333 114.55635 30.63895 6.5 155.9 155
