2016-10-21 0:00:07 413819094 114.491292 30.685753 114.4913 30.685755 0 250.6 250
2016-10-21 0:03:13 413819094 114.491278 30.685767 114.491292 30.685753 0 349.3 349
2016-10-21 0:12:30 413819094 114.49129 30.685747 114.491307 30.68576 0 98.8 98
2016-10-21 0:15:29 413819094 114.491287 30.685765 114.49129 30.685747 0 353.1 353
2016-10-21 0:18:23 413819094 114.491303 30.685782 114.491287 30.685765 0 87.8 87
2016-10-21 0:21:40 413819094 114.491302 30.685782 114.491303 30.685782 0.1 53.3 53
2016-10-21 0:24:33 413819094 114.491297 30.685778 114.491302 30.685782 0 339.7 339
2016-10-21 0:27:37 413819094 114.4913 30.6858 114.491297 30.685778 0 91.1 91
2016-10-21 0:30:42 413819094 114.49131 30.685767 114.4913 30.6858 0.1 199.1 199
2016-10-21 0:33:36 413819094 114.491297 30.685767 114.49131 30.685767 0 346.2 346
2016-10-21 0:42:52 413819094 114.491272 30.685788 114.491283 30.68579 0.1 31.2 31
2016-10-21 0:45:54 413819094 114.491285 30.685758 114.491272 30.685788 0 259.4 259
2016-10-21 0:55:12 413819094 114.491287 30.685788 114.491273 30.685785 0 78.4 78
2016-10-21 0:58:03 413819094 114.491302 30.685768 114.491287 30.685788 0.1 112.8 112
2016-10-21 1:08:29 413819094 114.49129 30.685788 114.491285 30.685808 0 326.1 326
2016-10-21 1:11:13 413819094 114.491288 30.685777 114.49129 30.685788 0.1 285.3 285
2016-10-21 1:14:29 413819094 114.491302 30.68576 114.491288 30.685777 0.1 182.9 182
2016-10-21 1:17:36 413819094 114.491288 30.685722 114.491302 30.68576 0 253.3 253
2016-10-21 1:20:30 413819094 114.491303 30.685705 114.491288 30.685722 0.1 155.7 155
2016-10-21 1:23:27 413819094 114.491292 30.685737 114.491303 30.685705 0.1 31 31
2016-10-21 1:26:49 413819094 114.4913 30.685743 114.491292 30.685737 0 101.2 101
2016-10-21 1:29:38 413819094 114.491303 30.685753 114.4913 30.685743 0.1 125 125
2016-10-21 1:32:57 413819094 114.491298 30.685707 114.491303 30.685753 0 180.7 180
2016-10-21 1:35:53 413819094 114.491307 30.68571 114.491298 30.685707 0.1 42.2 42
2016-10-21 1:39:05 413819094 114.491313 30.685722 114.491307 30.68571 0 89.1 89
2016-10-21 1:42:01 413819094 114.491313 30.685722 114.491313 30.685722 0 89.1 89
2016-10-21 1:45:04 413819094 114.491315 30.68572 114.491313 30.685722 0 275.3 275
2016-10-21 1:48:01 413819094 114.491308 30.685738 114.491315 30.68572 0.1 336.5 336
2016-10-21 1:51:02 413819094 114.49131 30.68575 114.491308 30.685738 0 57 57
2016-10-21 1:54:06 413819094 114.491312 30.685722 114.49131 30.68575 0 218.5 218
2016-10-21 1:57:09 413819094 114.491313 30.685723 114.491312 30.685722 0.1 343.4 343
2016-10-21 2:00:24 413819094 114.49132 30.68571 114.491313 30.685723 0.1 191.5 191
2016-10-21 2:03:20 413819094 114.491322 30.685658 114.49132 30.68571 0 89.3 89
2016-10-21 2:06:19 413819094 114.49132 30.685717 114.491322 30.685658 0.1 41.6 41
2016-10-21 2:10:20 413819094 114.49133 30.685708 114.49132 30.685717 0.1 312.7 312
2016-10-21 2:13:36 413819094 114.491337 30.685708 114.49133 30.685708 0.1 314.9 314
2016-10-21 2:16:25 413819094 114.49131 30.685748 114.491337 30.685708 0 283.8 283
2016-10-21 2:19:41 413819094 114.491335 30.68572 114.49131 30.685748 0 31.1 31
2016-10-21 2:22:37 413819094 114.49132 30.68573 114.491335 30.68572 0 196.6 196
2016-10-21 2:25:36 413819094 114.49131 30.685753 114.49132 30.68573 0 328.2 328
2016-10-21 2:28:39 413819094 114.491317 30.685757 114.49131 30.685753 0 19 19
2016-10-21 2:32:06 413819094 114.491297 30.685753 114.491317 30.685757 0.1 304.4 304
2016-10-21 2:35:21 413819094 114.491307 30.685727 114.491297 30.685753 0.1 180.6 180
2016-10-21 2:37:57 413819094 114.491313 30.685698 114.491307 30.685727 0 238.4 238
2016-10-21 2:40:57 413819094 114.491308 30.685732 114.491313 30.685698 0.2 334.6 334
2016-10-21 2:43:51 413819094 114.491307 30.685758 114.491308 30.685732 0.1 175.5 175
2016-10-21 2:47:07 413819094 114.49131 30.6857 114.491307 30.685758 0.1 166.2 166
2016-10-21 2:50:06 413819094 114.49131 30.685722 114.49131 30.6857 0.1 323.8 323
2016-10-21 2:53:27 413819094 114.491317 30.685705 114.49131 30.685722 0 221.9 221
2016-10-21 2:56:04 413819094 114.491313 30.685703 114.491317 30.685705 0 220.6 220
2016-10-21 2:59:40 413819094 114.491322 30.68571 114.491313 30.685703 0 109.6 109
2016-10-21 3:02:20 413819094 114.491318 30.685733 114.491322 30.68571 0.1 317.7 317
2016-10-21 3:05:33 413819094 114.491302 30.685743 114.491318 30.685733 0 179.2 179
2016-10-21 3:08:36 413819094 114.491338 30.685705 114.491302 30.685743 0.1 328.2 328
2016-10-21 3:11:41 413819094 114.491318 30.685735 114.491338 30.685705 0 166.7 166
2016-10-21 3:14:42 413819094 114.491313 30.68574 114.491318 30.685735 0.1 330.3 330
2016-10-21 3:17:45 413819094 114.491313 30.685737 114.491313 30.68574 0.1 164.6 164
2016-10-21 3:20:33 413819094 114.491303 30.685767 114.491313 30.685737 0.1 338.5 338
2016-10-21 3:32:04 413819094 114.491313 30.685747 114.491308 30.68577 0 243.4 243
2016-10-21 3:34:44 413819094 114.491315 30.685692 114.491313 30.685747 0.1 215.8 215
2016-10-21 3:38:03 413819094 114.491295 30.685728 114.491315 30.685692 0 270.6 270
2016-10-21 3:41:08 413819094 114.491287 30.685713 114.491295 30.685728 0 161.3 161
2016-10-21 3:44:07 413819094 114.4913 30.6857 114.491287 30.685713 0 305.4 305
2016-10-21 3:46:57 413819094 114.491295 30.685713 114.4913 30.6857 0.1 261.5 261
2016-10-21 3:51:12 413819094 114.491278 30.685757 114.491295 30.685713 0.1 272.3 272
2016-10-21 3:54:02 413819094 114.491297 30.685752 114.491278 30.685757 0.1 336.2 336
2016-10-21 3:58:18 413819094 114.49129 30.685742 114.491297 30.685752 0 247.2 247
2016-10-21 4:02:08 413819094 114.491293 30.685733 114.49129 30.685742 0.1 359.3 359
2016-10-21 4:05:33 413819094 114.491292 30.685765 114.491293 30.685733 0 334.7 334
2016-10-21 4:09:16 413819094 114.491318 30.685753 114.491292 30.685765 0.1 135.6 135
2016-10-21 4:13:35 413819094 114.491288 30.685718 114.491318 30.685753 0 251.7 251
2016-10-21 4:17:39 413819094 114.491322 30.685723 114.491288 30.685718 0 173.1 173
2016-10-21 4:18:25 413819094 114.491313 30.685727 114.491322 30.685723 0 40.8 40
2016-10-21 4:22:06 413819094 114.491307 30.685737 114.491313 30.685727 0.1 236.6 236
2016-10-21 4:26:03 413819094 114.491327 30.685717 114.491307 30.685737 0 52 52
2016-10-21 4:29:52 413819094 114.491297 30.685727 114.491327 30.685717 0.1 260.2 260
2016-10-21 4:34:16 413819094 114.491308 30.685728 114.491297 30.685727 0.1 318.4 318
2016-10-21 4:38:22 413819094 114.491323 30.685703 114.491308 30.685728 0.1 223 223
2016-10-21 4:41:33 413819094 114.491282 30.685732 114.491323 30.685703 0.1 309.7 309
2016-10-21 4:45:04 413819094 114.491293 30.685698 114.491282 30.685732 0 345.8 345
2016-10-21 4:49:13 413819094 114.491268 30.6857 114.491293 30.685698 0.1 11 11
2016-10-21 4:53:19 413819094 114.491308 30.685715 114.491268 30.6857 0.1 315.4 315
2016-10-21 4:57:23 413819094 114.491327 30.685658 114.491308 30.685715 0.1 115.4 115
2016-10-21 5:01:33 413819094 114.491325 30.685682 114.491327 30.685658 0.1 11.4 11
2016-10-21 5:05:30 413819094 114.49132 30.68565 114.491325 30.685682 0.1 180.5 180
2016-10-21 5:09:42 413819094 114.491283 30.685712 114.49132 30.68565 0 126.4 126
2016-10-21 5:13:38 413819094 114.491282 30.685717 114.491283 30.685712 0 145.8 145
2016-10-21 5:17:50 413819094 114.491303 30.685668 114.491282 30.685717 0 201.1 201
2016-10-21 5:21:43 413819094 114.491288 30.685712 114.491303 30.685668 0.1 1.5 1
2016-10-21 5:25:43 413819094 114.491335 30.685707 114.491288 30.685712 0.1 153.1 153
2016-10-21 5:29:54 413819094 114.49134 30.685705 114.491335 30.685707 0.1 355.8 355
2016-10-21 5:33:56 413819094 114.491313 30.68569 114.49134 30.685705 0 37.3 37
2016-10-21 5:38:03 413819094 114.49133 30.685673 114.491313 30.68569 0.1 194.9 194
2016-10-21 5:42:05 413819094 114.491332 30.685657 114.49133 30.685673 0 331.1 331
2016-10-21 5:45:59 413819094 114.491333 30.685685 114.491332 30.685657 0 261.6 261
2016-10-21 5:50:19 413819094 114.491323 30.685687 114.491333 30.685685 0 322 322
2016-10-21 5:50:59 413819094 114.491323 30.685687 114.491323 30.685687 0 322 322
2016-10-21 5:55:15 413819094 114.491345 30.685707 114.491323 30.685687 0 303.7 303
2016-10-21 5:59:17 413819094 114.491315 30.685698 114.491345 30.685707 0 145.6 145
2016-10-21 6:03:13 413819094 114.491345 30.685718 114.491315 30.685698 0 341 341
2016-10-21 6:07:14 413819094 114.491315 30.685703 114.491345 30.685718 0 9.9 9
2016-10-21 6:11:25 413819094 114.491268 30.685708 114.491315 30.685703 0.1 218.8 218
2016-10-21 6:15:17 413819094 114.491335 30.685728 114.491268 30.685708 0 7.3 7
2016-10-21 6:19:42 413819094 114.491323 30.685725 114.491335 30.685728 0.1 341.8 341
2016-10-21 6:22:37 413819094 114.491305 30.685762 114.491323 30.685725 0 318.4 318
2016-10-21 6:26:33 413819094 114.491305 30.685812 114.491305 30.685762 0.1 198.6 198
2016-10-21 6:30:50 413819094 114.491328 30.685742 114.491305 30.685812 0.1 166.8 166
2016-10-21 6:34:43 413819094 114.491318 30.685762 114.491328 30.685742 0 204.4 204
2016-10-21 6:38:47 413819094 114.491318 30.685782 114.491318 30.685762 0 137.2 137
2016-10-21 6:42:59 413819094 114.491285 30.685765 114.491318 30.685782 0 231.1 231
2016-10-21 6:46:50 413819094 114.491325 30.685713 114.491285 30.685765 0 165.3 165
2016-10-21 6:59:03 413819094 114.49136 30.685697 114.491343 30.68565 0.2 27.8 27
2016-10-21 7:00:06 413819094 114.491338 30.685755 114.49136 30.685697 0.3 326 326
2016-10-21 7:04:07 413819094 114.491347 30.685753 114.491338 30.685755 0 278.6 278
2016-10-21 7:08:00 413819094 114.491363 30.685728 114.491347 30.685753 0.1 10.2 10
2016-10-21 7:12:24 413819094 114.491325 30.685762 114.491363 30.685728 0.1 297 297
2016-10-21 7:16:27 413819094 114.49133 30.685755 114.491325 30.685762 0.1 104.3 104
2016-10-21 7:20:22 413819094 114.49133 30.685755 114.49133 30.685755 0.1 104.3 104
2016-10-21 7:24:26 413819094 114.491327 30.685747 114.49133 30.685755 0 145.5 145
2016-10-21 7:28:09 413819094 114.491312 30.685757 114.491327 30.685747 0.1 182.3 182
2016-10-21 7:37:15 413819094 114.491323 30.68571 114.491323 30.68571 0 200.5 200
2016-10-21 7:41:47 413819094 114.49135 30.685732 114.491323 30.68571 0 147.2 147
2016-10-21 7:45:32 413819094 114.491352 30.685687 114.49135 30.685732 0.1 302.1 302
2016-10-21 7:49:47 413819094 114.49134 30.685712 114.491352 30.685687 0.1 142.3 142
2016-10-21 7:53:45 413819094 114.491335 30.685715 114.49134 30.685712 0.1 290 290
2016-10-21 7:57:34 413819094 114.491353 30.685702 114.491335 30.685715 0.1 282.8 282
2016-10-21 8:01:34 413819094 114.491317 30.685773 114.491353 30.685702 0.1 269.2 269
2016-10-21 8:05:51 413819094 114.491325 30.685745 114.491317 30.685773 0.1 160.9 160
2016-10-21 8:09:55 413819094 114.491365 30.685772 114.491325 30.685745 0.1 131.5 131
2016-10-21 8:14:11 413819094 114.491352 30.685753 114.491365 30.685772 0 198.7 198
2016-10-21 8:17:55 413819094 114.491358 30.68574 114.491352 30.685753 0.1 356.4 356
2016-10-21 8:22:18 413819094 114.491365 30.685758 114.491358 30.68574 0 267.9 267
2016-10-21 8:26:10 413819094 114.491342 30.685747 114.491365 30.685758 0.1 168.2 168
2016-10-21 8:30:16 413819094 114.491335 30.685772 114.491342 30.685747 0 357.1 357
2016-10-21 8:34:01 413819094 114.491347 30.685753 114.491335 30.685772 0 244.4 244
2016-10-21 8:46:21 413819094 114.491352 30.685713 114.491342 30.685715 0 69.1 69
2016-10-21 8:50:40 413819094 114.491353 30.685713 114.491352 30.685713 0 169.9 169
2016-10-21 8:54:41 413819094 114.491383 30.685712 114.491353 30.685713 0.1 127.4 127
2016-10-21 8:58:40 413819094 114.491383 30.685712 114.491383 30.685712 0.1 127.4 127
2016-10-21 9:02:31 413819094 114.491388 30.68574 114.491383 30.685712 0 205.9 205
2016-10-21 9:06:31 413819094 114.491363 30.685697 114.491388 30.68574 0 250.4 250
2016-10-21 9:10:51 413819094 114.491338 30.685743 114.491363 30.685697 0.1 34.7 34
2016-10-21 9:14:39 413819094 114.491338 30.685743 114.491338 30.685743 0.1 34.7 34
2016-10-21 9:18:36 413819094 114.491335 30.68575 114.491338 30.685743 0.1 28.6 28
2016-10-21 9:23:03 413819094 114.491332 30.68575 114.491335 30.68575 0.1 90.2 90
2016-10-21 9:27:00 413819094 114.491343 30.685737 114.491332 30.68575 0 293.9 293
2016-10-21 9:38:53 413819094 114.491337 30.685737 114.491333 30.685725 0 204.8 204
2016-10-21 9:43:17 413819094 114.491338 30.685705 114.491337 30.685737 0 76.1 76
2016-10-21 9:47:11 413819094 114.491353 30.685702 114.491338 30.685705 0.1 254.2 254
2016-10-21 9:49:34 413819094 114.491352 30.685703 114.491353 30.685702 0.1 279.6 279
2016-10-21 9:53:04 413819094 114.491352 30.685703 114.491352 30.685703 0.1 279.6 279
2016-10-21 9:57:08 413819094 114.49136 30.685705 114.491352 30.685703 0.2 88.1 88
2016-10-21 10:01:13 413819094 114.491348 30.685753 114.49136 30.685705 0.1 238.5 238
2016-10-21 10:05:22 413819094 114.491317 30.68576 114.491348 30.685753 0.1 286 286
2016-10-21 10:09:03 413819094 114.491363 30.68572 114.491317 30.68576 0.1 184.5 184
2016-10-21 10:13:13 413819094 114.491373 30.685707 114.491363 30.68572 0 151.9 151
2016-10-21 10:25:24 413819094 114.491377 30.685733 114.491383 30.685745 0.2 69.7 69
2016-10-21 10:29:23 413819094 114.491385 30.685708 114.491377 30.685733 0.1 118.9 118
2016-10-21 10:41:49 413819094 114.491342 30.685717 114.49135 30.685738 0.1 165.2 165
2016-10-21 10:45:48 413819094 114.491355 30.685687 114.491342 30.685717 0 357.6 357
2016-10-21 10:49:46 413819094 114.491353 30.685698 114.491355 30.685687 0 316.3 316
2016-10-21 10:54:09 413819094 114.491353 30.685722 114.491353 30.685698 0 193.1 193
2016-10-21 10:57:52 413819094 114.491352 30.6857 114.491353 30.685722 0.1 114.9 114
2016-10-21 11:14:16 413819094 114.49137 30.685707 114.491373 30.685732 0.1 119.6 119
2016-10-21 11:18:17 413819094 114.49137 30.68572 114.49137 30.685707 0 11.8 11
2016-10-21 11:22:07 413819094 114.491385 30.685715 114.49137 30.68572 0 47.9 47
2016-10-21 11:23:10 413819094 114.491382 30.685715 114.491385 30.685715 0 303.9 303
2016-10-21 11:27:05 413819094 114.491372 30.685698 114.491382 30.685715 0.1 72.8 72
2016-10-21 11:31:13 413819094 114.491368 30.68572 114.491372 30.685698 0 293.7 293
2016-10-21 11:35:07 413819094 114.491377 30.68576 114.491368 30.68572 0 41.8 41
2016-10-21 11:35:58 413819094 114.491377 30.68576 114.491377 30.68576 0 41.8 41
2016-10-21 11:40:04 413819094 114.491372 30.685703 114.491377 30.68576 0 242.7 242
2016-10-21 11:44:08 413819094 114.491372 30.685702 114.491372 30.685703 0.1 348.1 348
2016-10-21 11:48:19 413819094 114.491367 30.685763 114.491372 30.685702 0.1 16.6 16
2016-10-21 11:52:15 413819094 114.49139 30.685738 114.491367 30.685763 0 186.3 186
2016-10-21 11:56:28 413819094 114.491407 30.68572 114.49139 30.685738 0 22.9 22
2016-10-21 12:00:29 413819094 114.49139 30.685697 114.491407 30.68572 0 106.8 106
2016-10-21 12:04:34 413819094 114.491407 30.685652 114.49139 30.685697 0 190.2 190
2016-10-21 12:08:25 413819094 114.49143 30.68567 114.491407 30.685652 0.1 40.6 40
2016-10-21 12:12:52 413819094 114.491402 30.685692 114.49143 30.68567 0.1 22.9 22
2016-10-21 12:16:37 413819094 114.491398 30.685728 114.491402 30.685692 0 349.3 349
2016-10-21 12:20:49 413819094 114.491398 30.685695 114.491398 30.685728 0.1 327.5 327
2016-10-21 12:24:45 413819094 114.491397 30.685722 114.491398 30.685695 0.1 130.7 130
2016-10-21 12:28:37 413819094 114.491397 30.685688 114.491397 30.685722 0 345.5 345
2016-10-21 12:32:39 413819094 114.491397 30.685683 114.491397 30.685688 0.1 46.9 46
2016-10-21 12:36:58 413819094 114.491407 30.68573 114.491397 30.685683 0.1 259.1 259
2016-10-21 12:40:45 413819094 114.491397 30.685725 114.491407 30.68573 0.1 109.5 109
2016-10-21 12:45:09 413819094 114.491417 30.685718 114.491397 30.685725 0.1 7.8 7
2016-10-21 12:49:23 413819094 114.49141 30.68573 114.491417 30.685718 0.1 65.4 65
2016-10-21 12:53:00 413819094 114.491422 30.685693 114.49141 30.68573 0 27.2 27
2016-10-21 12:57:16 413819094 114.491425 30.685685 114.491422 30.685693 0 160.3 160
2016-10-21 13:01:25 413819094 114.491428 30.685727 114.491425 30.685685 0.1 249.4 249
2016-10-21 13:05:20 413819094 114.491408 30.685703 114.491428 30.685727 0 183.1 183
2016-10-21 13:09:15 413819094 114.491375 30.685707 114.491408 30.685703 0.1 334.6 334
2016-10-21 13:13:29 413819094 114.49137 30.685682 114.491375 30.685707 0.1 165.7 165
2016-10-21 13:17:53 413819094 114.491382 30.685702 114.49137 30.685682 0 346.6 346
2016-10-21 13:21:34 413819094 114.491387 30.685678 114.491382 30.685702 0.1 334.4 334
2016-10-21 13:25:45 413819094 114.491393 30.68566 114.491387 30.685678 0.1 174.4 174
2016-10-21 13:28:48 413819094 114.491377 30.685663 114.491393 30.68566 0 216.5 216
2016-10-21 13:30:07 413819094 114.491377 30.685663 114.491377 30.685663 0 216.5 216
2016-10-21 13:33:54 413819094 114.491427 30.685647 114.491377 30.685663 0.1 169.3 169
2016-10-21 13:38:26 413819094 114.491417 30.685647 114.491427 30.685647 0 80.9 80
2016-10-21 13:42:29 413819094 114.491427 30.685673 114.491417 30.685647 0.1 358.5 358
2016-10-21 13:46:26 413819094 114.49143 30.685668 114.491427 30.685673 0 260.9 260
2016-10-21 13:57:01 413819094 114.491442 30.685645 114.491452 30.685653 0 26.8 26
2016-10-21 14:01:08 413819094 114.491452 30.685665 114.491442 30.685645 0 153.9 153
2016-10-21 14:17:35 413819094 114.491435 30.68565 114.491445 30.685625 0 170.6 170
2016-10-21 14:21:45 413819094 114.49146 30.685658 114.491435 30.68565 0.1 81.8 81
2016-10-21 14:25:20 413819094 114.491473 30.685657 114.49146 30.685658 0.1 324.3 324
2016-10-21 14:37:47 413819094 114.491465 30.685645 114.491487 30.685677 0 75.2 75
2016-10-21 14:41:36 413819094 114.491458 30.685663 114.491465 30.685645 0.1 207.9 207
2016-10-21 14:45:38 413819094 114.491452 30.685718 114.491458 30.685663 0.1 337.5 337
2016-10-21 14:49:57 413819094 114.49146 30.6857 114.491452 30.685718 0.1 78.1 78
2016-10-21 14:54:05 413819094 114.491442 30.685702 114.49146 30.6857 0 226.3 226
2016-10-21 14:58:03 413819094 114.491452 30.685673 114.491442 30.685702 0.1 322 322
2016-10-21 15:01:59 413819094 114.491433 30.68569 114.491452 30.685673 0 185.2 185
2016-10-21 15:06:14 413819094 114.491433 30.68569 114.491433 30.68569 0 185.2 185
2016-10-21 15:10:00 413819094 114.49147 30.685687 114.491433 30.68569 0 71.4 71
2016-10-21 15:14:20 413819094 114.49145 30.685707 114.49147 30.685687 0.2 78.3 78
2016-10-21 15:18:31 413819094 114.49143 30.685738 114.49145 30.685707 0.1 293.3 293
2016-10-21 15:22:21 413819094 114.491408 30.685715 114.49143 30.685738 0 62.7 62
2016-10-21 15:26:32 413819094 114.491445 30.685702 114.491408 30.685715 0.1 95 95
2016-10-21 15:30:38 413819094 114.491438 30.685743 114.491445 30.685702 0 1.2 1
2016-10-21 15:42:42 413819094 114.491435 30.685707 114.491455 30.685707 0 129.6 129
2016-10-21 15:46:23 413819094 114.491435 30.685683 114.491435 30.685707 0 118.7 118
2016-10-21 15:50:39 413819094 114.49145 30.685717 114.491435 30.685683 0 126 126
2016-10-21 15:54:45 413819094 114.491453 30.68565 114.49145 30.685717 0.1 242.5 242
2016-10-21 15:58:43 413819094 114.491415 30.685752 114.491453 30.68565 0.1 316.9 316
2016-10-21 16:02:47 413819094 114.49144 30.685668 114.491415 30.685752 0 53.7 53
2016-10-21 16:06:50 413819094 114.491445 30.685672 114.49144 30.685668 0 28.2 28
2016-10-21 16:10:48 413819094 114.491447 30.685715 114.491445 30.685672 0.1 42 42
2016-10-21 16:15:13 413819094 114.491453 30.685723 114.491447 30.685715 0 97.4 97
2016-10-21 16:18:49 413819094 114.49145 30.68573 114.491453 30.685723 0 4.8 4
2016-10-21 16:22:50 413819094 114.491453 30.685717 114.49145 30.68573 0.1 194.6 194
2016-10-21 16:27:02 413819094 114.49145 30.685687 114.491453 30.685717 0 172.7 172
2016-10-21 16:30:58 413819094 114.491448 30.685705 114.49145 30.685687 0.1 109.2 109
2016-10-21 16:35:06 413819094 114.491448 30.685712 114.491448 30.685705 0 134.6 134
2016-10-21 16:39:24 413819094 114.491432 30.685693 114.491448 30.685712 0.1 204.9 204
2016-10-21 16:43:06 413819094 114.491428 30.685667 114.491432 30.685693 0.1 23 23
2016-10-21 16:47:24 413819094 114.49142 30.68568 114.491428 30.685667 0 9.3 9
2016-10-21 16:51:14 413819094 114.491425 30.685673 114.49142 30.68568 0.1 242.7 242
2016-10-21 16:55:29 413819094 114.491433 30.685687 114.491425 30.685673 0 107.7 107
2016-10-21 16:59:27 413819094 114.491445 30.685683 114.491433 30.685687 0 158 158
2016-10-21 17:11:28 413819094 114.491455 30.68571 114.491443 30.685683 0.1 36.5 36
2016-10-21 17:15:39 413819094 114.491458 30.685688 114.491455 30.68571 0.1 198.9 198
2016-10-21 17:19:37 413819094 114.491453 30.685668 114.491458 30.685688 0 184.2 184
2016-10-21 17:23:46 413819094 114.491453 30.685668 114.491453 30.685668 0 184.2 184
2016-10-21 17:27:44 413819094 114.491443 30.685723 114.491453 30.685668 0.1 29.4 29
2016-10-21 17:31:42 413819094 114.491442 30.685732 114.491443 30.685723 0.1 35.6 35
2016-10-21 17:35:51 413819094 114.49144 30.68573 114.491442 30.685732 0.1 87.9 87
2016-10-21 17:39:58 413819094 114.49146 30.685677 114.49144 30.68573 0 194.1 194
2016-10-21 17:44:01 413819094 114.49142 30.685688 114.49146 30.685677 0.1 206.2 206
2016-10-21 17:47:58 413819094 114.491433 30.685665 114.49142 30.685688 0 134.3 134
2016-10-21 17:52:09 413819094 114.491463 30.685682 114.491433 30.685665 0.1 10.1 10
2016-10-21 17:56:06 413819094 114.49144 30.685718 114.491463 30.685682 0.3 350.5 350
2016-10-21 17:58:07 413819094 114.491415 30.68574 114.49144 30.685718 0.1 308.7 308
2016-10-21 18:01:44 413819094 114.491405 30.685748 114.491415 30.68574 0 147 147
2016-10-21 18:06:06 413819094 114.49143 30.685695 114.491405 30.685748 0 117.8 117
2016-10-21 18:08:55 413819094 114.491422 30.685692 114.49143 30.685695 0.1 12 12
2016-10-21 18:13:15 413819094 114.49144 30.685692 114.491422 30.685692 0 97.7 97
2016-10-21 18:15:58 413819094 114.491432 30.68572 114.49144 30.685692 0 184.1 184
2016-10-21 18:20:22 413819094 114.491423 30.68572 114.491432 30.68572 0.1 220.8 220
2016-10-21 18:24:14 413819094 114.49143 30.68573 114.491423 30.68572 0.1 332.4 332
2016-10-21 18:27:15 413819094 114.491423 30.685713 114.49143 30.68573 0 257.4 257
2016-10-21 18:30:17 413819094 114.491425 30.685722 114.491423 30.685713 0 10.8 10
2016-10-21 18:33:26 413819094 114.491448 30.685712 114.491425 30.685722 0 150.8 150
2016-10-21 18:36:28 413819094 114.49143 30.685727 114.491448 30.685712 0.1 181.5 181
2016-10-21 18:39:32 413819094 114.491433 30.685762 114.49143 30.685727 0 72 72
2016-10-21 18:42:24 413819094 114.491423 30.685743 114.491433 30.685762 0.1 341.1 341
2016-10-21 18:45:33 413819094 114.491452 30.68576 114.491423 30.685743 0.1 157.7 157
2016-10-21 18:48:35 413819094 114.491457 30.685727 114.491452 30.68576 0.1 175 175
2016-10-21 18:51:52 413819094 114.491458 30.685707 114.491457 30.685727 0.1 135.7 135
2016-10-21 18:54:54 413819094 114.491465 30.685715 114.491458 30.685707 0.1 286.2 286
2016-10-21 18:57:42 413819094 114.49146 30.685727 114.491465 30.685715 0 208.3 208
2016-10-21 19:09:09 413819094 114.491445 30.685717 114.491453 30.685695 0 119.6 119
2016-10-21 19:11:56 413819094 114.491437 30.685692 114.491445 30.685717 0 204.1 204
2016-10-21 19:15:01 413819094 114.49144 30.685677 114.491437 30.685692 0.2 155 155
2016-10-21 19:19:17 413819094 114.491458 30.6857 114.49144 30.685677 0 44.6 44
2016-10-21 19:22:16 413819094 114.491477 30.685713 114.491458 30.6857 0.1 159.7 159
2016-10-21 19:26:08 413819094 114.49144 30.685713 114.491477 30.685713 0.1 104.2 104
2016-10-21 19:30:13 413819094 114.49144 30.685713 114.49144 30.685713 0.1 104.2 104
2016-10-21 19:33:24 413819094 114.49148 30.685675 114.49144 30.685713 0 239.5 239
2016-10-21 19:36:17 413819094 114.49148 30.685688 114.49148 30.685675 0.1 357.6 357
2016-10-21 19:39:24 413819094 114.491478 30.685688 114.49148 30.685688 0.1 218.9 218
2016-10-21 19:43:28 413819094 114.491485 30.685632 114.491478 30.685688 0 121.3 121
2016-10-21 19:46:36 413819094 114.491473 30.685658 114.491485 30.685632 0.1 345.1 345
2016-10-21 19:50:32 413819094 114.491463 30.685725 114.491473 30.685658 0.1 334.1 334
2016-10-21 19:54:49 413819094 114.491465 30.685727 114.491463 30.685725 0 180.6 180
2016-10-21 19:57:38 413819094 114.49146 30.685723 114.491465 30.685727 0.1 54.5 54
2016-10-21 20:00:55 413819094 114.49147 30.685703 114.49146 30.685723 0.1 169.5 169
2016-10-21 20:03:52 413819094 114.491492 30.6857 114.49147 30.685703 0.1 32.5 32
2016-10-21 20:07:05 413819094 114.491472 30.685762 114.491492 30.6857 0.1 4.3 4
2016-10-21 20:10:00 413819094 114.491493 30.685707 114.491472 30.685762 0 155.9 155
2016-10-21 20:14:06 413819094 114.49148 30.685685 114.491493 30.685707 0.1 269.5 269
2016-10-21 20:16:56 413819094 114.491482 30.685678 114.49148 30.685685 0 321.5 321
2016-10-21 20:20:11 413819094 114.491482 30.685697 114.491482 30.685678 0.1 270.5 270
2016-10-21 20:23:06 413819094 114.49147 30.685677 114.491482 30.685697 0.1 268.1 268
2016-10-21 20:26:20 413819094 114.491442 30.685748 114.49147 30.685677 0 272.6 272
2016-10-21 20:35:35 413819094 114.491465 30.6857 114.491445 30.68576 0 341.2 341
2016-10-21 20:38:34 413819094 114.491473 30.68569 114.491465 30.6857 0.1 196.9 196
2016-10-21 20:41:23 413819094 114.491475 30.685698 114.491473 30.68569 0 100.6 100
2016-10-21 20:44:38 413819094 114.49147 30.68572 114.491475 30.685698 0 41.2 41
2016-10-21 20:47:33 413819094 114.491495 30.685713 114.49147 30.68572 0.1 149.8 149
2016-10-21 20:50:41 413819094 114.49149 30.685657 114.491495 30.685713 0.1 194.4 194
2016-10-21 20:53:45 413819094 114.491503 30.685643 114.49149 30.685657 0.1 37.7 37
2016-10-21 20:56:57 413819094 114.491492 30.68567 114.491503 30.685643 0 299.5 299
2016-10-21 20:59:42 413819094 114.491492 30.685685 114.491492 30.68567 0 50.9 50
2016-10-21 21:03:01 413819094 114.491498 30.685703 114.491492 30.685685 0.1 350.4 350
2016-10-21 21:05:56 413819094 114.491508 30.685685 114.491498 30.685703 0.1 181.3 181
2016-10-21 21:09:08 413819094 114.491492 30.685658 114.491508 30.685685 0 178 178
2016-10-21 21:12:05 413819094 114.491503 30.68564 114.491492 30.685658 0 188.9 188
2016-10-21 21:14:58 413819094 114.49152 30.685632 114.491503 30.68564 0 23 23
2016-10-21 21:18:11 413819094 114.491515 30.685713 114.49152 30.685632 0.1 315.6 315
2016-10-21 21:27:17 413819094 114.491513 30.685712 114.491502 30.685742 0.1 112.1 112
2016-10-21 21:30:13 413819094 114.491512 30.685685 114.491513 30.685712 0 165.1 165
2016-10-21 21:36:23 413819094 114.491477 30.685702 114.491477 30.685702 0.1 114.9 114
2016-10-21 21:39:37 413819094 114.491498 30.685707 114.491477 30.685702 0 142.4 142
2016-10-21 21:42:32 413819094 114.491493 30.685718 114.491498 30.685707 0 287.2 287
2016-10-21 21:45:42 413819094 114.491487 30.685707 114.491493 30.685718 0 187.6 187
2016-10-21 21:48:35 413819094 114.491502 30.68569 114.491487 30.685707 0.1 146.3 146
2016-10-21 21:51:38 413819094 114.491513 30.685657 114.491502 30.68569 0.1 125 125
2016-10-21 21:54:47 413819094 114.491498 30.685688 114.491513 30.685657 0.1 299.1 299
2016-10-21 21:57:52 413819094 114.491493 30.685715 114.491498 30.685688 0 285.4 285
2016-10-21 22:00:52 413819094 114.491473 30.685715 114.491493 30.685715 0 29.1 29
2016-10-21 22:04:04 413819094 114.4915 30.685693 114.491473 30.685715 0 105.6 105
2016-10-21 22:06:57 413819094 114.491495 30.685683 114.4915 30.685693 0 88.3 88
2016-10-21 22:10:06 413819094 114.491472 30.685737 114.491495 30.685683 0 183.6 183
2016-10-21 22:13:04 413819094 114.491482 30.685728 114.491472 30.685737 0 191.8 191
2016-10-21 22:16:09 413819094 114.491483 30.685722 114.491482 30.685728 0 120.3 120
2016-10-21 22:19:15 413819094 114.4915 30.685737 114.491483 30.685722 0 223.6 223
2016-10-21 22:22:21 413819094 114.491512 30.685753 114.4915 30.685737 0.1 9.4 9
2016-10-21 22:25:14 413819094 114.491502 30.685738 114.491512 30.685753 0 337.2 337
2016-10-21 22:28:27 413819094 114.491468 30.685745 114.491502 30.685738 0 138.3 138
2016-10-21 22:31:31 413819094 114.491468 30.685745 114.491468 30.685745 0 138.3 138
2016-10-21 22:34:35 413819094 114.491483 30.685748 114.491468 30.685745 0 333 333
2016-10-21 22:37:32 413819094 114.491497 30.68573 114.491483 30.685748 0 316.3 316
2016-10-21 22:40:45 413819094 114.491485 30.685735 114.491497 30.68573 0 263.7 263
2016-10-21 22:43:45 413819094 114.491512 30.685718 114.491485 30.685735 0 29 29
2016-10-21 22:46:43 413819094 114.491502 30.6857 114.491512 30.685718 0 341 341
2016-10-21 22:49:39 413819094 114.491498 30.685695 114.491502 30.6857 0.1 183.7 183
2016-10-21 22:52:52 413819094 114.491492 30.685732 114.491498 30.685695 0.1 328.6 328
2016-10-21 22:55:45 413819094 114.491487 30.685705 114.491492 30.685732 0 219.3 219
2016-10-21 22:58:55 413819094 114.491488 30.685712 114.491487 30.685705 0 164.6 164
2016-10-21 23:01:55 413819094 114.4915 30.685707 114.491488 30.685712 0.1 186.1 186
2016-10-21 23:04:53 413819094 114.491487 30.68572 114.4915 30.685707 0.1 202.6 202
2016-10-21 23:08:05 413819094 114.491492 30.685727 114.491487 30.68572 0.1 138.1 138
2016-10-21 23:11:01 413819094 114.49149 30.685733 114.491492 30.685727 0.1 133.9 133
2016-10-21 23:14:20 413819094 114.491487 30.685705 114.49149 30.685733 0 154.3 154
2016-10-21 23:17:07 413819094 114.491508 30.685693 114.491487 30.685705 0 343 343
2016-10-21 23:20:08 413819094 114.49151 30.685685 114.491508 30.685693 0 319.1 319
2016-10-21 23:23:20 413819094 114.49151 30.685668 114.49151 30.685685 0.1 25.6 25
2016-10-21 23:26:24 413819094 114.491507 30.685728 114.49151 30.685668 0 295.1 295
2016-10-21 23:29:32 413819094 114.491517 30.685718 114.491507 30.685728 0.1 173 173
2016-10-21 23:32:37 413819094 114.491512 30.685725 114.491517 30.685718 0.1 342.2 342
2016-10-21 23:35:49 413819094 114.49152 30.685698 114.491512 30.685725 0.1 192.9 192
2016-10-21 23:38:32 413819094 114.491493 30.685723 114.49152 30.685698 0.2 347.3 347
2016-10-21 23:44:39 413819094 114.491495 30.68572 114.491495 30.68572 0 225.7 225
2016-10-21 23:47:48 413819094 114.491503 30.685718 114.491495 30.68572 0 86.7 86
2016-10-21 23:50:51 413819094 114.491508 30.68573 114.491503 30.685718 0.1 53.7 53
2016-10-21 23:53:53 413819094 114.4915 30.68572 114.491508 30.68573 0.1 314.5 314
2016-10-21 23:56:49 413819094 114.49151 30.68573 114.4915 30.68572 0.1 340.8 340
2016-10-21 23:59:59 413819094 114.491493 30.685703 114.49151 30.68573 0.1 181.5 181
