2016-10-19 0:10:50 413802819 114.3819 30.647933 114.381895 30.647923 0 138.4 138
2016-10-19 0:23:06 413802819 114.381893 30.647927 114.381887 30.647925 0 45.6 45
2016-10-19 0:26:54 413802819 114.381895 30.647925 114.381893 30.647927 0 325.9 325
2016-10-19 0:43:09 413802819 114.381898 30.64794 114.381883 30.647928 0 324.7 324
2016-10-19 0:47:24 413802819 114.381873 30.647958 114.381898 30.64794 0 2.5 2
2016-10-19 0:51:15 413802819 114.381875 30.647943 114.381873 30.647958 0 274.1 274
2016-10-19 0:55:28 413802819 114.381892 30.647935 114.381875 30.647943 0 59.2 59
2016-10-19 0:57:07 413802819 114.381888 30.647927 114.381892 30.647935 0 161.6 161
2016-10-19 1:00:31 413802819 114.381898 30.647935 114.381888 30.647927 0 32.6 32
2016-10-19 1:04:45 413802819 114.381885 30.647937 114.381898 30.647935 0 143.6 143
2016-10-19 1:08:33 413802819 114.381883 30.64794 114.381885 30.647937 0 189.1 189
2016-10-19 1:20:55 413802819 114.381858 30.647915 114.381875 30.64794 0 67.3 67
2016-10-19 1:24:49 413802819 114.381883 30.647913 114.381858 30.647915 0 185.5 185
2016-10-19 1:29:04 413802819 114.381882 30.64794 114.381883 30.647913 0 330.8 330
2016-10-19 1:32:58 413802819 114.381888 30.647913 114.381882 30.64794 0 265.4 265
2016-10-19 1:45:10 413802819 114.381893 30.647915 114.381865 30.647922 0 41.6 41
2016-10-19 1:49:19 413802819 114.381883 30.647942 114.381893 30.647915 0 40.9 40
2016-10-19 1:57:17 413802819 114.381898 30.64792 114.381898 30.64792 0 69.5 69
2016-10-19 2:01:30 413802819 114.381903 30.647963 114.381898 30.64792 0 42.4 42
2016-10-19 2:05:28 413802819 114.381903 30.647963 114.381903 30.647963 0 42.4 42
2016-10-19 2:09:31 413802819 114.381908 30.647878 114.381903 30.647963 0 43.8 43
2016-10-19 2:13:28 413802819 114.3819 30.647915 114.381908 30.647878 0 99.6 99
2016-10-19 2:33:52 413802819 114.381913 30.647905 114.381908 30.647907 0 52.4 52
2016-10-19 2:37:49 413802819 114.381917 30.647868 114.381913 30.647905 0 90.9 90
2016-10-19 2:41:56 413802819 114.381913 30.647895 114.381917 30.647868 0 129.1 129
2016-10-19 2:45:54 413802819 114.381912 30.6479 114.381913 30.647895 0 329 329
2016-10-19 2:55:42 413802819 114.381908 30.647893 114.381897 30.64791 0 147.3 147
2016-10-19 2:59:47 413802819 114.381908 30.647893 114.381908 30.647893 0 147.3 147
2016-10-19 3:03:45 413802819 114.381887 30.647908 114.381908 30.647893 0 341.2 341
2016-10-19 3:07:52 413802819 114.381883 30.647912 114.381887 30.647908 0 327.3 327
2016-10-19 3:11:56 413802819 114.381903 30.647893 114.381883 30.647912 0 154.1 154
2016-10-19 3:15:54 413802819 114.381917 30.647895 114.381903 30.647893 0 107 107
2016-10-19 3:20:01 413802819 114.381923 30.647882 114.381917 30.647895 0 163.6 163
2016-10-19 3:23:52 413802819 114.3819 30.647898 114.381923 30.647882 0 330.3 330
2016-10-19 3:28:08 413802819 114.38189 30.647898 114.3819 30.647898 0 263.6 263
2016-10-19 3:32:09 413802819 114.381902 30.647863 114.38189 30.647898 0 342.8 342
2016-10-19 3:36:16 413802819 114.381923 30.647937 114.381902 30.647863 0 160 160
2016-10-19 3:37:21 413802819 114.381917 30.647923 114.381923 30.647937 0 253 253
2016-10-19 3:40:37 413802819 114.38189 30.64791 114.381917 30.647923 0 167.7 167
2016-10-19 3:44:45 413802819 114.381878 30.647927 114.38189 30.64791 0 48.9 48
2016-10-19 3:56:47 413802819 114.3819 30.647893 114.381882 30.647918 0 347.1 347
2016-10-19 4:00:58 413802819 114.381887 30.647928 114.3819 30.647893 0 346.2 346
2016-10-19 4:04:55 413802819 114.381893 30.647932 114.381887 30.647928 0 19.1 19
2016-10-19 4:09:04 413802819 114.381877 30.647915 114.381893 30.647932 0 177.3 177
2016-10-19 4:12:53 413802819 114.381875 30.647923 114.381877 30.647915 0 143.1 143
2016-10-19 4:13:10 413802819 114.381875 30.647923 114.381875 30.647923 0 143.1 143
2016-10-19 4:25:16 413802819 114.381895 30.647908 114.381898 30.6479 0 336.9 336
2016-10-19 4:29:08 413802819 114.381898 30.647923 114.381895 30.647908 0 354.6 354
2016-10-19 4:33:26 413802819 114.381882 30.647938 114.381898 30.647923 0 58.9 58
2016-10-19 4:37:27 413802819 114.381885 30.647942 114.381882 30.647938 0.1 322 322
2016-10-19 4:41:26 413802819 114.381883 30.647967 114.381885 30.647942 0 356.4 356
2016-10-19 4:45:25 413802819 114.38189 30.64792 114.381883 30.647967 0 21.5 21
2016-10-19 4:57:34 413802819 114.381892 30.647953 114.381897 30.647947 0 104.2 104
2016-10-19 5:01:41 413802819 114.381903 30.64794 114.381892 30.647953 0 34 34
2016-10-19 5:05:41 413802819 114.381923 30.647918 114.381903 30.64794 0 111.8 111
2016-10-19 5:09:39 413802819 114.381907 30.647927 114.381923 30.647918 0 71.4 71
2016-10-19 5:09:58 413802819 114.381907 30.647927 114.381907 30.647927 0 71.4 71
2016-10-19 5:13:46 413802819 114.381948 30.647923 114.381907 30.647927 0 83.5 83
2016-10-19 5:14:20 413802819 114.381952 30.647922 114.381948 30.647923 0 79.3 79
2016-10-19 5:17:38 413802819 114.381923 30.647937 114.381952 30.647922 0 63.7 63
2016-10-19 5:21:43 413802819 114.38192 30.647935 114.381923 30.647937 0 51.8 51
2016-10-19 5:25:43 413802819 114.381897 30.64794 114.38192 30.647935 0 78.6 78
2016-10-19 5:30:16 413802819 114.381903 30.647933 114.381897 30.64794 0 92.5 92
2016-10-19 5:33:42 413802819 114.38188 30.647938 114.381903 30.647933 0 101.9 101
2016-10-19 5:37:46 413802819 114.381907 30.647945 114.38188 30.647938 0 127.4 127
2016-10-19 5:49:45 413802819 114.381897 30.64794 114.381907 30.647935 0 346.1 346
2016-10-19 5:55:31 413802819 114.381878 30.647948 114.381878 30.647948 0 296.2 296
2016-10-19 5:59:49 413802819 114.38191 30.647948 114.381878 30.647948 0 147.8 147
2016-10-19 6:01:07 413802819 114.381913 30.647937 114.38191 30.647948 0 127.7 127
2016-10-19 6:04:31 413802819 114.3819 30.647938 114.381913 30.647937 0 163.1 163
2016-10-19 6:13:52 413802819 114.381892 30.647938 114.381903 30.647923 0 179.1 179
2016-10-19 6:17:43 413802819 114.381903 30.647938 114.381892 30.647938 0 199.2 199
2016-10-19 6:21:50 413802819 114.381908 30.647925 114.381903 30.647938 0 208.2 208
2016-10-19 6:25:52 413802819 114.3819 30.647932 114.381908 30.647925 0 202.4 202
2016-10-19 6:29:56 413802819 114.381893 30.647922 114.3819 30.647932 0 172.6 172
2016-10-19 6:33:55 413802819 114.381893 30.64794 114.381893 30.647922 0 197.7 197
2016-10-19 6:38:02 413802819 114.381902 30.647923 114.381893 30.64794 0 162.1 162
2016-10-19 6:42:17 413802819 114.381888 30.647927 114.381902 30.647923 0 156.4 156
2016-10-19 6:46:10 413802819 114.381903 30.647923 114.381888 30.647927 0 167.3 167
2016-10-19 6:50:09 413802819 114.381883 30.647902 114.381903 30.647923 0 168.6 168
2016-10-19 6:54:13 413802819 114.381885 30.647897 114.381883 30.647902 0 161.9 161
2016-10-19 6:58:19 413802819 114.381883 30.647905 114.381885 30.647897 0 162 162
2016-10-19 7:02:22 413802819 114.381895 30.64791 114.381883 30.647905 0 134.8 134
2016-10-19 7:06:38 413802819 114.381895 30.647923 114.381895 30.64791 0 164.2 164
2016-10-19 7:10:32 413802819 114.381897 30.64791 114.381895 30.647923 0 166.8 166
2016-10-19 7:14:29 413802819 114.381895 30.647927 114.381897 30.64791 0.1 153.6 153
2016-10-19 7:18:39 413802819 114.381893 30.647905 114.381895 30.647927 0 164.2 164
2016-10-19 7:30:55 413802819 114.38191 30.6479 114.38189 30.647903 0 150.7 150
2016-10-19 7:34:47 413802819 114.381915 30.647923 114.38191 30.6479 0.1 156 156
2016-10-19 7:51:50 413802819 114.381948 30.647848 114.381962 30.647843 0 134.4 134
2016-10-19 7:55:46 413802819 114.38195 30.64784 114.381948 30.647848 0 137 137
2016-10-19 7:59:49 413802819 114.381943 30.647868 114.38195 30.64784 0 119.8 119
2016-10-19 8:04:02 413802819 114.38194 30.647852 114.381943 30.647868 0 102.6 102
2016-10-19 8:07:58 413802819 114.381947 30.647842 114.38194 30.647852 0 114.4 114
2016-10-19 8:09:48 413802819 114.381942 30.647858 114.381947 30.647842 0 130 130
2016-10-19 8:13:31 413802819 114.381947 30.647858 114.381942 30.647858 0 124.3 124
2016-10-19 8:17:59 413802819 114.381943 30.647847 114.381947 30.647858 0 116.3 116
2016-10-19 8:21:47 413802819 114.381953 30.647862 114.381943 30.647847 0 106.4 106
2016-10-19 8:45:46 413802819 114.381972 30.647855 114.381957 30.647848 0.1 116.9 116
2016-10-19 8:49:47 413802819 114.381977 30.647807 114.381972 30.647855 0.1 121.7 121
2016-10-19 8:54:03 413802819 114.38198 30.647787 114.381977 30.647807 0.1 124.6 124
2016-10-19 8:57:55 413802819 114.381958 30.647825 114.38198 30.647787 0.1 127.4 127
2016-10-19 9:46:45 413802819 114.381953 30.64785 114.381962 30.647835 0.1 119.1 119
2016-10-19 9:59:05 413802819 114.381962 30.64785 114.381938 30.647868 0 119.5 119
2016-10-19 10:19:12 413802819 114.381927 30.647848 114.381928 30.647872 0 108.7 108
2016-10-19 10:23:10 413802819 114.38193 30.647857 114.381927 30.647848 0 121.1 121
2016-10-19 10:31:39 413802819 114.38195 30.64784 114.381943 30.647862 0 119.8 119
2016-10-19 10:56:09 413802819 114.381965 30.647908 114.381953 30.64793 0 86.9 86
2016-10-19 11:18:56 413802819 114.381943 30.647908 114.381955 30.647903 0 97.7 97
2016-10-19 11:42:56 413802819 114.381937 30.647847 114.381962 30.647882 0 145.6 145
2016-10-19 11:47:13 413802819 114.381922 30.647852 114.381937 30.647847 0 111.1 111
2016-10-19 12:11:19 413802819 114.381933 30.647867 114.381907 30.647872 0 144.5 144
2016-10-19 12:15:19 413802819 114.381928 30.64788 114.381933 30.647867 0 162.7 162
2016-10-19 12:19:36 413802819 114.381903 30.647873 114.381928 30.64788 0.1 159.1 159
2016-10-19 12:23:46 413802819 114.381913 30.647868 114.381903 30.647873 0 148 148
2016-10-19 12:27:52 413802819 114.381917 30.647875 114.381913 30.647868 0 140.5 140
2016-10-19 12:31:34 413802819 114.38192 30.6479 114.381917 30.647875 0 154.6 154
2016-10-19 12:52:03 413802819 114.381937 30.647898 114.381902 30.647952 0 29.3 29
2016-10-19 13:16:23 413802819 114.381927 30.647902 114.381952 30.647845 0 72.3 72
2016-10-19 13:20:12 413802819 114.3819 30.647933 114.381927 30.647902 0 0 0
2016-10-19 13:20:44 413802819 114.3819 30.647933 114.3819 30.647933 0 0 0
2016-10-19 13:24:31 413802819 114.381917 30.647905 114.3819 30.647933 0 113.3 113
2016-10-19 13:40:55 413802819 114.381945 30.647903 114.38192 30.64791 0 45.9 45
2016-10-19 14:17:25 413802819 114.381935 30.64789 114.381935 30.64789 0 28.8 28
2016-10-19 14:21:22 413802819 114.381937 30.647893 114.381935 30.64789 0 63.7 63
2016-10-19 14:25:20 413802819 114.381943 30.647857 114.381937 30.647893 0 60.2 60
2016-10-19 14:43:50 413802819 114.38194 30.647847 114.381948 30.647857 0 101.8 101
2016-10-19 14:47:48 413802819 114.381942 30.64786 114.38194 30.647847 0 104.7 104
2016-10-19 14:59:56 413802819 114.381957 30.647873 114.381948 30.647858 0 117.8 117
2016-10-19 15:00:54 413802819 114.381953 30.647877 114.381957 30.647873 0 117.4 117
2016-10-19 15:04:44 413802819 114.38197 30.647862 114.381953 30.647877 0 87.8 87
2016-10-19 15:20:44 413802819 114.381912 30.647905 114.38196 30.647832 0.1 139.8 139
2016-10-19 15:33:17 413802819 114.38196 30.647858 114.381937 30.647845 0 107.8 107
2016-10-19 15:37:11 413802819 114.381943 30.647873 114.38196 30.647858 0 167.6 167
2016-10-19 15:41:10 413802819 114.381925 30.647887 114.381943 30.647873 0 132.1 132
2016-10-19 15:45:02 413802819 114.381952 30.647865 114.381925 30.647887 0 119.1 119
2016-10-19 16:08:40 413802819 114.38193 30.647833 114.381938 30.647852 0 59.9 59
2016-10-19 16:12:55 413802819 114.381948 30.647848 114.38193 30.647833 0 86.8 86
2016-10-19 16:16:38 413802819 114.38197 30.647827 114.381948 30.647848 0.1 154 154
2016-10-19 16:33:02 413802819 114.381958 30.647832 114.381995 30.647872 0 73.2 73
2016-10-19 16:49:00 413802819 114.381955 30.647803 114.381943 30.647848 0 101.9 101
2016-10-19 16:49:26 413802819 114.381955 30.647803 114.381955 30.647803 0 101.9 101
2016-10-19 16:53:09 413802819 114.381977 30.647847 114.381955 30.647803 0 90 90
2016-10-19 17:13:58 413802819 114.381967 30.647873 114.381947 30.64785 0 67.7 67
2016-10-19 17:17:57 413802819 114.381953 30.647863 114.381967 30.647873 0 82.1 82
2016-10-19 17:21:55 413802819 114.381963 30.647863 114.381953 30.647863 0 123.2 123
2016-10-19 17:37:34 413802819 114.381973 30.64785 114.381952 30.647865 0 112.3 112
2016-10-19 17:49:46 413802819 114.381962 30.647848 114.381965 30.647843 0.1 143.3 143
2016-10-19 18:01:50 413802819 114.38195 30.647825 114.381958 30.647832 0.1 149.6 149
2016-10-19 18:06:03 413802819 114.381928 30.647832 114.38195 30.647825 0 151.6 151
2016-10-19 18:09:56 413802819 114.381918 30.647863 114.381928 30.647832 0.1 146.5 146
2016-10-19 18:22:05 413802819 114.381928 30.647853 114.381928 30.64785 0 128.1 128
2016-10-19 18:39:21 413802819 114.381928 30.647838 114.381928 30.647838 0 156.6 156
2016-10-19 18:49:48 413802819 114.381937 30.64787 114.381932 30.647847 0.1 157.6 157
2016-10-19 18:53:44 413802819 114.381933 30.647865 114.381937 30.64787 0 145 145
2016-10-19 18:57:43 413802819 114.381917 30.647872 114.381933 30.647865 0 147.9 147
2016-10-19 19:01:50 413802819 114.381923 30.647852 114.381917 30.647872 0 144.3 144
2016-10-19 19:05:57 413802819 114.381925 30.647845 114.381923 30.647852 0 167.8 167
2016-10-19 19:17:58 413802819 114.381915 30.647853 114.381933 30.647822 0 107.6 107
2016-10-19 19:34:24 413802819 114.381903 30.64785 114.381928 30.647848 0 139 139
2016-10-19 19:37:28 413802819 114.381903 30.64785 114.381903 30.64785 0 139 139
2016-10-19 19:41:20 413802819 114.381933 30.64787 114.381903 30.64785 0 118.2 118
2016-10-19 19:45:19 413802819 114.381953 30.647882 114.381933 30.64787 0.1 96.1 96
2016-10-19 19:45:36 413802819 114.381953 30.647882 114.381953 30.647882 0.1 96.1 96
2016-10-19 19:48:38 413802819 114.381937 30.647852 114.381953 30.647882 0 123.6 123
2016-10-19 19:51:36 413802819 114.381935 30.647877 114.381937 30.647852 0 102.7 102
2016-10-19 19:54:31 413802819 114.381947 30.647872 114.381935 30.647877 0 71 71
2016-10-19 19:57:43 413802819 114.381967 30.647852 114.381947 30.647872 0 107.6 107
2016-10-19 20:26:02 413802819 114.38194 30.647878 114.38193 30.6479 0.1 114.3 114
2016-10-19 20:37:15 413802819 114.381935 30.647887 114.38193 30.647845 0 106.5 106
2016-10-19 20:40:17 413802819 114.381935 30.647838 114.381935 30.647887 0 105 105
2016-10-19 20:43:12 413802819 114.381935 30.647835 114.381935 30.647838 0.1 120.4 120
2016-10-19 20:47:32 413802819 114.38194 30.647842 114.381935 30.647835 0.1 119.4 119
2016-10-19 20:51:21 413802819 114.381943 30.64783 114.38194 30.647842 0.1 120.7 120
2016-10-19 20:54:23 413802819 114.381928 30.647835 114.381943 30.64783 0.1 126.5 126
2016-10-19 20:57:33 413802819 114.381947 30.64784 114.381928 30.647835 0.1 118.1 118
2016-10-19 21:37:17 413802819 114.381955 30.647838 114.381955 30.647838 0.1 112.5 112
2016-10-19 21:52:30 413802819 114.381963 30.647858 114.381953 30.64787 0 88.1 88
2016-10-19 21:55:29 413802819 114.381963 30.647858 114.381963 30.647858 0 88.1 88
2016-10-19 21:58:27 413802819 114.381943 30.647847 114.381963 30.647858 0.1 118.1 118
2016-10-19 22:07:34 413802819 114.381972 30.647832 114.381948 30.647808 0 105.6 105
2016-10-19 22:38:00 413802819 114.381955 30.64782 114.381958 30.647848 0 91 91
2016-10-19 22:38:21 413802819 114.381955 30.64782 114.381955 30.64782 0 91 91
2016-10-19 22:46:09 413802819 114.381948 30.647888 114.381948 30.647888 0 65.2 65
