2016-10-21 13:31:10 413770043 114.47526 30.679975 114.47526 30.679975 0 61.2 N/A
2016-10-21 14:16:03 413770043 114.475262 30.679973 114.475262 30.679972 0 61.2 N/A
2016-10-21 14:19:03 413770043 114.475253 30.67997 114.475262 30.679973 0 61.2 N/A
2016-10-21 14:22:18 413770043 114.475255 30.679965 114.475253 30.67997 0 61.2 N/A
2016-10-21 15:31:10 413770043 114.47528 30.679905 114.47528 30.679913 0 61.2 N/A
2016-10-21 15:34:40 413770043 114.47528 30.6799 114.47528 30.679905 0 61.2 N/A
2016-10-21 15:37:27 413770043 114.47528 30.679888 114.47528 30.6799 0 61.2 N/A
2016-10-21 15:40:29 413770043 114.475277 30.67988 114.47528 30.679888 0 61.2 N/A
2016-10-21 15:55:13 413770043 114.47528 30.679852 114.475285 30.679857 0 61.2 N/A
2016-10-21 15:58:16 413770043 114.475288 30.679842 114.47528 30.679852 0 61.2 N/A
2016-10-21 16:01:16 413770043 114.475278 30.679835 114.475288 30.679842 0 61.2 N/A
2016-10-21 16:04:21 413770043 114.475282 30.67983 114.475278 30.679835 0 61.2 N/A
2016-10-21 16:22:51 413770043 114.475285 30.679782 114.475285 30.679782 0 61.2 N/A
2016-10-21 16:25:27 413770043 114.475283 30.679785 114.475285 30.679782 0 61.2 N/A
2016-10-21 16:28:42 413770043 114.475283 30.679778 114.475283 30.679785 0 61.2 N/A
2016-10-21 16:34:43 413770043 114.475288 30.679758 114.475283 30.679762 0 61.2 N/A
2016-10-21 16:37:44 413770043 114.475285 30.679757 114.475288 30.679758 0 61.2 N/A
2016-10-21 16:40:36 413770043 114.475285 30.679752 114.475285 30.679757 0 61.2 N/A
2016-10-21 16:43:28 413770043 114.475285 30.679752 114.475285 30.679752 0 61.2 N/A
2016-10-21 16:52:39 413770043 114.475287 30.679732 114.47529 30.679742 0 61.2 N/A
2016-10-21 17:01:25 413770043 114.475287 30.679712 114.47529 30.679725 0 61.2 N/A
2016-10-21 17:04:27 413770043 114.475288 30.679715 114.475287 30.679712 0 61.2 N/A
2016-10-21 17:07:23 413770043 114.475287 30.679718 114.475288 30.679715 0 61.2 N/A
2016-10-21 17:10:24 413770043 114.475288 30.67971 114.475287 30.679718 0 61.2 N/A
2016-10-21 17:10:41 413770043 114.475288 30.679708 114.475288 30.67971 0 61.2 N/A
2016-10-21 17:13:30 413770043 114.475288 30.679703 114.475288 30.679708 0 61.2 N/A
2016-10-21 17:16:30 413770043 114.475283 30.679705 114.475288 30.679703 0 61.2 N/A
2016-10-21 17:16:50 413770043 114.475285 30.679705 114.475283 30.679705 0 61.2 N/A
2016-10-21 17:37:26 413770043 114.475278 30.679692 114.475287 30.679697 0 61.2 N/A
2016-10-21 17:40:41 413770043 114.475268 30.679682 114.475278 30.679692 0 61.2 N/A
2016-10-21 17:43:29 413770043 114.47527 30.679682 114.475268 30.679682 0 61.2 N/A
2016-10-21 17:52:28 413770043 114.475267 30.679663 114.47527 30.679667 0 61.2 N/A
2016-10-21 17:55:36 413770043 114.475268 30.679663 114.475267 30.679663 0 61.2 N/A
2016-10-21 18:04:41 413770043 114.47527 30.679663 114.475267 30.67966 0 61.2 N/A
2016-10-21 18:07:35 413770043 114.475267 30.679663 114.47527 30.679663 0 61.2 N/A
2016-10-21 18:10:43 413770043 114.47527 30.679668 114.475267 30.679663 0 61.2 N/A
2016-10-21 18:25:36 413770043 114.475273 30.679685 114.47527 30.679683 0 61.2 N/A
2016-10-21 18:28:43 413770043 114.47527 30.679683 114.475273 30.679685 0 61.2 N/A
2016-10-21 18:31:44 413770043 114.47527 30.679682 114.47527 30.679683 0 61.2 N/A
2016-10-21 18:34:37 413770043 114.475275 30.67968 114.47527 30.679682 0 61.2 N/A
2016-10-21 18:37:38 413770043 114.475273 30.679683 114.475275 30.67968 0 61.2 N/A
2016-10-21 18:40:30 413770043 114.475272 30.679682 114.475273 30.679683 0 61.2 N/A
2016-10-21 18:40:59 413770043 114.47527 30.679688 114.475272 30.679682 0 61.2 N/A
2016-10-21 18:47:03 413770043 114.475273 30.679692 114.475275 30.67969 0 61.2 N/A
2016-10-21 18:49:50 413770043 114.475273 30.67969 114.475273 30.679692 0 61.2 N/A
2016-10-21 18:52:45 413770043 114.475277 30.67969 114.475273 30.67969 0 61.2 N/A
2016-10-21 18:53:04 413770043 114.47528 30.679693 114.475277 30.67969 0 61.2 N/A
2016-10-21 18:55:40 413770043 114.475277 30.679692 114.47528 30.679693 0 61.2 N/A
2016-10-21 18:58:38 413770043 114.475277 30.679685 114.475277 30.679692 0 61.2 N/A
2016-10-21 19:01:54 413770043 114.475278 30.679677 114.475277 30.679685 0 61.2 N/A
2016-10-21 19:11:01 413770043 114.475278 30.679665 114.475275 30.679663 0 61.2 N/A
2016-10-21 19:28:54 413770043 114.475273 30.679635 114.475278 30.679643 0 61.2 N/A
2016-10-21 19:40:41 413770043 114.475277 30.679617 114.475282 30.679623 0 61.2 N/A
2016-10-21 19:43:45 413770043 114.475278 30.67961 114.475277 30.679617 0 61.2 N/A
2016-10-21 19:46:49 413770043 114.475275 30.679612 114.475278 30.67961 0 61.2 N/A
2016-10-21 19:47:06 413770043 114.47528 30.679617 114.475275 30.679612 0 61.2 N/A
2016-10-21 19:49:44 413770043 114.475277 30.679623 114.47528 30.679617 0 61.2 N/A
2016-10-21 19:52:53 413770043 114.475282 30.67962 114.475277 30.679623 0 61.2 N/A
2016-10-21 19:55:49 413770043 114.475282 30.679628 114.475282 30.67962 0 61.2 N/A
2016-10-21 20:11:16 413770043 114.475275 30.679652 114.475275 30.67965 0 61.2 N/A
2016-10-21 20:23:34 413770043 114.475278 30.679668 114.475275 30.679668 0 61.2 N/A
2016-10-21 20:35:14 413770043 114.475282 30.67968 114.47528 30.679678 0 61.2 N/A
