2016-10-20 0:18:00 413819617 114.540947 30.6739 114.54096 30.673923 0 0 N/A
2016-10-20 0:20:40 413819617 114.540947 30.6739 114.540947 30.6739 0 0 N/A
2016-10-20 17:22:51 413819617 114.54096 30.67401 114.540973 30.674013 0 0 N/A
2016-10-20 17:27:57 413819617 114.54096 30.67401 114.54096 30.67401 0 0 N/A
2016-10-20 17:28:46 413819617 114.54096 30.67401 114.54096 30.67401 0 0 N/A
2016-10-20 17:31:53 413819617 114.54036 30.673423 114.54096 30.67401 0.2 233.7 N/A
2016-10-20 17:33:46 413819617 114.54036 30.673423 114.54036 30.673423 0.2 233.7 N/A
2016-10-20 17:34:54 413819617 114.54064 30.673297 114.54036 30.673423 0.3 95.7 N/A
2016-10-20 17:39:51 413819617 114.54064 30.673297 114.54064 30.673297 0.3 95.7 N/A
2016-10-20 17:44:04 413819617 114.5408 30.67388 114.54064 30.673297 0.1 0 N/A
2016-10-20 17:45:44 413819617 114.5408 30.67388 114.5408 30.67388 0.1 0 N/A
2016-10-20 17:57:43 413819617 114.540947 30.67391 114.540947 30.67391 0 0 N/A
2016-10-20 17:58:50 413819617 114.540947 30.67391 114.540947 30.67391 0 0 N/A
2016-10-20 18:15:54 413819617 114.54092 30.673907 114.54092 30.673907 0.1 0 N/A
2016-10-20 18:27:50 413819617 114.540907 30.673863 114.540907 30.673863 0 0 N/A
2016-10-20 18:28:42 413819617 114.540907 30.673863 114.540907 30.673863 0 0 N/A
2016-10-20 18:46:02 413819617 114.540893 30.673943 114.540893 30.673943 0 0 N/A
2016-10-20 18:47:29 413819617 114.540867 30.673877 114.540893 30.673943 0 0 N/A
2016-10-20 19:02:42 413819617 114.540987 30.67387 114.54096 30.673877 0 0 N/A
2016-10-20 19:03:45 413819617 114.540987 30.67387 114.540987 30.67387 0 0 N/A
2016-10-20 19:04:52 413819617 114.540987 30.67387 114.540987 30.67387 0 0 N/A
2016-10-20 19:21:49 413819617 114.540947 30.673873 114.540947 30.673873 0 0 N/A
2016-10-20 19:22:43 413819617 114.540947 30.673873 114.540947 30.673873 0 0 N/A
2016-10-20 19:39:06 413819617 114.540893 30.673813 114.54088 30.67382 0 0 N/A
2016-10-20 19:40:48 413819617 114.540893 30.673813 114.540893 30.673813 0 0 N/A
2016-10-20 19:42:07 413819617 114.540907 30.673817 114.540893 30.673813 0 0 N/A
2016-10-20 19:45:41 413819617 114.540907 30.673817 114.540907 30.673817 0 0 N/A
2016-10-20 19:57:43 413819617 114.540907 30.673817 114.540907 30.673817 0 0 N/A
2016-10-20 19:58:52 413819617 114.540907 30.673817 114.540907 30.673817 0 0 N/A
2016-10-20 20:00:14 413819617 114.540933 30.673867 114.540907 30.673817 0 0 N/A
2016-10-20 20:03:38 413819617 114.540933 30.673867 114.540933 30.673867 0 0 N/A
2016-10-20 20:05:45 413819617 114.540933 30.673867 114.540933 30.673867 0 0 N/A
2016-10-20 20:10:54 413819617 114.540933 30.673867 114.540933 30.673867 0 0 N/A
2016-10-20 20:12:14 413819617 114.54096 30.673857 114.540933 30.673867 0 0 N/A
2016-10-20 20:15:44 413819617 114.54096 30.673857 114.54096 30.673857 0 0 N/A
2016-10-20 20:16:50 413819617 114.54096 30.673857 114.54096 30.673857 0 0 N/A
2016-10-20 20:18:31 413819617 114.541067 30.673957 114.54096 30.673857 0 0 N/A
2016-10-20 20:21:39 413819617 114.540947 30.673887 114.541067 30.673957 0 0 N/A
2016-10-20 20:22:54 413819617 114.540947 30.673887 114.540947 30.673887 0 0 N/A
2016-10-20 20:24:23 413819617 114.540947 30.67391 114.540947 30.673887 0 0 N/A
2016-10-20 20:27:49 413819617 114.540947 30.67391 114.540947 30.67391 0 0 N/A
2016-10-20 20:28:42 413819617 114.540947 30.67391 114.540947 30.67391 0 0 N/A
2016-10-20 20:30:27 413819617 114.540933 30.67393 114.540947 30.67391 0 0 N/A
2016-10-20 20:33:46 413819617 114.540933 30.67393 114.540933 30.67393 0 0 N/A
2016-10-20 20:34:36 413819617 114.540933 30.67393 114.540933 30.67393 0 0 N/A
2016-10-20 21:22:48 413819617 114.54088 30.673857 114.540907 30.67389 0 0 N/A
2016-10-20 21:29:00 413819617 114.54092 30.67388 114.54092 30.67388 0 0 N/A
2016-10-20 21:33:40 413819617 114.54092 30.67388 114.54092 30.67388 0 0 N/A
2016-10-20 21:34:38 413819617 114.54092 30.67388 114.54092 30.67388 0 0 N/A
2016-10-20 21:37:04 413819617 114.540907 30.67384 114.54092 30.67388 0 0 N/A
2016-10-20 22:04:42 413819617 114.540973 30.673847 114.540973 30.673847 0 0 N/A
2016-10-20 22:28:38 413819617 114.540947 30.673873 114.54092 30.673883 0 0 N/A
2016-10-20 22:31:40 413819617 114.540907 30.673833 114.540947 30.673873 0 0 N/A
2016-10-20 22:33:44 413819617 114.540907 30.673833 114.540907 30.673833 0 0 N/A
2016-10-20 22:37:33 413819617 114.54096 30.673847 114.540907 30.673833 0 0 N/A
