2016-10-24 0:03:11 413801404 114.554012 30.638875 114.555545 30.635185 4.5 338.6 338
2016-10-24 0:04:31 413801404 114.553243 30.640707 114.554012 30.638875 4.5 338.5 338
2016-10-24 0:06:15 413801404 114.552487 30.642392 114.553243 30.640707 4.5 340.2 340
2016-10-24 0:06:35 413801404 114.552237 30.643023 114.552487 30.642392 4.4 341.7 341
2016-10-24 0:08:17 413801404 114.551547 30.64487 114.552237 30.643023 4.4 341.7 341
2016-10-24 0:16:22 413801404 114.54737 30.653418 114.548853 30.650302 3.9 343.7 343
2016-10-24 0:17:26 413801404 114.546925 30.654422 114.54737 30.653418 3.7 334.1 334
2016-10-24 0:18:27 413801404 114.546335 30.655315 114.546925 30.654422 3.6 329.7 329
2016-10-24 0:21:51 413801404 114.544473 30.658418 114.546335 30.655315 3.6 331.5 331
2016-10-24 0:26:40 413801404 114.542153 30.66257 114.544473 30.658418 3.4 343.1 343
2016-10-24 0:28:10 413801404 114.541788 30.664047 114.542153 30.66257 3.4 357.7 357
2016-10-24 0:29:08 413801404 114.541888 30.66504 114.541788 30.664047 3.6 10.6 10
2016-10-24 0:29:59 413801404 114.542243 30.66604 114.541888 30.66504 3.8 22.9 22
2016-10-24 0:30:35 413801404 114.542487 30.666523 114.542243 30.66604 3.8 25.4 25
2016-10-24 0:30:59 413801404 114.542747 30.666973 114.542487 30.666523 3.7 23.4 23
2016-10-24 0:55:10 413801404 114.53987 30.674742 114.539853 30.674747 0 192.5 192
2016-10-24 1:02:42 413801404 114.539873 30.674733 114.539868 30.674733 0 261.9 295
2016-10-24 2:10:31 413801404 114.539875 30.674715 114.539877 30.674718 0 70 70
2016-10-24 2:15:04 413801404 114.539875 30.674715 114.539875 30.674715 0 47.4 58
2016-10-24 2:57:05 413801404 114.539315 30.675503 114.539097 30.675397 0.3 51.8 51
2016-10-24 4:21:21 413801404 114.539433 30.675582 114.539453 30.675553 0 265 265
2016-10-24 4:22:53 413801404 114.539437 30.675562 114.539433 30.675582 0 131.9 342
2016-10-24 4:35:20 413801404 114.539423 30.675538 114.539428 30.675548 0 70.1 65
2016-10-24 5:35:27 413801404 114.53944 30.675538 114.539418 30.67555 0 51.7 51
2016-10-24 5:53:24 413801404 114.539453 30.675528 114.53945 30.675532 0 124.3 124
2016-10-24 7:11:58 413801404 114.53945 30.675553 114.53945 30.675552 0 240.5 225
2016-10-24 7:14:37 413801404 114.539452 30.675555 114.53945 30.675553 0 132.5 357
2016-10-24 7:16:09 413801404 114.539452 30.675558 114.539452 30.675555 0 67.1 254
2016-10-24 7:17:32 413801404 114.539452 30.675558 114.539452 30.675558 0 312.7 149
2016-10-24 7:26:38 413801404 114.53945 30.675568 114.539453 30.675563 0 180.1 84
2016-10-24 7:56:55 413801404 114.539445 30.675568 114.539443 30.675567 0 162.1 47
2016-10-24 7:58:28 413801404 114.539443 30.675568 114.539445 30.675568 0 252.7 6
2016-10-24 8:24:20 413801404 114.539433 30.6756 114.539438 30.67561 0 246.3 216
2016-10-24 8:27:17 413801404 114.539448 30.675595 114.539433 30.6756 0 85.9 18
2016-10-24 13:19:45 413801404 114.539437 30.675575 114.539435 30.675573 0 50.7 42
2016-10-24 13:22:34 413801404 114.539452 30.675582 114.539437 30.675575 0 95.4 47
2016-10-24 13:25:26 413801404 114.539458 30.67558 114.539452 30.675582 0 288.1 0
2016-10-24 13:28:38 413801404 114.539463 30.67558 114.539458 30.67558 0 62.4 297
2016-10-24 14:25:37 413801404 114.539623 30.67539 114.539632 30.675387 0 330.6 58
2016-10-24 15:08:05 413801404 114.539643 30.675367 114.539647 30.675372 0 62.9 62
2016-10-24 15:22:29 413801404 114.53963 30.675415 114.539635 30.675402 0 293.4 293
2016-10-24 16:29:19 413801404 114.539635 30.675418 114.539628 30.675417 0 245.7 312
2016-10-24 16:31:57 413801404 114.53964 30.675422 114.539635 30.675418 0 288.6 288
2016-10-24 16:35:26 413801404 114.539643 30.675425 114.53964 30.675422 0 212.7 180
2016-10-24 20:15:13 413801404 114.543615 30.665595 114.542602 30.667593 7.8 157.5 157
2016-10-24 20:15:54 413801404 114.544558 30.663637 114.543615 30.665595 8 160.4 160
2016-10-24 20:28:43 413801404 114.558538 30.636043 114.55531 30.642742 8.3 157.8 157
2016-10-24 21:00:23 413801404 114.586367 30.57253 114.58554 30.573347 7.6 137.2 137
2016-10-24 21:00:43 413801404 114.587222 30.571765 114.586367 30.57253 7.5 135.2 135
