2016-10-17 4:08:36 413819421 114.551733 30.64457 114.552657 30.64216 4.5 341.1 N/A
2016-10-17 4:10:51 413819421 114.550737 30.646898 114.551733 30.64457 4.6 334.6 N/A
2016-10-17 4:30:28 413819421 114.541073 30.666363 114.54164 30.664848 3.9 345.8 N/A
2016-10-17 4:32:37 413819421 114.540232 30.668237 114.541073 30.666363 3.5 332.4 N/A
2016-10-17 4:34:27 413819421 114.53921 30.670098 114.540232 30.668237 4 336.9 N/A
2016-10-17 4:35:26 413819421 114.538563 30.670843 114.53921 30.670098 3.8 331.4 N/A
2016-10-17 4:36:56 413819421 114.537493 30.672055 114.538563 30.670843 3.7 320.5 N/A
2016-10-17 4:37:32 413819421 114.537132 30.672472 114.537493 30.672055 3.4 320.6 N/A
2016-10-17 4:37:53 413819421 114.536693 30.672857 114.537132 30.672472 3.7 317.5 N/A
2016-10-17 4:39:09 413819421 114.535947 30.673635 114.536693 30.672857 3.9 317.3 N/A
2016-10-17 4:40:05 413819421 114.535073 30.674388 114.535947 30.673635 3.9 315.4 N/A
2016-10-17 4:40:26 413819421 114.534693 30.674732 114.535073 30.674388 3.6 317.4 N/A
2016-10-17 4:41:05 413819421 114.534287 30.675135 114.534693 30.674732 3.6 315.7 N/A
2016-10-17 4:43:34 413819421 114.532097 30.676863 114.534287 30.675135 4 305.8 N/A
2016-10-17 4:45:02 413819421 114.530697 30.677923 114.532097 30.676863 4 316 N/A
2016-10-17 4:45:24 413819421 114.53024 30.678283 114.530697 30.677923 3.7 320.9 N/A
2016-10-17 4:49:34 413819421 114.526072 30.680765 114.53024 30.678283 4 303.1 N/A
2016-10-17 4:50:12 413819421 114.525297 30.681148 114.526072 30.680765 4 301.4 N/A
2016-10-17 4:50:35 413819421 114.524945 30.681337 114.525297 30.681148 4.4 307.6 N/A
2016-10-17 4:52:34 413819421 114.522642 30.682378 114.524945 30.681337 4.2 302.4 N/A
2016-10-17 4:53:13 413819421 114.522137 30.682762 114.522642 30.682378 4.2 308.1 N/A
2016-10-17 4:53:31 413819421 114.5216 30.68301 114.522137 30.682762 4.2 302.9 N/A
2016-10-17 4:54:06 413819421 114.520965 30.683227 114.5216 30.68301 4.1 297.3 N/A
2016-10-17 4:58:02 413819421 114.5161 30.685043 114.520965 30.683227 4.1 291.3 N/A
2016-10-17 4:58:40 413819421 114.515565 30.685183 114.5161 30.685043 5 291.7 N/A
2016-10-17 4:58:56 413819421 114.5148 30.68533 114.515565 30.685183 4.2 290.3 N/A
2016-10-17 4:59:40 413819421 114.514278 30.685502 114.5148 30.68533 4 287.7 N/A
2016-10-17 5:01:58 413819421 114.51103 30.686258 114.514278 30.685502 4.2 281.9 N/A
2016-10-17 5:02:19 413819421 114.51068 30.686348 114.51103 30.686258 4.3 285.9 N/A
2016-10-17 5:02:36 413819421 114.510315 30.686458 114.51068 30.686348 4.1 284.5 N/A
2016-10-17 5:03:32 413819421 114.509053 30.686672 114.510315 30.686458 4 286.9 N/A
2016-10-17 5:04:07 413819421 114.508443 30.686823 114.509053 30.686672 4.2 285 N/A
2016-10-17 5:04:42 413819421 114.507757 30.687027 114.508443 30.686823 4.1 280.5 N/A
2016-10-17 5:05:00 413819421 114.507105 30.687088 114.507757 30.687027 4.3 283.6 N/A
2016-10-17 5:05:36 413819421 114.506442 30.687208 114.507105 30.687088 4.2 280.8 N/A
2016-10-17 5:06:39 413819421 114.505122 30.687435 114.506442 30.687208 4.3 288.6 N/A
2016-10-17 5:06:58 413819421 114.50443 30.68754 114.505122 30.687435 4.2 276.3 N/A
2016-10-17 5:07:38 413819421 114.503692 30.687563 114.50443 30.68754 4.1 279.1 N/A
2016-10-17 5:08:16 413819421 114.502652 30.687695 114.503692 30.687563 4.2 274.4 N/A
2016-10-17 5:08:39 413819421 114.502322 30.687722 114.502652 30.687695 4 283.1 N/A
2016-10-17 5:09:00 413819421 114.501622 30.687815 114.502322 30.687722 4.4 276.3 N/A
2016-10-17 5:09:37 413819421 114.500962 30.687885 114.501622 30.687815 4.8 273.7 N/A
2016-10-17 5:11:16 413819421 114.49891 30.68793 114.500962 30.687885 4.6 269.9 N/A
2016-10-17 5:11:37 413819421 114.498175 30.687955 114.49891 30.68793 3.9 273.2 N/A
2016-10-17 5:12:12 413819421 114.497453 30.68787 114.498175 30.687955 3.9 263.8 N/A
2016-10-17 5:12:32 413819421 114.49679 30.687847 114.497453 30.68787 4.2 267.8 N/A
2016-10-17 5:13:11 413819421 114.496112 30.687715 114.49679 30.687847 4.2 263 N/A
2016-10-17 5:13:50 413819421 114.495553 30.687732 114.496112 30.687715 3.8 270.5 N/A
2016-10-17 5:14:46 413819421 114.49435 30.68761 114.495553 30.687732 3.7 265.8 N/A
2016-10-17 5:15:07 413819421 114.493732 30.687567 114.49435 30.68761 4 266.2 N/A
2016-10-17 5:16:50 413819421 114.491767 30.687308 114.493732 30.687567 4.3 263 N/A
2016-10-17 5:17:10 413819421 114.49112 30.687197 114.491767 30.687308 4 255.3 N/A
2016-10-17 5:18:10 413819421 114.490012 30.68701 114.49112 30.687197 3.9 256.8 N/A
2016-10-17 5:18:47 413819421 114.489413 30.68685 114.490012 30.68701 3.7 252.2 N/A
2016-10-17 5:19:10 413819421 114.488835 30.686657 114.489413 30.68685 3.7 251.4 N/A
2016-10-17 5:21:03 413819421 114.4867 30.685857 114.488835 30.686657 3.7 246.2 N/A
2016-10-17 5:21:45 413819421 114.48608 30.685647 114.4867 30.685857 3.9 251.3 N/A
2016-10-17 5:22:07 413819421 114.485575 30.685488 114.48608 30.685647 3.7 250.6 N/A
2016-10-17 5:22:45 413819421 114.485012 30.685297 114.485575 30.685488 3.7 244.3 N/A
2016-10-17 5:23:08 413819421 114.484453 30.68509 114.485012 30.685297 4 247.6 N/A
2016-10-17 5:23:47 413819421 114.483948 30.68491 114.484453 30.68509 3.6 250.7 N/A
2016-10-17 5:25:07 413819421 114.482208 30.68427 114.483948 30.68491 3.5 242.9 N/A
2016-10-17 5:25:47 413819421 114.481672 30.68413 114.482208 30.68427 3.6 254.8 N/A
2016-10-17 5:26:07 413819421 114.481053 30.683997 114.481672 30.68413 3.7 252.5 N/A
2016-10-17 5:26:25 413819421 114.480718 30.683867 114.481053 30.683997 3.7 253.6 N/A
2016-10-17 5:26:42 413819421 114.480513 30.683808 114.480718 30.683867 3.8 249 N/A
2016-10-17 5:27:02 413819421 114.479987 30.683602 114.480513 30.683808 4.4 240.4 N/A
2016-10-17 5:27:39 413819421 114.479453 30.683413 114.479987 30.683602 3.7 244.7 N/A
2016-10-17 5:28:20 413819421 114.478872 30.683223 114.479453 30.683413 3.7 246.7 N/A
2016-10-17 5:28:43 413819421 114.478265 30.683038 114.478872 30.683223 3.8 249.1 N/A
2016-10-17 5:29:20 413819421 114.477722 30.6828 114.478265 30.683038 3.9 243.5 N/A
2016-10-17 5:31:28 413819421 114.475493 30.681927 114.477722 30.6828 4 249.2 N/A
2016-10-17 5:32:49 413819421 114.473725 30.681387 114.475493 30.681927 3.7 259.7 N/A
2016-10-17 5:33:10 413819421 114.473118 30.681267 114.473725 30.681387 4 257.7 N/A
2016-10-17 5:34:13 413819421 114.471965 30.680835 114.473118 30.681267 3.9 248.9 N/A
2016-10-17 5:34:48 413819421 114.471377 30.680618 114.471965 30.680835 3.8 243.6 N/A
2016-10-17 5:35:11 413819421 114.470775 30.680415 114.471377 30.680618 3.8 251.7 N/A
2016-10-17 5:35:52 413819421 114.470188 30.680233 114.470775 30.680415 3.7 252.1 N/A
2016-10-17 5:36:10 413819421 114.469657 30.680128 114.470188 30.680233 3.7 247.8 N/A
2016-10-17 5:36:50 413819421 114.469117 30.679932 114.469657 30.680128 4 247.5 N/A
2016-10-17 5:39:21 413819421 114.466182 30.678668 114.469117 30.679932 4 241.6 N/A
2016-10-17 5:40:03 413819421 114.465668 30.678427 114.466182 30.678668 3.8 236.2 N/A
2016-10-17 5:44:21 413819421 114.46084 30.676208 114.465668 30.678427 4.3 254.9 N/A
2016-10-17 5:44:44 413819421 114.46026 30.675985 114.46084 30.676208 4 248 N/A
2016-10-17 5:45:23 413819421 114.459745 30.675863 114.46026 30.675985 3.9 256.7 N/A
2016-10-17 5:45:43 413819421 114.4591 30.675713 114.459745 30.675863 3.9 256.2 N/A
2016-10-17 5:46:48 413819421 114.45783 30.67549 114.4591 30.675713 3.8 260.8 N/A
2016-10-17 5:47:30 413819421 114.457203 30.675508 114.45783 30.67549 3.8 272.6 N/A
2016-10-17 5:48:32 413819421 114.455823 30.67567 114.457203 30.675508 4 282.8 N/A
2016-10-17 5:48:55 413819421 114.45521 30.67577 114.455823 30.67567 4 281.2 N/A
2016-10-17 5:49:18 413819421 114.45467 30.675917 114.45521 30.67577 4.2 284.6 N/A
2016-10-17 5:49:56 413819421 114.454058 30.676045 114.45467 30.675917 4.4 287.2 N/A
2016-10-17 5:52:02 413819421 114.45143 30.676555 114.454058 30.676045 4.1 272.8 N/A
2016-10-17 5:52:22 413819421 114.450733 30.676577 114.45143 30.676555 4.2 268.6 N/A
2016-10-17 5:53:08 413819421 114.450067 30.67661 114.450733 30.676577 4.1 273.3 N/A
2016-10-17 5:53:30 413819421 114.449472 30.676588 114.450067 30.67661 4.1 266.8 N/A
2016-10-17 5:54:54 413819421 114.447502 30.676515 114.449472 30.676588 4.2 264.6 N/A
2016-10-17 5:55:15 413819421 114.446863 30.676378 114.447502 30.676515 3.7 228.5 N/A
2016-10-17 5:56:00 413819421 114.446412 30.676085 114.446863 30.676378 3.4 232.2 N/A
2016-10-17 5:56:23 413819421 114.446052 30.675753 114.446412 30.676085 3.1 228.6 N/A
2016-10-17 5:56:45 413819421 114.445683 30.675497 114.446052 30.675753 4.1 232.2 N/A
2016-10-17 5:57:30 413819421 114.445148 30.67517 114.445683 30.675497 3.4 234.9 N/A
2016-10-17 5:58:28 413819421 114.444242 30.674645 114.445148 30.67517 2.9 240.7 N/A
2016-10-17 5:58:52 413819421 114.443847 30.674435 114.444242 30.674645 3.1 249.7 N/A
2016-10-17 5:59:33 413819421 114.443432 30.67431 114.443847 30.674435 2.7 240.5 N/A
2016-10-17 5:59:51 413819421 114.443002 30.674047 114.443432 30.67431 2.9 239 N/A
2016-10-17 6:00:33 413819421 114.44258 30.673827 114.443002 30.674047 3.1 245.7 N/A
2016-10-17 6:01:41 413819421 114.441665 30.673483 114.44258 30.673827 3.4 241.3 N/A
2016-10-17 6:02:03 413819421 114.441187 30.673338 114.441665 30.673483 3.4 260.7 N/A
2016-10-17 6:02:22 413819421 114.440715 30.673275 114.441187 30.673338 3.4 257.6 N/A
2016-10-17 6:03:02 413819421 114.440173 30.673152 114.440715 30.673275 3.6 251.9 N/A
2016-10-17 6:03:24 413819421 114.439598 30.673025 114.440173 30.673152 3.6 258.4 N/A
2016-10-17 6:04:05 413819421 114.439045 30.672898 114.439598 30.673025 3.5 254.7 N/A
2016-10-17 6:04:30 413819421 114.438512 30.67275 114.439045 30.672898 3.6 262 N/A
2016-10-17 6:05:32 413819421 114.437458 30.672623 114.438512 30.67275 3.6 261.6 N/A
2016-10-17 6:05:59 413819421 114.43678 30.672538 114.437458 30.672623 4.1 269.4 N/A
2016-10-17 6:06:21 413819421 114.436155 30.672473 114.43678 30.672538 3.9 259.8 N/A
2016-10-17 6:08:06 413819421 114.434343 30.672268 114.436155 30.672473 4 250.2 N/A
2016-10-17 6:09:34 413819421 114.43239 30.671752 114.434343 30.672268 4.1 250.3 N/A
2016-10-17 6:09:55 413819421 114.431752 30.671513 114.43239 30.671752 4 249.1 N/A
2016-10-17 6:10:35 413819421 114.431193 30.671272 114.431752 30.671513 3.9 246.8 N/A
2016-10-17 6:11:50 413819421 114.429358 30.670648 114.431193 30.671272 4.2 245.3 N/A
2016-10-17 6:12:27 413819421 114.428765 30.670315 114.429358 30.670648 4.2 243.1 N/A
2016-10-17 6:13:11 413819421 114.428195 30.670052 114.428765 30.670315 4.1 242.6 N/A
2016-10-17 6:14:44 413819421 114.42625 30.66912 114.428195 30.670052 4.4 233.6 N/A
2016-10-17 6:15:25 413819421 114.425132 30.66851 114.42625 30.66912 4.6 243.9 N/A
2016-10-17 6:16:29 413819421 114.423952 30.667923 114.425132 30.66851 5.2 237.9 N/A
2016-10-17 6:17:35 413819421 114.422702 30.667233 114.423952 30.667923 4.6 242.4 N/A
2016-10-17 6:18:43 413819421 114.42136 30.666815 114.422702 30.667233 4.2 237 N/A
2016-10-17 6:19:05 413819421 114.420668 30.666595 114.42136 30.666815 4.5 242.2 N/A
2016-10-17 6:20:12 413819421 114.419413 30.666033 114.420668 30.666595 4.4 249.9 N/A
2016-10-17 6:20:35 413819421 114.418725 30.665792 114.419413 30.666033 4.7 245.2 N/A
2016-10-17 6:21:43 413819421 114.41742 30.665355 114.418725 30.665792 4.7 242.4 N/A
2016-10-17 6:25:10 413819421 114.412822 30.663492 114.41742 30.665355 4.5 250.6 N/A
2016-10-17 6:25:30 413819421 114.41204 30.663232 114.412822 30.663492 4.7 246.8 N/A
2016-10-17 6:26:18 413819421 114.411453 30.663063 114.41204 30.663232 4.7 242.6 N/A
2016-10-17 6:27:03 413819421 114.410328 30.662615 114.411453 30.663063 4.6 251.7 N/A
2016-10-17 6:27:25 413819421 114.40959 30.662332 114.410328 30.662615 4.3 247.1 N/A
2016-10-17 6:28:35 413819421 114.408348 30.661892 114.40959 30.662332 4.2 260 N/A
2016-10-17 6:29:48 413819421 114.407055 30.661472 114.408348 30.661892 3.8 254.9 N/A
2016-10-17 6:30:09 413819421 114.406465 30.661303 114.407055 30.661472 4.3 251.8 N/A
2016-10-17 6:30:31 413819421 114.40582 30.661055 114.406465 30.661303 4.5 246.6 N/A
2016-10-17 6:31:48 413819421 114.404552 30.660508 114.40582 30.661055 4.8 244.8 N/A
2016-10-17 6:32:10 413819421 114.40397 30.660283 114.404552 30.660508 4.4 252.6 N/A
2016-10-17 6:32:38 413819421 114.403367 30.660048 114.40397 30.660283 4.1 249.3 N/A
2016-10-17 6:33:02 413819421 114.402832 30.659867 114.403367 30.660048 4.3 248.5 N/A
2016-10-17 6:33:46 413819421 114.402122 30.65962 114.402832 30.659867 4.1 246.6 N/A
2016-10-17 6:34:12 413819421 114.40152 30.659417 114.402122 30.65962 3.9 250.4 N/A
2016-10-17 6:34:33 413819421 114.400963 30.659247 114.40152 30.659417 3.7 234 N/A
2016-10-17 6:35:11 413819421 114.400382 30.658942 114.400963 30.659247 1.3 285 N/A
2016-10-17 6:38:16 413819421 114.39702 30.657932 114.400382 30.658942 4.1 249.1 N/A
2016-10-17 6:38:39 413819421 114.396443 30.6578 114.39702 30.657932 3.9 260.3 N/A
2016-10-17 6:39:00 413819421 114.395857 30.657665 114.396443 30.6578 3.9 258.2 N/A
2016-10-17 6:39:45 413819421 114.395348 30.657515 114.395857 30.657665 3.7 253.4 N/A
2016-10-17 6:40:31 413819421 114.394168 30.657355 114.395348 30.657515 3.9 260.2 N/A
2016-10-17 6:41:15 413819421 114.393537 30.657245 114.394168 30.657355 3.9 253.5 N/A
2016-10-17 6:41:42 413819421 114.39299 30.657192 114.393537 30.657245 4.1 252 N/A
2016-10-17 6:42:06 413819421 114.39236 30.657 114.39299 30.657192 3.8 250.2 N/A
2016-10-17 6:42:47 413819421 114.391805 30.656853 114.39236 30.657 3.9 258.7 N/A
2016-10-17 6:43:33 413819421 114.390607 30.656595 114.391805 30.656853 4 255.3 N/A
2016-10-17 6:44:17 413819421 114.390028 30.656387 114.390607 30.656595 4.3 247.6 N/A
2016-10-17 6:44:42 413819421 114.389443 30.656263 114.390028 30.656387 4 253.3 N/A
2016-10-17 6:45:04 413819421 114.388858 30.65605 114.389443 30.656263 3.9 254.2 N/A
2016-10-17 6:45:48 413819421 114.388252 30.65582 114.388858 30.65605 3.9 248.9 N/A
2016-10-17 6:46:12 413819421 114.387608 30.655677 114.388252 30.65582 3.9 254.4 N/A
2016-10-17 6:46:37 413819421 114.387057 30.655547 114.387608 30.655677 3.9 243.5 N/A
2016-10-17 6:47:23 413819421 114.386418 30.655347 114.387057 30.655547 3.8 250.9 N/A
2016-10-17 6:49:02 413819421 114.384032 30.654368 114.386418 30.655347 4.1 246.4 N/A
2016-10-17 6:49:50 413819421 114.383442 30.65407 114.384032 30.654368 3.8 238.1 N/A
2016-10-17 6:50:37 413819421 114.382345 30.653435 114.383442 30.65407 4.1 236.5 N/A
2016-10-17 6:51:02 413819421 114.381757 30.653172 114.382345 30.653435 4.1 238.1 N/A
2016-10-17 6:52:11 413819421 114.380628 30.652548 114.381757 30.653172 3.9 242.5 N/A
2016-10-17 6:54:07 413819421 114.37829 30.651338 114.380628 30.652548 4.2 248.6 N/A
2016-10-17 6:55:14 413819421 114.377097 30.650802 114.37829 30.651338 4.2 250.7 N/A
2016-10-17 6:55:41 413819421 114.376453 30.650613 114.377097 30.650802 4.3 253.4 N/A
2016-10-17 6:56:25 413819421 114.375797 30.650368 114.376453 30.650613 4.2 243.3 N/A
2016-10-17 6:56:47 413819421 114.375207 30.650098 114.375797 30.650368 4.3 245.5 N/A
2016-10-17 6:57:14 413819421 114.374578 30.649805 114.375207 30.650098 4 244.7 N/A
2016-10-17 6:57:39 413819421 114.373943 30.64953 114.374578 30.649805 4.4 251 N/A
2016-10-17 6:58:31 413819421 114.373327 30.649177 114.373943 30.64953 4.5 239.4 N/A
2016-10-17 6:58:57 413819421 114.372715 30.648908 114.373327 30.649177 4.1 242.3 N/A
2016-10-17 6:59:24 413819421 114.372167 30.648587 114.372715 30.648908 4.4 243.2 N/A
2016-10-17 6:59:50 413819421 114.371505 30.64834 114.372167 30.648587 4.4 238.9 N/A
2016-10-17 7:00:14 413819421 114.370953 30.64805 114.371505 30.64834 4.3 241.5 N/A
2016-10-17 7:00:43 413819421 114.370392 30.647717 114.370953 30.64805 4.6 235.5 N/A
2016-10-17 7:01:11 413819421 114.369702 30.647285 114.370392 30.647717 4.5 235.6 N/A
2016-10-17 7:01:57 413819421 114.369078 30.646907 114.369702 30.647285 4.5 231.8 N/A
2016-10-17 7:02:21 413819421 114.368452 30.646472 114.369078 30.646907 4.5 242.7 N/A
2016-10-17 7:02:47 413819421 114.367878 30.646243 114.368452 30.646472 4.1 238.4 N/A
2016-10-17 7:03:13 413819421 114.36722 30.645913 114.367878 30.646243 4.4 236.8 N/A
2016-10-17 7:04:10 413819421 114.366737 30.645653 114.36722 30.645913 4.7 229.4 N/A
2016-10-17 7:04:57 413819421 114.365563 30.644857 114.366737 30.645653 4.3 245.5 N/A
2016-10-17 7:05:20 413819421 114.365007 30.644563 114.365563 30.644857 4.3 230.4 N/A
2016-10-17 7:05:46 413819421 114.364473 30.644212 114.365007 30.644563 4.3 230.2 N/A
2016-10-17 7:06:37 413819421 114.363938 30.643748 114.364473 30.644212 3.8 227 N/A
2016-10-17 7:07:02 413819421 114.36351 30.643355 114.363938 30.643748 4 218.8 N/A
2016-10-17 7:07:30 413819421 114.362988 30.642952 114.36351 30.643355 4.2 219.2 N/A
2016-10-17 7:07:58 413819421 114.362537 30.642508 114.362988 30.642952 4.1 228.3 N/A
2016-10-17 7:08:22 413819421 114.36205 30.642172 114.362537 30.642508 4.1 229.8 N/A
2016-10-17 7:08:45 413819421 114.361545 30.641855 114.36205 30.642172 3.5 239.1 N/A
2016-10-17 7:09:17 413819421 114.360992 30.641512 114.361545 30.641855 4.1 232.2 N/A
2016-10-17 7:09:46 413819421 114.360507 30.641127 114.360992 30.641512 4.5 225.4 N/A
2016-10-17 7:10:14 413819421 114.360023 30.640723 114.360507 30.641127 4.2 231.3 N/A
2016-10-17 7:11:44 413819421 114.358898 30.63995 114.360023 30.640723 4 232.3 N/A
2016-10-17 7:12:37 413819421 114.35797 30.639275 114.358898 30.63995 4.1 233.7 N/A
2016-10-17 7:13:08 413819421 114.357497 30.63889 114.35797 30.639275 3.7 230.6 N/A
2016-10-17 7:14:04 413819421 114.356593 30.638155 114.357497 30.63889 4.1 220.5 N/A
2016-10-17 7:14:28 413819421 114.356147 30.637773 114.356593 30.638155 4.2 230.4 N/A
2016-10-17 7:15:00 413819421 114.355523 30.637345 114.356147 30.637773 4.1 232.7 N/A
2016-10-17 7:15:27 413819421 114.355025 30.636803 114.355523 30.637345 4.4 208.8 N/A
2016-10-17 7:15:52 413819421 114.354665 30.636442 114.355025 30.636803 3.9 223 N/A
2016-10-17 7:16:20 413819421 114.354187 30.635958 114.354665 30.636442 4.4 219.3 N/A
2016-10-17 7:17:13 413819421 114.353798 30.635655 114.354187 30.635958 3.4 226 N/A
2016-10-17 7:17:38 413819421 114.353345 30.635283 114.353798 30.635655 4.1 227.9 N/A
2016-10-17 7:18:07 413819421 114.352897 30.6349 114.353345 30.635283 3.9 220.3 N/A
2016-10-17 7:18:36 413819421 114.35238 30.634565 114.352897 30.6349 4 238.6 N/A
2016-10-17 7:19:06 413819421 114.351922 30.634238 114.35238 30.634565 4.1 231.2 N/A
2016-10-17 7:19:53 413819421 114.350993 30.63356 114.351922 30.634238 3.9 225.1 N/A
2016-10-17 7:20:25 413819421 114.350528 30.633207 114.350993 30.63356 4 226.6 N/A
2016-10-17 7:20:53 413819421 114.350105 30.632865 114.350528 30.633207 3.8 225.3 N/A
2016-10-17 7:21:21 413819421 114.349673 30.632518 114.350105 30.632865 3.4 235.3 N/A
2016-10-17 7:22:20 413819421 114.349223 30.63216 114.349673 30.632518 3.6 231.7 N/A
2016-10-17 7:23:10 413819421 114.348288 30.63144 114.349223 30.63216 4 225.4 N/A
2016-10-17 7:24:04 413819421 114.347433 30.630667 114.348288 30.63144 4 227.9 N/A
2016-10-17 7:24:29 413819421 114.346962 30.630315 114.347433 30.630667 3.8 224.5 N/A
2016-10-17 7:24:53 413819421 114.34647 30.629977 114.346962 30.630315 4 222.9 N/A
2016-10-17 7:25:45 413819421 114.346082 30.629508 114.34647 30.629977 3.8 227.9 N/A
2016-10-17 7:26:35 413819421 114.345347 30.628775 114.346082 30.629508 4.1 219.8 N/A
2016-10-17 7:26:58 413819421 114.34496 30.628408 114.345347 30.628775 3.6 223.7 N/A
2016-10-17 7:27:21 413819421 114.344525 30.628008 114.34496 30.628408 3.7 220.7 N/A
2016-10-17 7:27:47 413819421 114.344458 30.627953 114.344525 30.628008 3.8 224.8 N/A
2016-10-17 7:28:12 413819421 114.34406 30.627628 114.344458 30.627953 3.5 220.9 N/A
2016-10-17 7:28:37 413819421 114.343587 30.62743 114.34406 30.627628 2 225.4 N/A
2016-10-17 7:29:08 413819421 114.34311 30.627163 114.343587 30.62743 3.3 210.7 N/A
2016-10-17 7:29:35 413819421 114.342308 30.626505 114.34311 30.627163 2.9 237.7 N/A
2016-10-17 7:29:59 413819421 114.342085 30.626187 114.342308 30.626505 3.4 230.5 N/A
2016-10-17 7:30:57 413819421 114.341815 30.625828 114.342085 30.626187 4 233.9 N/A
2016-10-17 7:31:27 413819421 114.340932 30.625217 114.341815 30.625828 4.1 234.3 N/A
2016-10-17 7:32:21 413819421 114.340505 30.62484 114.340932 30.625217 3.2 225.3 N/A
2016-10-17 7:32:53 413819421 114.340127 30.624542 114.340505 30.62484 3.7 225.8 N/A
2016-10-17 7:33:48 413819421 114.339102 30.623795 114.340127 30.624542 3.8 229 N/A
2016-10-17 7:34:13 413819421 114.338782 30.623585 114.339102 30.623795 3.4 234.2 N/A
2016-10-17 7:34:39 413819421 114.338348 30.62331 114.338782 30.623585 3.6 233.5 N/A
2016-10-17 7:35:03 413819421 114.33785 30.623023 114.338348 30.62331 3.7 234.7 N/A
2016-10-17 7:35:53 413819421 114.337388 30.622723 114.33785 30.623023 3.8 235.8 N/A
2016-10-17 7:36:26 413819421 114.336907 30.62248 114.337388 30.622723 3.6 234.2 N/A
2016-10-17 7:37:18 413819421 114.33586 30.621975 114.336907 30.62248 3.5 240.2 N/A
2016-10-17 7:37:44 413819421 114.335532 30.621635 114.33586 30.621975 2.7 214.2 N/A
2016-10-17 7:38:10 413819421 114.335187 30.6213 114.335532 30.621635 3.8 221.8 N/A
2016-10-17 7:38:35 413819421 114.334777 30.620918 114.335187 30.6213 3.4 227.2 N/A
2016-10-17 7:39:54 413819421 114.333792 30.620307 114.334777 30.620918 3.2 236.6 N/A
2016-10-17 7:40:22 413819421 114.333472 30.620077 114.333792 30.620307 3.2 239.7 N/A
2016-10-17 7:40:48 413819421 114.333037 30.619723 114.333472 30.620077 3.6 227.5 N/A
2016-10-17 7:41:46 413819421 114.332237 30.618988 114.333037 30.619723 3.6 224.6 N/A
2016-10-17 7:42:16 413819421 114.331843 30.61864 114.332237 30.618988 3.6 220.8 N/A
2016-10-17 7:42:43 413819421 114.331488 30.618295 114.331843 30.61864 3.9 224.3 N/A
2016-10-17 7:43:11 413819421 114.331092 30.617907 114.331488 30.618295 4.1 216 N/A
2016-10-17 7:43:41 413819421 114.330757 30.617512 114.331092 30.617907 3.4 225.2 N/A
2016-10-17 7:44:10 413819421 114.330295 30.617197 114.330757 30.617512 3.3 238.1 N/A
2016-10-17 7:44:36 413819421 114.329832 30.616873 114.330295 30.617197 3.7 230.2 N/A
2016-10-17 7:45:29 413819421 114.329433 30.616622 114.329832 30.616873 3.6 230.1 N/A
2016-10-17 7:45:57 413819421 114.328842 30.616135 114.329433 30.616622 3.6 226.4 N/A
2016-10-17 7:46:23 413819421 114.32852 30.615788 114.328842 30.616135 3.9 219.2 N/A
2016-10-17 7:46:52 413819421 114.32813 30.615448 114.32852 30.615788 3.9 226.9 N/A
2016-10-17 7:47:26 413819421 114.32772 30.615053 114.32813 30.615448 3.8 222.6 N/A
2016-10-17 7:47:55 413819421 114.327385 30.614652 114.32772 30.615053 3.7 224.4 N/A
2016-10-17 7:48:20 413819421 114.32697 30.614245 114.327385 30.614652 3.8 219 N/A
2016-10-17 7:48:46 413819421 114.326532 30.613877 114.32697 30.614245 3.9 224.7 N/A
2016-10-17 7:49:16 413819421 114.326092 30.613452 114.326532 30.613877 4.1 213.5 N/A
2016-10-17 7:49:46 413819421 114.325657 30.61303 114.326092 30.613452 3.7 223.3 N/A
2016-10-17 7:50:11 413819421 114.325245 30.612713 114.325657 30.61303 4 226.2 N/A
2016-10-17 7:50:37 413819421 114.324832 30.612287 114.325245 30.612713 3.8 225.1 N/A
2016-10-17 7:51:09 413819421 114.324405 30.611815 114.324832 30.612287 4.1 218.6 N/A
2016-10-17 7:51:42 413819421 114.32396 30.611413 114.324405 30.611815 4.3 217.7 N/A
2016-10-17 7:52:10 413819421 114.323575 30.611013 114.32396 30.611413 4.1 210.6 N/A
2016-10-17 7:52:38 413819421 114.3232 30.61055 114.323575 30.611013 4 211.3 N/A
2016-10-17 7:53:09 413819421 114.322848 30.610027 114.3232 30.61055 4.2 211.9 N/A
2016-10-17 7:53:37 413819421 114.322468 30.609535 114.322848 30.610027 4 221.3 N/A
2016-10-17 7:54:28 413819421 114.322068 30.609048 114.322468 30.609535 4.2 213.8 N/A
2016-10-17 7:54:57 413819421 114.321667 30.608558 114.322068 30.609048 4.2 214.9 N/A
2016-10-17 7:55:26 413819421 114.32117 30.607995 114.321667 30.608558 4.9 215.3 N/A
2016-10-17 7:55:54 413819421 114.32076 30.607512 114.32117 30.607995 4.9 216.6 N/A
2016-10-17 7:56:19 413819421 114.32037 30.607067 114.32076 30.607512 4.5 219.1 N/A
2016-10-17 7:56:50 413819421 114.319982 30.606588 114.32037 30.607067 3.8 211.7 N/A
2016-10-17 7:57:17 413819421 114.319425 30.606112 114.319982 30.606588 4.2 219.1 N/A
2016-10-17 7:58:04 413819421 114.318848 30.605492 114.319425 30.606112 4.2 226.3 N/A
2016-10-17 7:58:33 413819421 114.318208 30.605042 114.318848 30.605492 4.6 222.5 N/A
2016-10-17 7:59:00 413819421 114.317857 30.604563 114.318208 30.605042 4.5 221 N/A
2016-10-17 7:59:24 413819421 114.317583 30.604165 114.317857 30.604563 4.6 215 N/A
2016-10-17 7:59:49 413819421 114.317093 30.603593 114.317583 30.604165 5.2 217.6 N/A
2016-10-17 8:00:52 413819421 114.316375 30.602738 114.317093 30.603593 4.4 216.6 N/A
2016-10-17 8:01:16 413819421 114.315915 30.60226 114.316375 30.602738 4.4 216.5 N/A
2016-10-17 8:02:13 413819421 114.315012 30.601315 114.315915 30.60226 4.4 210.1 N/A
2016-10-17 8:03:07 413819421 114.314605 30.6008 114.315012 30.601315 4.8 215 N/A
2016-10-17 8:04:09 413819421 114.313692 30.599687 114.314605 30.6008 4.7 217.7 N/A
2016-10-17 8:05:06 413819421 114.312957 30.598917 114.313692 30.599687 4.1 220.2 N/A
2016-10-17 8:05:30 413819421 114.312488 30.598363 114.312957 30.598917 4.7 213.9 N/A
2016-10-17 8:05:57 413819421 114.312093 30.597888 114.312488 30.598363 4.5 214.9 N/A
2016-10-17 8:06:51 413819421 114.311217 30.597012 114.312093 30.597888 4 218.2 N/A
2016-10-17 8:07:17 413819421 114.310763 30.59653 114.311217 30.597012 4.4 217 N/A
2016-10-17 8:07:49 413819421 114.31046 30.596137 114.310763 30.59653 4.3 217.6 N/A
2016-10-17 8:08:19 413819421 114.31006 30.595635 114.31046 30.596137 4.5 216.5 N/A
2016-10-17 8:08:47 413819421 114.309672 30.595282 114.31006 30.595635 4 220.6 N/A
2016-10-17 8:09:19 413819421 114.309262 30.594857 114.309672 30.595282 4 215.6 N/A
2016-10-17 8:09:48 413819421 114.308793 30.59441 114.309262 30.594857 4.9 209.5 N/A
2016-10-17 8:10:18 413819421 114.308482 30.593868 114.308793 30.59441 4.8 211.4 N/A
2016-10-17 8:10:44 413819421 114.308192 30.593502 114.308482 30.593868 4 213 N/A
2016-10-17 8:11:42 413819421 114.307538 30.592577 114.308192 30.593502 3.8 211.3 N/A
2016-10-17 8:12:14 413819421 114.307212 30.592048 114.307538 30.592577 4.5 206.4 N/A
2016-10-17 8:12:42 413819421 114.306985 30.591613 114.307212 30.592048 3.9 209.6 N/A
2016-10-17 8:13:41 413819421 114.306637 30.591177 114.306985 30.591613 4.1 212.3 N/A
2016-10-17 8:14:57 413819421 114.305622 30.589733 114.306637 30.591177 4.1 207.4 N/A
2016-10-17 8:15:51 413819421 114.304962 30.588727 114.305622 30.589733 4.3 214.1 N/A
2016-10-17 8:16:15 413819421 114.30461 30.588215 114.304962 30.588727 4 206 N/A
2016-10-17 8:17:14 413819421 114.304325 30.58779 114.30461 30.588215 3.9 216.2 N/A
2016-10-17 8:18:11 413819421 114.303638 30.586857 114.304325 30.58779 4 215.9 N/A
2016-10-17 8:19:41 413819421 114.302637 30.58548 114.303638 30.586857 4.2 215.2 N/A
2016-10-17 8:20:08 413819421 114.302285 30.584992 114.302637 30.58548 4.4 209.4 N/A
2016-10-17 8:21:02 413819421 114.301627 30.583927 114.302285 30.584992 4.3 208.6 N/A
2016-10-17 8:21:51 413819421 114.301017 30.582985 114.301627 30.583927 4.2 217 N/A
2016-10-17 8:22:15 413819421 114.300847 30.58279 114.301017 30.582985 4.2 212.9 N/A
2016-10-17 8:23:11 413819421 114.30034 30.582007 114.300847 30.58279 4.3 211.7 N/A
2016-10-17 8:23:36 413819421 114.30003 30.5815 114.30034 30.582007 4.3 212.4 N/A
2016-10-17 8:24:02 413819421 114.29972 30.58099 114.30003 30.5815 4.3 204.5 N/A
2016-10-17 8:24:38 413819421 114.299342 30.580535 114.29972 30.58099 4.3 213 N/A
2016-10-17 8:25:06 413819421 114.298988 30.580107 114.299342 30.580535 4.3 207.1 N/A
2016-10-17 8:25:27 413819421 114.298592 30.57954 114.298988 30.580107 4.1 210.4 N/A
2016-10-17 8:26:24 413819421 114.29829 30.579093 114.298592 30.57954 4.1 213.5 N/A
2016-10-17 8:27:14 413819421 114.297535 30.578147 114.29829 30.579093 3.9 218.9 N/A
2016-10-17 8:27:39 413819421 114.297097 30.577693 114.297535 30.578147 4 214.7 N/A
2016-10-17 8:28:11 413819421 114.296697 30.57726 114.297097 30.577693 4 213.7 N/A
2016-10-17 8:28:41 413819421 114.296447 30.576783 114.296697 30.57726 4 211.4 N/A
2016-10-17 8:29:06 413819421 114.296093 30.576345 114.296447 30.576783 4 208.2 N/A
2016-10-17 8:29:30 413819421 114.295658 30.575893 114.296093 30.576345 4.2 213.7 N/A
2016-10-17 8:30:05 413819421 114.295247 30.575463 114.295658 30.575893 4.3 215.6 N/A
2016-10-17 8:31:03 413819421 114.294477 30.574533 114.295247 30.575463 4.2 215.2 N/A
2016-10-17 8:31:32 413819421 114.294062 30.574105 114.294477 30.574533 4.1 219.8 N/A
2016-10-17 8:32:09 413819421 114.293663 30.573573 114.294062 30.574105 4.2 207.9 N/A
2016-10-17 8:32:41 413819421 114.293308 30.573077 114.293663 30.573573 4.2 216.9 N/A
2016-10-17 8:33:38 413819421 114.292453 30.572133 114.293308 30.573077 4.3 216.7 N/A
2016-10-17 8:34:12 413819421 114.292092 30.571667 114.292453 30.572133 4.4 218.3 N/A
2016-10-17 8:34:45 413819421 114.291607 30.57117 114.292092 30.571667 4.6 217 N/A
2016-10-17 8:36:31 413819421 114.290702 30.570155 114.291607 30.57117 4.1 213.7 N/A
2016-10-17 8:39:12 413819421 114.288165 30.566503 114.290702 30.570155 4.6 219.4 N/A
2016-10-17 8:39:51 413819421 114.287767 30.56601 114.288165 30.566503 5.1 221.8 N/A
2016-10-17 8:55:46 413819421 114.279558 30.550098 114.287767 30.56601 4.5 205.7 N/A
2016-10-17 8:59:25 413819421 114.27702 30.544903 114.279558 30.550098 3.7 219.7 N/A
2016-10-17 9:12:59 413819421 114.269918 30.534495 114.27702 30.544903 3.8 217.2 N/A
2016-10-17 9:23:51 413819421 114.262855 30.526415 114.263855 30.527317 3.2 222.4 N/A
2016-10-17 10:07:46 413819421 114.238063 30.493715 114.239445 30.495423 3.2 215.8 N/A
