2016-10-17 12:06:53 413819132 114.559563 30.623548 114.560192 30.621745 4.6 345.4
2016-10-17 12:12:53 413819132 114.5573218489209 30.63036728057554    
2016-10-17 12:13:50 413819132 114.556967 30.631447 114.558 30.629433 4.2 335.8
2016-10-17 12:17:09 413819132 114.555252 30.6352 114.556967 30.631447 4.0 340.4
2016-10-17 12:17:37 413819132 114.554917 30.635933 114.555252 30.6352 4.1 338.2
2016-10-17 12:19:05 413819132 114.554377 30.637375 114.554917 30.635933 4.1 344.4
2016-10-17 12:21:50 413819132 114.553145 30.64061 114.554377 30.637375 4.1 342.6
2016-10-17 12:22:44 413819132 114.552907 30.641242 114.553145 30.64061 4.0 340.8
2016-10-17 12:27:37 413819132 114.550683 30.64635 114.552907 30.641242 3.9 336.3
2016-10-17 12:28:07 413819132 114.550337 30.646865 114.550683 30.64635 3.9 328.3
2016-10-17 12:30:31 413819132 114.549157 30.649428 114.550337 30.646865 3.9 340.9
2016-10-17 12:32:42 413819132 114.548233 30.651583 114.549157 30.649428 3.7 339.8
2016-10-17 12:34:42 413819132 114.547428 30.653355 114.548233 30.651583 3.5 337.4
2016-10-17 12:35:41 413819132 114.54685 30.654317 114.547428 30.653355 3.4 334.3
2016-10-17 12:36:35 413819132 114.54645 30.65495 114.54685 30.654317 3.4 332.2
2016-10-17 12:37:04 413819132 114.546033 30.65555 114.54645 30.65495 3.3 327.3
2016-10-17 12:37:59 413819132 114.545633 30.656167 114.546033 30.65555 3.4 333.3
2016-10-17 12:38:51 413819132 114.5452 30.656817 114.545633 30.656167 3.5 330.5
2016-10-17 12:41:00 413819132 114.5441 30.658917 114.5452 30.656817 3.7 336.9
2016-10-17 12:41:28 413819132 114.54381 30.659485 114.5441 30.658917 3.8 335.2
2016-10-17 12:41:51 413819132 114.543573 30.659908 114.54381 30.659485 3.8 332.9
2016-10-17 12:42:58 413819132 114.543032 30.660892 114.543573 30.659908 3.8 336.6
2016-10-17 12:43:22 413819132 114.542742 30.6614 114.543032 30.660892 3.9 332.2
2016-10-17 12:44:19 413819132 114.542443 30.661872 114.542742 30.6614 3.9 332.1
2016-10-17 12:45:08 413819132 114.54198 30.662937 114.542443 30.661872 3.8 344.3
2016-10-17 12:45:36 413819132 114.541728 30.6635 114.54198 30.662937 3.8 339.1
2016-10-17 12:46:06 413819132 114.541535 30.663935 114.541728 30.6635 3.8 338.5
2016-10-17 12:46:34 413819132 114.541323 30.664498 114.541535 30.663935 3.7 342.4
2016-10-17 12:47:30 413819132 114.540942 30.665405 114.541323 30.664498 3.5 340.2
2016-10-17 12:48:00 413819132 114.540727 30.665922 114.540942 30.665405 3.6 339.6
2016-10-17 12:49:55 413819132 114.539883 30.667783 114.540727 30.665922 3.9 335.2
2016-10-17 12:50:52 413819132 114.5395 30.6686 114.539883 30.667783 3.9 338.5
2016-10-17 12:52:13 413819132 114.538748 30.67018 114.5395 30.6686 3.7 331.1
2016-10-17 12:53:32 413819132 114.53813 30.671078 114.538748 30.67018 3.6 326.8
2016-10-17 12:54:23 413819132 114.537483 30.671963 114.53813 30.671078 3.7 326.9
2016-10-17 12:57:08 413819132 114.535478 30.673877 114.537483 30.671963 3.8 313.5
2016-10-17 12:57:37 413819132 114.53455 30.674627 114.535478 30.673877 3.8 314.4
2016-10-17 12:59:23 413819132 114.533227 30.675813 114.53455 30.674627 3.8 312.9
2016-10-17 13:02:06 413819132 114.530633 30.677667 114.533227 30.675813 3.9 314.7
2016-10-17 13:05:29 413819132 114.527128 30.679938 114.530633 30.677667 4.1 301.5
2016-10-17 13:11:29 413819132 114.5194419312977 30.68246246564885    
2016-10-17 13:17:29 413819132 114.5117558625954 30.68498693129771    
2016-10-17 13:22:57 413819132 114.504753 30.687287 114.508073 30.686613 4.4 278.5
2016-10-17 13:25:06 413819132 114.5013 30.687667 114.504753 30.687287 4.3 275.1
2016-10-17 13:28:18 413819132 114.496853 30.68771 114.5013 30.687667 4.4 265.7
2016-10-17 13:29:12 413819132 114.495487 30.687697 114.496853 30.68771 4.3 268.4
2016-10-17 13:29:43 413819132 114.494933 30.68765 114.495487 30.687697 4.3 268.0
2016-10-17 13:32:52 413819132 114.490855 30.687052 114.494933 30.68765 3.9 265.4
2016-10-17 13:34:37 413819132 114.488842 30.686522 114.490855 30.687052 3.7 251.2
2016-10-17 13:35:03 413819132 114.488367 30.686383 114.488842 30.686522 3.7 251.1
2016-10-17 13:37:14 413819132 114.485783 30.685367 114.488367 30.686383 3.8 246.1
2016-10-17 13:37:41 413819132 114.485472 30.68523 114.485783 30.685367 3.9 241.5
2016-10-17 13:38:13 413819132 114.484923 30.684975 114.485472 30.68523 3.9 242.0
2016-10-17 13:38:44 413819132 114.484133 30.684667 114.484923 30.684975 3.8 246.4
2016-10-17 13:39:10 413819132 114.48378 30.684555 114.484133 30.684667 3.8 251.2
2016-10-17 13:40:57 413819132 114.481468 30.683758 114.48378 30.684555 3.8 251.6
2016-10-17 13:41:55 413819132 114.480302 30.683383 114.481468 30.683758 4.0 249.1
2016-10-17 13:42:44 413819132 114.47975 30.683183 114.480302 30.683383 3.9 248.7
2016-10-17 13:43:08 413819132 114.479092 30.68301 114.47975 30.683183 3.9 251.0
2016-10-17 13:44:10 413819132 114.477912 30.682625 114.479092 30.68301 3.8 248.7
2016-10-17 13:44:36 413819132 114.477282 30.6824 114.477912 30.682625 3.8 251.9
2016-10-17 13:45:29 413819132 114.476112 30.682003 114.477282 30.6824 3.8 244.2
2016-10-17 13:48:05 413819132 114.473495 30.68126 114.476112 30.682003 3.0 254.7
2016-10-17 13:48:33 413819132 114.473002 30.681127 114.473495 30.68126 3.0 249.7
2016-10-17 13:51:40 413819132 114.470333 30.68045 114.473002 30.681127 2.9 254.5
2016-10-17 13:53:36 413819132 114.468535 30.67958 114.470333 30.68045 3.1 240.1
2016-10-17 13:54:57 413819132 114.467218 30.67905 114.468535 30.67958 3.1 240.7
2016-10-17 13:57:39 413819132 114.464968 30.677712 114.467218 30.67905 3.3 232.6
2016-10-17 13:59:36 413819132 114.463177 30.676748 114.464968 30.677712 3.3 239.2
2016-10-17 14:04:35 413819132 114.458078 30.674638 114.463177 30.676748 3.6 257.5
2016-10-17 14:09:09 413819132 114.452962 30.67329 114.458078 30.674638 4.0 243.6
2016-10-17 14:10:27 413819132 114.451077 30.672587 114.452962 30.67329 4.1 253.3
2016-10-17 14:10:59 413819132 114.450493 30.672455 114.451077 30.672587 4.1 260.5
2016-10-17 14:12:21 413819132 114.44915 30.672485 114.450493 30.672455 4.0 275.2
2016-10-17 14:13:21 413819132 114.447885 30.672617 114.44915 30.672485 3.9 277.3
2016-10-17 14:17:05 413819132 114.443667 30.674033 114.447885 30.672617 3.0 298.3
2016-10-17 14:17:59 413819132 114.442975 30.674375 114.443667 30.674033 3.0 298.5
2016-10-17 14:18:57 413819132 114.442078 30.674738 114.442975 30.674375 3.0 290.9
2016-10-17 14:20:13 413819132 114.440598 30.675043 114.442078 30.674738 3.2 274.3
2016-10-17 14:20:41 413819132 114.440133 30.675 114.440598 30.675043 3.2 274.3
2016-10-17 14:24:14 413819132 114.43642 30.674052 114.440133 30.675 3.5 245.6
2016-10-17 14:24:38 413819132 114.4362 30.673967 114.43642 30.674052 3.5 245.6
2016-10-17 14:25:33 413819132 114.4354 30.6737 114.4362 30.673967 3.5 247.4
2016-10-17 14:26:49 413819132 114.43385 30.673067 114.4354 30.6737 3.6 242.8
2016-10-17 14:27:23 413819132 114.43327 30.672797 114.43385 30.673067 3.6 241.9
2016-10-17 14:27:51 413819132 114.432683 30.672517 114.43327 30.672797 3.6 239.8
2016-10-17 14:29:08 413819132 114.43164 30.672013 114.432683 30.672517 3.7 243.2
2016-10-17 14:30:02 413819132 114.430717 30.671567 114.43164 30.672013 3.7 242.1
2016-10-17 14:31:00 413819132 114.42949 30.671037 114.430717 30.671567 3.8 242.3
2016-10-17 14:31:29 413819132 114.428997 30.6708 114.42949 30.671037 3.8 239.6
2016-10-17 14:32:56 413819132 114.427403 30.669828 114.428997 30.6708 3.9 235.5
2016-10-17 14:33:51 413819132 114.42636 30.669212 114.427403 30.669828 3.8 234.0
2016-10-17 14:34:17 413819132 114.425905 30.66893 114.42636 30.669212 3.8 235.8
2016-10-17 14:34:49 413819132 114.425335 30.668597 114.425905 30.66893 3.8 235.5
2016-10-17 14:35:45 413819132 114.425167 30.6685 114.425335 30.668597 3.8 235.5
2016-10-17 14:38:51 413819132 114.421052 30.666502 114.425167 30.6685 3.7 242.5
2016-10-17 14:39:19 413819132 114.420555 30.666277 114.421052 30.666502 3.7 242.7
2016-10-17 14:39:48 413819132 114.419928 30.666025 114.420555 30.666277 3.7 247.3
2016-10-17 14:40:26 413819132 114.419468 30.665838 114.419928 30.666025 3.7 243.2
2016-10-17 14:40:56 413819132 114.418667 30.665533 114.419468 30.665838 3.7 248.6
2016-10-17 14:41:22 413819132 114.418358 30.665435 114.418667 30.665533 3.7 247.5
2016-10-17 14:42:20 413819132 114.417267 30.664977 114.418358 30.665435 3.7 247.5
2016-10-17 14:42:47 413819132 114.41663 30.66479 114.417267 30.664977 3.7 249.6
2016-10-17 14:44:55 413819132 114.414358 30.663965 114.41663 30.66479 3.7 248.5
2016-10-17 14:45:20 413819132 114.413853 30.663775 114.414358 30.663965 3.7 245.8
2016-10-17 14:45:52 413819132 114.413223 30.663523 114.413853 30.663775 3.7 244.4
2016-10-17 14:46:23 413819132 114.4128 30.66335 114.413223 30.663523 3.7 244.4
2016-10-17 14:46:50 413819132 114.41214 30.663112 114.4128 30.66335 3.7 248.0
2016-10-17 14:47:17 413819132 114.41164 30.662942 114.41214 30.663112 3.6 248.0
2016-10-17 14:47:50 413819132 114.411037 30.662733 114.41164 30.662942 3.6 248.3
2016-10-17 14:48:21 413819132 114.410548 30.662562 114.411037 30.662733 3.6 246.8
2016-10-17 14:49:15 413819132 114.409457 30.66222 114.410548 30.662562 3.5 248.1
2016-10-17 14:50:47 413819132 114.407808 30.661652 114.409457 30.66222 3.5 246.2
2016-10-17 14:51:48 413819132 114.407117 30.66135 114.407808 30.661652 3.5 242.9
2016-10-17 14:52:43 413819132 114.405743 30.660817 114.407117 30.66135 3.5 246.8
2016-10-17 14:53:10 413819132 114.405285 30.660665 114.405743 30.660817 3.6 247.4
2016-10-17 14:53:48 413819132 114.40467 30.660433 114.405285 30.660665 3.7 248.4
2016-10-17 14:54:17 413819132 114.404162 30.660253 114.40467 30.660433 3.7 242.8
2016-10-17 14:54:47 413819132 114.403642 30.660042 114.404162 30.660253 3.7 247.6
2016-10-17 14:55:15 413819132 114.403063 30.659832 114.403642 30.660042 3.7 247.1
2016-10-17 14:55:50 413819132 114.402433 30.659623 114.403063 30.659832 3.7 250.2
2016-10-17 14:56:17 413819132 114.401922 30.659452 114.402433 30.659623 3.8 248.7
2016-10-17 14:56:48 413819132 114.4014 30.659267 114.401922 30.659452 3.8 248.7
2016-10-17 14:57:18 413819132 114.400755 30.659042 114.4014 30.659267 3.9 246.9
2016-10-17 14:57:54 413819132 114.400202 30.658835 114.400755 30.659042 3.8 246.3
2016-10-17 14:58:24 413819132 114.399667 30.658633 114.400202 30.658835 3.9 246.3
2016-10-17 14:58:54 413819132 114.398767 30.65835 114.399667 30.658633 3.8 252.5
2016-10-17 14:59:21 413819132 114.398415 30.658295 114.398767 30.65835 3.8 257.7
2016-10-17 14:59:59 413819132 114.39771 30.658145 114.398415 30.658295 3.9 260.1
2016-10-17 15:01:00 413819132 114.396582 30.657987 114.39771 30.658145 3.8 254.6
2016-10-17 15:01:29 413819132 114.395942 30.657852 114.396582 30.657987 3.9 255.9
2016-10-17 15:02:03 413819132 114.395287 30.657695 114.395942 30.657852 3.8 252.6
2016-10-17 15:03:07 413819132 114.394067 30.65738 114.395287 30.657695 3.9 254.3
2016-10-17 15:03:36 413819132 114.393233 30.6572 114.394067 30.65738 4.0 256.8
2016-10-17 15:04:13 413819132 114.39228 30.65699 114.393233 30.6572 3.8 253.7
2016-10-17 15:04:44 413819132 114.391717 30.656852 114.39228 30.65699 3.8 254.9
2016-10-17 15:05:13 413819132 114.39145 30.656767 114.391717 30.656852 3.8 254.9
2016-10-17 15:05:44 413819132 114.390538 30.656548 114.39145 30.656767 3.8 252.0
2016-10-17 15:06:45 413819132 114.38939 30.656175 114.390538 30.656548 3.6 245.8
2016-10-17 15:07:13 413819132 114.38885 30.655982 114.38939 30.656175 3.5 249.8
2016-10-17 15:07:43 413819132 114.388328 30.655797 114.38885 30.655982 3.5 247.6
2016-10-17 15:08:21 413819132 114.387802 30.655612 114.388328 30.655797 3.5 247.5
2016-10-17 15:08:51 413819132 114.387223 30.655425 114.387802 30.655612 3.5 252.5
2016-10-17 15:09:18 413819132 114.386663 30.655293 114.387223 30.655425 3.5 252.4
2016-10-17 15:10:21 413819132 114.38565 30.65495 114.386663 30.655293 3.5 250.2
2016-10-17 15:10:55 413819132 114.385077 30.654667 114.38565 30.65495 3.5 237.9
2016-10-17 15:11:26 413819132 114.384632 30.654423 114.385077 30.654667 3.5 236.9
2016-10-17 15:11:53 413819132 114.384085 30.654143 114.384632 30.654423 3.5 241.2
2016-10-17 15:12:29 413819132 114.383433 30.653817 114.384085 30.654143 3.5 240.9
2016-10-17 15:12:57 413819132 114.383103 30.653682 114.383433 30.653817 3.5 242.5
2016-10-17 15:13:24 413819132 114.382717 30.653467 114.383103 30.653682 3.5 242.6
2016-10-17 15:13:53 413819132 114.382098 30.653198 114.382717 30.653467 3.5 246.8
2016-10-17 15:14:29 413819132 114.381623 30.653037 114.382098 30.653198 3.5 249.0
2016-10-17 15:14:59 413819132 114.381032 30.65286 114.381623 30.653037 3.5 247.9
2016-10-17 15:15:27 413819132 114.380333 30.6526 114.381032 30.65286 3.5 242.3
2016-10-17 15:15:55 413819132 114.380013 30.652425 114.380333 30.6526 3.5 236.2
2016-10-17 15:16:30 413819132 114.379607 30.652177 114.380013 30.652425 3.5 239.0
2016-10-17 15:17:02 413819132 114.378867 30.651833 114.379607 30.652177 3.6 241.8
2016-10-17 15:17:32 413819132 114.37858 30.6517 114.378867 30.651833 3.6 241.1
2016-10-17 15:18:02 413819132 114.378005 30.651408 114.37858 30.6517 3.7 238.3
2016-10-17 15:18:36 413819132 114.377333 30.651033 114.378005 30.651408 3.7 236.2
2016-10-17 15:19:07 413819132 114.376993 30.65083 114.377333 30.651033 3.8 236.3
2016-10-17 15:20:01 413819132 114.375733 30.6503 114.376993 30.65083 3.7 249.2
2016-10-17 15:20:38 413819132 114.37541 30.650178 114.375733 30.6503 3.8 247.6
2016-10-17 15:21:36 413819132 114.374017 30.649633 114.37541 30.650178 3.8 245.5
2016-10-17 15:22:32 413819132 114.373145 30.649325 114.374017 30.649633 3.9 246.4
2016-10-17 15:23:01 413819132 114.3723 30.649 114.373145 30.649325 3.9 244.5
2016-10-17 15:23:31 413819132 114.371983 30.648847 114.3723 30.649 4.0 237.7
2016-10-17 15:24:00 413819132 114.371382 30.648492 114.371983 30.648847 4.0 238.8
2016-10-17 15:24:34 413819132 114.370898 30.648257 114.371382 30.648492 4.0 242.0
2016-10-17 15:25:02 413819132 114.370245 30.647967 114.370898 30.648257 4.0 241.3
2016-10-17 15:25:34 413819132 114.369777 30.647735 114.370245 30.647967 4.0 237.1
2016-10-17 15:26:03 413819132 114.369178 30.647372 114.369777 30.647735 4.0 233.1
2016-10-17 15:26:38 413819132 114.36868 30.647053 114.369178 30.647372 4.0 237.1
2016-10-17 15:27:38 413819132 114.36735 30.646283 114.36868 30.647053 4.0 232.6
2016-10-17 15:28:40 413819132 114.366512 30.645753 114.36735 30.646283 4.0 234.7
2016-10-17 15:29:40 413819132 114.36505 30.64475 114.366512 30.645753 3.9 232.6
2016-10-17 15:30:41 413819132 114.364532 30.644355 114.36505 30.64475 3.9 222.3
2016-10-17 15:31:12 413819132 114.36378 30.643485 114.364532 30.644355 3.8 221.8
2016-10-17 15:32:10 413819132 114.363217 30.642917 114.36378 30.643485 3.7 221.8
2016-10-17 15:32:44 413819132 114.362617 30.642367 114.363217 30.642917 3.6 222.6
2016-10-17 15:33:16 413819132 114.362172 30.641997 114.362617 30.642367 3.5 227.3
2016-10-17 15:34:08 413819132 114.361317 30.641342 114.362172 30.641997 3.5 227.7
2016-10-17 15:35:19 413819132 114.360497 30.640695 114.361317 30.641342 3.4 227.4
2016-10-17 15:35:46 413819132 114.36001 30.640315 114.360497 30.640695 3.4 230.4
2016-10-17 15:36:14 413819132 114.35966 30.640048 114.36001 30.640315 3.4 230.0
2016-10-17 15:36:51 413819132 114.359193 30.639715 114.35966 30.640048 3.4 233.0
2016-10-17 15:37:23 413819132 114.358817 30.639477 114.359193 30.639715 3.4 230.3
2016-10-17 15:37:54 413819132 114.358318 30.639133 114.358817 30.639477 3.4 227.9
2016-10-17 15:38:23 413819132 114.357972 30.638853 114.358318 30.639133 3.4 227.0
2016-10-17 15:38:57 413819132 114.357498 30.638512 114.357972 30.638853 3.4 231.9
2016-10-17 15:39:26 413819132 114.357132 30.638247 114.357498 30.638512 3.4 227.1
2016-10-17 15:39:52 413819132 114.356698 30.63783 114.357132 30.638247 3.3 229.0
2016-10-17 15:40:21 413819132 114.356313 30.637587 114.356698 30.63783 3.3 233.2
2016-10-17 15:40:57 413819132 114.355862 30.637275 114.356313 30.637587 3.3 231.0
2016-10-17 15:41:29 413819132 114.355502 30.637013 114.355862 30.637275 3.3 228.0
2016-10-17 15:41:57 413819132 114.355065 30.636648 114.355502 30.637013 3.3 225.0
2016-10-17 15:42:24 413819132 114.35474 30.636378 114.355065 30.636648 3.4 223.8
2016-10-17 15:42:58 413819132 114.354303 30.63598 114.35474 30.636378 3.4 221.7
2016-10-17 15:43:30 413819132 114.353962 30.635655 114.354303 30.63598 3.3 225.3
2016-10-17 15:44:00 413819132 114.353533 30.63527 114.353962 30.635655 3.3 228.9
2016-10-17 15:44:31 413819132 114.3532 30.635072 114.353533 30.63527 3.3 225.3
2016-10-17 15:45:07 413819132 114.35282 30.634757 114.3532 30.635072 3.3 228.1
2016-10-17 15:45:38 413819132 114.352233 30.634267 114.35282 30.634757 3.2 226.0
2016-10-17 15:46:37 413819132 114.351685 30.633753 114.352233 30.634267 3.2 221.1
2016-10-17 15:47:19 413819132 114.350928 30.633188 114.351685 30.633753 3.1 232.8
2016-10-17 15:47:52 413819132 114.350492 30.632895 114.350928 30.633188 3.0 230.2
2016-10-17 15:48:18 413819132 114.350167 30.632653 114.350492 30.632895 3.0 228.2
2016-10-17 15:48:50 413819132 114.349752 30.632323 114.350167 30.632653 3.0 226.5
2016-10-17 15:49:25 413819132 114.349428 30.632078 114.349752 30.632323 3.0 231.8
2016-10-17 15:49:54 413819132 114.34885 30.6317 114.349428 30.632078 3.0 230.5
2016-10-17 15:50:45 413819132 114.348237 30.631248 114.34885 30.6317 3.0 221.8
2016-10-17 15:51:18 413819132 114.347933 30.630988 114.348237 30.631248 3.0 229.1
2016-10-17 15:51:49 413819132 114.347512 30.630683 114.347933 30.630988 3.1 229.0
2016-10-17 15:52:16 413819132 114.347187 30.63041 114.347512 30.630683 3.1 227.1
2016-10-17 15:52:44 413819132 114.346795 30.630045 114.347187 30.63041 3.2 222.4
2016-10-17 15:53:20 413819132 114.346485 30.629717 114.346795 30.630045 3.2 224.1
2016-10-17 15:53:53 413819132 114.346055 30.629368 114.346485 30.629717 3.3 222.9
2016-10-17 15:54:20 413819132 114.345728 30.629058 114.346055 30.629368 3.3 221.2
2016-10-17 15:54:49 413819132 114.345343 30.628695 114.345728 30.629058 3.3 224.9
2016-10-17 15:55:25 413819132 114.344895 30.628402 114.345343 30.628695 3.3 231.4
2016-10-17 15:55:56 413819132 114.344417 30.627983 114.344895 30.628402 3.3 227.2
2016-10-17 15:56:24 413819132 114.344145 30.627767 114.344417 30.627983 3.3 223.9
2016-10-17 15:56:53 413819132 114.34385 30.627483 114.344145 30.627767 3.3 223.9
2016-10-17 15:57:28 413819132 114.34325 30.627033 114.34385 30.627483 3.3 229.5
2016-10-17 15:58:02 413819132 114.342992 30.626875 114.34325 30.627033 3.2 228.8
2016-10-17 15:59:01 413819132 114.341983 30.626167 114.342992 30.626875 3.2 236.8
2016-10-17 15:59:37 413819132 114.341667 30.626027 114.341983 30.626167 3.2 243.9
2016-10-17 16:00:42 413819132 114.3407 30.625433 114.341667 30.626027 3.1 228.8
2016-10-17 16:01:50 413819132 114.339657 30.624728 114.3407 30.625433 3.1 232.8
2016-10-17 16:02:22 413819132 114.339467 30.6246 114.339657 30.624728 3.1 232.8
2016-10-17 16:02:51 413819132 114.338813 30.624225 114.339467 30.6246 3.1 234.2
2016-10-17 16:03:23 413819132 114.338323 30.623955 114.338813 30.624225 3.2 238.8
2016-10-17 16:03:58 413819132 114.33793 30.623757 114.338323 30.623955 3.2 241.4
2016-10-17 16:04:31 413819132 114.337402 30.623507 114.33793 30.623757 3.3 242.8
2016-10-17 16:05:03 413819132 114.336783 30.623233 114.337402 30.623507 3.3 242.4
2016-10-17 16:05:35 413819132 114.336458 30.623095 114.336783 30.623233 3.3 241.0
2016-10-17 16:06:14 413819132 114.336038 30.622895 114.336458 30.623095 3.3 240.3
2016-10-17 16:06:44 413819132 114.335123 30.622408 114.336038 30.622895 3.4 238.9
2016-10-17 16:07:14 413819132 114.334667 30.622183 114.335123 30.622408 3.4 238.9
2016-10-17 16:07:44 413819132 114.334233 30.621892 114.334667 30.622183 3.3 228.9
2016-10-17 16:08:21 413819132 114.333775 30.621535 114.334233 30.621892 3.4 228.5
2016-10-17 16:08:51 413819132 114.333418 30.621232 114.333775 30.621535 3.4 224.7
2016-10-17 16:09:17 413819132 114.332998 30.620847 114.333418 30.621232 3.4 222.5
2016-10-17 16:09:48 413819132 114.332665 30.620532 114.332998 30.620847 3.4 222.6
2016-10-17 16:10:29 413819132 114.332288 30.620148 114.332665 30.620532 3.4 220.7
2016-10-17 16:11:01 413819132 114.331733 30.619633 114.332288 30.620148 3.4 224.7
2016-10-17 16:11:30 413819132 114.331505 30.619392 114.331733 30.619633 3.4 221.5
2016-10-17 16:12:02 413819132 114.331178 30.619082 114.331505 30.619392 3.5 222.8
2016-10-17 16:12:38 413819132 114.330633 30.61855 114.331178 30.619082 3.5 217.8
2016-10-17 16:13:42 413819132 114.330077 30.61792 114.330633 30.61855 3.5 219.5
2016-10-17 16:14:15 413819132 114.329567 30.617433 114.330077 30.61792 3.5 219.9
2016-10-17 16:14:53 413819132 114.329035 30.616822 114.329567 30.617433 3.5 217.3
2016-10-17 16:15:22 413819132 114.328628 30.616365 114.329035 30.616822 3.5 218.5
2016-10-17 16:15:53 413819132 114.328295 30.616043 114.328628 30.616365 3.5 222.0
2016-10-17 16:16:22 413819132 114.327933 30.615683 114.328295 30.616043 3.5 222.0
2016-10-17 16:16:57 413819132 114.3274 30.615067 114.327933 30.615683 3.6 216.9
2016-10-17 16:17:28 413819132 114.327168 30.6148 114.3274 30.615067 3.6 215.4
2016-10-17 16:17:59 413819132 114.326847 30.614457 114.327168 30.6148 3.6 222.6
2016-10-17 16:18:29 413819132 114.326217 30.613917 114.326847 30.614457 3.7 226.3
2016-10-17 16:19:08 413819132 114.325983 30.61372 114.326217 30.613917 3.7 221.8
2016-10-17 16:19:44 413819132 114.3252 30.612912 114.325983 30.61372 3.8 220.9
2016-10-17 16:20:13 413819132 114.325017 30.612717 114.3252 30.612912 3.8 220.9
2016-10-17 16:20:46 413819132 114.324413 30.612095 114.325017 30.612717 3.8 217.3
2016-10-17 16:21:58 413819132 114.32369 30.611258 114.324413 30.612095 3.8 213.8
2016-10-17 16:22:29 413819132 114.323287 30.610733 114.32369 30.611258 3.8 219.0
2016-10-17 16:22:57 413819132 114.322767 30.610167 114.323287 30.610733 3.8 216.3
2016-10-17 16:23:29 413819132 114.322543 30.609858 114.322767 30.610167 3.8 214.1
2016-10-17 16:23:59 413819132 114.32225 30.609517 114.322543 30.609858 3.8 214.1
2016-10-17 16:24:28 413819132 114.321717 30.608867 114.32225 30.609517 3.8 215.9
2016-10-17 16:25:03 413819132 114.321518 30.60862 114.321717 30.608867 3.8 215.2
2016-10-17 16:25:39 413819132 114.321087 30.60814 114.321518 30.60862 3.8 219.4
2016-10-17 16:26:13 413819132 114.32055 30.6076 114.321087 30.60814 3.8 221.1
2016-10-17 16:26:46 413819132 114.319938 30.606962 114.32055 30.6076 3.9 217.5
2016-10-17 16:27:51 413819132 114.319263 30.606115 114.319938 30.606962 3.9 215.4
2016-10-17 16:28:24 413819132 114.31873 30.605608 114.319263 30.606115 4.0 227.6
2016-10-17 16:28:54 413819132 114.318303 30.605298 114.31873 30.605608 3.9 228.5
2016-10-17 16:29:26 413819132 114.317825 30.604843 114.318303 30.605298 3.8 218.0
2016-10-17 16:30:04 413819132 114.317508 30.604465 114.317825 30.604843 3.8 213.1
2016-10-17 16:30:35 413819132 114.317067 30.6038 114.317508 30.604465 3.8 208.4
2016-10-17 16:31:32 413819132 114.316503 30.603063 114.317067 30.6038 3.8 222.2
2016-10-17 16:32:46 413819132 114.315248 30.601935 114.316503 30.603063 3.7 220.2
2016-10-17 16:33:16 413819132 114.31482 30.601513 114.315248 30.601935 3.7 221.0
2016-10-17 16:33:47 413819132 114.314488 30.601138 114.31482 30.601513 3.7 215.0
2016-10-17 16:34:28 413819132 114.314118 30.600647 114.314488 30.601138 3.8 213.1
2016-10-17 16:35:05 413819132 114.313633 30.600033 114.314118 30.600647 3.8 215.5
2016-10-17 16:35:36 413819132 114.313402 30.599735 114.313633 30.600033 3.8 217.7
2016-10-17 16:36:42 413819132 114.312698 30.598992 114.313402 30.599735 3.8 214.3
2016-10-17 16:37:46 413819132 114.311683 30.59763 114.312698 30.598992 3.7 217.8
2016-10-17 16:38:17 413819132 114.311517 30.597467 114.311683 30.59763 3.7 217.8
2016-10-17 16:38:53 413819132 114.310887 30.596855 114.311517 30.597467 3.7 224.9
2016-10-17 16:39:25 413819132 114.310365 30.596437 114.310887 30.596855 3.8 227.7
2016-10-17 16:39:55 413819132 114.309973 30.596123 114.310365 30.596437 3.7 222.1
2016-10-17 16:40:22 413819132 114.309573 30.595678 114.309973 30.596123 3.7 217.7
2016-10-17 16:40:58 413819132 114.309198 30.59532 114.309573 30.595678 3.8 220.6
2016-10-17 16:42:01 413819132 114.308385 30.59452 114.309198 30.59532 3.7 221.4
2016-10-17 16:43:14 413819132 114.307688 30.593708 114.308385 30.59452 3.7 211.2
2016-10-17 16:43:46 413819132 114.306962 30.592842 114.307688 30.593708 3.7 221.9
2016-10-17 16:44:18 413819132 114.306587 30.592432 114.306962 30.592842 3.7 215.9
2016-10-17 16:44:47 413819132 114.30623 30.59198 114.306587 30.592432 3.7 215.1
2016-10-17 16:45:19 413819132 114.305872 30.591497 114.30623 30.59198 3.7 212.4
2016-10-17 16:45:53 413819132 114.305595 30.591098 114.305872 30.591497 3.7 210.5
2016-10-17 16:46:21 413819132 114.305265 30.590605 114.305595 30.591098 3.7 210.3
2016-10-17 16:47:25 413819132 114.304883 30.59 114.305265 30.590605 3.8 207.0
2016-10-17 16:47:58 413819132 114.304433 30.589248 114.304883 30.59 3.8 205.9
2016-10-17 16:48:28 413819132 114.304033 30.588567 114.304433 30.589248 3.8 207.9
2016-10-17 16:49:31 413819132 114.303567 30.587883 114.304033 30.588567 3.8 211.7
2016-10-17 16:50:03 413819132 114.30324 30.587387 114.303567 30.587883 3.8 207.9
2016-10-17 16:50:59 413819132 114.302608 30.586507 114.30324 30.587387 3.8 212.2
2016-10-17 16:51:29 413819132 114.30215 30.585833 114.302608 30.586507 3.8 208.7
2016-10-17 16:52:25 413819132 114.301572 30.585043 114.30215 30.585833 3.9 217.7
2016-10-17 16:53:22 413819132 114.300778 30.584188 114.301572 30.585043 3.9 217.7
2016-10-17 16:53:54 413819132 114.300433 30.583798 114.300778 30.584188 3.9 217.1
2016-10-17 16:54:20 413819132 114.30001 30.583335 114.300433 30.583798 3.9 220.8
2016-10-17 16:54:45 413819132 114.299612 30.58299 114.30001 30.583335 3.9 219.5
2016-10-17 16:55:50 413819132 114.298963 30.582085 114.299612 30.58299 3.8 210.0
2016-10-17 16:56:19 413819132 114.298577 30.58158 114.298963 30.582085 3.8 216.9
2016-10-17 16:56:47 413819132 114.298245 30.581195 114.298577 30.58158 3.8 216.2
2016-10-17 16:57:22 413819132 114.297867 30.580707 114.298245 30.581195 3.8 214.6
2016-10-17 16:57:51 413819132 114.297547 30.580285 114.297867 30.580707 3.8 211.9
2016-10-17 16:58:19 413819132 114.297188 30.579785 114.297547 30.580285 3.8 213.8
2016-10-17 16:58:47 413819132 114.296898 30.579412 114.297188 30.579785 3.8 211.2
2016-10-17 16:59:17 413819132 114.296568 30.57891 114.296898 30.579412 3.8 209.5
2016-10-17 16:59:46 413819132 114.296262 30.57845 114.296568 30.57891 3.8 210.3
2016-10-17 17:00:39 413819132 114.295817 30.577817 114.296262 30.57845 3.8 211.9
2016-10-17 17:01:44 413819132 114.294942 30.576692 114.295817 30.577817 3.7 211.8
2016-10-17 17:02:36 413819132 114.29457 30.576182 114.294942 30.576692 3.8 213.1
2016-10-17 17:03:35 413819132 114.293862 30.575313 114.29457 30.576182 3.8 217.6
2016-10-17 17:04:25 413819132 114.293133 30.57445 114.293862 30.575313 3.8 214.0
2016-10-17 17:04:59 413819132 114.292815 30.574055 114.293133 30.57445 3.8 215.2
2016-10-17 17:05:31 413819132 114.292468 30.573538 114.292815 30.574055 3.8 209.0
2016-10-17 17:05:56 413819132 114.292192 30.573135 114.292468 30.573538 3.9 212.1
2016-10-17 17:06:52 413819132 114.291592 30.572162 114.292192 30.573135 4.1 206.4
2016-10-17 17:07:23 413819132 114.291283 30.571667 114.291592 30.572162 4.1 206.9
2016-10-17 17:07:48 413819132 114.290938 30.571088 114.291283 30.571667 4.3 207.0
2016-10-17 17:08:53 413819132 114.290267 30.570067 114.290938 30.571088 4.3 210.0
2016-10-17 17:11:16 413819132 114.289148 30.568372 114.290267 30.570067 4.5 207.7
2016-10-17 17:13:37 413819132 114.286942 30.565002 114.288137 30.566752 4.6 209.6
2016-10-17 17:14:04 413819132 114.286433 30.564267 114.286942 30.565002 4.6 210.2
2016-10-17 17:14:38 413819132 114.28621 30.56387 114.286433 30.564267 4.5 206.5
2016-10-17 17:15:32 413819132 114.285933 30.5634 114.28621 30.56387 4.5 206.5
2016-10-17 17:16:28 413819132 114.285007 30.56164 114.285933 30.5634 4.2 199.9
2016-10-17 17:17:46 413819132 114.284487 30.560033 114.285007 30.56164 4.0 196.7
2016-10-17 17:18:23 413819132 114.28427 30.559437 114.284487 30.560033 4.0 198.6
2016-10-17 17:18:50 413819132 114.284082 30.55898 114.28427 30.559437 4.0 199.2
2016-10-17 17:20:35 413819132 114.283402 30.557367 114.284082 30.55898 4.0 201.8
2016-10-17 17:21:30 413819132 114.283197 30.5569 114.283402 30.557367 4.0 199.5
2016-10-17 17:22:02 413819132 114.282712 30.555883 114.283197 30.5569 3.8 207.2
2016-10-17 17:22:55 413819132 114.282205 30.554895 114.282712 30.555883 3.8 204.4
2016-10-17 17:23:54 413819132 114.281683 30.553967 114.282205 30.554895 3.7 206.6
2016-10-17 17:24:49 413819132 114.281132 30.552973 114.281683 30.553967 3.8 208.2
2016-10-17 17:25:49 413819132 114.28058 30.552018 114.281132 30.552973 3.8 206.0
2016-10-17 17:27:32 413819132 114.279902 30.550573 114.28058 30.552018 3.7 202.5
2016-10-17 17:27:59 413819132 114.27967 30.550072 114.279902 30.550573 3.7 202.4
2016-10-17 17:28:50 413819132 114.279198 30.549155 114.27967 30.550072 3.6 202.4
2016-10-17 17:29:21 413819132 114.2791 30.54895 114.279198 30.549155 3.6 202.4
2016-10-17 17:29:50 413819132 114.278775 30.548182 114.2791 30.54895 3.6 202.0
2016-10-17 17:30:37 413819132 114.278467 30.547533 114.278775 30.548182 3.5 202.2
2016-10-17 17:32:31 413819132 114.277905 30.546343 114.278467 30.547533 3.5 205.5
2016-10-17 17:33:04 413819132 114.277412 30.5455 114.277905 30.546343 3.5 202.7
2016-10-17 17:34:43 413819132 114.276443 30.543725 114.277412 30.5455 3.4 207.3
2016-10-17 17:35:53 413819132 114.275992 30.542845 114.276443 30.543725 3.4 203.6
2016-10-17 17:36:20 413819132 114.275768 30.542442 114.275992 30.542845 3.4 206.4
2016-10-17 17:40:28 413819132 114.273617 30.539217 114.275768 30.542442 3.2 205.8
2016-10-17 17:41:48 413819132 114.272933 30.538067 114.273617 30.539217 2.9 215.7
2016-10-17 17:42:11 413819132 114.272773 30.537895 114.272933 30.538067 2.9 219.7
2016-10-17 17:43:20 413819132 114.272067 30.537083 114.272773 30.537895 2.9 213.1
2016-10-17 17:44:05 413819132 114.27167 30.536622 114.272067 30.537083 2.9 217.7
2016-10-17 17:44:33 413819132 114.271338 30.536252 114.27167 30.536622 2.9 216.1
2016-10-17 17:47:03 413819132 114.269955 30.534605 114.271338 30.536252 2.7 210.6
2016-10-17 17:47:55 413819132 114.269758 30.534228 114.269955 30.534605 2.6 208.9
2016-10-17 17:49:05 413819132 114.269185 30.533333 114.269758 30.534228 2.4 202.7
2016-10-17 17:55:05 413819132 114.2661675988701 30.52964192655367    
2016-10-17 18:01:05 413819132 114.2631501977401 30.52595085310734    
2016-10-17 18:07:05 413819132 114.2601327966102 30.52225977966102    
2016-10-17 18:13:05 413819132 114.2571153954802 30.51856870621469    
2016-10-17 18:15:38 413819132 114.255833 30.517 114.255833 30.517 3.0 208.9
