2016-10-17 0:06:48 413804433 114.539493 30.675313 114.539497 30.675327 0.0 147.1
2016-10-17 0:07:26 413804433 114.539502 30.675322 114.539493 30.675313 0.0 147.1
2016-10-17 00:13:26 413804433 114.5395023308824 30.67532630147059    
2016-10-17 00:19:26 413804433 114.5395026617647 30.67533060294118    
2016-10-17 00:25:26 413804433 114.5395029926471 30.67533490441177    
2016-10-17 0:25:34 413804433 114.539503 30.675335 114.539502 30.675333 0.0 147.1
2016-10-17 0:27:39 413804433 114.539497 30.675338 114.539503 30.675335 0.0 147.1
2016-10-17 0:31:24 413804433 114.539488 30.675345 114.539497 30.675338 0.0 147.1
2016-10-17 00:37:24 413804433 114.5394900979021 30.67534625874126    
2016-10-17 00:43:24 413804433 114.5394921958042 30.67534751748252    
2016-10-17 0:45:42 413804433 114.539493 30.675348 114.539488 30.675358 0.0 147.1
2016-10-17 0:48:33 413804433 114.539492 30.675353 114.539493 30.675348 0.0 147.1
2016-10-17 0:49:27 413804433 114.539498 30.675353 114.539492 30.675353 0.0 147.1
2016-10-17 00:55:27 413804433 114.5394927955853 30.67535076154205    
2016-10-17 01:01:27 413804433 114.5394875911705 30.6753485230841    
2016-10-17 01:07:27 413804433 114.5394823867558 30.67534628462615    
2016-10-17 01:13:27 413804433 114.539477182341 30.6753440461682    
2016-10-17 01:19:27 413804433 114.5394719779263 30.67534180771024    
2016-10-17 01:25:27 413804433 114.5394667735116 30.67533956925229    
2016-10-17 01:31:27 413804433 114.5394615690968 30.67533733079434    
2016-10-17 01:37:27 413804433 114.5394563646821 30.67533509233639    
2016-10-17 01:43:27 413804433 114.5394511602674 30.67533285387844    
2016-10-17 01:49:27 413804433 114.5394459558526 30.67533061542049    
2016-10-17 01:55:27 413804433 114.5394407514379 30.67532837696254    
2016-10-17 02:01:27 413804433 114.5394355470232 30.67532613850458    
2016-10-17 02:07:27 413804433 114.5394303426084 30.67532390004664    
2016-10-17 02:13:27 413804433 114.5394251381937 30.67532166158868    
2016-10-17 02:19:27 413804433 114.539419933779 30.67531942313073    
2016-10-17 02:25:27 413804433 114.5394147293642 30.67531718467278    
2016-10-17 02:31:27 413804433 114.5394095249495 30.67531494621483    
2016-10-17 2:36:40 413804433 114.539405 30.675313 114.5394 30.675312 0.0 147.1
2016-10-17 2:39:53 413804433 114.539415 30.675317 114.539405 30.675313 0.0 147.1
2016-10-17 2:42:50 413804433 114.5394 30.675327 114.539415 30.675317 0.0 147.1
2016-10-17 2:43:46 413804433 114.539407 30.67532 114.5394 30.675327 0.0 147.1
2016-10-17 2:45:55 413804433 114.539408 30.675325 114.539407 30.67532 0.0 147.1
2016-10-17 02:51:55 413804433 114.5394040147601 30.6753296494465    
2016-10-17 2:54:57 413804433 114.539402 30.675332 114.539402 30.675337 0.0 147.1
2016-10-17 2:55:55 413804433 114.539402 30.675332 114.539402 30.675332 0.0 147.1
2016-10-17 2:57:56 413804433 114.53941 30.675332 114.539402 30.675332 0.0 147.1
2016-10-17 3:00:53 413804433 114.539407 30.675345 114.53941 30.675332 0.0 147.1
2016-10-17 3:01:51 413804433 114.539403 30.675338 114.539407 30.675345 0.0 147.1
2016-10-17 03:07:51 413804433 114.5393900718232 30.67534695027624    
2016-10-17 3:07:53 413804433 114.53939 30.675347 114.539382 30.675347 0.0 147.1
2016-10-17 3:13:50 413804433 114.539397 30.675338 114.539402 30.675337 0.0 147.1
2016-10-17 3:15:56 413804433 114.53941 30.675338 114.539397 30.675338 0.0 147.1
2016-10-17 3:18:57 413804433 114.539403 30.675337 114.53941 30.675338 0.0 147.1
2016-10-17 3:21:46 413804433 114.539393 30.675348 114.539403 30.675337 0.0 147.1
2016-10-17 3:24:48 413804433 114.539405 30.675343 114.539393 30.675348 0.0 147.1
2016-10-17 3:25:45 413804433 114.53941 30.675338 114.539405 30.675343 0.0 147.1
2016-10-17 3:27:53 413804433 114.539407 30.67534 114.53941 30.675338 0.0 147.1
2016-10-17 03:33:53 413804433 114.5394134640884 30.67533875690608    
2016-10-17 03:39:53 413804433 114.5394199281768 30.67533751381215    
2016-10-17 03:45:53 413804433 114.5394263922652 30.67533627071823    
2016-10-17 03:51:53 413804433 114.5394328563536 30.67533502762431    
2016-10-17 3:52:01 413804433 114.539433 30.675335 114.539423 30.675335 0.0 147.1
2016-10-17 3:55:04 413804433 114.539435 30.675328 114.539433 30.675335 0.0 147.1
2016-10-17 3:58:03 413804433 114.53944 30.675332 114.539435 30.675328 0.0 147.1
2016-10-17 04:04:03 413804433 114.5394349367089 30.67533453164557    
2016-10-17 4:09:54 413804433 114.53943 30.675337 114.539442 30.675328 0.0 147.1
2016-10-17 4:13:03 413804433 114.539383 30.675377 114.53943 30.675337 0.0 147.1
2016-10-17 4:15:56 413804433 114.539352 30.675405 114.539383 30.675377 0.0 147.1
2016-10-17 4:19:07 413804433 114.53933 30.675442 114.539352 30.675405 0.0 147.1
2016-10-17 4:19:44 413804433 114.539322 30.675438 114.53933 30.675442 0.0 147.1
2016-10-17 4:22:01 413804433 114.539312 30.675448 114.539322 30.675438 0.0 147.1
2016-10-17 04:28:01 413804433 114.5392595992439 30.67550516446125    
2016-10-17 4:30:50 413804433 114.539235 30.675532 114.539275 30.67552 0.0 147.1
2016-10-17 4:33:50 413804433 114.539228 30.675552 114.539235 30.675532 0.0 147.1
2016-10-17 4:36:57 413804433 114.539213 30.675575 114.539228 30.675552 0.0 147.1
2016-10-17 4:39:49 413804433 114.539183 30.675597 114.539213 30.675575 0.0 147.1
2016-10-17 4:42:58 413804433 114.539165 30.675617 114.539183 30.675597 0.0 147.1
2016-10-17 4:43:51 413804433 114.539165 30.675617 114.539165 30.675617 0.0 147.1
2016-10-17 4:46:02 413804433 114.539163 30.675638 114.539165 30.675617 0.0 147.1
2016-10-17 4:48:50 413804433 114.539125 30.675657 114.539163 30.675638 0.0 147.1
2016-10-17 4:49:53 413804433 114.539125 30.675672 114.539125 30.675657 0.0 147.1
2016-10-17 4:51:59 413804433 114.539128 30.675687 114.539125 30.675672 0.0 147.1
2016-10-17 4:55:04 413804433 114.539113 30.675703 114.539128 30.675687 0.0 147.1
2016-10-17 4:56:07 413804433 114.539107 30.675708 114.539113 30.675703 0.0 147.1
2016-10-17 4:58:03 413804433 114.539082 30.675717 114.539107 30.675708 0.0 147.1
2016-10-17 5:02:00 413804433 114.539082 30.675735 114.539082 30.675717 0.0 147.1
2016-10-17 5:03:51 413804433 114.539063 30.67575 114.539082 30.675735 0.0 147.1
2016-10-17 5:07:56 413804433 114.539055 30.675767 114.539063 30.67575 0.0 147.1
2016-10-17 5:10:00 413804433 114.53903 30.675783 114.539055 30.675767 0.0 147.1
2016-10-17 05:16:00 413804433 114.5390012244898 30.67581606122449    
2016-10-17 5:19:48 413804433 114.538983 30.675837 114.539 30.675802 0.0 147.1
2016-10-17 5:22:08 413804433 114.538972 30.675825 114.538983 30.675837 0.0 147.1
2016-10-17 05:28:08 413804433 114.5389502970789 30.67584625543816    
2016-10-17 05:34:08 413804433 114.5389285941579 30.67586751087632    
2016-10-17 05:40:08 413804433 114.5389068912368 30.67588876631448    
2016-10-17 05:46:08 413804433 114.5388851883157 30.67591002175264    
2016-10-17 5:48:57 413804433 114.538875 30.67592 114.538892 30.6759 0.0 288.4
2016-10-17 5:49:58 413804433 114.538865 30.675913 114.538875 30.67592 0.0 288.4
2016-10-17 5:52:03 413804433 114.538868 30.67591 114.538865 30.675913 0.0 288.4
2016-10-17 5:54:55 413804433 114.538853 30.675923 114.538868 30.67591 0.0 288.4
2016-10-17 5:57:53 413804433 114.538838 30.675928 114.538853 30.675923 0.0 288.4
2016-10-17 6:00:57 413804433 114.538828 30.67594 114.538838 30.675928 0.0 288.4
2016-10-17 6:04:06 413804433 114.538822 30.67595 114.538828 30.67594 0.0 36.2
2016-10-17 6:07:01 413804433 114.538803 30.675968 114.538822 30.67595 0.0 36.2
2016-10-17 6:08:08 413804433 114.538785 30.675968 114.538803 30.675968 0.0 36.2
2016-10-17 6:09:56 413804433 114.538793 30.675973 114.538785 30.675968 0.0 36.2
2016-10-17 6:13:13 413804433 114.538783 30.675958 114.538793 30.675973 0.0 36.2
2016-10-17 6:13:55 413804433 114.53879 30.67597 114.538783 30.675958 0.0 36.2
2016-10-17 6:16:09 413804433 114.538772 30.675988 114.53879 30.67597 0.0 36.2
2016-10-17 6:19:07 413804433 114.538778 30.675992 114.538772 30.675988 0.0 36.2
2016-10-17 6:20:14 413804433 114.53877 30.676002 114.538778 30.675992 0.0 36.2
2016-10-17 6:22:06 413804433 114.538782 30.676 114.53877 30.676002 0.0 36.2
2016-10-17 6:25:11 413804433 114.538762 30.676017 114.538782 30.676 0.0 36.2
2016-10-17 6:26:20 413804433 114.53877 30.676018 114.538762 30.676017 0.0 36.2
2016-10-17 6:28:15 413804433 114.538753 30.676033 114.53877 30.676018 0.0 36.2
2016-10-17 6:31:01 413804433 114.538743 30.676047 114.538753 30.676033 0.0 36.2
2016-10-17 6:32:12 413804433 114.53874 30.676042 114.538743 30.676047 0.0 36.2
2016-10-17 6:37:19 413804433 114.53874 30.67606 114.53874 30.676042 0.0 36.2
2016-10-17 06:43:19 413804433 114.5387246590909 30.67607892045454    
2016-10-17 6:49:03 413804433 114.53871 30.676097 114.538728 30.676088 0.0 36.2
2016-10-17 6:50:14 413804433 114.538707 30.67611 114.53871 30.676097 0.0 36.2
2016-10-17 6:52:13 413804433 114.538705 30.676108 114.538707 30.67611 0.0 36.2
2016-10-17 6:55:17 413804433 114.5387 30.676105 114.538705 30.676108 0.0 36.2
2016-10-17 6:56:04 413804433 114.538705 30.676108 114.5387 30.676105 0.0 36.2
2016-10-17 6:58:05 413804433 114.5387 30.67612 114.538705 30.676108 0.0 36.2
2016-10-17 7:01:13 413804433 114.538698 30.676127 114.5387 30.67612 0.0 36.2
2016-10-17 7:01:58 413804433 114.538698 30.676127 114.538698 30.676127 0.0 36.2
2016-10-17 7:04:11 413804433 114.538695 30.676133 114.538698 30.676127 0.0 36.2
2016-10-17 07:10:11 413804433 114.5386863172542 30.67614301855288    
2016-10-17 7:13:10 413804433 114.538682 30.676148 114.53869 30.676138 0.0 36.2
2016-10-17 7:14:06 413804433 114.538688 30.676145 114.538682 30.676148 0.0 36.2
2016-10-17 7:16:22 413804433 114.538668 30.676158 114.538688 30.676145 0.0 36.2
2016-10-17 7:19:08 413804433 114.538675 30.676157 114.538668 30.676158 0.0 36.2
2016-10-17 7:20:27 413804433 114.53867 30.676163 114.538675 30.676157 0.0 36.2
2016-10-17 7:22:22 413804433 114.538675 30.676158 114.53867 30.676163 0.0 36.2
2016-10-17 7:26:12 413804433 114.538665 30.676168 114.538675 30.676158 0.0 36.2
2016-10-17 7:28:14 413804433 114.53867 30.676162 114.538665 30.676168 0.0 36.2
2016-10-17 7:31:28 413804433 114.538652 30.676177 114.53867 30.676162 0.0 36.2
2016-10-17 7:32:22 413804433 114.538665 30.67617 114.538652 30.676177 0.0 36.2
2016-10-17 7:34:14 413804433 114.538658 30.676165 114.538665 30.67617 0.0 36.2
2016-10-17 7:37:21 413804433 114.538655 30.676173 114.538658 30.676165 0.0 36.2
2016-10-17 7:38:12 413804433 114.538662 30.67617 114.538655 30.676173 0.0 36.2
2016-10-17 7:40:24 413804433 114.53866 30.676163 114.538662 30.67617 0.0 36.2
2016-10-17 7:43:13 413804433 114.538657 30.676163 114.53866 30.676163 0.0 36.2
2016-10-17 07:49:13 413804433 114.5386536666667 30.67617966666667    
2016-10-17 7:52:13 413804433 114.538652 30.676188 114.538665 30.676177 0.0 36.2
2016-10-17 7:56:21 413804433 114.538653 30.676173 114.538652 30.676188 0.0 36.2
2016-10-17 8:01:18 413804433 114.538665 30.676173 114.538653 30.676173 0.0 36.2
2016-10-17 8:02:15 413804433 114.53866 30.676167 114.538665 30.676173 0.0 36.2
2016-10-17 8:04:11 413804433 114.53867 30.676165 114.53866 30.676167 0.0 36.2
2016-10-17 8:07:19 413804433 114.538658 30.676167 114.53867 30.676165 0.0 36.2
2016-10-17 8:10:20 413804433 114.538647 30.67617 114.538658 30.676167 0.0 36.2
2016-10-17 08:16:20 413804433 114.5386679774436 30.67617135338346    
2016-10-17 8:19:12 413804433 114.538678 30.676172 114.538668 30.67617 0.0 36.2
2016-10-17 8:20:09 413804433 114.538673 30.67618 114.538678 30.676172 0.0 36.2
2016-10-17 08:26:09 413804433 114.5386815941644 30.67617809018568    
2016-10-17 8:26:26 413804433 114.538682 30.676178 114.538675 30.676178 0.0 36.2
2016-10-17 8:28:14 413804433 114.538685 30.676177 114.538682 30.676178 0.0 36.2
2016-10-17 8:31:33 413804433 114.53869 30.67618 114.538685 30.676177 0.0 36.2
2016-10-17 8:32:11 413804433 114.538692 30.676178 114.53869 30.67618 0.0 36.2
2016-10-17 08:38:11 413804433 114.5387005106383 30.67617970212766    
2016-10-17 8:39:14 413804433 114.538702 30.67618 114.538692 30.676178 0.0 36.2
2016-10-17 08:45:14 413804433 114.5387041664995 30.67617386158475    
2016-10-17 08:51:14 413804433 114.538706332999 30.67616772316951    
2016-10-17 8:55:51 413804433 114.538708 30.676163 114.538702 30.67618 0.0 36.2
2016-10-17 8:56:50 413804433 114.53871 30.676163 114.538708 30.676163 0.0 36.2
2016-10-17 8:58:16 413804433 114.538715 30.67616 114.53871 30.676163 0.0 36.2
2016-10-17 09:04:16 413804433 114.5387198648649 30.67615675675676    
2016-10-17 09:10:16 413804433 114.5387247297297 30.67615351351351    
2016-10-17 9:13:04 413804433 114.538727 30.676152 114.538715 30.67616 0.0 36.2
2016-10-17 9:14:38 413804433 114.538718 30.67615 114.538727 30.676152 0.0 36.2
2016-10-17 9:19:09 413804433 114.538705 30.676152 114.538718 30.67615 0.0 36.2
2016-10-17 9:20:30 413804433 114.538692 30.67615 114.538705 30.676152 0.0 36.2
2016-10-17 09:26:30 413804433 114.5386866468401 30.67615    
2016-10-17 09:32:30 413804433 114.5386812936803 30.67615    
2016-10-17 09:38:30 413804433 114.5386759405204 30.67615    
2016-10-17 09:44:30 413804433 114.5386705873606 30.67615    
2016-10-17 09:50:30 413804433 114.5386652342007 30.67615    
2016-10-17 9:56:22 413804433 114.53866 30.67615 114.538655 30.676153 0.0 36.2
2016-10-17 9:58:24 413804433 114.538672 30.676152 114.53866 30.67615 0.0 36.2
2016-10-17 10:01:10 413804433 114.53866 30.676163 114.538672 30.676152 0.0 36.2
2016-10-17 10:02:20 413804433 114.538665 30.67616 114.53866 30.676163 0.0 36.2
2016-10-17 10:08:20 413804433 114.538669052913 30.67615868280327    
2016-10-17 10:14:20 413804433 114.5386731058261 30.67615736560653    
2016-10-17 10:20:20 413804433 114.5386771587391 30.67615604840979    
2016-10-17 10:26:20 413804433 114.5386812116521 30.67615473121306    
2016-10-17 10:32:20 413804433 114.5386852645651 30.67615341401632    
2016-10-17 10:38:20 413804433 114.5386893174782 30.67615209681959    
2016-10-17 10:44:20 413804433 114.5386933703912 30.67615077962285    
2016-10-17 10:50:20 413804433 114.5386974233042 30.67614946242612    
2016-10-17 10:56:20 413804433 114.5387014762173 30.67614814522938    
2016-10-17 11:01:33 413804433 114.538705 30.676147 114.538717 30.676152 0.0 135.4
2016-10-17 11:02:41 413804433 114.538697 30.676143 114.538705 30.676147 0.0 135.4
2016-10-17 11:07:41 413804433 114.538705 30.676167 114.538697 30.676143 0.0 135.4
2016-10-17 11:10:47 413804433 114.538697 30.676142 114.538705 30.676167 0.0 135.4
2016-10-17 11:13:25 413804433 114.538693 30.676148 114.538697 30.676142 0.0 135.4
2016-10-17 11:19:25 413804433 114.5387007175284 30.67614527616646    
2016-10-17 11:25:25 413804433 114.5387084350567 30.67614255233291    
2016-10-17 11:26:38 413804433 114.53871 30.676142 114.538712 30.676145 0.0 135.4
2016-10-17 11:31:25 413804433 114.53872 30.676133 114.53871 30.676142 0.0 135.4
2016-10-17 11:37:25 413804433 114.5387267132867 30.6761288041958    
2016-10-17 11:38:34 413804433 114.538728 30.676128 114.538732 30.676127 0.0 135.4
2016-10-17 11:44:34 413804433 114.5387291607554 30.676128    
2016-10-17 11:50:34 413804433 114.5387303215108 30.676128    
2016-10-17 11:56:34 413804433 114.5387314822662 30.676128    
2016-10-17 12:02:34 413804433 114.5387326430216 30.676128    
2016-10-17 12:08:34 413804433 114.5387338037771 30.676128    
2016-10-17 12:14:34 413804433 114.5387349645325 30.676128    
2016-10-17 12:14:45 413804433 114.538735 30.676128 114.538738 30.67612 0.0 135.4
2016-10-17 12:20:45 413804433 114.5387314804469 30.6761274972067    
2016-10-17 12:26:41 413804433 114.538728 30.676127 114.538725 30.676127 0.0 135.4
2016-10-17 12:31:46 413804433 114.538723 30.676137 114.538728 30.676127 0.0 135.4
2016-10-17 12:37:46 413804433 114.5387161753554 30.67613955924171    
2016-10-17 12:38:48 413804433 114.538715 30.67614 114.53873 30.676138 0.0 135.4
2016-10-17 12:44:48 413804433 114.5387147137177 30.67614500994036    
2016-10-17 12:50:48 413804433 114.5387144274354 30.67615001988072    
2016-10-17 12:56:48 413804433 114.5387141411531 30.67615502982108    
2016-10-17 13:02:48 413804433 114.5387138548708 30.67616003976143    
2016-10-17 13:08:48 413804433 114.5387135685885 30.67616504970179    
2016-10-17 13:14:48 413804433 114.5387132823062 30.67617005964215    
2016-10-17 13:20:43 413804433 114.538713 30.676175 114.538713 30.676178 0.0 135.4
2016-10-17 13:26:43 413804433 114.5387050633126 30.67616920011306    
2016-10-17 13:32:43 413804433 114.5386971266252 30.67616340022612    
2016-10-17 13:38:43 413804433 114.5386891899378 30.67615760033917    
2016-10-17 13:44:43 413804433 114.5386812532504 30.67615180045223    
2016-10-17 13:50:43 413804433 114.538673316563 30.67614600056529    
2016-10-17 13:56:43 413804433 114.5386653798756 30.67614020067835    
2016-10-17 14:02:43 413804433 114.5386574431882 30.67613440079141    
2016-10-17 14:08:43 413804433 114.5386495065008 30.67612860090447    
2016-10-17 14:14:43 413804433 114.5386415698134 30.67612280101752    
2016-10-17 14:19:41 413804433 114.538635 30.676118 114.538657 30.676128 0.0 135.4
2016-10-17 14:22:43 413804433 114.538608 30.676123 114.538635 30.676118 0.0 135.4
2016-10-17 14:25:56 413804433 114.538542 30.676127 114.538608 30.676123 0.0 135.4
2016-10-17 14:27:19 413804433 114.53852 30.676122 114.538542 30.676127 0.0 135.4
2016-10-17 14:33:19 413804433 114.5385182905983 30.67612029059829    
2016-10-17 14:39:19 413804433 114.5385165811966 30.67611858119658    
2016-10-17 14:44:52 413804433 114.538515 30.676117 114.538508 30.67611 0.0 135.4
2016-10-17 14:50:52 413804433 114.5385222727273 30.67612063636363    
2016-10-17 14:53:07 413804433 114.538525 30.676122 114.538525 30.676117 0.0 135.4
2016-10-17 14:56:14 413804433 114.538537 30.676125 114.538525 30.676122 0.0 135.4
2016-10-17 14:57:15 413804433 114.538543 30.676127 114.538537 30.676125 0.0 135.4
2016-10-17 15:03:15 413804433 114.5385447647059 30.67614244117647    
2016-10-17 15:09:15 413804433 114.5385465294118 30.67615788235294    
2016-10-17 15:10:51 413804433 114.538547 30.676162 114.538538 30.676145 0.0 135.4
2016-10-17 15:13:50 413804433 114.538545 30.676165 114.538547 30.676162 0.0 135.4
2016-10-17 15:14:56 413804433 114.538552 30.676162 114.538545 30.676165 0.0 135.4
2016-10-17 15:20:56 413804433 114.5385544657534 30.67617087671233    
2016-10-17 15:26:56 413804433 114.5385569315068 30.67617975342466    
2016-10-17 15:27:06 413804433 114.538557 30.67618 114.53856 30.676175 0.0 135.4
2016-10-17 15:29:07 413804433 114.53857 30.676182 114.538557 30.67618 0.0 135.4
2016-10-17 15:33:12 413804433 114.538573 30.676193 114.53857 30.676182 0.0 135.4
2016-10-17 15:38:21 413804433 114.538572 30.676188 114.538573 30.676193 0.0 135.4
2016-10-17 15:39:22 413804433 114.538572 30.676185 114.538572 30.676188 0.0 135.4
2016-10-17 15:40:53 413804433 114.538563 30.676183 114.538572 30.676185 0.0 135.4
2016-10-17 15:46:53 413804433 114.5385771732283 30.67620662204724    
2016-10-17 15:47:14 413804433 114.538578 30.676208 114.538563 30.676183 0.0 135.4
2016-10-17 15:49:50 413804433 114.538567 30.676212 114.538578 30.676208 0.0 135.4
2016-10-17 15:51:14 413804433 114.538572 30.67621 114.538567 30.676212 0.0 135.4
2016-10-17 15:53:16 413804433 114.538585 30.676198 114.538572 30.67621 0.0 135.4
2016-10-17 15:57:25 413804433 114.538587 30.67619 114.538585 30.676198 0.0 135.4
2016-10-17 15:58:58 413804433 114.538572 30.676207 114.538587 30.67619 0.0 135.4
2016-10-17 16:02:17 413804433 114.538573 30.67621 114.538572 30.676207 0.0 135.4
2016-10-17 16:03:19 413804433 114.538567 30.676223 114.538573 30.67621 0.0 135.4
2016-10-17 16:04:59 413804433 114.538568 30.676222 114.538567 30.676223 0.0 135.4
2016-10-17 16:08:16 413804433 114.538568 30.676232 114.538568 30.676222 0.0 135.4
2016-10-17 16:10:57 413804433 114.53857 30.676228 114.538568 30.676232 0.0 135.4
2016-10-17 16:14:10 413804433 114.538578 30.676237 114.53857 30.676228 0.0 135.4
2016-10-17 16:15:19 413804433 114.538567 30.676243 114.538578 30.676237 0.0 135.4
2016-10-17 16:16:53 413804433 114.538583 30.676237 114.538567 30.676243 0.0 135.4
2016-10-17 16:21:21 413804433 114.538592 30.676223 114.538583 30.676237 0.0 135.4
2016-10-17 16:22:53 413804433 114.538608 30.676228 114.538592 30.676223 0.0 135.4
2016-10-17 16:28:53 413804433 114.5386047567568 30.6762292972973    
2016-10-17 16:32:08 413804433 114.538603 30.67623 114.538602 30.676233 0.0 135.4
2016-10-17 16:33:12 413804433 114.538608 30.676227 114.538603 30.67623 0.0 135.4
2016-10-17 16:35:01 413804433 114.538602 30.676237 114.538608 30.676227 0.0 135.4
2016-10-17 16:38:13 413804433 114.5386 30.676232 114.538602 30.676237 0.0 135.4
2016-10-17 16:39:20 413804433 114.53861 30.676227 114.5386 30.676232 0.0 135.4
2016-10-17 16:40:54 413804433 114.538607 30.676232 114.53861 30.676227 0.0 135.4
2016-10-17 16:46:54 413804433 114.5386142527473 30.67622606593407    
2016-10-17 16:50:00 413804433 114.538618 30.676223 114.538612 30.67623 0.0 135.4
2016-10-17 16:53:19 413804433 114.538627 30.67622 114.538618 30.676223 0.0 135.4
2016-10-17 16:56:15 413804433 114.538622 30.67622 114.538627 30.67622 0.0 135.4
2016-10-17 16:57:18 413804433 114.53862 30.676228 114.538622 30.67622 0.0 135.4
2016-10-17 16:59:13 413804433 114.538623 30.67624 114.53862 30.676228 0.0 135.4
2016-10-17 17:02:03 413804433 114.53863 30.676222 114.538623 30.67624 0.0 135.4
2016-10-17 17:03:05 413804433 114.538627 30.676218 114.53863 30.676222 0.0 135.4
2016-10-17 17:04:56 413804433 114.538633 30.676227 114.538627 30.676218 0.0 135.4
2016-10-17 17:08:11 413804433 114.538625 30.676217 114.538633 30.676227 0.0 135.4
2016-10-17 17:09:18 413804433 114.538625 30.67621 114.538625 30.676217 0.0 135.4
2016-10-17 17:11:13 413804433 114.538618 30.67621 114.538625 30.67621 0.0 135.4
2016-10-17 17:14:00 413804433 114.538625 30.676207 114.538618 30.67621 0.0 135.4
2016-10-17 17:15:04 413804433 114.538623 30.676195 114.538625 30.676207 0.0 135.4
2016-10-17 17:17:16 413804433 114.53863 30.676198 114.538623 30.676195 0.0 135.4
2016-10-17 17:20:04 413804433 114.538625 30.676203 114.53863 30.676198 0.0 135.4
2016-10-17 17:21:00 413804433 114.538618 30.676192 114.538625 30.676203 0.0 135.4
2016-10-17 17:22:53 413804433 114.538628 30.676198 114.538618 30.676192 0.0 135.4
2016-10-17 17:26:14 413804433 114.53864 30.6762 114.538628 30.676198 0.0 135.4
2016-10-17 17:27:01 413804433 114.538638 30.676203 114.53864 30.6762 0.0 135.4
2016-10-17 17:29:17 413804433 114.538645 30.6762 114.538638 30.676203 0.0 135.4
2016-10-17 17:32:02 413804433 114.538655 30.676198 114.538645 30.6762 0.0 135.4
2016-10-17 17:33:00 413804433 114.538653 30.6762 114.538655 30.676198 0.0 135.4
2016-10-17 17:35:05 413804433 114.538653 30.6762 114.538653 30.6762 0.0 135.4
2016-10-17 17:38:20 413804433 114.538663 30.6762 114.538653 30.6762 0.0 135.4
2016-10-17 17:39:09 413804433 114.538662 30.6762 114.538663 30.6762 0.0 135.4
2016-10-17 17:44:03 413804433 114.538663 30.676217 114.538662 30.6762 0.0 135.4
2016-10-17 17:50:03 413804433 114.5386663566434 30.67621364335664    
2016-10-17 17:51:12 413804433 114.538667 30.676213 114.538665 30.676212 0.0 135.4
2016-10-17 17:53:18 413804433 114.538677 30.67622 114.538667 30.676213 0.0 135.4
2016-10-17 17:56:06 413804433 114.538675 30.67622 114.538677 30.67622 0.0 135.4
2016-10-17 17:59:22 413804433 114.538665 30.676223 114.538675 30.67622 0.0 135.4
2016-10-17 18:02:12 413804433 114.538663 30.676228 114.538665 30.676223 0.0 135.4
2016-10-17 18:05:02 413804433 114.538668 30.676237 114.538663 30.676228 0.0 135.4
2016-10-17 18:08:12 413804433 114.538677 30.676233 114.538668 30.676237 0.0 135.4
2016-10-17 18:09:07 413804433 114.538677 30.676237 114.538677 30.676233 0.0 135.4
2016-10-17 18:11:02 413804433 114.538667 30.676235 114.538677 30.676237 0.0 135.4
2016-10-17 18:14:23 413804433 114.538683 30.676237 114.538667 30.676235 0.0 135.4
2016-10-17 18:15:09 413804433 114.538675 30.676238 114.538683 30.676237 0.0 135.4
2016-10-17 18:19:57 413804433 114.538685 30.676235 114.538675 30.676238 0.0 135.4
2016-10-17 18:21:10 413804433 114.538687 30.676233 114.538685 30.676235 0.0 135.4
2016-10-17 18:22:57 413804433 114.538678 30.676233 114.538687 30.676233 0.0 135.4
2016-10-17 18:26:05 413804433 114.538682 30.676247 114.538678 30.676233 0.0 135.4
2016-10-17 18:27:14 413804433 114.538678 30.676238 114.538682 30.676247 0.0 135.4
2016-10-17 18:29:11 413804433 114.53868 30.676237 114.538678 30.676238 0.0 135.4
2016-10-17 18:32:02 413804433 114.538675 30.676243 114.53868 30.676237 0.0 135.4
2016-10-17 18:33:12 413804433 114.538677 30.67625 114.538675 30.676243 0.0 135.4
2016-10-17 18:35:06 413804433 114.538662 30.676245 114.538677 30.67625 0.0 135.4
2016-10-17 18:38:02 413804433 114.538665 30.676265 114.538662 30.676245 0.0 139.2
2016-10-17 18:39:13 413804433 114.538672 30.676257 114.538665 30.676265 0.0 139.2
2016-10-17 18:41:13 413804433 114.538673 30.676247 114.538672 30.676257 0.0 139.2
2016-10-17 18:44:13 413804433 114.538675 30.676242 114.538673 30.676247 0.0 139.2
2016-10-17 18:47:07 413804433 114.538677 30.67624 114.538675 30.676242 0.0 139.2
2016-10-17 18:50:01 413804433 114.538665 30.676263 114.538677 30.67624 0.0 139.2
2016-10-17 18:53:03 413804433 114.538667 30.67626 114.538665 30.676263 0.0 139.2
2016-10-17 18:56:10 413804433 114.53867 30.676258 114.538667 30.67626 0.0 139.2
2016-10-17 18:57:15 413804433 114.538672 30.676248 114.53867 30.676258 0.0 139.2
2016-10-17 18:59:10 413804433 114.538678 30.676248 114.538672 30.676248 0.0 139.2
2016-10-17 19:02:13 413804433 114.53867 30.676262 114.538678 30.676248 0.0 139.2
2016-10-17 19:03:20 413804433 114.538667 30.676258 114.53867 30.676262 0.0 139.2
2016-10-17 19:05:18 413804433 114.538668 30.676263 114.538667 30.676258 0.0 139.2
2016-10-17 19:08:20 413804433 114.538667 30.676265 114.538668 30.676263 0.0 139.2
2016-10-17 19:09:27 413804433 114.538668 30.67627 114.538667 30.676265 0.0 139.2
2016-10-17 19:11:17 413804433 114.538652 30.676277 114.538668 30.67627 0.0 139.2
2016-10-17 19:15:07 413804433 114.538662 30.676273 114.538652 30.676277 0.0 139.2
2016-10-17 19:17:18 413804433 114.538647 30.67628 114.538662 30.676273 0.0 139.2
2016-10-17 19:20:10 413804433 114.538653 30.676277 114.538647 30.67628 0.0 139.2
2016-10-17 19:21:15 413804433 114.538658 30.676277 114.538653 30.676277 0.0 139.2
2016-10-17 19:23:03 413804433 114.538638 30.676293 114.538658 30.676277 0.0 139.2
2016-10-17 19:26:22 413804433 114.538638 30.676285 114.538638 30.676293 0.0 139.2
2016-10-17 19:27:32 413804433 114.538643 30.676288 114.538638 30.676285 0.0 139.2
2016-10-17 19:29:17 413804433 114.538642 30.676278 114.538643 30.676288 0.0 139.2
2016-10-17 19:32:17 413804433 114.538627 30.676275 114.538642 30.676278 0.0 139.2
2016-10-17 19:33:27 413804433 114.538632 30.676273 114.538627 30.676275 0.0 139.2
2016-10-17 19:35:25 413804433 114.53863 30.676277 114.538632 30.676273 0.0 139.2
2016-10-17 19:38:07 413804433 114.53863 30.676283 114.53863 30.676277 0.0 139.2
2016-10-17 19:39:19 413804433 114.53863 30.676273 114.53863 30.676283 0.0 139.2
2016-10-17 19:41:19 413804433 114.538637 30.676288 114.53863 30.676273 0.0 139.2
2016-10-17 19:44:23 413804433 114.53863 30.676275 114.538637 30.676288 0.0 139.2
2016-10-17 19:45:23 413804433 114.538638 30.676273 114.53863 30.676275 0.0 139.2
2016-10-17 19:51:23 413804433 114.5386304843424 30.67628727974948    
2016-10-17 19:53:22 413804433 114.538628 30.676292 114.538633 30.676278 0.0 139.2
