2016-10-17 0:03:00 413784643 114.318317 30.595442 114.318323 30.595442 0.0 221.9
2016-10-17 0:05:54 413784643 114.318325 30.595443 114.318317 30.595442 0.0 221.9
2016-10-17 0:08:44 413784643 114.31832 30.595443 114.318325 30.595443 0.0 221.9
2016-10-17 0:11:50 413784643 114.318317 30.595442 114.31832 30.595443 0.0 221.9
2016-10-17 00:17:50 413784643 114.3183185 30.5954475    
2016-10-17 00:23:50 413784643 114.31832 30.595453    
2016-10-17 0:23:50 413784643 114.31832 30.595453 114.31832 30.595442 0.0 221.9
2016-10-17 00:29:50 413784643 114.3183151351351 30.59544521621622    
2016-10-17 0:30:00 413784643 114.318315 30.595445 114.318312 30.59544 0.0 221.9
2016-10-17 0:32:55 413784643 114.318318 30.595437 114.318315 30.595445 0.0 221.9
2016-10-17 0:35:03 413784643 114.318315 30.595442 114.318318 30.595437 0.0 221.9
2016-10-17 0:36:00 413784643 114.318315 30.595442 114.318315 30.595442 0.0 221.9
2016-10-17 0:38:44 413784643 114.318313 30.59544 114.318315 30.595442 0.0 221.9
2016-10-17 0:41:05 413784643 114.318312 30.595438 114.318313 30.59544 0.0 221.9
2016-10-17 0:41:44 413784643 114.318317 30.595438 114.318312 30.595438 0.0 221.9
2016-10-17 0:44:46 413784643 114.318313 30.595437 114.318317 30.595438 0.0 221.9
2016-10-17 0:47:09 413784643 114.318313 30.59544 114.318313 30.595437 0.0 221.9
2016-10-17 0:48:00 413784643 114.318317 30.595438 114.318313 30.59544 0.0 221.9
2016-10-17 0:53:55 413784643 114.318315 30.595435 114.318312 30.595435 0.0 221.9
2016-10-17 0:56:50 413784643 114.318307 30.595433 114.318315 30.595435 0.0 221.9
2016-10-17 0:59:12 413784643 114.318308 30.595432 114.318307 30.595433 0.0 221.9
2016-10-17 0:59:44 413784643 114.318312 30.595433 114.318308 30.595432 0.0 221.9
2016-10-17 1:02:56 413784643 114.31831 30.595427 114.318312 30.595433 0.0 221.9
2016-10-17 1:05:15 413784643 114.3183 30.595425 114.31831 30.595427 0.0 221.9
2016-10-17 1:05:54 413784643 114.318303 30.595422 114.3183 30.595425 0.0 221.9
2016-10-17 1:08:48 413784643 114.31831 30.595428 114.318303 30.595422 0.0 221.9
2016-10-17 1:11:18 413784643 114.318307 30.59543 114.31831 30.595428 0.0 221.9
2016-10-17 1:11:59 413784643 114.318308 30.595427 114.318307 30.59543 0.0 221.9
2016-10-17 1:14:49 413784643 114.318303 30.595425 114.318308 30.595427 0.0 221.9
2016-10-17 1:17:53 413784643 114.318308 30.595425 114.318303 30.595425 0.0 221.9
2016-10-17 1:20:54 413784643 114.318305 30.595423 114.318308 30.595425 0.0 221.9
2016-10-17 1:23:48 413784643 114.318305 30.595425 114.318305 30.595423 0.0 221.9
2016-10-17 1:26:55 413784643 114.318308 30.595423 114.318305 30.595425 0.0 221.9
2016-10-17 1:29:48 413784643 114.318312 30.595423 114.318308 30.595423 0.0 221.9
2016-10-17 1:32:54 413784643 114.318308 30.595422 114.318312 30.595423 0.0 221.9
2016-10-17 1:35:16 413784643 114.318307 30.595427 114.318308 30.595422 0.0 221.9
2016-10-17 1:38:57 413784643 114.318307 30.595425 114.318307 30.595427 0.0 221.9
2016-10-17 1:41:21 413784643 114.318305 30.595423 114.318307 30.595425 0.0 221.9
2016-10-17 01:47:21 413784643 114.318305 30.59542209547739    
2016-10-17 1:47:59 413784643 114.318305 30.595422 114.318305 30.595423 0.0 221.9
2016-10-17 1:51:00 413784643 114.318302 30.595422 114.318305 30.595422 0.0 221.9
2016-10-17 1:53:56 413784643 114.318305 30.59542 114.318302 30.595422 0.0 221.9
2016-10-17 1:56:51 413784643 114.318308 30.595423 114.318305 30.59542 0.0 221.9
2016-10-17 1:59:17 413784643 114.318303 30.595423 114.318308 30.595423 0.0 221.9
2016-10-17 1:59:50 413784643 114.318308 30.595425 114.318303 30.595423 0.0 221.9
2016-10-17 02:05:50 413784643 114.3183073370166 30.59542367403315    
2016-10-17 2:08:53 413784643 114.318307 30.595423 114.318307 30.595427 0.0 221.9
2016-10-17 2:11:13 413784643 114.318305 30.595422 114.318307 30.595423 0.0 221.9
2016-10-17 2:11:52 413784643 114.318307 30.595423 114.318305 30.595422 0.0 221.9
2016-10-17 2:15:01 413784643 114.318308 30.595423 114.318307 30.595423 0.0 221.9
2016-10-17 2:17:11 413784643 114.318308 30.595423 114.318308 30.595423 0.0 221.9
2016-10-17 2:18:03 413784643 114.318308 30.595422 114.318308 30.595423 0.0 221.9
2016-10-17 2:20:46 413784643 114.318305 30.59542 114.318308 30.595422 0.0 221.9
2016-10-17 2:23:08 413784643 114.318308 30.595422 114.318305 30.59542 0.0 221.9
2016-10-17 2:27:04 413784643 114.318307 30.595423 114.318308 30.595422 0.0 221.9
2016-10-17 2:29:17 413784643 114.318308 30.595423 114.318307 30.595423 0.0 221.9
2016-10-17 2:29:48 413784643 114.31831 30.595422 114.318308 30.595423 0.0 221.9
2016-10-17 2:32:53 413784643 114.31831 30.595425 114.31831 30.595422 0.0 221.9
2016-10-17 2:35:11 413784643 114.318305 30.59542 114.31831 30.595425 0.0 221.9
2016-10-17 2:35:46 413784643 114.318307 30.595425 114.318305 30.59542 0.0 221.9
2016-10-17 2:39:01 413784643 114.318308 30.595423 114.318307 30.595425 0.0 221.9
2016-10-17 2:41:10 413784643 114.31831 30.595423 114.318308 30.595423 0.0 221.9
2016-10-17 2:41:59 413784643 114.31831 30.595425 114.31831 30.595423 0.0 221.9
2016-10-17 2:45:00 413784643 114.318308 30.595423 114.31831 30.595425 0.0 221.9
2016-10-17 2:47:18 413784643 114.31831 30.595423 114.318308 30.595423 0.0 221.9
2016-10-17 2:47:54 413784643 114.31831 30.595425 114.31831 30.595423 0.0 221.9
2016-10-17 2:50:47 413784643 114.31831 30.595425 114.31831 30.595425 0.0 221.9
2016-10-17 2:53:06 413784643 114.31831 30.595425 114.31831 30.595425 0.0 221.9
2016-10-17 2:56:51 413784643 114.318307 30.595418 114.31831 30.595425 0.0 221.9
2016-10-17 2:59:06 413784643 114.31831 30.59542 114.318307 30.595418 0.0 221.9
2016-10-17 2:59:59 413784643 114.318308 30.595422 114.31831 30.59542 0.0 221.9
2016-10-17 3:02:49 413784643 114.318307 30.59542 114.318308 30.595422 0.0 221.9
2016-10-17 3:05:50 413784643 114.318305 30.595423 114.318307 30.59542 0.0 221.9
2016-10-17 03:11:50 413784643 114.3183069565217 30.59542202173913    
2016-10-17 3:11:58 413784643 114.318307 30.595422 114.318308 30.595425 0.0 221.9
2016-10-17 3:15:06 413784643 114.318305 30.595422 114.318307 30.595422 0.0 221.9
2016-10-17 3:17:08 413784643 114.31831 30.59542 114.318305 30.595422 0.0 221.9
2016-10-17 3:17:49 413784643 114.31831 30.595418 114.31831 30.59542 0.0 221.9
2016-10-17 3:20:52 413784643 114.318303 30.595418 114.31831 30.595418 0.0 221.9
2016-10-17 3:23:18 413784643 114.318305 30.59542 114.318303 30.595418 0.0 221.9
2016-10-17 3:23:56 413784643 114.318302 30.59542 114.318305 30.59542 0.0 221.9
2016-10-17 3:27:04 413784643 114.318307 30.595417 114.318302 30.59542 0.0 221.9
2016-10-17 3:29:11 413784643 114.318305 30.595418 114.318307 30.595417 0.0 221.9
2016-10-17 3:29:51 413784643 114.318307 30.595417 114.318305 30.595418 0.0 221.9
2016-10-17 3:32:58 413784643 114.318307 30.595418 114.318307 30.595417 0.0 221.9
2016-10-17 3:35:20 413784643 114.318307 30.595417 114.318307 30.595418 0.0 221.9
2016-10-17 3:35:59 413784643 114.318307 30.595417 114.318307 30.595417 0.0 221.9
2016-10-17 3:39:04 413784643 114.318305 30.595413 114.318307 30.595417 0.0 221.9
2016-10-17 3:41:14 413784643 114.318307 30.595415 114.318305 30.595413 0.0 221.9
2016-10-17 3:41:48 413784643 114.318307 30.595413 114.318307 30.595415 0.0 221.9
2016-10-17 3:44:53 413784643 114.318303 30.595413 114.318307 30.595413 0.0 221.9
2016-10-17 3:47:25 413784643 114.318305 30.595415 114.318303 30.595413 0.0 221.9
2016-10-17 3:48:00 413784643 114.318303 30.595413 114.318305 30.595415 0.0 221.9
2016-10-17 3:50:53 413784643 114.318303 30.595413 114.318303 30.595413 0.0 221.9
2016-10-17 3:53:47 413784643 114.318305 30.59541 114.318303 30.595413 0.0 221.9
2016-10-17 3:56:50 413784643 114.3183 30.595415 114.318305 30.59541 0.0 221.9
2016-10-17 3:59:56 413784643 114.3183 30.595413 114.3183 30.595415 0.0 221.9
2016-10-17 4:02:53 413784643 114.318303 30.595413 114.3183 30.595413 0.0 221.9
2016-10-17 4:05:28 413784643 114.318302 30.59541 114.318303 30.595413 0.0 221.9
2016-10-17 4:05:48 413784643 114.318302 30.59541 114.318302 30.59541 0.0 221.9
2016-10-17 4:09:00 413784643 114.318302 30.595408 114.318302 30.59541 0.0 221.9
2016-10-17 4:11:11 413784643 114.3183 30.595415 114.318302 30.595408 0.0 221.9
2016-10-17 4:11:54 413784643 114.318302 30.59541 114.3183 30.595415 0.0 221.9
2016-10-17 4:14:57 413784643 114.318298 30.595412 114.318302 30.59541 0.0 221.9
2016-10-17 4:17:13 413784643 114.318295 30.59541 114.318298 30.595412 0.0 221.9
2016-10-17 4:17:52 413784643 114.3183 30.595408 114.318295 30.59541 0.0 221.9
2016-10-17 4:20:49 413784643 114.3183 30.595412 114.3183 30.595408 0.0 221.9
2016-10-17 4:23:24 413784643 114.3183 30.595412 114.3183 30.595412 0.0 221.9
2016-10-17 4:23:59 413784643 114.318297 30.595407 114.3183 30.595412 0.0 221.9
2016-10-17 4:27:07 413784643 114.3183 30.595408 114.318297 30.595407 0.0 221.9
2016-10-17 4:29:21 413784643 114.318298 30.595408 114.3183 30.595408 0.0 221.9
2016-10-17 4:29:53 413784643 114.318298 30.59541 114.318298 30.595408 0.0 221.9
2016-10-17 4:33:00 413784643 114.318297 30.595412 114.318298 30.59541 0.0 221.9
2016-10-17 4:35:10 413784643 114.318302 30.595407 114.318297 30.595412 0.0 221.9
2016-10-17 4:35:48 413784643 114.318298 30.595408 114.318302 30.595407 0.0 221.9
2016-10-17 4:38:54 413784643 114.318298 30.59541 114.318298 30.595408 0.0 221.9
2016-10-17 4:41:09 413784643 114.318297 30.595408 114.318298 30.59541 0.0 221.9
2016-10-17 4:44:50 413784643 114.318298 30.595408 114.318297 30.595408 0.0 221.9
2016-10-17 4:47:26 413784643 114.318298 30.595408 114.318298 30.595408 0.0 221.9
2016-10-17 4:51:00 413784643 114.3183 30.595408 114.318298 30.595408 0.0 221.9
2016-10-17 4:53:18 413784643 114.3183 30.595407 114.3183 30.595408 0.0 221.9
2016-10-17 4:56:48 413784643 114.318302 30.59541 114.3183 30.595407 0.0 221.9
2016-10-17 4:59:23 413784643 114.318298 30.595413 114.318302 30.59541 0.0 221.9
2016-10-17 5:00:06 413784643 114.3183 30.595412 114.318298 30.595413 0.0 221.9
2016-10-17 5:02:57 413784643 114.318302 30.59541 114.3183 30.595412 0.0 221.9
2016-10-17 5:05:22 413784643 114.318305 30.595417 114.318302 30.59541 0.0 221.9
2016-10-17 5:06:03 413784643 114.3183 30.595415 114.318305 30.595417 0.0 221.9
2016-10-17 5:09:04 413784643 114.318298 30.595417 114.3183 30.595415 0.0 221.9
2016-10-17 5:11:20 413784643 114.3183 30.59542 114.318298 30.595417 0.0 221.9
2016-10-17 5:11:58 413784643 114.318303 30.595422 114.3183 30.59542 0.0 221.9
2016-10-17 5:14:50 413784643 114.318307 30.595427 114.318303 30.595422 0.0 221.9
2016-10-17 5:17:13 413784643 114.318303 30.595427 114.318307 30.595427 0.0 221.9
2016-10-17 5:17:53 413784643 114.318305 30.595428 114.318303 30.595427 0.0 221.9
2016-10-17 5:20:50 413784643 114.318307 30.59543 114.318305 30.595428 0.0 221.9
2016-10-17 5:23:14 413784643 114.318303 30.595428 114.318307 30.59543 0.0 221.9
2016-10-17 5:23:53 413784643 114.318302 30.59543 114.318303 30.595428 0.0 221.9
2016-10-17 5:27:07 413784643 114.318307 30.595433 114.318302 30.59543 0.0 221.9
2016-10-17 5:29:27 413784643 114.318303 30.595433 114.318307 30.595433 0.0 221.9
2016-10-17 5:29:50 413784643 114.318305 30.595433 114.318303 30.595433 0.0 221.9
2016-10-17 5:32:54 413784643 114.318307 30.595435 114.318305 30.595433 0.0 221.9
2016-10-17 05:38:54 413784643 114.31831121875 30.59543640625    
2016-10-17 5:41:26 413784643 114.318313 30.595437 114.318308 30.595437 0.0 221.9
2016-10-17 5:42:05 413784643 114.318318 30.59544 114.318313 30.595437 0.0 221.9
2016-10-17 5:44:49 413784643 114.31831 30.595442 114.318318 30.59544 0.0 221.9
2016-10-17 5:47:57 413784643 114.318317 30.595443 114.31831 30.595442 0.0 221.9
2016-10-17 5:51:03 413784643 114.318313 30.595442 114.318317 30.595443 0.0 221.9
2016-10-17 5:53:13 413784643 114.318315 30.595443 114.318313 30.595442 0.0 221.9
2016-10-17 5:56:49 413784643 114.318315 30.59544 114.318315 30.595443 0.0 221.9
2016-10-17 5:59:18 413784643 114.318313 30.595442 114.318315 30.59544 0.0 221.9
2016-10-17 5:59:55 413784643 114.318317 30.595443 114.318313 30.595442 0.0 221.9
2016-10-17 6:03:08 413784643 114.318317 30.595443 114.318317 30.595443 0.0 221.9
2016-10-17 6:05:19 413784643 114.318315 30.595447 114.318317 30.595443 0.0 221.9
2016-10-17 6:06:05 413784643 114.318315 30.595447 114.318315 30.595447 0.0 221.9
2016-10-17 6:08:56 413784643 114.318317 30.595447 114.318315 30.595447 0.0 221.9
2016-10-17 6:11:15 413784643 114.31832 30.595447 114.318317 30.595447 0.0 221.9
2016-10-17 6:11:56 413784643 114.318317 30.595447 114.31832 30.595447 0.0 221.9
2016-10-17 6:14:50 413784643 114.318318 30.59545 114.318317 30.595447 0.0 221.9
2016-10-17 6:17:20 413784643 114.318318 30.595447 114.318318 30.59545 0.0 221.9
2016-10-17 6:18:00 413784643 114.318318 30.59545 114.318318 30.595447 0.0 221.9
2016-10-17 6:20:59 413784643 114.318318 30.595447 114.318318 30.59545 0.0 221.9
2016-10-17 6:23:17 413784643 114.318322 30.595447 114.318318 30.595447 0.0 221.9
2016-10-17 6:24:04 413784643 114.31832 30.59545 114.318322 30.595447 0.0 221.9
2016-10-17 6:27:09 413784643 114.318318 30.595447 114.31832 30.59545 0.0 221.9
2016-10-17 6:29:29 413784643 114.318317 30.595448 114.318318 30.595447 0.0 221.9
2016-10-17 6:29:53 413784643 114.318315 30.595447 114.318317 30.595448 0.0 221.9
2016-10-17 06:35:53 413784643 114.3183131052632 30.595447    
2016-10-17 6:36:13 413784643 114.318313 30.595447 114.318313 30.59545 0.0 221.9
2016-10-17 6:39:05 413784643 114.318315 30.59545 114.318313 30.595447 0.0 221.9
2016-10-17 6:41:20 413784643 114.318315 30.595452 114.318315 30.59545 0.0 221.9
2016-10-17 6:42:13 413784643 114.31832 30.59545 114.318315 30.595452 0.0 221.9
2016-10-17 6:45:10 413784643 114.318317 30.595453 114.31832 30.59545 0.0 221.9
2016-10-17 6:47:59 413784643 114.318318 30.59545 114.318317 30.595453 0.0 221.9
2016-10-17 6:51:09 413784643 114.318317 30.595453 114.318318 30.59545 0.0 221.9
2016-10-17 6:53:25 413784643 114.318323 30.595453 114.318317 30.595453 0.0 221.9
2016-10-17 6:54:15 413784643 114.31832 30.595455 114.318323 30.595453 0.0 221.9
2016-10-17 6:56:53 413784643 114.31832 30.595452 114.31832 30.595455 0.0 221.9
2016-10-17 6:59:31 413784643 114.31832 30.595453 114.31832 30.595452 0.0 221.9
2016-10-17 6:59:56 413784643 114.31832 30.595455 114.31832 30.595453 0.0 221.9
2016-10-17 7:02:56 413784643 114.318322 30.595455 114.31832 30.595455 0.0 221.9
2016-10-17 7:05:28 413784643 114.318318 30.595452 114.318322 30.595455 0.0 221.9
2016-10-17 7:05:54 413784643 114.318322 30.595455 114.318318 30.595452 0.0 221.9
2016-10-17 7:08:54 413784643 114.31832 30.595458 114.318322 30.595455 0.0 221.9
2016-10-17 7:11:24 413784643 114.318323 30.595453 114.31832 30.595458 0.0 221.9
2016-10-17 7:12:20 413784643 114.318318 30.595455 114.318323 30.595453 0.0 221.9
2016-10-17 7:15:07 413784643 114.318323 30.595455 114.318318 30.595455 0.0 221.9
2016-10-17 7:17:21 413784643 114.318322 30.595452 114.318323 30.595455 0.0 221.9
2016-10-17 7:18:16 413784643 114.318325 30.595452 114.318322 30.595452 0.0 221.9
2016-10-17 7:21:01 413784643 114.318322 30.595457 114.318325 30.595452 0.0 221.9
2016-10-17 7:23:17 413784643 114.31832 30.595453 114.318322 30.595457 0.0 221.9
2016-10-17 7:24:12 413784643 114.318322 30.595452 114.31832 30.595453 0.0 221.9
2016-10-17 7:30:06 413784643 114.31832 30.595452 114.318322 30.595455 0.0 221.9
2016-10-17 7:36:03 413784643 114.318327 30.595457 114.318327 30.595453 0.0 221.9
2016-10-17 7:39:04 413784643 114.318325 30.595455 114.318327 30.595457 0.0 221.9
2016-10-17 7:41:55 413784643 114.318323 30.595455 114.318325 30.595455 0.0 221.9
2016-10-17 07:47:55 413784643 114.3183198141593 30.59544990265487    
2016-10-17 7:51:20 413784643 114.318318 30.595447 114.318323 30.595452 0.0 221.9
2016-10-17 7:53:46 413784643 114.318317 30.595448 114.318318 30.595447 0.0 221.9
2016-10-17 7:56:58 413784643 114.318315 30.59545 114.318317 30.595448 0.0 221.9
2016-10-17 7:59:33 413784643 114.3183 30.595453 114.318315 30.59545 0.0 221.9
2016-10-17 8:03:17 413784643 114.318308 30.595443 114.3183 30.595453 0.0 221.9
2016-10-17 8:05:36 413784643 114.31831 30.595438 114.318308 30.595443 0.0 221.9
2016-10-17 8:08:56 413784643 114.318315 30.595433 114.31831 30.595438 0.0 221.9
2016-10-17 8:11:18 413784643 114.318322 30.595437 114.318315 30.595433 0.0 221.9
2016-10-17 8:12:24 413784643 114.318322 30.59543 114.318322 30.595437 0.0 221.9
2016-10-17 08:18:24 413784643 114.3183296379066 30.59542643564356    
2016-10-17 8:24:11 413784643 114.318337 30.595423 114.318338 30.595425 0.0 221.9
2016-10-17 8:26:59 413784643 114.318338 30.59542 114.318337 30.595423 0.0 221.9
2016-10-17 8:29:38 413784643 114.31834 30.595422 114.318338 30.59542 0.0 221.9
2016-10-17 8:30:14 413784643 114.318342 30.595415 114.31834 30.595422 0.0 221.9
2016-10-17 8:33:19 413784643 114.318342 30.595415 114.318342 30.595415 0.0 221.9
2016-10-17 8:36:48 413784643 114.318345 30.595412 114.318342 30.595415 0.0 221.9
2016-10-17 8:39:23 413784643 114.318345 30.595415 114.318345 30.595412 0.0 221.9
2016-10-17 08:45:23 413784643 114.3183492899702 30.59541142502482    
2016-10-17 08:51:23 413784643 114.3183535799404 30.59540785004965    
2016-10-17 8:56:10 413784643 114.318357 30.595405 114.318345 30.595415 0.0 221.9
2016-10-17 8:57:26 413784643 114.318358 30.595405 114.318357 30.595405 0.0 221.9
2016-10-17 9:00:00 413784643 114.318357 30.5954 114.318358 30.595405 0.0 221.9
2016-10-17 09:06:00 413784643 114.3183628208955 30.59539865671642    
2016-10-17 09:12:00 413784643 114.3183686417911 30.59539731343283    
2016-10-17 9:13:24 413784643 114.31837 30.595397 114.318357 30.5954 0.0 221.9
2016-10-17 9:15:15 413784643 114.31837 30.595393 114.31837 30.595397 0.0 221.9
2016-10-17 9:17:36 413784643 114.318368 30.595395 114.31837 30.595393 0.0 221.9
2016-10-17 9:18:19 413784643 114.318372 30.595392 114.318368 30.595395 0.0 221.9
2016-10-17 9:21:00 413784643 114.318373 30.595393 114.318372 30.595392 0.0 221.9
2016-10-17 9:23:59 413784643 114.318368 30.595393 114.318373 30.595393 0.0 221.9
2016-10-17 9:29:54 413784643 114.31837 30.595393 114.31837 30.595393 0.0 221.9
2016-10-17 9:32:57 413784643 114.31837 30.595393 114.31837 30.595393 0.0 221.9
2016-10-17 9:36:00 413784643 114.318378 30.595393 114.31837 30.595393 0.0 221.9
2016-10-17 9:38:58 413784643 114.318377 30.595392 114.318378 30.595393 0.0 221.9
2016-10-17 09:44:58 413784643 114.3183805573123 30.5953905770751    
2016-10-17 9:47:24 413784643 114.318382 30.59539 114.31838 30.59539 0.0 221.9
2016-10-17 09:53:24 413784643 114.318384720403 30.59538727959698    
2016-10-17 9:54:01 413784643 114.318385 30.595387 114.318383 30.595388 0.0 221.9
2016-10-17 9:57:19 413784643 114.318388 30.595382 114.318385 30.595387 0.0 221.9
2016-10-17 9:59:24 413784643 114.318383 30.595378 114.318388 30.595382 0.0 221.9
2016-10-17 10:00:12 413784643 114.318383 30.595375 114.318383 30.595378 0.0 221.9
2016-10-17 10:03:15 413784643 114.318388 30.595377 114.318383 30.595375 0.0 221.9
2016-10-17 10:05:46 413784643 114.318392 30.595378 114.318388 30.595377 0.0 221.9
2016-10-17 10:11:46 413784643 114.3183939047619 30.59537736507937    
2016-10-17 10:15:13 413784643 114.318395 30.595377 114.318395 30.595382 0.0 221.9
2016-10-17 10:17:44 413784643 114.318392 30.595377 114.318395 30.595377 0.0 221.9
2016-10-17 10:21:06 413784643 114.318395 30.595377 114.318392 30.595377 0.0 221.9
2016-10-17 10:23:51 413784643 114.318395 30.595375 114.318395 30.595377 0.0 221.9
2016-10-17 10:27:00 413784643 114.318397 30.595375 114.318395 30.595375 0.0 221.9
2016-10-17 10:29:27 413784643 114.318393 30.595375 114.318397 30.595375 0.0 221.9
2016-10-17 10:29:56 413784643 114.318398 30.595373 114.318393 30.595375 0.0 221.9
2016-10-17 10:35:56 413784643 114.3183947391304 30.59536973913043    
2016-10-17 10:39:08 413784643 114.318393 30.595368 114.318398 30.595378 0.0 221.9
2016-10-17 10:41:31 413784643 114.318398 30.595373 114.318393 30.595368 0.0 221.9
2016-10-17 10:41:52 413784643 114.318398 30.595373 114.318398 30.595373 0.0 221.9
2016-10-17 10:44:55 413784643 114.318395 30.595373 114.318398 30.595373 0.0 221.9
2016-10-17 10:47:22 413784643 114.318395 30.59537 114.318395 30.595373 0.0 221.9
2016-10-17 10:48:14 413784643 114.3184 30.595372 114.318395 30.59537 0.0 221.9
2016-10-17 10:54:05 413784643 114.318402 30.595373 114.318405 30.595378 0.0 221.9
2016-10-17 10:57:10 413784643 114.318405 30.595378 114.318402 30.595373 0.0 221.9
2016-10-17 11:00:19 413784643 114.318402 30.59538 114.318405 30.595378 0.0 221.9
2016-10-17 11:03:17 413784643 114.3184 30.595378 114.318402 30.59538 0.0 221.9
2016-10-17 11:05:33 413784643 114.318405 30.595377 114.3184 30.595378 0.0 221.9
2016-10-17 11:05:56 413784643 114.318402 30.595375 114.318405 30.595377 0.0 221.9
2016-10-17 11:11:56 413784643 114.3184029651475 30.5953769302949    
2016-10-17 11:12:09 413784643 114.318403 30.595377 114.318403 30.595377 0.0 221.9
2016-10-17 11:15:00 413784643 114.318407 30.595375 114.318403 30.595377 0.0 221.9
2016-10-17 11:17:48 413784643 114.318403 30.595383 114.318407 30.595375 0.0 221.9
2016-10-17 11:20:56 413784643 114.318403 30.595383 114.318403 30.595383 0.0 221.9
2016-10-17 11:23:34 413784643 114.318405 30.595385 114.318403 30.595383 0.0 221.9
2016-10-17 11:23:57 413784643 114.318403 30.595388 114.318405 30.595385 0.0 221.9
2016-10-17 11:27:11 413784643 114.3184 30.595383 114.318403 30.595388 0.0 221.9
2016-10-17 11:29:44 413784643 114.318405 30.595385 114.3184 30.595383 0.0 221.9
2016-10-17 11:33:08 413784643 114.318403 30.595385 114.318405 30.595385 0.0 221.9
2016-10-17 11:35:49 413784643 114.318408 30.595387 114.318403 30.595385 0.0 221.9
2016-10-17 11:39:03 413784643 114.31841 30.59539 114.318408 30.595387 0.0 221.9
2016-10-17 11:41:39 413784643 114.318408 30.595393 114.31841 30.59539 0.0 221.9
2016-10-17 11:42:04 413784643 114.318415 30.595395 114.318408 30.595393 0.0 221.9
2016-10-17 11:45:04 413784643 114.318413 30.595398 114.318415 30.595395 0.0 221.9
2016-10-17 11:48:14 413784643 114.318418 30.595402 114.318413 30.595398 0.0 221.9
2016-10-17 11:51:15 413784643 114.318422 30.595405 114.318418 30.595402 0.0 221.9
2016-10-17 11:53:37 413784643 114.318423 30.595407 114.318422 30.595405 0.0 221.9
2016-10-17 11:54:01 413784643 114.318423 30.595407 114.318423 30.595407 0.0 221.9
2016-10-17 12:00:01 413784643 114.3184275323741 30.59541088489209    
2016-10-17 12:03:17 413784643 114.31843 30.595413 114.318433 30.59541 0.0 221.9
2016-10-17 12:05:35 413784643 114.318433 30.595415 114.31843 30.595413 0.0 221.9
2016-10-17 12:06:07 413784643 114.318435 30.595412 114.318433 30.595415 0.0 221.9
2016-10-17 12:09:14 413784643 114.318435 30.595415 114.318435 30.595412 0.0 221.9
2016-10-17 12:11:36 413784643 114.318438 30.595418 114.318435 30.595415 0.0 221.9
2016-10-17 12:15:21 413784643 114.318437 30.59542 114.318438 30.595418 0.0 221.9
2016-10-17 12:17:42 413784643 114.31844 30.59542 114.318437 30.59542 0.0 221.9
2016-10-17 12:21:02 413784643 114.318447 30.595422 114.31844 30.59542 0.0 221.9
2016-10-17 12:24:07 413784643 114.318443 30.595423 114.318447 30.595422 0.0 221.9
2016-10-17 12:30:07 413784643 114.3184454068768 30.59542540687679    
2016-10-17 12:36:07 413784643 114.3184478137536 30.59542781375358    
2016-10-17 12:41:34 413784643 114.31845 30.59543 114.318453 30.595432 0.0 221.9
2016-10-17 12:41:57 413784643 114.31845 30.595433 114.31845 30.59543 0.0 221.9
2016-10-17 12:45:13 413784643 114.318452 30.595433 114.31845 30.595433 0.0 221.9
2016-10-17 12:47:34 413784643 114.318452 30.595435 114.318452 30.595433 0.0 221.9
2016-10-17 12:48:05 413784643 114.318452 30.59544 114.318452 30.595435 0.0 221.9
2016-10-17 12:51:20 413784643 114.318452 30.595442 114.318452 30.59544 0.0 221.9
2016-10-17 12:53:38 413784643 114.318457 30.595443 114.318452 30.595442 0.0 221.9
2016-10-17 12:54:03 413784643 114.318455 30.595443 114.318457 30.595443 0.0 221.9
2016-10-17 12:57:13 413784643 114.318458 30.59545 114.318455 30.595443 0.0 221.9
2016-10-17 13:00:21 413784643 114.318455 30.595455 114.318458 30.59545 0.0 221.9
2016-10-17 13:03:06 413784643 114.318458 30.595457 114.318455 30.595455 0.0 221.9
2016-10-17 13:05:33 413784643 114.318453 30.59546 114.318458 30.595457 0.0 221.9
2016-10-17 13:06:03 413784643 114.318455 30.595462 114.318453 30.59546 0.0 221.9
2016-10-17 13:11:58 413784643 114.318452 30.595467 114.318453 30.595467 0.0 221.9
2016-10-17 13:15:06 413784643 114.318453 30.595465 114.318452 30.595467 0.0 221.9
2016-10-17 13:17:39 413784643 114.318453 30.595468 114.318453 30.595465 0.0 221.9
2016-10-17 13:18:02 413784643 114.318457 30.59547 114.318453 30.595468 0.0 221.9
2016-10-17 13:21:12 413784643 114.318452 30.595467 114.318457 30.59547 0.0 221.9
2016-10-17 13:23:28 413784643 114.318457 30.59547 114.318452 30.595467 0.0 221.9
2016-10-17 13:27:04 413784643 114.318452 30.59547 114.318457 30.59547 0.0 221.9
2016-10-17 13:29:47 413784643 114.318457 30.59547 114.318452 30.59547 0.0 221.9
2016-10-17 13:32:57 413784643 114.318455 30.595472 114.318457 30.59547 0.0 221.9
2016-10-17 13:35:34 413784643 114.318455 30.595472 114.318455 30.595472 0.0 221.9
2016-10-17 13:36:00 413784643 114.318455 30.595472 114.318455 30.595472 0.0 221.9
2016-10-17 13:39:15 413784643 114.318457 30.595468 114.318455 30.595472 0.0 221.9
2016-10-17 13:41:26 413784643 114.318458 30.595475 114.318457 30.595468 0.0 221.9
2016-10-17 13:42:00 413784643 114.318453 30.595477 114.318458 30.595475 0.0 221.9
2016-10-17 13:48:00 413784643 114.3184617804878 30.59547797560976    
2016-10-17 13:48:09 413784643 114.318462 30.595478 114.318463 30.595482 0.0 221.9
2016-10-17 13:54:09 413784643 114.318464005571 30.59548201114206    
2016-10-17 14:00:09 413784643 114.3184660111421 30.59548602228412    
2016-10-17 14:06:06 413784643 114.318468 30.59549 114.318465 30.595492 0.0 221.9
2016-10-17 14:12:06 413784643 114.3184715048679 30.59549150208623    
2016-10-17 14:18:05 413784643 114.318475 30.595493 114.31847 30.59549 0.0 221.9
2016-10-17 14:23:50 413784643 114.318477 30.595493 114.318475 30.595493 0.0 221.9
2016-10-17 14:29:50 413784643 114.3184798368794 30.59549158156029    
2016-10-17 14:35:50 413784643 114.3184826737589 30.59549016312057    
2016-10-17 14:41:50 413784643 114.3184855106383 30.59548874468085    
2016-10-17 14:44:59 413784643 114.318487 30.595488 114.318485 30.59549 0.0 221.9
2016-10-17 14:47:55 413784643 114.318488 30.595487 114.318487 30.595488 0.0 221.9
2016-10-17 14:53:55 413784643 114.318488785169 30.59548817775354    
2016-10-17 14:59:55 413784643 114.3184895703381 30.59548935550709    
2016-10-17 15:03:12 413784643 114.31849 30.59549 114.318492 30.595487 0.0 221.9
2016-10-17 15:05:49 413784643 114.318492 30.595488 114.31849 30.59549 0.0 221.9
2016-10-17 15:11:49 413784643 114.3184912190889 30.59548760954447    
2016-10-17 15:17:49 413784643 114.3184904381779 30.59548721908894    
2016-10-17 15:21:11 413784643 114.31849 30.595487 114.318488 30.595485 0.0 221.9
2016-10-17 15:27:11 413784643 114.3184885185185 30.59548601234568    
2016-10-17 15:33:11 413784643 114.318487037037 30.59548502469136    
2016-10-17 15:33:20 413784643 114.318487 30.595485 114.318483 30.595488 0.0 221.9
2016-10-17 15:35:50 413784643 114.318485 30.595488 114.318487 30.595485 0.0 221.9
2016-10-17 15:41:50 413784643 114.318485 30.59549286486487    
2016-10-17 15:42:00 413784643 114.318485 30.595493 114.318482 30.595493 0.0 221.9
2016-10-17 15:48:00 413784643 114.3184844405594 30.5954943986014    
2016-10-17 15:54:00 413784643 114.3184838811189 30.5954957972028    
2016-10-17 16:00:00 413784643 114.3184833216783 30.5954971958042    
2016-10-17 16:03:27 413784643 114.318483 30.595498 114.31848 30.595497 0.0 221.9
2016-10-17 16:05:41 413784643 114.318478 30.595495 114.318483 30.595498 0.0 221.9
2016-10-17 16:06:19 413784643 114.318478 30.59549 114.318478 30.595495 0.0 221.9
2016-10-17 16:12:06 413784643 114.318478 30.59549 114.318478 30.59549 0.0 221.9
2016-10-17 16:15:27 413784643 114.318477 30.595488 114.318478 30.59549 0.0 221.9
2016-10-17 16:17:32 413784643 114.318475 30.595485 114.318477 30.595488 0.0 221.9
2016-10-17 16:18:03 413784643 114.318478 30.595485 114.318475 30.595485 0.0 221.9
2016-10-17 16:21:31 413784643 114.318478 30.59549 114.318478 30.595485 0.0 221.9
2016-10-17 16:23:33 413784643 114.318475 30.595485 114.318478 30.59549 0.0 221.9
2016-10-17 16:24:03 413784643 114.318477 30.595485 114.318475 30.595485 0.0 221.9
2016-10-17 16:27:21 413784643 114.31848 30.595483 114.318477 30.595485 0.0 221.9
2016-10-17 16:30:08 413784643 114.318475 30.595482 114.31848 30.595483 0.0 221.9
2016-10-17 16:33:20 413784643 114.318473 30.595477 114.318475 30.595482 0.0 221.9
2016-10-17 16:36:11 413784643 114.318475 30.595478 114.318473 30.595477 0.0 221.9
2016-10-17 16:42:11 413784643 114.3184730470163 30.59547734900542    
2016-10-17 16:45:24 413784643 114.318472 30.595477 114.318475 30.595478 0.0 221.9
2016-10-17 16:48:02 413784643 114.318475 30.595477 114.318472 30.595477 0.0 221.9
2016-10-17 16:54:02 413784643 114.3184721727749 30.59547511518324    
2016-10-17 16:54:24 413784643 114.318472 30.595475 114.318472 30.595472 0.0 221.9
2016-10-17 16:57:26 413784643 114.31847 30.595473 114.318472 30.595475 0.0 221.9
2016-10-17 16:59:51 413784643 114.318472 30.595475 114.31847 30.595473 0.0 221.9
2016-10-17 17:03:12 413784643 114.318472 30.595473 114.318472 30.595475 0.0 221.9
2016-10-17 17:09:12 413784643 114.3184706740332 30.59547101104972    
2016-10-17 17:12:15 413784643 114.31847 30.59547 114.318472 30.595472 0.0 221.9
2016-10-17 17:15:10 413784643 114.318467 30.59547 114.31847 30.59547 0.0 221.9
2016-10-17 17:18:27 413784643 114.31847 30.59547 114.318467 30.59547 0.0 221.9
2016-10-17 17:24:27 413784643 114.3184712258797 30.59547    
2016-10-17 17:30:27 413784643 114.3184724517594 30.59547    
2016-10-17 17:33:08 413784643 114.318473 30.59547 114.318468 30.59547 0.0 221.9
2016-10-17 17:35:56 413784643 114.31847 30.595472 114.318473 30.59547 0.0 221.9
2016-10-17 17:41:56 413784643 114.3184766666667 30.59548247619048    
2016-10-17 17:42:14 413784643 114.318477 30.595483 114.31848 30.595482 0.0 221.9
2016-10-17 17:45:01 413784643 114.318473 30.595477 114.318477 30.595483 0.0 221.9
2016-10-17 17:51:01 413784643 114.3184757324478 30.59548109867173    
2016-10-17 17:53:48 413784643 114.318477 30.595483 114.318472 30.595482 0.0 221.9
2016-10-17 17:56:56 413784643 114.318473 30.59548 114.318477 30.595483 0.0 221.9
2016-10-17 18:02:56 413784643 114.3184743358071 30.59548    
2016-10-17 18:05:55 413784643 114.318475 30.59548 114.318473 30.595477 0.0 221.9
2016-10-17 18:09:14 413784643 114.318472 30.595482 114.318475 30.59548 0.0 221.9
2016-10-17 18:12:22 413784643 114.318472 30.595478 114.318472 30.595482 0.0 221.9
2016-10-17 18:18:22 413784643 114.3184703505155 30.595478    
2016-10-17 18:24:22 413784643 114.3184687010309 30.595478    
2016-10-17 18:26:55 413784643 114.318468 30.595478 114.31847 30.59548 0.0 221.9
2016-10-17 18:30:15 413784643 114.318468 30.595475 114.318468 30.595478 0.0 221.9
2016-10-17 18:36:15 413784643 114.318468 30.59547301834862    
2016-10-17 18:39:20 413784643 114.318468 30.595472 114.318473 30.595475 0.0 221.9
2016-10-17 18:45:20 413784643 114.318468 30.59547064278982    
2016-10-17 18:51:20 413784643 114.318468 30.59546928557964    
2016-10-17 18:57:01 413784643 114.318468 30.595468 114.318468 30.59547 0.0 221.9
2016-10-17 19:03:01 413784643 114.3184666788991 30.59546667889908    
2016-10-17 19:09:01 413784643 114.3184653577982 30.59546535779817    
2016-10-17 19:15:01 413784643 114.3184640366973 30.59546403669725    
2016-10-17 19:21:01 413784643 114.3184627155963 30.59546271559633    
2016-10-17 19:24:16 413784643 114.318462 30.595462 114.318465 30.59546 0.0 221.9
2016-10-17 19:27:15 413784643 114.318465 30.59546 114.318462 30.595462 0.0 221.9
2016-10-17 19:33:15 413784643 114.3184662399541 30.59545917336395    
2016-10-17 19:39:15 413784643 114.3184674799082 30.5954583467279    
2016-10-17 19:41:46 413784643 114.318468 30.595458 114.318463 30.595458 0.0 221.9
