2016-10-17 0:00:55 413804393 114.490918 30.68501 114.490913 30.685027 0.1 348.0 348.0
2016-10-17 0:03:55 413804393 114.490945 30.685012 114.490918 30.68501 0.1 38.5 38.0
2016-10-17 0:07:10 413804393 114.490935 30.685013 114.490945 30.685012 0.1 175.2 175.0
2016-10-17 0:09:57 413804393 114.49093 30.684992 114.490935 30.685013 0.1 357.6 357.0
2016-10-17 0:13:15 413804393 114.490943 30.685013 114.49093 30.684992 0.1 86.3 86.0
2016-10-17 0:16:18 413804393 114.490943 30.685013 114.490943 30.685013 0.1 135.2 135.0
2016-10-17 0:19:18 413804393 114.490927 30.685033 114.490943 30.685013 0.0 104.4 104.0
2016-10-17 0:23:30 413804393 114.49094 30.685018 114.490927 30.685033 0.2 292.8 292.0
2016-10-17 0:26:14 413804393 114.49094 30.685045 114.49094 30.685018 0.1 30.7 30.0
2016-10-17 0:29:24 413804393 114.490755 30.685138 114.49094 30.685045 0.3 304.5 304.0
2016-10-17 0:32:21 413804393 114.490755 30.685138 114.490755 30.685138 0.3 304.5 304.0
2016-10-17 0:35:59 413804393 114.489042 30.684843 114.490755 30.685138 2.4 252.1 252.0
2016-10-17 0:36:36 413804393 114.488672 30.684772 114.489042 30.684843 2.5 259.6 259.0
2016-10-17 0:37:30 413804393 114.487827 30.684687 114.488672 30.684772 2.7 262.2 262.0
2016-10-17 0:38:09 413804393 114.487255 30.684602 114.487827 30.684687 2.9 259.9 259.0
2016-10-17 0:38:43 413804393 114.48677 30.684502 114.487255 30.684602 2.8 255.5 255.0
2016-10-17 0:39:18 413804393 114.486325 30.68443 114.48677 30.684502 2.7 264.8 264.0
2016-10-17 0:40:09 413804393 114.48537 30.684403 114.486325 30.68443 3.0 269.5 269.0
2016-10-17 0:40:47 413804393 114.484847 30.684373 114.48537 30.684403 2.9 265.7 265.0
2016-10-17 0:41:24 413804393 114.484228 30.684357 114.484847 30.684373 2.8 269.0 269.0
2016-10-17 0:41:59 413804393 114.483792 30.684308 114.484228 30.684357 2.8 259.1 259.0
2016-10-17 0:42:32 413804393 114.483318 30.684217 114.483792 30.684308 3.0 255.1 255.0
2016-10-17 0:43:09 413804393 114.482862 30.6841 114.483318 30.684217 3.1 253.4 253.0
2016-10-17 0:43:24 413804393 114.482388 30.684002 114.482862 30.6841 3.0 259.7 259.0
2016-10-17 0:44:14 413804393 114.481588 30.683927 114.482388 30.684002 2.8 257.3 257.0
2016-10-17 0:44:45 413804393 114.48116 30.68386 114.481588 30.683927 2.9 256.9 256.0
2016-10-17 0:45:16 413804393 114.480712 30.683737 114.48116 30.68386 3.0 250.0 250.0
2016-10-17 0:45:45 413804393 114.480262 30.683575 114.480712 30.683737 3.0 246.3 246.0
2016-10-17 0:46:17 413804393 114.479802 30.6834 114.480262 30.683575 2.9 247.5 247.0
2016-10-17 0:46:51 413804393 114.4793 30.68326 114.479802 30.6834 3.0 257.5 257.0
2016-10-17 0:47:42 413804393 114.478715 30.683128 114.4793 30.68326 3.0 249.9 249.0
2016-10-17 0:47:59 413804393 114.478275 30.682975 114.478715 30.683128 3.1 247.8 247.0
2016-10-17 0:48:35 413804393 114.477825 30.682808 114.478275 30.682975 3.0 247.7 247.0
2016-10-17 0:49:11 413804393 114.477358 30.682653 114.477825 30.682808 3.0 250.1 250.0
2016-10-17 0:49:44 413804393 114.476725 30.682458 114.477358 30.682653 3.1 248.7 248.0
2016-10-17 0:50:50 413804393 114.475777 30.682093 114.476725 30.682458 3.1 244.4 244.0
2016-10-17 0:51:37 413804393 114.474848 30.681773 114.475777 30.682093 3.2 253.8 253.0
2016-10-17 0:52:10 413804393 114.474313 30.681665 114.474848 30.681773 3.1 259.5 259.0
2016-10-17 0:53:39 413804393 114.473233 30.681388 114.474313 30.681665 3.2 253.1 253.0
2016-10-17 0:53:54 413804393 114.47272 30.681233 114.473233 30.681388 3.2 250.0 250.0
2016-10-17 0:54:23 413804393 114.47226 30.681078 114.47272 30.681233 3.1 249.3 249.0
2016-10-17 0:54:54 413804393 114.47177 30.680917 114.47226 30.681078 3.1 249.1 249.0
2016-10-17 0:55:47 413804393 114.471145 30.680697 114.47177 30.680917 3.2 245.6 245.0
2016-10-17 0:57:05 413804393 114.469695 30.68023 114.471145 30.680697 3.2 248.1 248.0
2016-10-17 0:57:37 413804393 114.469185 30.680035 114.469695 30.68023 3.1 244.3 244.0
2016-10-17 0:58:56 413804393 114.468118 30.679567 114.469185 30.680035 3.2 241.8 241.0
2016-10-17 0:59:28 413804393 114.467643 30.679335 114.468118 30.679567 3.2 241.1 241.0
2016-10-17 1:02:00 413804393 114.465383 30.678027 114.467643 30.679335 3.1 235.2 235.0
2016-10-17 1:04:40 413804393 114.463228 30.676837 114.465383 30.678027 2.8 241.2 241.0
2016-10-17 1:05:14 413804393 114.46283 30.676668 114.463228 30.676837 2.6 244.4 244.0
2016-10-17 1:05:52 413804393 114.462463 30.676503 114.46283 30.676668 2.5 241.1 241.0
2016-10-17 1:09:02 413804393 114.460143 30.675532 114.462463 30.676503 2.4 243.3 243.0
2016-10-17 1:09:39 413804393 114.459813 30.675393 114.460143 30.675532 2.4 243.3 243.0
2016-10-17 1:13:28 413804393 114.457873 30.674478 114.459813 30.675393 1.2 238.7 238.0
2016-10-17 01:19:28 413804393 114.457682544741 30.67436937833595     
2016-10-17 01:25:28 413804393 114.4574920894819 30.6742607566719     
2016-10-17 01:31:28 413804393 114.4573016342229 30.67415213500785     
2016-10-17 01:37:28 413804393 114.4571111789639 30.6740435133438     
2016-10-17 01:43:28 413804393 114.4569207237049 30.67393489167975     
2016-10-17 01:49:28 413804393 114.4567302684458 30.6738262700157     
2016-10-17 01:55:28 413804393 114.4565398131868 30.67371764835165     
2016-10-17 02:01:28 413804393 114.4563493579278 30.6736090266876     
2016-10-17 2:06:33 413804393 114.456188 30.673517 114.456187 30.673532 0.1 33.3 33.0
2016-10-17 02:12:33 413804393 114.4555769717224 30.67335458354756     
2016-10-17 02:18:33 413804393 114.4549659434447 30.67319216709512     
2016-10-17 02:24:33 413804393 114.4543549151671 30.67302975064267     
2016-10-17 02:30:33 413804393 114.4537438868895 30.67286733419023     
2016-10-17 2:32:29 413804393 114.453547 30.672815 114.453547 30.672815 2.1 248.2 248.0
2016-10-17 02:38:29 413804393 114.4531954567351 30.67265549955397     
2016-10-17 02:44:29 413804393 114.4528439134701 30.67249599910794     
2016-10-17 02:50:29 413804393 114.4524923702052 30.67233649866191     
2016-10-17 02:56:29 413804393 114.4521408269402 30.67217699821588     
2016-10-17 03:02:29 413804393 114.4517892836753 30.67201749776985     
2016-10-17 03:08:29 413804393 114.4514377404104 30.67185799732382     
2016-10-17 03:14:29 413804393 114.4510861971454 30.67169849687779     
2016-10-17 03:20:29 413804393 114.4507346538805 30.67153899643176     
2016-10-17 03:26:29 413804393 114.4503831106155 30.67137949598573     
2016-10-17 3:28:32 413804393 114.450263 30.671325 114.450263 30.671325 0.1 297.9 297.0
2016-10-17 3:31:42 413804393 114.450317 30.67123 114.450263 30.671325 0.2 47.4 47.0
2016-10-17 03:37:42 413804393 114.450304539046 30.67123182355424     
2016-10-17 03:43:42 413804393 114.450292078092 30.67123364710849     
2016-10-17 03:49:42 413804393 114.450279617138 30.67123547066273     
2016-10-17 03:55:42 413804393 114.450267156184 30.67123729421697     
2016-10-17 04:01:42 413804393 114.4502546952301 30.67123911777121     
2016-10-17 04:07:42 413804393 114.4502422342761 30.67124094132545     
2016-10-17 4:11:11 413804393 114.450235 30.671242 114.450235 30.671242 0.2 282.3 282.0
2016-10-17 04:17:11 413804393 114.4502325927783 30.67123959277833     
2016-10-17 04:23:11 413804393 114.4502301855567 30.67123718555667     
2016-10-17 04:29:11 413804393 114.450227778335 30.67123477833501     
2016-10-17 04:35:11 413804393 114.4502253711133 30.67123237111334     
2016-10-17 04:41:11 413804393 114.4502229638917 30.67122996389168     
2016-10-17 04:47:11 413804393 114.45022055667 30.67122755667001     
2016-10-17 04:53:11 413804393 114.4502181494483 30.67122514944835     
2016-10-17 04:59:11 413804393 114.4502157422267 30.67122274222668     
2016-10-17 5:01:02 413804393 114.450215 30.671222 114.450208 30.671235 0.1 142.4 142.0
2016-10-17 5:04:11 413804393 114.450245 30.67124 114.450215 30.671222 0.4 192.6 192.0
2016-10-17 05:10:11 413804393 114.4502314150943 30.67124538711776     
2016-10-17 05:16:11 413804393 114.4502178301887 30.67125077423552     
2016-10-17 05:22:11 413804393 114.450204245283 30.67125616135328     
2016-10-17 05:28:11 413804393 114.4501906603774 30.67126154847105     
2016-10-17 5:29:48 413804393 114.450187 30.671263 114.450177 30.67125 0.8 289.2 289.0
2016-10-17 5:32:30 413804393 114.450172 30.671263 114.450187 30.671263 0.5 142.7 142.0
2016-10-17 05:38:30 413804393 114.4501752549729 30.67127211392405     
2016-10-17 5:41:43 413804393 114.450177 30.671277 114.450172 30.67126 0.1 328.7 328.0
2016-10-17 05:47:43 413804393 114.4509192608696 30.67154221739131     
2016-10-17 05:53:43 413804393 114.4516615217391 30.67180743478261     
2016-10-17 05:59:43 413804393 114.4524037826087 30.67207265217391     
2016-10-17 06:05:43 413804393 114.4531460434783 30.67233786956522     
2016-10-17 06:11:43 413804393 114.4538883043478 30.67260308695652     
2016-10-17 6:16:13 413804393 114.454445 30.672802 114.454445 30.672802 0.1 251.7 251.0
2016-10-17 06:22:13 413804393 114.4544032887701 30.67276542245989     
2016-10-17 6:25:34 413804393 114.45438 30.672745 114.454458 30.672755 0.1 58.8 58.0
2016-10-17 06:31:34 413804393 114.454384119403 30.67275717910448     
2016-10-17 06:37:34 413804393 114.454388238806 30.67276935820896     
2016-10-17 06:43:34 413804393 114.4543923582089 30.67278153731343     
2016-10-17 06:49:34 413804393 114.4543964776119 30.67279371641791     
2016-10-17 06:55:34 413804393 114.4544005970149 30.67280589552239     
2016-10-17 6:59:04 413804393 114.454403 30.672813 114.45446 30.67279 0.1 356.3 356.0
2016-10-17 07:05:04 413804393 114.4543976414073 30.67281007713126     
2016-10-17 07:11:04 413804393 114.4543922828146 30.67280715426251     
2016-10-17 7:11:23 413804393 114.454392 30.672807 114.454388 30.672823 0.1 136.6 136.0
2016-10-17 12:56:09 413804393 114.454497 30.67284 114.454497 30.67284 0.2 222.3 222.0
2016-10-17 15:29:42 413804393 114.45453 30.672835 114.454553 30.672838 0.1 265.5 265.0
