2016-10-18 9:34:49 413830223 114.428767 30.664217 114.430725 30.664837 5.0 249.7 249
2016-10-18 9:37:00 413830223 114.42561 30.663167 114.428767 30.664217 5.1 250.0 250
2016-10-18 9:38:03 413830223 114.424105 30.66264 114.42561 30.663167 4.7 249.2 249
2016-10-18 9:39:19 413830223 114.42204 30.66202 114.424105 30.66264 3.9 253.1 253
2016-10-18 9:42:31 413830223 114.418858 30.66106 114.42204 30.66202 2.9 249.5 249
2016-10-18 9:43:01 413830223 114.418427 30.660915 114.418858 30.66106 2.6 246.5 246
2016-10-18 9:44:58 413830223 114.417218 30.660433 114.418427 30.660915 1.4 234.8 234
2016-10-18 9:45:38 413830223 114.417043 30.660333 114.417218 30.660433 1.1 237.5 237
2016-10-18 9:47:01 413830223 114.416795 30.660192 114.417043 30.660333 0.0 0.0 0
2016-10-18 9:47:35 413830223 114.41682 30.660187 114.416795 30.660192 0.2 0.0 0
2016-10-18 9:50:52 413830223 114.417043 30.660302 114.41682 30.660187 0.0 0.0 0
2016-10-18 9:52:24 413830223 114.417082 30.660225 114.417043 30.660302 0.3 173.9 173
2016-10-18 9:53:23 413830223 114.417105 30.660123 114.417082 30.660225 0.2 0.0 0
2016-10-18 9:53:56 413830223 114.41713 30.660093 114.417105 30.660123 0.2 0.0 0
2016-10-18 9:55:26 413830223 114.417135 30.660062 114.41713 30.660093 0.0 0.0 0
2016-10-18 9:56:18 413830223 114.417128 30.660073 114.417135 30.660062 0.0 0.0 0
2016-10-18 9:57:18 413830223 114.417143 30.660075 114.417128 30.660073 0.0 0.0 0
2016-10-18 9:57:50 413830223 114.417148 30.660072 114.417143 30.660075 0.0 0.0 0
2016-10-18 9:58:46 413830223 114.417155 30.660065 114.417148 30.660072 0.0 0.0 0
2016-10-18 9:59:21 413830223 114.417158 30.660065 114.417155 30.660065 0.0 0.0 0
2016-10-18 9:59:50 413830223 114.417158 30.660062 114.417158 30.660065 0.0 0.0 0
2016-10-18 10:00:48 413830223 114.41715 30.660062 114.417158 30.660062 0.0 0.0 0
2016-10-18 10:01:52 413830223 114.417145 30.660062 114.41715 30.660062 0.0 0.0 0
2016-10-18 10:02:16 413830223 114.41715 30.660058 114.417145 30.660062 0.0 0.0 0
2016-10-18 10:03:51 413830223 114.417153 30.66006 114.41715 30.660058 0.0 0.0 0
2016-10-18 10:04:42 413830223 114.417153 30.660055 114.417153 30.66006 0.0 0.0 0
2016-10-18 10:05:44 413830223 114.417163 30.660057 114.417153 30.660055 0.0 0.0 0
2016-10-18 10:06:37 413830223 114.417165 30.660062 114.417163 30.660057 0.0 0.0 0
2016-10-18 10:08:11 413830223 114.417167 30.66006 114.417165 30.660062 0.0 0.0 0
2016-10-18 10:08:39 413830223 114.417172 30.66007 114.417167 30.66006 0.0 0.0 0
2016-10-18 10:10:15 413830223 114.417153 30.66007 114.417172 30.66007 0.0 0.0 0
2016-10-18 10:10:40 413830223 114.417148 30.660072 114.417153 30.66007 0.0 0.0 0
2016-10-18 10:12:26 413830223 114.417153 30.660078 114.417148 30.660072 0.0 0.0 0
2016-10-18 10:13:32 413830223 114.417148 30.66006 114.417153 30.660078 0.0 0.0 0
2016-10-18 10:14:24 413830223 114.417147 30.660058 114.417148 30.66006 0.0 0.0 0
2016-10-18 10:14:59 413830223 114.417145 30.660062 114.417147 30.660058 0.0 0.0 0
2016-10-18 10:16:01 413830223 114.417145 30.660067 114.417145 30.660062 0.0 0.0 0
2016-10-18 10:16:32 413830223 114.417145 30.660068 114.417145 30.660067 0.0 0.0 0
2016-10-18 10:18:10 413830223 114.417143 30.660063 114.417145 30.660068 0.0 0.0 0
2016-10-18 10:18:33 413830223 114.417147 30.660065 114.417143 30.660063 0.0 0.0 0
2016-10-18 10:20:24 413830223 114.417148 30.660063 114.417147 30.660065 0.0 0.0 0
2016-10-18 10:20:57 413830223 114.41715 30.660078 114.417148 30.660063 0.0 0.0 0
2016-10-18 10:21:24 413830223 114.417153 30.660075 114.41715 30.660078 0.0 0.0 0
2016-10-18 10:22:14 413830223 114.41716 30.660072 114.417153 30.660075 0.0 0.0 0
2016-10-18 10:23:11 413830223 114.41718 30.660078 114.41716 30.660072 0.0 0.0 0
2016-10-18 10:23:38 413830223 114.417183 30.660077 114.41718 30.660078 0.0 0.0 0
2016-10-18 10:24:34 413830223 114.417195 30.660062 114.417183 30.660077 0.0 0.0 0
2016-10-18 10:26:37 413830223 114.417145 30.660068 114.417195 30.660062 0.1 0.0 0
2016-10-18 10:27:32 413830223 114.417102 30.660063 114.417145 30.660068 0.1 0.0 0
2016-10-18 10:28:35 413830223 114.417088 30.660063 114.417102 30.660063 0.0 0.0 0
2016-10-18 10:29:54 413830223 114.41712 30.660098 114.417088 30.660063 0.1 0.0 0
2016-10-18 10:31:22 413830223 114.417197 30.660157 114.41712 30.660098 0.1 0.0 0
2016-10-18 10:32:27 413830223 114.417228 30.66016 114.417197 30.660157 0.1 0.0 0
2016-10-18 10:33:13 413830223 114.417282 30.660117 114.417228 30.66016 0.1 0.0 0
2016-10-18 10:34:11 413830223 114.41728 30.6601 114.417282 30.660117 0.1 0.0 0
2016-10-18 10:35:06 413830223 114.41727 30.660082 114.41728 30.6601 0.0 0.0 0
2016-10-18 10:36:42 413830223 114.417275 30.660132 114.41727 30.660082 0.1 0.0 0
2016-10-18 10:37:12 413830223 114.417252 30.66015 114.417275 30.660132 0.2 0.0 0
2016-10-18 10:38:39 413830223 114.417158 30.660173 114.417252 30.66015 0.1 0.0 0
2016-10-18 10:40:29 413830223 114.41707 30.660155 114.417158 30.660173 0.3 296.0 296
2016-10-18 10:41:15 413830223 114.41698 30.660228 114.41707 30.660155 0.6 317.1 317
2016-10-18 10:43:51 413830223 114.41695 30.660532 114.41698 30.660228 0.6 53.2 53
2016-10-18 10:44:45 413830223 114.417122 30.660617 114.41695 30.660532 0.9 62.9 62
2016-10-18 10:45:14 413830223 114.417368 30.66071 114.417122 30.660617 1.2 68.8 68
2016-10-18 10:48:26 413830223 114.41876 30.661125 114.417368 30.66071 1.5 69.1 69
2016-10-18 10:50:30 413830223 114.419592 30.661348 114.41876 30.661125 1.2 77.6 77
2016-10-18 10:50:51 413830223 114.419782 30.661385 114.419592 30.661348 1.1 78.9 78
2016-10-18 10:52:26 413830223 114.420178 30.661443 114.419782 30.661385 0.8 75.4 75
2016-10-18 10:54:01 413830223 114.420528 30.661595 114.420178 30.661443 0.5 51.2 51
2016-10-18 10:57:29 413830223 114.421073 30.66195 114.420528 30.661595 0.6 57.6 57
2016-10-18 10:59:35 413830223 114.421352 30.662095 114.421073 30.66195 0.6 54.2 54
2016-10-18 11:00:37 413830223 114.42162 30.662283 114.421352 30.662095 0.7 51.0 51
2016-10-18 11:01:41 413830223 114.421748 30.66239 114.42162 30.662283 0.6 36.1 36
2016-10-18 11:03:53 413830223 114.421565 30.662818 114.421748 30.66239 1.4 317.7 317
2016-10-18 11:04:50 413830223 114.42125 30.663283 114.421565 30.662818 2.4 346.3 346
2016-10-18 11:06:53 413830223 114.420872 30.664658 114.42125 30.663283 1.9 340.9 340
2016-10-18 11:07:54 413830223 114.420668 30.665128 114.420872 30.664658 1.4 339.4 339
2016-10-18 11:08:25 413830223 114.42059 30.665313 114.420668 30.665128 1.2 339.8 339
2016-10-18 11:08:54 413830223 114.420508 30.665488 114.42059 30.665313 1.0 337.3 337
2016-10-18 11:09:21 413830223 114.42044 30.66563 114.420508 30.665488 1.0 341.0 341
2016-10-18 11:09:50 413830223 114.42039 30.665768 114.42044 30.66563 0.9 344.5 344
2016-10-18 11:10:20 413830223 114.420373 30.665837 114.42039 30.665768 0.9 345.8 345
2016-10-18 11:10:49 413830223 114.42034 30.665957 114.420373 30.665837 0.8 349.0 349
2016-10-18 11:11:55 413830223 114.420325 30.666097 114.42034 30.665957 0.5 359.1 359
2016-10-18 11:12:28 413830223 114.420343 30.666212 114.420325 30.666097 0.3 17.6 17
2016-10-18 11:14:26 413830223 114.420463 30.666433 114.420343 30.666212 0.4 34.9 34
2016-10-18 11:16:00 413830223 114.42055 30.66651 114.420463 30.666433 0.2 0.0 0
2016-10-18 11:16:31 413830223 114.420582 30.666548 114.42055 30.66651 0.3 30.2 30
2016-10-18 11:17:02 413830223 114.420605 30.666587 114.420582 30.666548 0.2 0.0 0
2016-10-18 11:18:35 413830223 114.420595 30.666635 114.420605 30.666587 0.0 0.0 0
2016-10-18 11:19:32 413830223 114.420588 30.666663 114.420595 30.666635 0.2 0.0 0
2016-10-18 11:21:30 413830223 114.420558 30.666813 114.420588 30.666663 0.0 0.0 0
2016-10-18 11:22:36 413830223 114.420567 30.666822 114.420558 30.666813 0.0 0.0 0
2016-10-18 11:23:01 413830223 114.420583 30.666827 114.420567 30.666822 0.0 0.0 0
2016-10-18 11:27:13 413830223 114.420663 30.666793 114.420583 30.666827 0.1 0.0 0
2016-10-18 11:27:51 413830223 114.420658 30.66676 114.420663 30.666793 0.1 0.0 0
2016-10-18 11:28:20 413830223 114.420655 30.666738 114.420658 30.66676 0.1 0.0 0
2016-10-18 11:29:13 413830223 114.420663 30.66672 114.420655 30.666738 0.1 0.0 0
2016-10-18 11:30:54 413830223 114.420692 30.666687 114.420663 30.66672 0.0 0.0 0
2016-10-18 11:31:22 413830223 114.420695 30.666685 114.420692 30.666687 0.0 0.0 0
2016-10-18 11:32:26 413830223 114.420695 30.666723 114.420695 30.666685 0.1 0.0 0
2016-10-18 11:32:55 413830223 114.420695 30.666735 114.420695 30.666723 0.0 0.0 0
2016-10-18 11:34:49 413830223 114.420657 30.666763 114.420695 30.666735 0.1 0.0 0
2016-10-18 11:35:51 413830223 114.42064 30.666768 114.420657 30.666763 0.0 0.0 0
2016-10-18 11:36:22 413830223 114.42064 30.666765 114.42064 30.666768 0.0 0.0 0
2016-10-18 11:37:22 413830223 114.420637 30.666758 114.42064 30.666765 0.0 0.0 0
2016-10-18 11:38:30 413830223 114.420663 30.666775 114.420637 30.666758 0.0 0.0 0
2016-10-18 11:39:27 413830223 114.420687 30.666783 114.420663 30.666775 0.0 0.0 0
2016-10-18 11:40:03 413830223 114.42071 30.666798 114.420687 30.666783 0.0 0.0 0
2016-10-18 11:40:33 413830223 114.420698 30.666798 114.42071 30.666798 0.0 0.0 0
2016-10-18 11:41:28 413830223 114.42068 30.666778 114.420698 30.666798 0.1 0.0 0
2016-10-18 11:42:33 413830223 114.42066 30.66674 114.42068 30.666778 0.1 0.0 0
2016-10-18 11:43:00 413830223 114.42066 30.666725 114.42066 30.66674 0.1 0.0 0
2016-10-18 11:43:28 413830223 114.420663 30.666717 114.42066 30.666725 0.0 0.0 0
2016-10-18 11:44:51 413830223 114.42068 30.666693 114.420663 30.666717 0.0 0.0 0
2016-10-18 11:45:53 413830223 114.420693 30.66669 114.42068 30.666693 0.0 0.0 0
2016-10-18 11:46:23 413830223 114.420688 30.666693 114.420693 30.66669 0.0 0.0 0
2016-10-18 11:46:52 413830223 114.420685 30.666705 114.420688 30.666693 0.0 0.0 0
2016-10-18 11:48:03 413830223 114.420692 30.666718 114.420685 30.666705 0.0 0.0 0
2016-10-18 11:48:31 413830223 114.420687 30.66673 114.420692 30.666718 0.0 0.0 0
2016-10-18 11:49:53 413830223 114.420683 30.66674 114.420687 30.66673 0.0 0.0 0
2016-10-18 11:50:21 413830223 114.420683 30.666735 114.420683 30.66674 0.0 0.0 0
2016-10-18 11:50:49 413830223 114.420678 30.666727 114.420683 30.666735 0.0 0.0 0
2016-10-18 11:51:16 413830223 114.42068 30.666728 114.420678 30.666727 0.0 0.0 0
2016-10-18 11:51:53 413830223 114.420682 30.66673 114.42068 30.666728 0.0 0.0 0
2016-10-18 11:52:51 413830223 114.420675 30.666747 114.420682 30.66673 0.0 0.0 0
2016-10-18 11:53:56 413830223 114.42066 30.666763 114.420675 30.666747 0.0 0.0 0
2016-10-18 11:54:55 413830223 114.420667 30.666768 114.42066 30.666763 0.0 0.0 0
2016-10-18 11:55:56 413830223 114.420672 30.666772 114.420667 30.666768 0.0 0.0 0
2016-10-18 11:57:16 413830223 114.420685 30.666765 114.420672 30.666772 0.0 0.0 0
2016-10-18 11:59:12 413830223 114.420662 30.666775 114.420685 30.666765 0.0 0.0 0
2016-10-18 11:59:51 413830223 114.420662 30.666797 114.420662 30.666775 0.0 0.0 0
2016-10-18 12:00:23 413830223 114.420663 30.666798 114.420662 30.666797 0.0 0.0 0
2016-10-18 12:00:51 413830223 114.420657 30.666795 114.420663 30.666798 0.0 0.0 0
2016-10-18 12:01:18 413830223 114.420643 30.666795 114.420657 30.666795 0.0 0.0 0
2016-10-18 12:01:57 413830223 114.420635 30.666787 114.420643 30.666795 0.0 0.0 0
2016-10-18 12:03:25 413830223 114.420655 30.666765 114.420635 30.666787 0.0 0.0 0
2016-10-18 12:04:00 413830223 114.420665 30.666755 114.420655 30.666765 0.0 0.0 0
2016-10-18 12:04:34 413830223 114.42067 30.666748 114.420665 30.666755 0.0 0.0 0
2016-10-18 12:05:04 413830223 114.42068 30.66674 114.42067 30.666748 0.0 0.0 0
2016-10-18 12:06:08 413830223 114.420702 30.666723 114.42068 30.66674 0.0 0.0 0
2016-10-18 12:06:40 413830223 114.420705 30.666723 114.420702 30.666723 0.0 0.0 0
2016-10-18 12:07:40 413830223 114.4207 30.666732 114.420705 30.666723 0.0 0.0 0
2016-10-18 12:08:40 413830223 114.420683 30.666728 114.4207 30.666732 0.0 0.0 0
2016-10-18 12:09:34 413830223 114.420683 30.666727 114.420683 30.666728 0.0 0.0 0
2016-10-18 12:10:10 413830223 114.420685 30.666722 114.420683 30.666727 0.0 0.0 0
2016-10-18 12:11:08 413830223 114.42069 30.666715 114.420685 30.666722 0.0 0.0 0
2016-10-18 12:11:40 413830223 114.420693 30.666715 114.42069 30.666715 0.0 0.0 0
2016-10-18 12:12:18 413830223 114.420705 30.666713 114.420693 30.666715 0.0 0.0 0
2016-10-18 12:12:49 413830223 114.420712 30.666713 114.420705 30.666713 0.0 0.0 0
2016-10-18 12:14:26 413830223 114.420698 30.666708 114.420712 30.666713 0.0 0.0 0
2016-10-18 12:15:23 413830223 114.420685 30.666713 114.420698 30.666708 0.0 0.0 0
2016-10-18 12:16:27 413830223 114.420685 30.666722 114.420685 30.666713 0.0 0.0 0
2016-10-18 12:17:53 413830223 114.420688 30.666738 114.420685 30.666722 0.0 0.0 0
2016-10-18 12:18:31 413830223 114.420695 30.666738 114.420688 30.666738 0.0 0.0 0
2016-10-18 12:19:01 413830223 114.420702 30.66674 114.420695 30.666738 0.0 0.0 0
2016-10-18 12:19:57 413830223 114.420698 30.666745 114.420702 30.66674 0.0 0.0 0
2016-10-18 12:20:32 413830223 114.420693 30.666747 114.420698 30.666745 0.0 0.0 0
2016-10-18 12:21:02 413830223 114.420687 30.66675 114.420693 30.666747 0.0 0.0 0
2016-10-18 12:21:57 413830223 114.420683 30.666757 114.420687 30.66675 0.0 0.0 0
2016-10-18 12:23:08 413830223 114.420685 30.66675 114.420683 30.666757 0.0 0.0 0
2016-10-18 12:24:06 413830223 114.420675 30.666745 114.420685 30.66675 0.0 0.0 0
2016-10-18 12:25:15 413830223 114.420673 30.666738 114.420675 30.666745 0.0 0.0 0
2016-10-18 12:25:42 413830223 114.42068 30.666742 114.420673 30.666738 0.0 0.0 0
2016-10-18 12:26:07 413830223 114.420683 30.666743 114.42068 30.666742 0.0 0.0 0
2016-10-18 12:26:39 413830223 114.420692 30.66674 114.420683 30.666743 0.0 0.0 0
2016-10-18 12:28:01 413830223 114.420705 30.666712 114.420692 30.66674 0.0 0.0 0
2016-10-18 12:31:42 413830223 114.4207 30.666697 114.420705 30.666712 0.0 0.0 0
2016-10-18 12:34:51 413830223 114.420693 30.666735 114.4207 30.666697 0.0 0.0 0
2016-10-18 12:35:25 413830223 114.420683 30.666743 114.420693 30.666735 0.0 0.0 0
2016-10-18 12:35:52 413830223 114.420673 30.66675 114.420683 30.666743 0.0 0.0 0
2016-10-18 12:36:24 413830223 114.420665 30.666758 114.420673 30.66675 0.0 0.0 0
2016-10-18 12:38:24 413830223 114.420673 30.666792 114.420665 30.666758 0.0 0.0 0
2016-10-18 12:38:59 413830223 114.420683 30.6668 114.420673 30.666792 0.0 0.0 0
2016-10-18 12:39:29 413830223 114.420683 30.666803 114.420683 30.6668 0.0 0.0 0
2016-10-18 12:40:23 413830223 114.420683 30.666795 114.420683 30.666803 0.0 0.0 0
2016-10-18 12:41:41 413830223 114.420687 30.666793 114.420683 30.666795 0.0 0.0 0
2016-10-18 12:42:46 413830223 114.420685 30.666795 114.420687 30.666793 0.0 0.0 0
2016-10-18 12:43:26 413830223 114.42069 30.666797 114.420685 30.666795 0.1 0.0 0
2016-10-18 12:46:02 413830223 114.420655 30.666738 114.42069 30.666797 0.0 0.0 0
2016-10-18 12:46:30 413830223 114.420645 30.66673 114.420655 30.666738 0.0 0.0 0
2016-10-18 12:49:10 413830223 114.42071 30.66673 114.420645 30.66673 0.0 0.0 0
2016-10-18 12:49:46 413830223 114.420703 30.666742 114.42071 30.66673 0.1 0.0 0
2016-10-18 12:51:17 413830223 114.4207 30.666788 114.420703 30.666742 0.0 0.0 0
2016-10-18 12:51:56 413830223 114.420702 30.666787 114.4207 30.666788 0.0 0.0 0
2016-10-18 12:52:26 413830223 114.420688 30.666788 114.420702 30.666787 0.0 0.0 0
2016-10-18 12:52:53 413830223 114.420682 30.666783 114.420688 30.666788 0.0 0.0 0
2016-10-18 12:53:21 413830223 114.420677 30.666782 114.420682 30.666783 0.0 0.0 0
2016-10-18 12:53:56 413830223 114.420677 30.666773 114.420677 30.666782 0.0 0.0 0
2016-10-18 12:54:26 413830223 114.420677 30.666767 114.420677 30.666773 0.0 0.0 0
2016-10-18 12:55:18 413830223 114.4207 30.666742 114.420677 30.666767 0.2 0.0 0
2016-10-18 12:56:23 413830223 114.42072 30.666727 114.4207 30.666742 0.0 0.0 0
2016-10-18 12:57:55 413830223 114.420702 30.66675 114.42072 30.666727 0.1 0.0 0
2016-10-18 12:58:23 413830223 114.420695 30.66676 114.420702 30.66675 0.0 0.0 0
2016-10-18 12:59:14 413830223 114.420703 30.66676 114.420695 30.66676 0.0 0.0 0
2016-10-18 12:59:50 413830223 114.420707 30.666757 114.420703 30.66676 0.0 0.0 0
2016-10-18 13:01:20 413830223 114.420677 30.666757 114.420707 30.666757 0.0 0.0 0
2016-10-18 13:02:22 413830223 114.420665 30.666755 114.420677 30.666757 0.0 0.0 0
2016-10-18 13:05:14 413830223 114.420668 30.66682 114.420665 30.666755 0.0 0.0 0
2016-10-18 13:05:50 413830223 114.420663 30.666823 114.420668 30.66682 0.0 0.0 0
2016-10-18 13:06:26 413830223 114.420662 30.66682 114.420663 30.666823 0.0 0.0 0
2016-10-18 13:08:06 413830223 114.420663 30.666797 114.420662 30.66682 0.0 0.0 0
2016-10-18 13:12:23 413830223 114.420657 30.666812 114.420663 30.666797 0.0 0.0 0
2016-10-18 13:13:21 413830223 114.420662 30.666828 114.420657 30.666812 0.1 0.0 0
2016-10-18 13:14:51 413830223 114.420668 30.666822 114.420662 30.666828 0.0 0.0 0
2016-10-18 13:15:22 413830223 114.420665 30.666823 114.420668 30.666822 0.0 0.0 0
2016-10-18 13:16:30 413830223 114.420667 30.66681 114.420665 30.666823 0.0 0.0 0
2016-10-18 13:17:05 413830223 114.420665 30.666807 114.420667 30.66681 0.0 0.0 0
2016-10-18 13:18:03 413830223 114.420687 30.666785 114.420665 30.666807 0.1 0.0 0
2016-10-18 13:19:12 413830223 114.420688 30.666777 114.420687 30.666785 0.0 0.0 0
2016-10-18 13:20:45 413830223 114.420672 30.666775 114.420688 30.666777 0.0 0.0 0
2016-10-18 13:22:45 413830223 114.420685 30.666777 114.420672 30.666775 0.0 0.0 0
2016-10-18 13:23:39 413830223 114.420685 30.66678 114.420685 30.666777 0.0 0.0 0
2016-10-18 13:24:06 413830223 114.420685 30.66678 114.420685 30.66678 0.0 0.0 0
2016-10-18 13:25:15 413830223 114.420687 30.666772 114.420685 30.66678 0.0 0.0 0
2016-10-18 13:25:42 413830223 114.42069 30.666758 114.420687 30.666772 0.0 0.0 0
2016-10-18 13:26:46 413830223 114.420697 30.66675 114.42069 30.666758 0.0 0.0 0
2016-10-18 13:28:44 413830223 114.420708 30.666767 114.420697 30.66675 0.0 0.0 0
2016-10-18 13:29:42 413830223 114.420692 30.66676 114.420708 30.666767 0.0 0.0 0
2016-10-18 13:31:45 413830223 114.420665 30.666765 114.420692 30.66676 0.0 0.0 0
2016-10-18 13:32:14 413830223 114.420662 30.666767 114.420665 30.666765 0.0 0.0 0
2016-10-18 13:32:50 413830223 114.420665 30.666768 114.420662 30.666767 0.0 0.0 0
2016-10-18 13:33:19 413830223 114.420665 30.666777 114.420665 30.666768 0.0 0.0 0
2016-10-18 13:35:13 413830223 114.420687 30.666807 114.420665 30.666777 0.0 0.0 0
2016-10-18 13:36:45 413830223 114.420678 30.666805 114.420687 30.666807 0.0 0.0 0
2016-10-18 13:38:39 413830223 114.420683 30.666765 114.420678 30.666805 0.1 0.0 0
2016-10-18 13:39:08 413830223 114.420697 30.666752 114.420683 30.666765 0.0 0.0 0
2016-10-18 13:39:34 413830223 114.420703 30.666745 114.420697 30.666752 0.0 0.0 0
2016-10-18 13:40:39 413830223 114.42071 30.666738 114.420703 30.666745 0.0 0.0 0
2016-10-18 13:42:38 413830223 114.420677 30.666767 114.42071 30.666738 0.0 0.0 0
2016-10-18 13:43:07 413830223 114.420678 30.666773 114.420677 30.666767 0.0 0.0 0
2016-10-18 13:45:43 413830223 114.420643 30.66677 114.420678 30.666773 0.0 0.0 0
2016-10-18 13:46:16 413830223 114.420642 30.666772 114.420643 30.66677 0.0 0.0 0
2016-10-18 13:49:29 413830223 114.420693 30.666825 114.420642 30.666772 0.1 0.0 0
2016-10-18 13:50:04 413830223 114.420692 30.666837 114.420693 30.666825 0.0 0.0 0
2016-10-18 13:51:23 413830223 114.42068 30.666848 114.420692 30.666837 0.0 0.0 0
2016-10-18 13:52:20 413830223 114.42068 30.666853 114.42068 30.666848 0.0 0.0 0
2016-10-18 13:52:48 413830223 114.420692 30.666852 114.42068 30.666853 0.0 0.0 0
2016-10-18 13:53:17 413830223 114.4207 30.666845 114.420692 30.666852 0.0 0.0 0
2016-10-18 13:54:25 413830223 114.420712 30.666842 114.4207 30.666845 0.0 0.0 0
2016-10-18 13:55:19 413830223 114.420713 30.666847 114.420712 30.666842 0.0 0.0 0
2016-10-18 13:56:18 413830223 114.420722 30.666837 114.420713 30.666847 0.0 0.0 0
2016-10-18 13:56:42 413830223 114.420715 30.666842 114.420722 30.666837 0.1 0.0 0
2016-10-18 13:58:13 413830223 114.420683 30.666857 114.420715 30.666842 0.0 0.0 0
2016-10-18 13:58:39 413830223 114.420683 30.666862 114.420683 30.666857 0.0 0.0 0
2016-10-18 13:59:40 413830223 114.420692 30.666863 114.420683 30.666862 0.0 0.0 0
2016-10-18 14:00:11 413830223 114.420697 30.666858 114.420692 30.666863 0.0 0.0 0
2016-10-18 14:01:33 413830223 114.420703 30.666863 114.420697 30.666858 0.0 0.0 0
2016-10-18 14:01:59 413830223 114.420718 30.666858 114.420703 30.666863 0.0 0.0 0
2016-10-18 14:04:04 413830223 114.42073 30.666838 114.420718 30.666858 0.1 0.0 0
2016-10-18 14:05:03 413830223 114.420695 30.666815 114.42073 30.666838 0.1 0.0 0
2016-10-18 14:07:24 413830223 114.420673 30.666718 114.420695 30.666815 0.0 0.0 0
2016-10-18 14:08:18 413830223 114.420683 30.666713 114.420673 30.666718 0.0 0.0 0
2016-10-18 14:10:20 413830223 114.420713 30.666745 114.420683 30.666713 0.1 0.0 0
2016-10-18 14:11:49 413830223 114.420683 30.66677 114.420713 30.666745 0.0 0.0 0
2016-10-18 14:13:20 413830223 114.420698 30.666748 114.420683 30.66677 0.0 0.0 0
2016-10-18 14:13:48 413830223 114.420698 30.666747 114.420698 30.666748 0.0 0.0 0
2016-10-18 14:14:15 413830223 114.420692 30.666745 114.420698 30.666747 0.0 0.0 0
2016-10-18 14:14:39 413830223 114.420692 30.666747 114.420692 30.666745 0.0 0.0 0
2016-10-18 14:15:11 413830223 114.420692 30.666752 114.420692 30.666747 0.0 0.0 0
2016-10-18 14:16:34 413830223 114.420682 30.666773 114.420692 30.666752 0.0 0.0 0
2016-10-18 14:17:43 413830223 114.420688 30.666787 114.420682 30.666773 0.0 0.0 0
2016-10-18 14:18:14 413830223 114.420693 30.666785 114.420688 30.666787 0.0 0.0 0
2016-10-18 14:18:39 413830223 114.420688 30.666777 114.420693 30.666785 0.0 0.0 0
2016-10-18 14:19:11 413830223 114.420688 30.666777 114.420688 30.666777 0.0 0.0 0
2016-10-18 14:19:40 413830223 114.420692 30.666778 114.420688 30.666777 0.0 0.0 0
2016-10-18 14:20:34 413830223 114.420675 30.666775 114.420692 30.666778 0.0 0.0 0
2016-10-18 14:21:09 413830223 114.420668 30.666773 114.420675 30.666775 0.0 0.0 0
2016-10-18 14:21:42 413830223 114.420668 30.666773 114.420668 30.666773 0.0 0.0 0
2016-10-18 14:22:10 413830223 114.420668 30.666773 114.420668 30.666773 0.0 0.0 0
2016-10-18 14:22:38 413830223 114.420668 30.666773 114.420668 30.666773 0.0 0.0 0
2016-10-18 14:23:44 413830223 114.420668 30.666773 114.420668 30.666773 0.0 0.0 0
2016-10-18 14:25:14 413830223 114.420687 30.66676 114.420668 30.666773 0.0 0.0 0
2016-10-18 14:26:34 413830223 114.420693 30.666742 114.420687 30.66676 0.0 0.0 0
2016-10-18 14:28:38 413830223 114.420705 30.666708 114.420693 30.666742 0.0 0.0 0
2016-10-18 14:30:15 413830223 114.42069 30.666713 114.420705 30.666708 0.0 0.0 0
2016-10-18 14:30:44 413830223 114.420695 30.666728 114.42069 30.666713 0.0 0.0 0
2016-10-18 14:32:21 413830223 114.420672 30.666758 114.420695 30.666728 0.0 0.0 0
2016-10-18 14:32:50 413830223 114.420663 30.66676 114.420672 30.666758 0.0 0.0 0
2016-10-18 14:33:21 413830223 114.420658 30.666765 114.420663 30.66676 0.0 0.0 0
2016-10-18 14:34:20 413830223 114.420655 30.666777 114.420658 30.666765 0.0 0.0 0
2016-10-18 14:35:58 413830223 114.42067 30.666768 114.420655 30.666777 0.0 0.0 0
2016-10-18 14:36:29 413830223 114.420673 30.666768 114.42067 30.666768 0.0 0.0 0
2016-10-18 14:38:13 413830223 114.420678 30.66677 114.420673 30.666768 0.0 0.0 0
2016-10-18 14:38:44 413830223 114.420678 30.666775 114.420678 30.66677 0.0 0.0 0
2016-10-18 14:40:20 413830223 114.420692 30.666763 114.420678 30.666775 0.0 0.0 0
2016-10-18 14:42:33 413830223 114.42072 30.666722 114.420692 30.666763 0.0 0.0 0
2016-10-18 14:43:06 413830223 114.420722 30.666712 114.42072 30.666722 0.0 0.0 0
2016-10-18 14:44:45 413830223 114.420715 30.666713 114.420722 30.666712 0.0 0.0 0
2016-10-18 14:46:26 413830223 114.420697 30.66673 114.420715 30.666713 0.0 0.0 0
2016-10-18 14:47:01 413830223 114.420692 30.666738 114.420697 30.66673 0.0 0.0 0
2016-10-18 20:45:51 413830223 114.420708 30.66679 114.420673 30.666803 0.0 0.0 0
2016-10-18 20:46:07 413830223 114.420713 30.666788 114.420708 30.66679 0.0 0.0 0
2016-10-18 20:46:40 413830223 114.42072 30.666777 114.420713 30.666788 0.0 0.0 0
2016-10-18 20:48:23 413830223 114.420725 30.66674 114.42072 30.666777 0.1 0.0 0
2016-10-18 20:48:45 413830223 114.42073 30.666722 114.420725 30.66674 0.1 0.0 0
2016-10-18 20:49:51 413830223 114.420735 30.666682 114.42073 30.666722 0.0 0.0 0
2016-10-18 20:50:06 413830223 114.420737 30.666672 114.420735 30.666682 0.0 0.0 0
2016-10-18 20:50:49 413830223 114.420738 30.66666 114.420737 30.666672 0.0 0.0 0
2016-10-18 20:51:06 413830223 114.42074 30.666658 114.420738 30.66666 0.0 0.0 0
2016-10-18 20:51:23 413830223 114.420742 30.666657 114.42074 30.666658 0.0 0.0 0
2016-10-18 20:51:40 413830223 114.420745 30.666658 114.420742 30.666657 0.0 0.0 0
2016-10-18 20:51:53 413830223 114.420747 30.666658 114.420745 30.666658 0.0 0.0 0
2016-10-18 20:52:26 413830223 114.420738 30.666667 114.420747 30.666658 0.0 0.0 0
2016-10-18 20:53:15 413830223 114.420737 30.666682 114.420738 30.666667 0.1 0.0 0
2016-10-18 20:55:06 413830223 114.420687 30.666735 114.420737 30.666682 0.1 0.0 0
2016-10-18 20:55:44 413830223 114.420672 30.666748 114.420687 30.666735 0.0 0.0 0
2016-10-18 20:56:00 413830223 114.420668 30.66675 114.420672 30.666748 0.0 0.0 0
2016-10-18 20:56:15 413830223 114.420665 30.666755 114.420668 30.66675 0.0 0.0 0
2016-10-18 20:58:03 413830223 114.420662 30.666777 114.420665 30.666755 0.1 0.0 0
2016-10-18 20:58:18 413830223 114.420665 30.666782 114.420662 30.666777 0.0 0.0 0
2016-10-18 20:58:38 413830223 114.42067 30.666785 114.420665 30.666782 0.0 0.0 0
2016-10-18 20:59:06 413830223 114.420687 30.666785 114.42067 30.666785 0.0 0.0 0
2016-10-18 20:59:42 413830223 114.4207 30.666785 114.420687 30.666785 0.0 0.0 0
2016-10-18 21:00:27 413830223 114.42071 30.666785 114.4207 30.666785 0.0 0.0 0
2016-10-18 21:00:57 413830223 114.420715 30.666785 114.42071 30.666785 0.0 0.0 0
2016-10-18 21:01:46 413830223 114.420723 30.666777 114.420715 30.666785 0.0 0.0 0
2016-10-18 21:02:04 413830223 114.420728 30.666768 114.420723 30.666777 0.0 0.0 0
2016-10-18 21:02:35 413830223 114.420732 30.666755 114.420728 30.666768 0.1 0.0 0
2016-10-18 21:04:59 413830223 114.420757 30.666705 114.420732 30.666755 0.0 0.0 0
2016-10-18 21:05:42 413830223 114.420768 30.666695 114.420757 30.666705 0.0 0.0 0
2016-10-18 21:06:00 413830223 114.420768 30.666693 114.420768 30.666695 0.0 0.0 0
2016-10-18 21:07:34 413830223 114.420768 30.6667 114.420768 30.666693 0.0 0.0 0
2016-10-18 21:08:20 413830223 114.420742 30.666707 114.420768 30.6667 0.1 0.0 0
2016-10-18 21:10:28 413830223 114.42071 30.66673 114.420742 30.666707 0.0 0.0 0
2016-10-18 21:11:44 413830223 114.420707 30.666727 114.42071 30.66673 0.0 0.0 0
2016-10-18 21:12:31 413830223 114.42072 30.666725 114.420707 30.666727 0.0 0.0 0
2016-10-18 21:12:55 413830223 114.420735 30.666718 114.42072 30.666725 0.0 0.0 0
2016-10-18 21:13:22 413830223 114.420742 30.666717 114.420735 30.666718 0.0 0.0 0
2016-10-18 21:13:54 413830223 114.420742 30.666718 114.420742 30.666717 0.0 0.0 0
2016-10-18 21:14:13 413830223 114.420742 30.66672 114.420742 30.666718 0.0 0.0 0
2016-10-18 21:14:29 413830223 114.420742 30.666723 114.420742 30.66672 0.0 0.0 0
2016-10-18 21:14:59 413830223 114.420747 30.666723 114.420742 30.666723 0.0 0.0 0
2016-10-18 21:16:01 413830223 114.42075 30.666718 114.420747 30.666723 0.0 0.0 0
2016-10-18 21:16:46 413830223 114.420735 30.666715 114.42075 30.666718 0.0 0.0 0
2016-10-18 21:17:32 413830223 114.420722 30.66671 114.420735 30.666715 0.0 0.0 0
2016-10-18 21:20:18 413830223 114.420737 30.666695 114.420722 30.66671 0.0 0.0 0
2016-10-18 21:20:33 413830223 114.420745 30.666693 114.420737 30.666695 0.0 0.0 0
2016-10-18 21:21:23 413830223 114.420762 30.666688 114.420745 30.666693 0.1 0.0 0
2016-10-18 21:25:03 413830223 114.420727 30.666718 114.420762 30.666688 0.0 0.0 0
2016-10-18 21:25:48 413830223 114.420718 30.666718 114.420727 30.666718 0.0 0.0 0
2016-10-18 21:26:02 413830223 114.420713 30.666718 114.420718 30.666718 0.0 0.0 0
2016-10-18 21:26:17 413830223 114.42071 30.666718 114.420713 30.666718 0.0 0.0 0
2016-10-18 21:26:50 413830223 114.420707 30.666722 114.42071 30.666718 0.0 0.0 0
2016-10-18 21:27:05 413830223 114.420703 30.666725 114.420707 30.666722 0.0 0.0 0
2016-10-18 21:27:23 413830223 114.420702 30.666725 114.420703 30.666725 0.0 0.0 0
2016-10-18 21:27:54 413830223 114.4207 30.66673 114.420702 30.666725 0.0 0.0 0
2016-10-18 21:29:26 413830223 114.420727 30.666748 114.4207 30.66673 0.0 0.0 0
2016-10-18 21:29:56 413830223 114.420735 30.666752 114.420727 30.666748 0.0 0.0 0
2016-10-18 21:30:28 413830223 114.420743 30.666753 114.420735 30.666752 0.0 0.0 0
2016-10-18 21:30:57 413830223 114.420747 30.666753 114.420743 30.666753 0.0 0.0 0
2016-10-18 21:31:11 413830223 114.42075 30.666755 114.420747 30.666753 0.0 0.0 0
2016-10-18 21:32:26 413830223 114.420743 30.666748 114.42075 30.666755 0.0 0.0 0
2016-10-18 21:32:39 413830223 114.420743 30.666747 114.420743 30.666748 0.0 0.0 0
2016-10-18 21:32:52 413830223 114.420742 30.666743 114.420743 30.666747 0.0 0.0 0
2016-10-18 21:33:27 413830223 114.42074 30.666733 114.420742 30.666743 0.0 0.0 0
2016-10-18 21:33:42 413830223 114.420743 30.66673 114.42074 30.666733 0.0 0.0 0
2016-10-18 21:33:58 413830223 114.420747 30.666727 114.420743 30.66673 0.0 0.0 0
2016-10-18 21:35:44 413830223 114.42076 30.666705 114.420747 30.666727 0.0 0.0 0
2016-10-18 21:36:16 413830223 114.420762 30.666712 114.42076 30.666705 0.0 0.0 0
2016-10-18 21:36:48 413830223 114.420765 30.666717 114.420762 30.666712 0.0 0.0 0
2016-10-18 21:37:18 413830223 114.420765 30.666718 114.420765 30.666717 0.0 0.0 0
2016-10-18 21:37:34 413830223 114.420763 30.666715 114.420765 30.666718 0.0 0.0 0
2016-10-18 21:38:59 413830223 114.420727 30.666718 114.420763 30.666715 0.1 0.0 0
2016-10-18 21:39:43 413830223 114.42071 30.666717 114.420727 30.666718 0.0 0.0 0
2016-10-18 21:40:16 413830223 114.420703 30.66671 114.42071 30.666717 0.0 0.0 0
2016-10-18 21:40:49 413830223 114.4207 30.6667 114.420703 30.66671 0.0 0.0 0
2016-10-18 21:41:10 413830223 114.420703 30.666692 114.4207 30.6667 0.0 0.0 0
2016-10-18 21:41:40 413830223 114.420712 30.666687 114.420703 30.666692 0.0 0.0 0
2016-10-18 21:42:56 413830223 114.42073 30.666685 114.420712 30.666687 0.0 0.0 0
2016-10-18 21:45:40 413830223 114.420757 30.666747 114.42073 30.666685 0.0 0.0 0
2016-10-18 21:46:10 413830223 114.420743 30.66674 114.420757 30.666747 0.0 0.0 0
2016-10-18 21:46:46 413830223 114.420742 30.666743 114.420743 30.66674 0.0 0.0 0
2016-10-18 21:47:02 413830223 114.420732 30.666743 114.420742 30.666743 0.0 0.0 0
2016-10-18 21:47:17 413830223 114.420732 30.666747 114.420732 30.666743 0.0 0.0 0
2016-10-18 21:47:35 413830223 114.420738 30.66674 114.420732 30.666747 0.0 0.0 0
2016-10-18 21:47:49 413830223 114.420738 30.666725 114.420738 30.66674 0.0 0.0 0
2016-10-18 21:48:05 413830223 114.420737 30.666717 114.420738 30.666725 0.0 0.0 0
2016-10-18 21:48:20 413830223 114.420737 30.666712 114.420737 30.666717 0.0 0.0 0
2016-10-18 21:48:37 413830223 114.420738 30.66671 114.420737 30.666712 0.0 0.0 0
2016-10-18 21:48:53 413830223 114.42074 30.666705 114.420738 30.66671 0.0 0.0 0
2016-10-18 21:50:06 413830223 114.420742 30.666703 114.42074 30.666705 0.0 0.0 0
2016-10-18 21:51:17 413830223 114.420732 30.666727 114.420742 30.666703 0.0 0.0 0
2016-10-18 21:51:50 413830223 114.420732 30.66674 114.420732 30.666727 0.1 0.0 0
2016-10-18 21:52:35 413830223 114.420737 30.666752 114.420732 30.66674 0.0 0.0 0
2016-10-18 21:53:05 413830223 114.420743 30.666747 114.420737 30.666752 0.0 0.0 0
