2016-10-18 13:46:25 413834754 114.194063 30.5833 114.1931 30.583 5.3 69.1
2016-10-18 13:47:40 413834754 114.195883 30.584033 114.194063 30.5833 4.6 64.5
2016-10-18 13:53:40 413834754 114.205358862069 30.58112962068966    
2016-10-18 13:59:40 413834754 114.2148347241379 30.57822624137931    
2016-10-18 14:05:40 413834754 114.2243105862069 30.57532286206897    
2016-10-18 14:11:40 413834754 114.2337864482759 30.57241948275862    
2016-10-18 14:16:40 413834754 114.241683 30.57 114.2355 30.5734 6.8 134.0
2016-10-18 14:22:40 413834754 114.2539446590702 30.56853735642662    
2016-10-18 14:28:40 413834754 114.2662063181404 30.56707471285324    
2016-10-18 14:34:40 413834754 114.2784679772106 30.56561206927985    
2016-10-18 14:34:57 413834754 114.279047 30.565543 114.277017 30.564017 6.4 52.7
2016-10-18 14:35:37 413834754 114.279967 30.566117 114.279047 30.565543 6.4 55.6
2016-10-18 14:36:38 413834754 114.281773 30.56694 114.279967 30.566117 6.2 71.7
2016-10-18 14:37:49 413834754 114.283433 30.56725 114.281773 30.56694 6.2 78.7
2016-10-18 14:38:22 413834754 114.285567 30.56725 114.283433 30.56725 5.7 82.2
2016-10-18 14:38:52 413834754 114.286478 30.567355 114.285567 30.56725 5.8 79.0
2016-10-18 14:39:20 413834754 114.28746 30.567628 114.286478 30.567355 6.6 71.7
2016-10-18 14:40:27 413834754 114.289633 30.568158 114.28746 30.567628 6.9 72.8
2016-10-18 14:40:56 413834754 114.290655 30.568488 114.289633 30.568158 6.6 68.2
2016-10-18 14:41:28 413834754 114.291625 30.56886 114.290655 30.568488 6.5 64.4
2016-10-18 14:42:42 413834754 114.293462 30.569825 114.291625 30.56886 6.2 53.1
2016-10-18 14:43:43 413834754 114.295495 30.571302 114.293462 30.569825 6.2 50.2
2016-10-18 14:44:22 413834754 114.29617 30.571827 114.295495 30.571302 6.2 46.1
2016-10-18 14:45:22 413834754 114.297528 30.573137 114.29617 30.571827 6.3 38.0
2016-10-18 14:46:36 413834754 114.298707 30.574565 114.297528 30.573137 6.3 34.5
2016-10-18 14:47:41 413834754 114.299842 30.576042 114.298707 30.574565 6.4 32.6
2016-10-18 14:48:13 413834754 114.300952 30.577558 114.299842 30.576042 6.4 31.9
2016-10-18 14:48:53 413834754 114.3016 30.5785 114.300952 30.577558 6.4 30.6
2016-10-18 14:49:54 413834754 114.30264 30.57996 114.3016 30.5785 6.5 30.2
2016-10-18 14:50:55 413834754 114.303655 30.581423 114.30264 30.57996 6.5 32.5
2016-10-18 14:51:57 413834754 114.30485 30.583183 114.303655 30.581423 6.3 30.0
2016-10-18 14:53:10 413834754 114.305705 30.584437 114.30485 30.583183 5.7 29.2
2016-10-18 14:54:07 413834754 114.306903 30.586378 114.305705 30.584437 4.9 30.0
2016-10-18 14:54:34 413834754 114.307298 30.586928 114.306903 30.586378 4.7 31.7
2016-10-18 14:55:15 413834754 114.307692 30.587495 114.307298 30.586928 4.5 30.3
2016-10-18 14:55:43 413834754 114.308075 30.588075 114.307692 30.587495 4.3 29.2
2016-10-18 14:56:10 413834754 114.308383 30.588583 114.308075 30.588075 4.1 27.6
2016-10-18 14:56:35 413834754 114.308668 30.589048 114.308383 30.588583 4.0 27.8
2016-10-18 14:57:08 413834754 114.308977 30.58954 114.308668 30.589048 3.9 29.9
2016-10-18 14:58:03 413834754 114.309333 30.59005 114.308977 30.58954 3.8 31.1
2016-10-18 14:58:32 413834754 114.3098 30.59075 114.309333 30.59005 3.7 30.9
2016-10-18 14:59:15 413834754 114.31019 30.591342 114.3098 30.59075 3.5 29.5
2016-10-18 14:59:46 413834754 114.310452 30.591763 114.31019 30.591342 3.4 28.5
2016-10-18 15:00:40 413834754 114.311017 30.592633 114.310452 30.591763 3.3 29.2
2016-10-18 15:01:47 413834754 114.311438 30.593288 114.311017 30.592633 3.2 30.1
2016-10-18 15:02:19 413834754 114.3118 30.59385 114.311438 30.593288 3.2 30.6
2016-10-18 15:03:21 413834754 114.312467 30.59475 114.3118 30.59385 3.7 33.1
2016-10-18 15:04:16 413834754 114.312987 30.595462 114.312467 30.59475 4.6 30.4
2016-10-18 15:05:24 413834754 114.313983 30.596867 114.312987 30.595462 5.3 31.6
2016-10-18 15:06:30 413834754 114.315312 30.598665 114.313983 30.596867 5.9 33.2
2016-10-18 15:06:59 413834754 114.315867 30.599417 114.315312 30.598665 6.0 34.0
2016-10-18 15:07:35 413834754 114.31637 30.600053 114.315867 30.599417 6.1 34.0
2016-10-18 15:08:02 413834754 114.31697 30.600817 114.31637 30.600053 6.2 34.4
2016-10-18 15:08:32 413834754 114.317522 30.60151 114.31697 30.600817 6.2 33.8
2016-10-18 15:08:58 413834754 114.318085 30.602242 114.317522 30.60151 6.3 33.5
2016-10-18 15:09:33 413834754 114.31863 30.602957 114.318085 30.602242 6.4 33.6
2016-10-18 15:10:04 413834754 114.319222 30.603713 114.31863 30.602957 6.1 34.4
2016-10-18 15:10:55 413834754 114.320017 30.604717 114.319222 30.603713 5.6 34.1
2016-10-18 15:12:01 413834754 114.321067 30.60605 114.320017 30.604717 5.0 35.0
2016-10-18 15:13:03 413834754 114.321847 30.606955 114.321067 30.60605 4.5 36.2
2016-10-18 15:14:02 413834754 114.322708 30.607933 114.321847 30.606955 4.2 38.0
2016-10-18 15:14:29 413834754 114.323317 30.6086 114.322708 30.607933 4.0 38.3
2016-10-18 15:15:34 413834754 114.323983 30.609315 114.323317 30.6086 4.5 40.2
2016-10-18 15:16:33 413834754 114.325117 30.610433 114.323983 30.609315 5.2 41.1
2016-10-18 15:17:02 413834754 114.326017 30.6113 114.325117 30.610433 5.5 42.6
2016-10-18 15:17:37 413834754 114.326203 30.611468 114.326017 30.6113 5.3 43.9
2016-10-18 15:18:05 413834754 114.32723 30.612375 114.326203 30.611468 4.8 43.9
2016-10-18 15:18:36 413834754 114.327737 30.61283 114.32723 30.612375 4.6 44.0
2016-10-18 15:19:07 413834754 114.328252 30.613282 114.327737 30.61283 4.4 44.7
2016-10-18 15:19:39 413834754 114.328747 30.613707 114.328252 30.613282 4.2 45.4
2016-10-18 15:20:06 413834754 114.329243 30.614128 114.328747 30.613707 4.1 45.9
2016-10-18 15:20:55 413834754 114.32985 30.614617 114.329243 30.614128 3.9 46.5
2016-10-18 15:21:32 413834754 114.330567 30.615183 114.32985 30.614617 3.9 47.1
2016-10-18 15:22:29 413834754 114.331252 30.615712 114.330567 30.615183 4.9 48.4
2016-10-18 15:22:59 413834754 114.3323 30.616517 114.331252 30.615712 5.3 48.1
2016-10-18 15:23:41 413834754 114.332523 30.616697 114.3323 30.616517 5.5 48.3
2016-10-18 15:24:10 413834754 114.333932 30.617785 114.332523 30.616697 6.0 48.1
2016-10-18 15:25:05 413834754 114.335437 30.61892 114.333932 30.617785 6.3 48.7
2016-10-18 15:25:36 413834754 114.336215 30.619512 114.335437 30.61892 6.4 49.2
2016-10-18 15:26:30 413834754 114.337018 30.620102 114.336215 30.619512 6.5 49.5
2016-10-18 15:27:29 413834754 114.339083 30.621717 114.337018 30.620102 6.6 47.3
2016-10-18 15:28:19 413834754 114.340333 30.622683 114.339083 30.621717 6.7 47.3
2016-10-18 15:29:16 413834754 114.342183 30.624067 114.340333 30.622683 6.8 49.6
2016-10-18 15:29:43 413834754 114.342902 30.624598 114.342183 30.624067 6.9 49.0
2016-10-18 15:30:09 413834754 114.343557 30.625133 114.342902 30.624598 7.0 48.6
2016-10-18 15:30:40 413834754 114.344415 30.625763 114.343557 30.625133 7.0 50.1
2016-10-18 15:31:17 413834754 114.345367 30.62645 114.344415 30.625763 7.1 49.5
2016-10-18 15:32:12 413834754 114.347083 30.627727 114.345367 30.62645 7.3 49.3
2016-10-18 15:32:37 413834754 114.348083 30.628433 114.347083 30.627727 7.4 51.8
2016-10-18 15:33:09 413834754 114.348945 30.629017 114.348083 30.628433 7.5 53.0
2016-10-18 15:33:38 413834754 114.349903 30.62966 114.348945 30.629017 7.6 52.2
2016-10-18 15:34:04 413834754 114.350888 30.630317 114.349903 30.62966 7.7 52.6
2016-10-18 15:35:13 413834754 114.352912 30.631618 114.350888 30.630317 7.9 53.3
2016-10-18 15:35:40 413834754 114.354072 30.632375 114.352912 30.631618 7.9 52.7
2016-10-18 15:36:07 413834754 114.354968 30.632927 114.354072 30.632375 7.9 52.3
2016-10-18 15:36:33 413834754 114.355975 30.633598 114.354968 30.632927 7.9 52.2
2016-10-18 15:37:05 413834754 114.356987 30.63428 114.355975 30.633598 7.9 51.8
2016-10-18 15:37:53 413834754 114.35845 30.635267 114.356987 30.63428 7.8 52.6
2016-10-18 15:38:55 413834754 114.359993 30.636317 114.35845 30.635267 7.6 51.6
2016-10-18 15:39:22 413834754 114.361383 30.6373 114.359993 30.636317 7.6 50.8
2016-10-18 15:40:13 413834754 114.362775 30.63841 114.361383 30.6373 7.6 48.4
2016-10-18 15:40:52 413834754 114.364033 30.639367 114.362775 30.63841 7.6 49.1
2016-10-18 15:41:44 413834754 114.365662 30.640573 114.364033 30.639367 7.4 48.9
2016-10-18 15:42:44 413834754 114.367345 30.641768 114.365662 30.640573 7.2 51.7
2016-10-18 15:43:14 413834754 114.368328 30.642398 114.367345 30.641768 7.4 53.0
2016-10-18 15:44:03 413834754 114.370253 30.643608 114.368328 30.642398 7.6 53.5
2016-10-18 15:44:37 413834754 114.371228 30.64425 114.370253 30.643608 7.5 54.3
2016-10-18 15:45:00 413834754 114.372225 30.64488 114.371228 30.64425 7.4 55.0
2016-10-18 15:45:57 413834754 114.37322 30.645458 114.372225 30.64488 7.4 55.9
2016-10-18 15:47:03 413834754 114.375583 30.646733 114.37322 30.645458 7.3 59.2
2016-10-18 15:47:54 413834754 114.377817 30.647867 114.375583 30.646733 7.2 60.7
2016-10-18 15:48:59 413834754 114.38 30.648983 114.377817 30.647867 7.1 58.1
2016-10-18 15:49:50 413834754 114.3811 30.649535 114.38 30.648983 6.2 59.0
2016-10-18 15:50:50 413834754 114.382617 30.650317 114.3811 30.649535 5.9 60.2
2016-10-18 15:51:16 413834754 114.383817 30.65085 114.382617 30.650317 5.3 62.5
2016-10-18 15:52:13 413834754 114.385005 30.65142 114.383817 30.65085 4.9 63.1
2016-10-18 15:52:38 413834754 114.38585 30.65175 114.385005 30.65142 4.7 61.9
2016-10-18 15:53:02 413834754 114.386393 30.652002 114.38585 30.65175 4.6 61.5
2016-10-18 15:53:25 413834754 114.386833 30.652217 114.386393 30.652002 4.6 61.5
2016-10-18 15:54:22 413834754 114.387775 30.6526 114.386833 30.652217 5.0 67.6
2016-10-18 15:55:19 413834754 114.389683 30.653283 114.387775 30.6526 5.5 67.6
2016-10-18 15:56:20 413834754 114.3916 30.653933 114.389683 30.653283 5.8 68.8
2016-10-18 15:57:05 413834754 114.392983 30.654417 114.3916 30.653933 6.1 68.2
2016-10-18 15:57:44 413834754 114.393772 30.654672 114.392983 30.654417 6.1 69.2
2016-10-18 15:58:39 413834754 114.395663 30.655222 114.393772 30.654672 6.2 70.5
2016-10-18 15:59:05 413834754 114.3965 30.655483 114.395663 30.655222 6.2 70.5
2016-10-18 15:59:41 413834754 114.39777 30.655842 114.3965 30.655483 6.3 72.2
2016-10-18 16:00:08 413834754 114.398612 30.656078 114.39777 30.655842 6.4 72.0
2016-10-18 16:01:25 413834754 114.40124 30.656802 114.398612 30.656078 6.4 73.1
2016-10-18 16:02:19 413834754 114.40222 30.657048 114.40124 30.656802 6.3 72.2
2016-10-18 16:02:45 413834754 114.403783 30.657483 114.40222 30.657048 6.3 71.7
2016-10-18 16:03:46 413834754 114.405158 30.657878 114.403783 30.657483 6.6 71.6
2016-10-18 16:04:32 413834754 114.4072 30.658492 114.405158 30.657878 6.8 69.3
2016-10-18 16:05:07 413834754 114.408222 30.658823 114.4072 30.658492 6.8 68.8
2016-10-18 16:06:20 413834754 114.411367 30.659832 114.408222 30.658823 6.9 68.0
2016-10-18 16:06:56 413834754 114.4121 30.660117 114.411367 30.659832 6.9 67.8
2016-10-18 16:07:18 413834754 114.413315 30.66068 114.4121 30.660117 6.8 61.5
2016-10-18 16:08:06 413834754 114.414343 30.661102 114.413315 30.66068 6.8 62.3
2016-10-18 16:09:01 413834754 114.416293 30.661997 114.414343 30.661102 6.8 62.9
2016-10-18 16:09:23 413834754 114.41724 30.662418 114.416293 30.661997 6.8 63.3
2016-10-18 16:09:48 413834754 114.41805 30.66275 114.41724 30.662418 6.8 63.3
2016-10-18 16:10:24 413834754 114.419235 30.663187 114.41805 30.66275 6.8 67.5
2016-10-18 16:11:15 413834754 114.42095 30.663783 114.419235 30.663187 6.8 67.7
2016-10-18 16:12:10 413834754 114.422517 30.664333 114.42095 30.663783 6.8 68.7
2016-10-18 16:12:57 413834754 114.424083 30.6649 114.422517 30.664333 6.8 67.5
2016-10-18 16:13:20 413834754 114.425412 30.665377 114.424083 30.6649 6.9 66.0
2016-10-18 16:13:53 413834754 114.425952 30.665602 114.425412 30.665377 6.9 65.4
2016-10-18 16:14:45 413834754 114.427852 30.666347 114.425952 30.665602 7.0 66.0
2016-10-18 16:15:07 413834754 114.428913 30.666743 114.427852 30.666347 7.1 66.3
2016-10-18 16:15:43 413834754 114.429955 30.66713 114.428913 30.666743 7.1 66.8
2016-10-18 16:16:08 413834754 114.431025 30.667523 114.429955 30.66713 7.2 66.9
2016-10-18 16:16:34 413834754 114.431833 30.667817 114.431025 30.667523 7.2 66.8
2016-10-18 16:17:31 413834754 114.43345 30.668483 114.431833 30.667817 7.2 65.2
2016-10-18 16:17:55 413834754 114.43485 30.66905 114.43345 30.668483 7.2 64.5
2016-10-18 16:18:50 413834754 114.436315 30.669653 114.43485 30.66905 7.2 62.9
2016-10-18 16:19:46 413834754 114.438543 30.670602 114.436315 30.669653 7.3 64.0
2016-10-18 16:20:08 413834754 114.439683 30.671033 114.438543 30.670602 7.3 64.7
2016-10-18 16:20:31 413834754 114.440573 30.671397 114.439683 30.671033 7.2 65.8
2016-10-18 16:20:58 413834754 114.441317 30.671667 114.440573 30.671397 7.2 65.7
2016-10-18 16:21:44 413834754 114.44275 30.672233 114.441317 30.671667 7.2 67.5
2016-10-18 16:23:17 413834754 114.44599 30.673318 114.44275 30.672233 7.5 68.9
2016-10-18 16:24:47 413834754 114.4495 30.674683 114.44599 30.673318 7.3 64.3
2016-10-18 16:25:36 413834754 114.451513 30.675553 114.4495 30.674683 7.2 63.2
2016-10-18 16:26:46 413834754 114.453473 30.676397 114.451513 30.675553 7.1 65.5
2016-10-18 16:27:45 413834754 114.455683 30.677233 114.453473 30.676397 7.0 67.2
2016-10-18 16:28:31 413834754 114.457702 30.677932 114.455683 30.677233 7.0 68.7
2016-10-18 16:29:24 413834754 114.458805 30.67829 114.457702 30.677932 7.1 69.6
2016-10-18 16:30:44 413834754 114.461983 30.67925 114.458805 30.67829 7.1 72.5
2016-10-18 16:31:08 413834754 114.463062 30.679595 114.461983 30.67925 7.0 67.9
2016-10-18 16:32:31 413834754 114.46575 30.680783 114.463062 30.679595 6.9 60.9
2016-10-18 16:33:40 413834754 114.468068 30.681797 114.46575 30.680783 7.0 65.1
2016-10-18 16:34:38 413834754 114.470102 30.682575 114.468068 30.681797 6.9 66.6
2016-10-18 16:35:02 413834754 114.47116 30.682933 114.470102 30.682575 6.9 68.3
2016-10-18 16:35:51 413834754 114.472173 30.683263 114.47116 30.682933 7.0 70.2
2016-10-18 16:36:35 413834754 114.474183 30.683883 114.472173 30.683263 7.0 70.8
2016-10-18 16:37:29 413834754 114.476147 30.684428 114.474183 30.683883 7.1 71.2
2016-10-18 16:37:50 413834754 114.477112 30.684707 114.476147 30.684428 7.1 70.9
2016-10-18 16:39:08 413834754 114.479255 30.685325 114.477112 30.684707 7.1 71.4
2016-10-18 16:39:58 413834754 114.481583 30.68605 114.479255 30.685325 7.1 70.7
2016-10-18 16:40:20 413834754 114.4825 30.686328 114.481583 30.68605 7.2 71.4
2016-10-18 16:40:48 413834754 114.48363 30.686658 114.4825 30.686328 7.1 71.0
2016-10-18 16:41:32 413834754 114.484715 30.686985 114.48363 30.686658 7.1 71.6
2016-10-18 16:42:26 413834754 114.486902 30.687563 114.484715 30.686985 7.2 72.6
2016-10-18 16:43:13 413834754 114.48905 30.688083 114.486902 30.687563 7.2 75.1
2016-10-18 16:44:08 413834754 114.4906 30.688433 114.48905 30.688083 7.2 76.2
2016-10-18 16:45:50 413834754 114.494845 30.689195 114.4906 30.688433 7.1 80.6
2016-10-18 16:46:16 413834754 114.495783 30.689317 114.494845 30.689195 7.1 80.6
2016-10-18 16:47:01 413834754 114.49755 30.6895 114.495783 30.689317 7.1 85.1
2016-10-18 16:47:52 413834754 114.49915 30.689533 114.49755 30.6895 7.0 89.7
2016-10-18 16:50:21 413834754 114.504673 30.689123 114.49915 30.689533 7.0 99.9
2016-10-18 16:50:54 413834754 114.506017 30.688917 114.504673 30.689123 7.0 100.0
2016-10-18 16:51:36 413834754 114.508075 30.688565 114.506017 30.688917 7.1 104.0
2016-10-18 16:53:47 413834754 114.512667 30.6875 114.508075 30.688565 7.2 106.3
2016-10-18 16:54:37 413834754 114.514758 30.686922 114.512667 30.6875 7.3 108.1
2016-10-18 16:55:20 413834754 114.515883 30.6866 114.514758 30.686922 7.3 108.8
2016-10-18 16:56:51 413834754 114.519317 30.685533 114.515883 30.6866 7.4 111.2
2016-10-18 16:58:07 413834754 114.522667 30.684333 114.519317 30.685533 7.4 113.1
2016-10-18 16:58:28 413834754 114.523467 30.68405 114.522667 30.684333 7.4 113.1
2016-10-18 16:59:26 413834754 114.524885 30.683522 114.523467 30.68405 7.5 114.9
2016-10-18 17:00:42 413834754 114.52755 30.682283 114.524885 30.683522 7.5 118.6
2016-10-18 17:01:05 413834754 114.529038 30.681498 114.52755 30.682283 7.5 123.1
2016-10-18 17:03:12 413834754 114.532725 30.678967 114.529038 30.681498 7.5 133.2
2016-10-18 17:04:09 413834754 114.5345 30.677383 114.532725 30.678967 7.6 136.5
2016-10-18 17:05:37 413834754 114.536967 30.674867 114.5345 30.677383 7.6 142.2
2016-10-18 17:05:55 413834754 114.537467 30.674317 114.536967 30.674867 7.6 142.2
2016-10-18 17:06:16 413834754 114.53795 30.67375 114.537467 30.674317 7.6 143.5
2016-10-18 17:07:14 413834754 114.539 30.6724 114.53795 30.67375 7.7 147.7
2016-10-18 17:08:17 413834754 114.540352 30.670517 114.539 30.6724 7.8 147.5
2016-10-18 17:09:40 413834754 114.542283 30.667517 114.540352 30.670517 7.8 151.5
2016-10-18 17:10:01 413834754 114.542733 30.66677 114.542283 30.667517 7.8 155.0
2016-10-18 17:11:43 413834754 114.54415 30.6637 114.542733 30.66677 7.9 159.2
2016-10-18 17:13:16 413834754 114.5455 30.660467 114.54415 30.6637 8.1 158.5
2016-10-18 17:14:01 413834754 114.546482 30.658508 114.5455 30.660467 8.1 157.4
2016-10-18 17:17:22 413834754 114.549767 30.6521 114.546482 30.658508 7.9 154.5
2016-10-18 17:19:52 413834754 114.552617 30.6468 114.549767 30.6521 7.9 154.0
2016-10-18 17:21:51 413834754 114.554502 30.643257 114.552617 30.6468 7.8 157.6
2016-10-18 17:23:00 413834754 114.555583 30.6409 114.554502 30.643257 7.8 157.5
2016-10-18 17:23:48 413834754 114.556283 30.639367 114.555583 30.6409 7.8 158.7
2016-10-18 17:24:11 413834754 114.556933 30.637867 114.556283 30.639367 7.8 158.7
2016-10-18 17:25:11 413834754 114.557743 30.636098 114.556933 30.637867 7.8 160.4
2016-10-18 17:26:08 413834754 114.558615 30.633972 114.557743 30.636098 7.8 160.8
2016-10-18 17:28:43 413834754 114.56075 30.628817 114.558615 30.633972 7.6 161.2
2016-10-18 17:29:08 413834754 114.561075 30.627995 114.56075 30.628817 7.6 160.6
2016-10-18 17:32:05 413834754 114.563457 30.621888 114.561075 30.627995 7.5 161.7
2016-10-18 17:38:05 413834754 114.5676559427313 30.61049328634361    
2016-10-18 17:43:26 413834754 114.5714 30.600333 114.567957 30.610132 7.0 163.0
