2016-10-18 14:03:53 413806442 114.242448 30.496097 114.235867 30.487962 8.3 33.8 33.0
2016-10-18 14:06:19 413806442 114.2461 30.500767 114.242448 30.496097 8.1 34.4 34.0
2016-10-18 14:07:41 413806442 114.247953 30.50312 114.2461 30.500767 7.9 34.4 34.0
2016-10-18 14:10:38 413806442 114.251758 30.508027 114.247953 30.50312 7.2 32.3 32.0
2016-10-18 14:16:38 413806442 114.2581432631579 30.51616520033956     
2016-10-18 14:20:27 413806442 114.262205 30.521342 114.26149 30.520378 5.4 32.6 32.0
2016-10-18 14:21:00 413806442 114.262938 30.522325 114.262205 30.521342 5.5 32.6 32.0
2016-10-18 14:22:30 413806442 114.26442 30.524297 114.262938 30.522325 5.9 32.9 32.0
2016-10-18 14:23:36 413806442 114.265245 30.525358 114.26442 30.524297 6.0 33.9 33.0
2016-10-18 14:25:06 413806442 114.267263 30.527848 114.265245 30.525358 6.4 34.9 34.0
2016-10-18 14:27:03 413806442 114.269402 30.530463 114.267263 30.527848 6.7 35.4 35.0
2016-10-18 14:27:36 413806442 114.270017 30.531207 114.269402 30.530463 6.8 35.4 35.0
2016-10-18 14:28:30 413806442 114.271602 30.533215 114.270017 30.531207 6.8 33.3 33.0
2016-10-18 14:29:36 413806442 114.272422 30.534342 114.271602 30.533215 6.7 31.8 31.0
2016-10-18 14:30:05 413806442 114.273262 30.535513 114.272422 30.534342 6.6 32.0 32.0
2016-10-18 14:31:14 413806442 114.274663 30.537458 114.273262 30.535513 6.5 30.7 30.0
2016-10-18 14:33:13 413806442 114.276535 30.540162 114.274663 30.537458 6.6 29.7 29.0
2016-10-18 14:33:44 413806442 114.277343 30.54141 114.276535 30.540162 6.6 29.2 29.0
2016-10-18 14:35:51 413806442 114.279383 30.54463 114.277343 30.54141 6.4 28.2 28.0
2016-10-18 14:36:19 413806442 114.279855 30.545392 114.279383 30.54463 6.4 27.8 27.0
2016-10-18 14:39:41 413806442 114.282843 30.550512 114.279855 30.545392 6.6 26.8 26.0
2016-10-18 14:40:10 413806442 114.283362 30.551367 114.282843 30.550512 6.8 27.8 27.0
2016-10-18 14:40:40 413806442 114.283885 30.55218 114.283362 30.551367 6.9 29.2 29.0
2016-10-18 14:41:10 413806442 114.284477 30.553105 114.283885 30.55218 7.1 28.9 28.0
2016-10-18 14:41:51 413806442 114.28503 30.553948 114.284477 30.553105 7.2 29.3 29.0
2016-10-18 14:42:57 413806442 114.286742 30.556297 114.28503 30.553948 7.4 33.5 33.0
2016-10-18 14:43:25 413806442 114.287447 30.557138 114.286742 30.556297 7.5 36.1 36.0
2016-10-18 14:44:03 413806442 114.28819 30.558012 114.287447 30.557138 7.5 35.5 35.0
2016-10-18 14:45:37 413806442 114.290188 30.560802 114.28819 30.558012 7.3 30.7 30.0
2016-10-18 14:46:15 413806442 114.290812 30.561702 114.290188 30.560802 7.0 31.0 31.0
2016-10-18 14:46:51 413806442 114.29168 30.562925 114.290812 30.561702 6.8 31.6 31.0
2016-10-18 14:47:57 413806442 114.292923 30.564672 114.29168 30.562925 6.4 30.9 30.0
2016-10-18 14:48:34 413806442 114.293457 30.565437 114.292923 30.564672 6.2 30.8 30.0
2016-10-18 14:49:38 413806442 114.29448 30.566897 114.293457 30.565437 6.0 31.9 31.0
2016-10-18 14:50:05 413806442 114.295062 30.56769 114.29448 30.566897 5.9 32.0 32.0
2016-10-18 14:50:37 413806442 114.295553 30.568383 114.295062 30.56769 5.8 31.4 31.0
2016-10-18 14:51:09 413806442 114.295797 30.568723 114.295553 30.568383 5.8 31.5 31.0
2016-10-18 14:51:40 413806442 114.296537 30.569762 114.295797 30.568723 5.7 31.3 31.0
2016-10-18 14:52:11 413806442 114.297022 30.570457 114.296537 30.569762 5.6 30.9 30.0
2016-10-18 14:53:23 413806442 114.298075 30.572035 114.297022 30.570457 5.5 28.7 28.0
2016-10-18 14:54:20 413806442 114.298715 30.573028 114.298075 30.572035 5.5 29.0 29.0
2016-10-18 14:54:56 413806442 114.29941 30.574072 114.298715 30.573028 5.4 30.3 30.0
2016-10-18 14:55:28 413806442 114.300067 30.575008 114.29941 30.574072 5.4 31.3 31.0
2016-10-18 14:55:54 413806442 114.300292 30.575325 114.300067 30.575008 5.4 31.4 31.0
2016-10-18 14:56:51 413806442 114.301222 30.576652 114.300292 30.575325 5.4 30.9 30.0
2016-10-18 14:57:20 413806442 114.301655 30.577285 114.301222 30.576652 5.5 30.3 30.0
2016-10-18 14:57:46 413806442 114.302063 30.577903 114.301655 30.577285 5.5 29.6 29.0
2016-10-18 14:58:14 413806442 114.302498 30.57857 114.302063 30.577903 5.5 29.3 29.0
2016-10-18 14:58:55 413806442 114.302945 30.579237 114.302498 30.57857 5.5 30.0 30.0
2016-10-18 14:59:30 413806442 114.303645 30.580287 114.302945 30.579237 5.6 29.9 29.0
2016-10-18 14:59:59 413806442 114.304067 30.580915 114.303645 30.580287 5.6 30.1 30.0
2016-10-18 15:00:27 413806442 114.304278 30.58123 114.304067 30.580915 5.6 30.0 30.0
2016-10-18 15:01:01 413806442 114.304973 30.5823 114.304278 30.58123 5.6 28.9 28.0
2016-10-18 15:01:30 413806442 114.305413 30.582995 114.304973 30.5823 5.7 28.5 28.0
2016-10-18 15:02:02 413806442 114.305848 30.583693 114.305413 30.582995 5.7 28.2 28.0
2016-10-18 15:02:33 413806442 114.306083 30.58407 114.305848 30.583693 5.8 28.3 28.0
2016-10-18 15:04:01 413806442 114.307662 30.586547 114.306083 30.58407 6.0 28.2 28.0
2016-10-18 15:04:29 413806442 114.308122 30.58728 114.307662 30.586547 6.0 28.4 28.0
2016-10-18 15:05:04 413806442 114.308585 30.588018 114.308122 30.58728 6.0 28.5 28.0
2016-10-18 15:06:12 413806442 114.309517 30.589477 114.308585 30.588018 6.1 29.2 29.0
2016-10-18 15:07:16 413806442 114.310722 30.591377 114.309517 30.589477 6.2 28.4 28.0
2016-10-18 15:07:48 413806442 114.311227 30.592182 114.310722 30.591377 6.2 28.4 28.0
2016-10-18 15:08:15 413806442 114.31145 30.592533 114.311227 30.592182 6.2 28.6 28.0
2016-10-18 15:09:48 413806442 114.313 30.595003 114.31145 30.592533 6.3 28.3 28.0
2016-10-18 15:10:16 413806442 114.313522 30.59582 114.313 30.595003 6.3 28.9 28.0
2016-10-18 15:10:42 413806442 114.314002 30.59656 114.313522 30.59582 6.3 29.3 29.0
2016-10-18 15:11:16 413806442 114.314538 30.597363 114.314002 30.59656 6.3 30.1 30.0
2016-10-18 15:11:46 413806442 114.314763 30.597688 114.314538 30.597363 6.3 30.7 30.0
2016-10-18 15:12:15 413806442 114.315683 30.598975 114.314763 30.597688 6.3 31.7 31.0
2016-10-18 15:12:47 413806442 114.316237 30.599742 114.315683 30.598975 6.3 31.9 31.0
2016-10-18 15:13:20 413806442 114.31677 30.600482 114.316237 30.599742 6.3 31.6 31.0
2016-10-18 15:13:47 413806442 114.317308 30.601242 114.31677 30.600482 6.2 31.8 31.0
2016-10-18 15:14:15 413806442 114.317557 30.601578 114.317308 30.601242 6.2 32.2 32.0
2016-10-18 15:15:15 413806442 114.318912 30.603257 114.317557 30.601578 5.9 36.7 36.0
2016-10-18 15:15:49 413806442 114.319477 30.603867 114.318912 30.603257 5.8 38.8 38.0
2016-10-18 15:16:17 413806442 114.320092 30.604518 114.319477 30.603867 5.6 39.0 39.0
2016-10-18 15:16:48 413806442 114.320635 30.605092 114.320092 30.604518 5.5 39.0 39.0
2016-10-18 15:17:21 413806442 114.321217 30.605732 114.320635 30.605092 5.4 37.9 37.0
2016-10-18 15:17:50 413806442 114.321573 30.606128 114.321217 30.605732 5.2 37.8 37.0
2016-10-18 15:18:20 413806442 114.322248 30.606855 114.321573 30.606128 5.0 39.0 39.0
2016-10-18 15:18:49 413806442 114.322773 30.607405 114.322248 30.606855 4.8 39.6 39.0
2016-10-18 15:19:23 413806442 114.323137 30.607777 114.322773 30.607405 5.3 40.1 180.0
2016-10-18 15:19:51 413806442 114.323735 30.608373 114.323137 30.607777 5.8 41.1 41.0
2016-10-18 15:20:19 413806442 114.324428 30.609038 114.323735 30.608373 6.3 41.8 41.0
2016-10-18 15:20:42 413806442 114.325173 30.609747 114.324428 30.609038 6.7 42.3 42.0
2016-10-18 15:21:44 413806442 114.32633 30.610827 114.325173 30.609747 7.2 42.8 42.0
2016-10-18 15:22:13 413806442 114.327487 30.611857 114.32633 30.610827 7.4 44.6 44.0
2016-10-18 15:22:44 413806442 114.328423 30.612645 114.327487 30.611857 7.6 45.6 45.0
2016-10-18 15:23:22 413806442 114.329288 30.613373 114.328423 30.612645 7.8 45.6 45.0
2016-10-18 15:24:23 413806442 114.331083 30.614888 114.329288 30.613373 7.8 45.8 45.0
2016-10-18 15:24:51 413806442 114.332012 30.615657 114.331083 30.614888 7.7 46.2 46.0
2016-10-18 15:25:21 413806442 114.332907 30.616382 114.332012 30.615657 7.6 47.0 47.0
2016-10-18 15:25:48 413806442 114.33385 30.617103 114.332907 30.616382 7.6 48.5 48.0
2016-10-18 15:26:15 413806442 114.334775 30.617805 114.33385 30.617103 7.4 48.6 48.0
2016-10-18 15:26:40 413806442 114.335563 30.618402 114.334775 30.617805 7.2 48.7 48.0
2016-10-18 15:27:13 413806442 114.336448 30.61907 114.335563 30.618402 7.0 48.7 48.0
2016-10-18 15:27:39 413806442 114.337303 30.619713 114.336448 30.61907 7.0 48.6 48.0
2016-10-18 15:28:06 413806442 114.337722 30.620035 114.337303 30.619713 7.0 48.3 48.0
2016-10-18 15:28:31 413806442 114.338637 30.620742 114.337722 30.620035 7.2 47.8 47.0
2016-10-18 15:29:00 413806442 114.339498 30.621425 114.338637 30.620742 7.3 47.2 47.0
2016-10-18 15:30:22 413806442 114.341938 30.623355 114.339498 30.621425 7.7 46.8 46.0
2016-10-18 15:31:00 413806442 114.342872 30.624127 114.341938 30.623355 7.8 46.0 46.0
2016-10-18 15:31:27 413806442 114.343762 30.624915 114.342872 30.624127 7.9 43.9 43.0
2016-10-18 15:31:54 413806442 114.344657 30.62574 114.343762 30.624915 7.9 43.0 43.0
2016-10-18 15:32:24 413806442 114.345127 30.626183 114.344657 30.62574 8.1 42.5 42.0
2016-10-18 15:33:49 413806442 114.34764 30.628388 114.345127 30.626183 8.5 48.2 48.0
2016-10-18 15:34:18 413806442 114.349255 30.629458 114.34764 30.628388 8.4 54.1 54.0
2016-10-18 15:34:55 413806442 114.350468 30.63017 114.349255 30.629458 8.5 55.9 55.0
2016-10-18 15:36:52 413806442 114.35504 30.633002 114.350468 30.63017 9.1 53.2 53.0
2016-10-18 15:37:40 413806442 114.356787 30.634157 114.35504 30.633002 9.1 52.6 52.0
2016-10-18 15:38:39 413806442 114.358593 30.635345 114.356787 30.634157 9.2 52.7 52.0
2016-10-18 15:39:34 413806442 114.361503 30.637165 114.358593 30.635345 9.4 55.3 55.0
2016-10-18 15:39:59 413806442 114.362735 30.637885 114.361503 30.637165 9.3 55.6 55.0
2016-10-18 15:40:36 413806442 114.364018 30.638688 114.362735 30.637885 9.2 53.3 53.0
2016-10-18 15:41:05 413806442 114.365205 30.63952 114.364018 30.638688 9.2 50.3 50.0
2016-10-18 15:41:30 413806442 114.365792 30.63995 114.365205 30.63952 9.0 49.7 49.0
2016-10-18 15:41:57 413806442 114.366897 30.640777 114.365792 30.63995 9.1 48.9 48.0
2016-10-18 15:42:59 413806442 114.369558 30.642712 114.366897 30.640777 9.3 51.3 51.0
2016-10-18 15:43:26 413806442 114.370702 30.643457 114.369558 30.642712 9.2 52.9 52.0
2016-10-18 15:44:20 413806442 114.372572 30.644603 114.370702 30.643457 9.1 54.7 54.0
2016-10-18 15:44:48 413806442 114.373855 30.645405 114.372572 30.644603 9.2 54.2 54.0
2016-10-18 15:45:13 413806442 114.374507 30.645793 114.373855 30.645405 9.2 55.3 55.0
2016-10-18 15:45:43 413806442 114.376313 30.646743 114.374507 30.645793 9.2 59.4 59.0
2016-10-18 15:46:48 413806442 114.37893 30.648053 114.376313 30.646743 9.1 59.6 59.0
2016-10-18 15:47:16 413806442 114.380153 30.648667 114.37893 30.648053 8.7 59.7 59.0
2016-10-18 15:47:40 413806442 114.380783 30.648985 114.380153 30.648667 8.5 59.5 59.0
2016-10-18 15:48:15 413806442 114.381935 30.649583 114.380783 30.648985 8.3 58.8 58.0
2016-10-18 15:48:45 413806442 114.383452 30.650362 114.381935 30.649583 7.6 59.8 59.0
2016-10-18 15:49:37 413806442 114.385015 30.651048 114.383452 30.650362 7.0 63.8 63.0
2016-10-18 15:50:09 413806442 114.386 30.651458 114.385015 30.651048 6.7 64.4 64.0
2016-10-18 15:50:37 413806442 114.387022 30.651875 114.386 30.651458 6.5 64.7 64.0
2016-10-18 15:51:03 413806442 114.38796 30.652258 114.387022 30.651875 6.4 64.5 64.0
2016-10-18 15:51:29 413806442 114.388457 30.652463 114.38796 30.652258 6.4 64.4 64.0
2016-10-18 15:52:26 413806442 114.390083 30.653132 114.388457 30.652463 6.3 64.7 64.0
2016-10-18 15:53:43 413806442 114.39268 30.654122 114.390083 30.653132 5.9 66.3 66.0
2016-10-18 15:54:09 413806442 114.393533 30.654443 114.39268 30.654122 5.8 66.2 66.0
2016-10-18 15:54:34 413806442 114.393987 30.654617 114.393533 30.654443 5.8 66.1 66.0
2016-10-18 15:55:05 413806442 114.394825 30.654928 114.393987 30.654617 5.7 66.8 66.0
2016-10-18 15:56:07 413806442 114.396178 30.655383 114.394825 30.654928 5.6 69.3 69.0
2016-10-18 15:56:54 413806442 114.397887 30.655893 114.396178 30.655383 5.7 71.7 71.0
2016-10-18 15:57:26 413806442 114.398782 30.656157 114.397887 30.655893 5.9 71.0 71.0
2016-10-18 15:57:57 413806442 114.400252 30.656595 114.398782 30.656157 6.5 70.7 70.0
2016-10-18 15:58:51 413806442 114.401368 30.656935 114.400252 30.656595 7.0 70.7 70.0
2016-10-18 16:00:41 413806442 114.406697 30.658463 114.401368 30.656935 8.1 73.3 73.0
2016-10-18 16:01:40 413806442 114.40865 30.658962 114.406697 30.658463 8.3 72.7 72.0
2016-10-18 16:03:07 413806442 114.412522 30.660155 114.40865 30.658962 8.5 70.3 70.0
2016-10-18 16:03:34 413806442 114.41321 30.660365 114.412522 30.660155 8.5 70.3 70.0
2016-10-18 16:03:58 413806442 114.414592 30.660785 114.41321 30.660365 8.5 70.3 70.0
2016-10-18 16:05:42 413806442 114.418508 30.662135 114.414592 30.660785 8.5 68.8 68.0
2016-10-18 16:11:01 413806442 114.431287 30.668067 114.430112 30.667498 8.4 61.0 61.0
2016-10-18 16:13:09 413806442 114.436133 30.670103 114.431287 30.668067 8.6 65.9 65.0
2016-10-18 16:14:30 413806442 114.440082 30.671573 114.436133 30.670103 8.6 67.0 67.0
2016-10-18 16:15:28 413806442 114.442047 30.672292 114.440082 30.671573 8.6 67.0 67.0
2016-10-18 16:16:21 413806442 114.4448 30.67329 114.442047 30.672292 8.7 67.8 67.0
2016-10-18 16:16:46 413806442 114.446203 30.673788 114.4448 30.67329 8.8 67.4 67.0
2016-10-18 16:17:18 413806442 114.446802 30.674007 114.446203 30.673788 8.6 67.1 67.0
2016-10-18 16:17:43 413806442 114.448653 30.674733 114.446802 30.674007 8.1 64.9 64.0
2016-10-18 16:19:57 413806442 114.453233 30.676652 114.448653 30.674733 6.4 65.5 65.0
2016-10-18 16:25:57 413806442 114.4669576830986 30.68050583802817     
2016-10-18 16:31:57 413806442 114.4806823661972 30.68435967605634     
2016-10-18 16:37:57 413806442 114.4944070492958 30.68821351408451     
2016-10-18 16:38:53 413806442 114.496542 30.688813 114.489137 30.687812 8.4 85.5 85.0
2016-10-18 16:39:46 413806442 114.499397 30.688883 114.496542 30.688813 8.4 89.9 89.0
2016-10-18 16:41:44 413806442 114.505323 30.688432 114.499397 30.688883 8.5 100.5 100.0
2016-10-18 16:43:23 413806442 114.509128 30.68777 114.505323 30.688432 7.9 102.0 102.0
2016-10-18 16:44:41 413806442 114.512202 30.687095 114.509128 30.68777 7.5 105.3 105.0
2016-10-18 16:45:06 413806442 114.513292 30.686818 114.512202 30.687095 7.3 106.4 106.0
2016-10-18 16:49:27 413806442 114.523065 30.683623 114.513292 30.686818 8.3 112.8 112.0
2016-10-18 16:52:21 413806442 114.529847 30.68017 114.523065 30.683623 8.5 127.1 127.0
2016-10-18 16:53:36 413806442 114.532903 30.67786 114.529847 30.68017 8.6 133.5 133.0
2016-10-18 16:55:11 413806442 114.535895 30.675227 114.532903 30.67786 8.8 137.7 137.0
2016-10-18 16:57:10 413806442 114.53957 30.670708 114.535895 30.675227 8.8 152.0 152.0
2016-10-18 16:58:18 413806442 114.54083 30.66841 114.53957 30.670708 8.9 155.5 155.0
2016-10-18 16:58:49 413806442 114.541422 30.667237 114.54083 30.66841 8.9 156.7 156.0
2016-10-18 16:59:15 413806442 114.5417 30.666667 114.541422 30.667237 8.9 157.1 157.0
2016-10-18 17:00:29 413806442 114.543137 30.663372 114.5417 30.666667 9.0 160.9 160.0
2016-10-18 17:01:14 413806442 114.543902 30.661558 114.543137 30.663372 9.1 159.3 159.0
2016-10-18 17:02:40 413806442 114.545368 30.65856 114.543902 30.661558 9.2 155.5 155.0
2016-10-18 17:03:34 413806442 114.5464 30.656795 114.545368 30.65856 8.6 152.5 152.0
2016-10-18 17:09:31 413806442 114.55274 30.64564 114.551832 30.647382 6.7 155.9 155.0
2016-10-18 17:11:35 413806442 114.55421 30.64248 114.55274 30.64564 7.1 159.2 159.0
2016-10-18 17:12:02 413806442 114.55485 30.640937 114.55421 30.64248 7.7 160.6 160.0
2016-10-18 17:12:25 413806442 114.555058 30.640422 114.55485 30.640937 7.8 160.8 160.0
2016-10-18 17:13:07 413806442 114.555603 30.63912 114.555058 30.640422 8.1 159.6 159.0
2016-10-18 17:13:30 413806442 114.556087 30.638085 114.555603 30.63912 8.3 157.9 157.0
2016-10-18 17:13:52 413806442 114.556352 30.637515 114.556087 30.638085 8.3 158.2 158.0
2016-10-18 17:14:57 413806442 114.557373 30.635223 114.556352 30.637515 8.6 159.3 159.0
2016-10-18 17:16:00 413806442 114.558578 30.632325 114.557373 30.635223 8.7 161.2 161.0
