2016-10-19 2:31:33 413821776 114.19475 30.445917 114.190833 30.441117 7.0 38.4
2016-10-19 2:34:24 413821776 114.19905 30.45045 114.19475 30.445917 7.0 38.5
2016-10-19 2:35:30 413821776 114.2005 30.45195 114.19905 30.45045 7.0 40.0
2016-10-19 02:41:30 413821776 114.2101792376682 30.46133340807175    
2016-10-19 02:47:30 413821776 114.2198584753363 30.4707168161435    
2016-10-19 2:50:22 413821776 114.224483 30.4752 114.222967 30.473633 7.3 39.9
2016-10-19 2:51:22 413821776 114.226 30.47675 114.224483 30.4752 7.3 39.9
2016-10-19 2:55:31 413821776 114.231867 30.483083 114.226 30.47675 7.2 38.0
2016-10-19 2:56:32 413821776 114.233267 30.484667 114.231867 30.483083 7.2 36.2
2016-10-19 2:57:03 413821776 114.234017 30.485567 114.233267 30.484667 7.1 35.4
2016-10-19 2:58:30 413821776 114.23595 30.4879 114.234017 30.485567 7.2 34.3
2016-10-19 3:00:55 413821776 114.239333 30.491967 114.23595 30.4879 7.2 34.1
2016-10-19 3:01:58 413821776 114.240617 30.493617 114.239333 30.491967 7.2 32.9
2016-10-19 3:02:57 413821776 114.241933 30.4954 114.240617 30.493617 7.1 31.7
2016-10-19 3:04:04 413821776 114.2431 30.496933 114.241933 30.4954 7.1 34.4
2016-10-19 3:04:22 413821776 114.24375 30.497733 114.2431 30.496933 7.0 34.9
2016-10-19 3:05:32 413821776 114.245033 30.4993 114.24375 30.497733 6.9 35.0
2016-10-19 3:06:05 413821776 114.24565 30.50005 114.245033 30.4993 6.8 35.2
2016-10-19 3:06:39 413821776 114.2463 30.500817 114.24565 30.50005 6.7 35.1
2016-10-19 3:07:53 413821776 114.248167 30.5031 114.2463 30.500817 6.6 34.4
2016-10-19 3:08:24 413821776 114.24875 30.503867 114.248167 30.5031 6.6 33.2
2016-10-19 3:09:27 413821776 114.2499 30.505367 114.24875 30.503867 6.5 34.2
2016-10-19 3:10:28 413821776 114.251083 30.506867 114.2499 30.505367 6.5 34.1
2016-10-19 3:11:58 413821776 114.252867 30.509167 114.251083 30.506867 6.4 34.6
2016-10-19 3:14:25 413821776 114.255783 30.512933 114.252867 30.509167 6.3 33.7
2016-10-19 3:14:55 413821776 114.256367 30.5137 114.255783 30.512933 6.3 32.9
2016-10-19 3:15:25 413821776 114.2569 30.5144 114.256367 30.5137 6.3 32.8
2016-10-19 3:17:57 413821776 114.25965 30.518167 114.2569 30.5144 6.4 32.2
2016-10-19 3:18:35 413821776 114.2602 30.518917 114.25965 30.518167 6.4 33.5
2016-10-19 3:19:05 413821776 114.260783 30.519683 114.2602 30.518917 6.4 33.7
2016-10-19 3:19:33 413821776 114.2614 30.52045 114.260783 30.519683 6.4 34.0
2016-10-19 3:20:02 413821776 114.262017 30.521217 114.2614 30.52045 6.4 34.9
2016-10-19 3:20:30 413821776 114.262583 30.521967 114.262017 30.521217 6.5 33.2
2016-10-19 3:21:04 413821776 114.263283 30.522917 114.262583 30.521967 6.5 32.6
2016-10-19 3:21:33 413821776 114.263733 30.523533 114.263283 30.522917 6.5 32.6
2016-10-19 3:22:04 413821776 114.264317 30.5243 114.263733 30.523533 6.6 33.5
2016-10-19 3:23:06 413821776 114.26555 30.525783 114.264317 30.5243 6.6 36.2
2016-10-19 3:23:37 413821776 114.266217 30.526517 114.26555 30.525783 6.6 37.2
2016-10-19 3:24:11 413821776 114.26685 30.52725 114.266217 30.526517 6.6 36.6
2016-10-19 3:24:40 413821776 114.2675 30.528 114.26685 30.52725 6.6 36.0
2016-10-19 3:25:10 413821776 114.268117 30.52875 114.2675 30.528 6.7 35.1
2016-10-19 3:26:38 413821776 114.27 30.531067 114.268117 30.52875 6.7 33.4
2016-10-19 3:27:09 413821776 114.270767 30.5321 114.27 30.531067 6.7 32.8
2016-10-19 3:27:39 413821776 114.271217 30.532667 114.270767 30.5321 6.7 33.0
2016-10-19 3:28:10 413821776 114.271817 30.533433 114.271217 30.532667 6.7 32.9
2016-10-19 3:28:40 413821776 114.2724 30.534233 114.271817 30.533433 6.6 31.6
2016-10-19 3:29:11 413821776 114.272983 30.53505 114.2724 30.534233 6.6 31.0
2016-10-19 3:30:39 413821776 114.274783 30.537317 114.272983 30.53505 6.6 33.3
2016-10-19 3:31:12 413821776 114.27535 30.538083 114.274783 30.537317 6.6 31.0
2016-10-19 3:32:37 413821776 114.276983 30.540467 114.27535 30.538083 6.6 31.0
2016-10-19 3:33:08 413821776 114.27755 30.541267 114.276983 30.540467 6.6 30.9
2016-10-19 3:34:14 413821776 114.278583 30.54285 114.27755 30.541267 6.5 27.9
2016-10-19 3:34:43 413821776 114.279067 30.543633 114.278583 30.54285 6.5 28.2
2016-10-19 3:35:17 413821776 114.27955 30.544433 114.279067 30.543633 6.5 28.0
2016-10-19 3:35:47 413821776 114.280083 30.54525 114.27955 30.544433 6.5 29.0
2016-10-19 3:36:49 413821776 114.28105 30.546883 114.280083 30.54525 6.4 26.4
2016-10-19 3:37:07 413821776 114.2815 30.547683 114.28105 30.546883 6.4 25.2
2016-10-19 3:38:06 413821776 114.28235 30.549283 114.2815 30.547683 6.3 24.8
2016-10-19 3:38:49 413821776 114.282767 30.550083 114.28235 30.549283 6.3 24.8
2016-10-19 3:39:22 413821776 114.283333 30.551117 114.282767 30.550083 6.2 25.2
2016-10-19 3:39:36 413821776 114.283617 30.551633 114.283333 30.551117 6.2 25.5
2016-10-19 3:40:39 413821776 114.284483 30.5531 114.283617 30.551633 6.0 25.3
2016-10-19 3:41:11 413821776 114.284867 30.55385 114.284483 30.5531 5.9 22.8
2016-10-19 3:41:42 413821776 114.285283 30.5546 114.284867 30.55385 5.9 24.5
2016-10-19 3:42:15 413821776 114.28575 30.55535 114.285283 30.5546 5.9 29.5
2016-10-19 3:43:16 413821776 114.286683 30.556867 114.28575 30.55535 5.9 25.8
2016-10-19 3:43:47 413821776 114.2871 30.5576 114.286683 30.556867 6.0 25.2
2016-10-19 3:44:19 413821776 114.287517 30.558367 114.2871 30.5576 5.9 23.0
2016-10-19 3:44:46 413821776 114.287817 30.559117 114.287517 30.558367 5.9 18.1
2016-10-19 3:45:17 413821776 114.288133 30.5599 114.287817 30.559117 5.9 16.2
2016-10-19 3:45:50 413821776 114.288333 30.5607 114.288133 30.5599 5.8 10.9
2016-10-19 3:46:21 413821776 114.288467 30.5615 114.288333 30.5607 5.7 5.9
2016-10-19 3:46:53 413821776 114.28855 30.5623 114.288467 30.5615 5.7 4.7
2016-10-19 3:47:24 413821776 114.288567 30.563083 114.28855 30.5623 5.6 358.0
2016-10-19 3:47:37 413821776 114.288483 30.563817 114.288567 30.563083 5.2 351.4
2016-10-19 3:48:25 413821776 114.2883 30.564517 114.288483 30.563817 5.0 345.0
2016-10-19 3:48:42 413821776 114.28805 30.565183 114.2883 30.564517 5.1 341.5
2016-10-19 3:49:28 413821776 114.287717 30.565817 114.28805 30.565183 4.7 328.6
2016-10-19 3:49:45 413821776 114.287283 30.566317 114.287717 30.565817 4.5 320.5
2016-10-19 3:50:10 413821776 114.2868 30.566733 114.287283 30.566317 4.2 309.1
2016-10-19 3:50:50 413821776 114.286217 30.567033 114.2868 30.566733 4.0 297.4
2016-10-19 3:51:46 413821776 114.285033 30.5674 114.286217 30.567033 3.8 281.7
2016-10-19 3:52:17 413821776 114.284433 30.567467 114.285033 30.5674 3.7 273.7
2016-10-19 3:53:50 413821776 114.282733 30.567383 114.284433 30.567467 3.5 260.1
2016-10-19 3:54:22 413821776 114.282167 30.567283 114.282733 30.567383 3.6 256.7
2016-10-19 3:54:51 413821776 114.281633 30.56715 114.282167 30.567283 3.5 253.0
2016-10-19 3:55:50 413821776 114.280583 30.56675 114.281633 30.56715 3.6 243.0
2016-10-19 3:56:18 413821776 114.28005 30.566517 114.280583 30.56675 3.6 242.4
2016-10-19 3:56:50 413821776 114.27955 30.56625 114.28005 30.566517 3.6 233.9
2016-10-19 3:57:21 413821776 114.279133 30.565983 114.27955 30.56625 3.3 233.3
2016-10-19 3:57:37 413821776 114.278917 30.565833 114.279133 30.565983 3.6 232.2
2016-10-19 3:57:53 413821776 114.27865 30.565633 114.278917 30.565833 3.6 228.0
2016-10-19 3:58:22 413821776 114.2782 30.56525 114.27865 30.565633 3.5 225.7
2016-10-19 3:58:53 413821776 114.277767 30.56495 114.2782 30.56525 3.5 233.7
2016-10-19 4:00:59 413821776 114.276067 30.563783 114.277767 30.56495 3.4 247.0
2016-10-19 4:01:28 413821776 114.275583 30.563633 114.276067 30.563783 3.4 255.0
2016-10-19 4:01:55 413821776 114.275033 30.563533 114.275583 30.563633 3.4 258.5
2016-10-19 4:02:23 413821776 114.2745 30.563467 114.275033 30.563533 3.4 262.1
2016-10-19 4:06:57 413821776 114.269433 30.5636 114.2745 30.563467 3.6 274.8
2016-10-19 4:07:26 413821776 114.268867 30.563667 114.269433 30.5636 3.6 278.7
2016-10-19 4:08:00 413821776 114.26825 30.563733 114.268867 30.563667 3.6 278.2
2016-10-19 4:09:22 413821776 114.266533 30.563967 114.26825 30.563733 3.6 279.9
2016-10-19 4:10:00 413821776 114.26595 30.564067 114.266533 30.563967 3.6 278.7
2016-10-19 4:10:29 413821776 114.265383 30.564133 114.26595 30.564067 3.6 280.3
2016-10-19 4:11:18 413821776 114.264267 30.56435 114.265383 30.564133 3.6 283.3
2016-10-19 4:12:21 413821776 114.263117 30.564567 114.264267 30.56435 3.6 282.6
2016-10-19 4:13:28 413821776 114.262033 30.564767 114.263117 30.564567 3.5 282.2
2016-10-19 4:15:02 413821776 114.260367 30.565117 114.262033 30.564767 3.4 283.5
2016-10-19 4:17:30 413821776 114.257733 30.565717 114.260367 30.565117 3.4 279.2
2016-10-19 4:18:17 413821776 114.256683 30.565867 114.257733 30.565717 3.4 280.9
2016-10-19 4:22:18 413821776 114.252317 30.566383 114.256683 30.565867 3.5 275.6
2016-10-19 4:22:51 413821776 114.251767 30.566433 114.252317 30.566383 3.5 276.2
2016-10-19 4:24:47 413821776 114.24955 30.5667 114.251767 30.566433 3.5 274.4
2016-10-19 4:25:17 413821776 114.248983 30.566733 114.24955 30.5667 3.5 273.1
2016-10-19 4:27:22 413821776 114.246817 30.5672 114.248983 30.566733 3.6 287.6
2016-10-19 4:28:52 413821776 114.245183 30.567767 114.246817 30.5672 3.5 295.6
2016-10-19 4:29:27 413821776 114.2447 30.567983 114.245183 30.567767 3.5 301.3
2016-10-19 4:30:54 413821776 114.243383 30.5687 114.2447 30.567983 3.4 304.0
2016-10-19 4:31:53 413821776 114.242533 30.569267 114.243383 30.5687 3.2 315.6
2016-10-19 4:34:49 413821776 114.2403 30.57125 114.242533 30.569267 3.3 315.2
2016-10-19 4:36:55 413821776 114.238683 30.57255 114.2403 30.57125 3.4 310.3
2016-10-19 4:37:59 413821776 114.237767 30.572983 114.238683 30.57255 3.3 295.0
2016-10-19 4:38:29 413821776 114.237333 30.573183 114.237767 30.572983 3.2 298.4
2016-10-19 4:38:56 413821776 114.236867 30.573383 114.237333 30.573183 3.3 292.5
2016-10-19 4:39:46 413821776 114.236067 30.573617 114.236867 30.573383 3.2 286.8
2016-10-19 4:40:38 413821776 114.235367 30.573733 114.236067 30.573617 3.2 280.5
2016-10-19 4:40:56 413821776 114.234867 30.573817 114.235367 30.573733 3.2 281.1
2016-10-19 4:41:27 413821776 114.234367 30.573883 114.234867 30.573817 3.2 274.3
2016-10-19 4:42:20 413821776 114.233317 30.573867 114.234367 30.573883 3.3 269.5
2016-10-19 4:44:00 413821776 114.231583 30.57385 114.233317 30.573867 3.8 269.7
2016-10-19 4:45:28 413821776 114.229567 30.57385 114.231583 30.57385 4.4 270.3
2016-10-19 4:45:43 413821776 114.22905 30.573833 114.229567 30.57385 4.5 267.9
2016-10-19 4:47:17 413821776 114.226683 30.57385 114.22905 30.573833 4.1 271.9
2016-10-19 04:53:17 413821776 114.2215944339623 30.5759159245283    
2016-10-19 04:59:17 413821776 114.2165058679245 30.57798184905661    
2016-10-19 5:04:57 413821776 114.2117 30.579933 114.213267 30.578617 2.1 312.5
2016-10-19 05:10:57 413821776 114.208599266055 30.58259391743119    
2016-10-19 5:15:51 413821776 114.206067 30.584767 114.206933 30.58395 2.6 322.5
2016-10-19 5:17:01 413821776 114.20555 30.5853 114.206067 30.584767 2.5 323.3
2016-10-19 5:17:22 413821776 114.205317 30.58555 114.20555 30.5853 2.2 319.5
2016-10-19 5:18:19 413821776 114.20485 30.5858 114.205317 30.58555 1.6 295.4
2016-10-19 5:21:26 413821776 114.203783 30.586283 114.20485 30.5858 1.1 297.8
2016-10-19 5:21:45 413821776 114.20365 30.586317 114.203783 30.586283 1.0 290.2
