2016-10-24 3:47:42 413794112 114.614633 30.557967 114.6156 30.557833 3.2 276.2
2016-10-24 3:49:37 413794112 114.6128 30.55815 114.614633 30.557967 3.2 276.1
2016-10-24 3:50:14 413794112 114.612267 30.558233 114.6128 30.55815 3.2 279.8
2016-10-24 3:52:00 413794112 114.610117 30.558517 114.612267 30.558233 3.2 276.7
2016-10-24 3:52:29 413794112 114.609733 30.55855 114.610117 30.558517 3.2 276.4
2016-10-24 3:52:49 413794112 114.609433 30.558583 114.609733 30.55855 3.2 276.1
2016-10-24 3:53:07 413794112 114.609 30.558617 114.609433 30.558583 3.2 273.9
2016-10-24 03:59:07 413794112 114.6052256873205 30.56364695486254    
2016-10-24 04:05:07 413794112 114.6014513746409 30.56867690972507    
2016-10-24 04:11:07 413794112 114.5976770619614 30.57370686458761    
2016-10-24 04:17:07 413794112 114.5939027492819 30.57873681945015    
2016-10-24 04:23:07 413794112 114.5901284366024 30.58376677431268    
2016-10-24 04:29:07 413794112 114.5863541239229 30.58879672917521    
2016-10-24 04:35:07 413794112 114.5825798112433 30.59382668403775    
2016-10-24 04:41:07 413794112 114.5788054985638 30.59885663890029    
2016-10-24 04:47:07 413794112 114.5750311858843 30.60388659376282    
2016-10-24 04:53:07 413794112 114.5712568732048 30.60891654862536    
2016-10-24 04:59:07 413794112 114.5674825605252 30.6139465034879    
2016-10-24 05:05:07 413794112 114.5637082478457 30.61897645835043    
2016-10-24 05:11:07 413794112 114.5599339351662 30.62400641321297    
2016-10-24 5:14:21 413794112 114.5579 30.626717 114.558167 30.62585 4.7 346.6
2016-10-24 5:17:12 413794112 114.556467 30.630683 114.5579 30.626717 4.5 344.1
2016-10-24 5:18:06 413794112 114.556017 30.6318 114.556467 30.630683 4.5 337.1
2016-10-24 5:19:30 413794112 114.555367 30.633383 114.556017 30.6318 4.4 342.9
2016-10-24 5:20:05 413794112 114.555 30.634117 114.555367 30.633383 4.3 337.5
2016-10-24 5:20:30 413794112 114.55485 30.634433 114.555 30.634117 4.3 337.9
2016-10-24 5:21:12 413794112 114.5545 30.635167 114.55485 30.634433 4.3 338.8
2016-10-24 5:22:00 413794112 114.554133 30.636033 114.5545 30.635167 4.4 340.0
2016-10-24 5:22:17 413794112 114.553833 30.636517 114.554133 30.636033 4.4 339.5
2016-10-24 5:23:05 413794112 114.553517 30.637333 114.553833 30.636517 4.4 341.5
2016-10-24 5:23:58 413794112 114.552933 30.63865 114.553517 30.637333 4.4 336.9
2016-10-24 5:24:27 413794112 114.552733 30.639067 114.552933 30.63865 4.3 338.3
2016-10-24 5:25:10 413794112 114.552383 30.639867 114.552733 30.639067 4.4 338.8
2016-10-24 5:25:30 413794112 114.552233 30.640183 114.552383 30.639867 4.4 339.8
2016-10-24 5:26:03 413794112 114.55195 30.640917 114.552233 30.640183 4.3 341.3
2016-10-24 5:26:44 413794112 114.551617 30.641767 114.55195 30.640917 4.3 342.4
2016-10-24 5:27:00 413794112 114.5515 30.642083 114.551617 30.641767 4.3 342.9
2016-10-24 5:27:27 413794112 114.551417 30.6423 114.5515 30.642083 4.3 344.2
2016-10-24 5:27:47 413794112 114.5512 30.642983 114.551417 30.6423 4.3 344.4
2016-10-24 5:28:52 413794112 114.550883 30.644183 114.5512 30.642983 4.2 347.7
2016-10-24 5:29:49 413794112 114.55055 30.645067 114.550883 30.644183 4.1 341.0
2016-10-24 5:30:17 413794112 114.550267 30.64565 114.55055 30.645067 4.1 337.5
2016-10-24 5:30:38 413794112 114.550083 30.64605 114.550267 30.64565 4.1 337.6
2016-10-24 5:30:55 413794112 114.5499 30.6464 114.550083 30.64605 4.1 335.1
2016-10-24 5:31:12 413794112 114.549733 30.6467 114.5499 30.6464 4.1 331.9
2016-10-24 5:31:51 413794112 114.549483 30.6471 114.549733 30.6467 4.0 332.2
2016-10-24 5:32:16 413794112 114.5491 30.647667 114.549483 30.6471 4.0 327.5
2016-10-24 5:32:32 413794112 114.548883 30.647983 114.5491 30.647667 3.9 329.2
2016-10-24 5:32:50 413794112 114.548683 30.648267 114.548883 30.647983 3.9 328.0
2016-10-24 5:33:15 413794112 114.5484 30.6487 114.548683 30.648267 4.0 332.0
2016-10-24 5:33:37 413794112 114.5482 30.649033 114.5484 30.6487 4.0 331.6
2016-10-24 5:33:55 413794112 114.547983 30.649367 114.5482 30.649033 4.1 329.5
2016-10-24 5:34:13 413794112 114.547817 30.649617 114.547983 30.649367 4.1 330.3
2016-10-24 5:34:45 413794112 114.547583 30.64995 114.547817 30.649617 4.1 328.4
2016-10-24 5:35:09 413794112 114.547067 30.650617 114.547583 30.64995 4.2 324.5
2016-10-24 5:35:28 413794112 114.546983 30.65075 114.547067 30.650617 4.2 324.8
2016-10-24 5:35:49 413794112 114.546567 30.65125 114.546983 30.65075 4.2 325.5
2016-10-24 5:36:17 413794112 114.546367 30.651517 114.546567 30.65125 4.2 327.4
2016-10-24 5:36:56 413794112 114.5458 30.652333 114.546367 30.651517 4.2 329.7
2016-10-24 5:37:41 413794112 114.54545 30.652917 114.5458 30.652333 4.2 334.4
2016-10-24 5:38:04 413794112 114.545067 30.653567 114.54545 30.652917 4.2 331.4
2016-10-24 5:38:20 413794112 114.544967 30.65375 114.545067 30.653567 4.2 332.0
2016-10-24 5:38:58 413794112 114.54455 30.654367 114.544967 30.65375 4.2 332.3
2016-10-24 5:40:00 413794112 114.543917 30.655417 114.54455 30.654367 4.3 331.9
2016-10-24 5:40:35 413794112 114.543617 30.65585 114.543917 30.655417 4.3 329.9
2016-10-24 5:40:59 413794112 114.543183 30.656533 114.543617 30.65585 4.3 331.4
2016-10-24 5:41:35 413794112 114.542733 30.65725 114.543183 30.656533 4.3 331.3
2016-10-24 5:42:59 413794112 114.541967 30.658633 114.542733 30.65725 4.3 337.0
2016-10-24 5:43:28 413794112 114.54175 30.65905 114.541967 30.658633 4.3 338.4
2016-10-24 5:43:49 413794112 114.541433 30.659733 114.54175 30.65905 4.4 338.6
2016-10-24 5:44:27 413794112 114.541083 30.660517 114.541433 30.659733 4.4 337.2
2016-10-24 5:44:59 413794112 114.54085 30.661067 114.541083 30.660517 4.4 344.9
2016-10-24 5:45:24 413794112 114.540783 30.66135 114.54085 30.661067 4.4 351.5
2016-10-24 5:46:02 413794112 114.540783 30.662217 114.540783 30.66135 4.3 359.9
2016-10-24 5:46:34 413794112 114.540783 30.66295 114.540783 30.662217 4.3 1.0
2016-10-24 5:46:58 413794112 114.540817 30.663517 114.540783 30.66295 4.3 5.5
2016-10-24 5:47:17 413794112 114.54085 30.6639 114.540817 30.663517 4.3 6.2
2016-10-24 5:48:00 413794112 114.540883 30.664717 114.54085 30.6639 4.1 355.6
2016-10-24 5:48:22 413794112 114.540783 30.66515 114.540883 30.664717 3.9 345.2
2016-10-24 5:48:39 413794112 114.540733 30.665283 114.540783 30.66515 3.9 343.5
2016-10-24 5:49:27 413794112 114.540483 30.666033 114.540733 30.665283 3.7 344.4
2016-10-24 5:49:54 413794112 114.540267 30.666683 114.540483 30.666033 3.5 343.6
2016-10-24 5:50:17 413794112 114.540183 30.666933 114.540267 30.666683 3.5 342.4
2016-10-24 5:51:09 413794112 114.539783 30.667783 114.540183 30.666933 3.5 336.7
2016-10-24 5:51:34 413794112 114.5396 30.66815 114.539783 30.667783 3.4 336.2
2016-10-24 5:51:55 413794112 114.539483 30.668367 114.5396 30.66815 3.4 334.9
2016-10-24 5:52:15 413794112 114.539283 30.668683 114.539483 30.668367 3.5 331.9
2016-10-24 5:52:44 413794112 114.538983 30.669117 114.539283 30.668683 3.5 325.6
2016-10-24 5:53:27 413794112 114.53845 30.669733 114.538983 30.669117 3.4 322.7
2016-10-24 5:54:20 413794112 114.537933 30.670317 114.53845 30.669733 3.4 323.2
2016-10-24 5:54:49 413794112 114.537733 30.670567 114.537933 30.670317 3.4 325.8
2016-10-24 5:55:11 413794112 114.5374 30.671017 114.537733 30.670567 3.5 325.8
2016-10-24 5:55:31 413794112 114.537183 30.671267 114.5374 30.671017 3.5 323.1
2016-10-24 5:56:08 413794112 114.536667 30.6718 114.537183 30.671267 3.5 319.1
2016-10-24 5:56:34 413794112 114.5363 30.6722 114.536667 30.6718 3.4 322.4
2016-10-24 5:56:57 413794112 114.536117 30.672417 114.5363 30.6722 3.4 324.9
2016-10-24 5:58:12 413794112 114.535333 30.673367 114.536117 30.672417 3.5 325.0
2016-10-24 5:58:53 413794112 114.535 30.6738 114.535333 30.673367 3.5 326.4
2016-10-24 5:59:38 413794112 114.534617 30.674267 114.535 30.6738 3.4 320.5
2016-10-24 6:00:07 413794112 114.533917 30.674867 114.534617 30.674267 3.4 314.4
2016-10-24 6:00:54 413794112 114.533217 30.67545 114.533917 30.674867 3.6 312.5
2016-10-24 6:01:27 413794112 114.532883 30.675717 114.533217 30.67545 3.6 310.6
2016-10-24 6:01:54 413794112 114.532517 30.675983 114.532883 30.675717 3.7 310.1
2016-10-24 6:02:15 413794112 114.532083 30.676317 114.532517 30.675983 3.7 311.9
2016-10-24 6:02:37 413794112 114.531783 30.67655 114.532083 30.676317 3.8 311.0
2016-10-24 6:03:01 413794112 114.531317 30.676867 114.531783 30.67655 3.9 305.8
2016-10-24 6:03:44 413794112 114.530683 30.67735 114.531317 30.676867 3.9 310.5
2016-10-24 6:04:03 413794112 114.5303 30.677633 114.530683 30.67735 3.9 310.8
2016-10-24 6:04:39 413794112 114.529783 30.678067 114.5303 30.677633 4.0 314.9
2016-10-24 6:05:03 413794112 114.5294 30.6784 114.529783 30.678067 4.1 315.6
2016-10-24 6:05:20 413794112 114.529233 30.67855 114.5294 30.6784 4.1 315.4
2016-10-24 6:05:40 413794112 114.528733 30.679 114.529233 30.67855 4.2 315.6
2016-10-24 6:06:14 413794112 114.52845 30.679233 114.528733 30.679 4.2 312.0
2016-10-24 6:06:39 413794112 114.52775 30.679683 114.52845 30.679233 4.1 305.8
2016-10-24 6:07:00 413794112 114.527383 30.679917 114.52775 30.679683 4.1 306.3
2016-10-24 6:07:20 413794112 114.527017 30.68015 114.527383 30.679917 4.1 306.1
2016-10-24 6:07:54 413794112 114.526433 30.680483 114.527017 30.68015 4.1 301.5
2016-10-24 6:08:21 413794112 114.5259 30.680783 114.526433 30.680483 4.1 302.1
2016-10-24 6:08:45 413794112 114.52545 30.681017 114.5259 30.680783 4.0 301.2
2016-10-24 6:09:08 413794112 114.52495 30.681283 114.52545 30.681017 4.0 298.7
2016-10-24 6:09:38 413794112 114.524467 30.6815 114.52495 30.681283 4.0 298.8
2016-10-24 6:09:59 413794112 114.52405 30.681717 114.524467 30.6815 3.9 300.0
2016-10-24 6:10:18 413794112 114.523733 30.681867 114.52405 30.681717 4.0 295.8
2016-10-24 6:11:14 413794112 114.522633 30.68235 114.523733 30.681867 4.0 299.0
2016-10-24 6:11:38 413794112 114.522067 30.682583 114.522633 30.68235 4.0 294.6
2016-10-24 6:11:59 413794112 114.521683 30.682733 114.522067 30.682583 4.0 291.5
2016-10-24 6:12:19 413794112 114.5213 30.68285 114.521683 30.682733 4.0 288.6
2016-10-24 6:12:45 413794112 114.5211 30.6829 114.5213 30.68285 4.0 287.9
2016-10-24 6:13:06 413794112 114.520283 30.683133 114.5211 30.6829 4.1 288.3
2016-10-24 6:13:28 413794112 114.519867 30.683233 114.520283 30.683133 4.0 284.8
2016-10-24 6:13:50 413794112 114.519617 30.683283 114.519867 30.683233 4.0 283.3
2016-10-24 6:14:28 413794112 114.518883 30.683483 114.519617 30.683283 3.9 287.9
2016-10-24 6:14:53 413794112 114.518383 30.683617 114.518883 30.683483 3.9 285.5
2016-10-24 6:15:14 413794112 114.517667 30.6838 114.518383 30.683617 3.8 286.3
2016-10-24 6:15:33 413794112 114.5174 30.683867 114.517667 30.6838 3.8 286.9
2016-10-24 6:16:03 413794112 114.51685 30.684017 114.5174 30.683867 3.9 287.0
2016-10-24 6:16:31 413794112 114.5162 30.6842 114.51685 30.684017 3.8 285.5
2016-10-24 6:16:52 413794112 114.515683 30.6843 114.5162 30.6842 3.9 282.0
2016-10-24 6:17:14 413794112 114.515267 30.684383 114.515683 30.6843 3.9 283.3
2016-10-24 6:17:53 413794112 114.5145 30.6846 114.515267 30.684383 3.8 286.7
2016-10-24 6:18:16 413794112 114.51415 30.684683 114.5145 30.6846 3.9 284.1
2016-10-24 6:18:34 413794112 114.513683 30.684767 114.51415 30.684683 3.9 282.5
2016-10-24 6:18:51 413794112 114.513233 30.68485 114.513683 30.684767 3.9 281.8
2016-10-24 6:19:20 413794112 114.512667 30.684967 114.513233 30.68485 4.0 283.6
2016-10-24 6:19:46 413794112 114.512183 30.685083 114.512667 30.684967 3.9 286.8
2016-10-24 6:20:08 413794112 114.511767 30.6852 114.512183 30.685083 3.9 285.7
2016-10-24 6:20:27 413794112 114.511267 30.6853 114.511767 30.6852 3.9 282.1
2016-10-24 6:20:54 413794112 114.510767 30.685383 114.511267 30.6853 3.8 281.6
2016-10-24 6:21:16 413794112 114.51025 30.685483 114.510767 30.685383 3.9 281.0
2016-10-24 6:21:31 413794112 114.509967 30.685533 114.51025 30.685483 3.9 281.4
2016-10-24 6:21:52 413794112 114.509483 30.685617 114.509967 30.685533 3.8 280.3
2016-10-24 6:22:30 413794112 114.5088 30.685733 114.509483 30.685617 3.8 281.1
2016-10-24 6:22:56 413794112 114.508333 30.685833 114.5088 30.685733 3.8 283.7
2016-10-24 6:23:17 413794112 114.507767 30.685967 114.508333 30.685833 3.8 288.7
2016-10-24 6:23:35 413794112 114.507417 30.686083 114.507767 30.685967 3.8 292.0
2016-10-24 6:24:08 413794112 114.507 30.686267 114.507417 30.686083 3.8 296.3
2016-10-24 6:24:31 413794112 114.5064 30.686533 114.507 30.686267 3.9 297.0
2016-10-24 6:24:51 413794112 114.506033 30.6867 114.5064 30.686533 3.9 296.7
2016-10-24 6:25:12 413794112 114.505717 30.686833 114.506033 30.6867 3.9 294.0
2016-10-24 6:25:40 413794112 114.505067 30.687067 114.505717 30.686833 4.0 289.8
2016-10-24 6:26:03 413794112 114.504683 30.687183 114.505067 30.687067 4.0 289.0
2016-10-24 6:26:24 413794112 114.504167 30.687333 114.504683 30.687183 4.1 290.1
2016-10-24 6:26:45 413794112 114.50385 30.687433 114.504167 30.687333 4.1 289.0
2016-10-24 6:27:21 413794112 114.503067 30.68755 114.50385 30.687433 3.8 271.5
2016-10-24 6:27:44 413794112 114.502583 30.687533 114.503067 30.68755 3.8 265.8
2016-10-24 6:28:07 413794112 114.502017 30.687483 114.502583 30.687533 3.7 263.4
2016-10-24 6:28:26 413794112 114.5017 30.687467 114.502017 30.687483 3.7 263.4
2016-10-24 6:29:05 413794112 114.5009 30.687383 114.5017 30.687467 3.8 261.9
2016-10-24 6:29:30 413794112 114.500417 30.687317 114.5009 30.687383 3.8 259.9
2016-10-24 6:29:53 413794112 114.499917 30.68725 114.500417 30.687317 3.8 261.6
2016-10-24 6:30:16 413794112 114.499417 30.687217 114.499917 30.68725 3.8 264.9
2016-10-24 6:31:09 413794112 114.49845 30.687117 114.499417 30.687217 3.8 263.2
2016-10-24 6:31:28 413794112 114.497933 30.687067 114.49845 30.687117 3.8 261.1
2016-10-24 6:31:47 413794112 114.497517 30.687017 114.497933 30.687067 3.8 261.1
2016-10-24 6:32:14 413794112 114.497117 30.686983 114.497517 30.687017 3.7 264.6
2016-10-24 6:32:34 413794112 114.496667 30.686933 114.497117 30.686983 3.7 261.5
2016-10-24 6:32:56 413794112 114.49615 30.686883 114.496667 30.686933 3.7 263.8
2016-10-24 6:33:19 413794112 114.495833 30.686867 114.49615 30.686883 3.8 263.7
2016-10-24 6:33:54 413794112 114.495017 30.686767 114.495833 30.686867 3.7 259.8
2016-10-24 6:34:15 413794112 114.49455 30.6867 114.495017 30.686767 3.7 259.7
2016-10-24 6:34:31 413794112 114.4942 30.686667 114.49455 30.6867 3.7 261.0
2016-10-24 6:34:50 413794112 114.493833 30.686617 114.4942 30.686667 3.7 262.8
2016-10-24 6:35:25 413794112 114.4932 30.686617 114.493833 30.686617 3.6 269.8
2016-10-24 6:35:51 413794112 114.493033 30.686617 114.4932 30.686617 3.6 273.1
2016-10-24 6:36:12 413794112 114.49225 30.6867 114.493033 30.686617 3.6 276.8
2016-10-24 6:36:35 413794112 114.491817 30.686767 114.49225 30.6867 3.6 280.8
2016-10-24 6:37:08 413794112 114.4912 30.686917 114.491817 30.686767 3.5 287.0
2016-10-24 6:37:32 413794112 114.490767 30.687083 114.4912 30.686917 3.6 292.8
2016-10-24 6:37:54 413794112 114.490417 30.68725 114.490767 30.687083 3.7 298.9
2016-10-24 6:38:11 413794112 114.490083 30.687433 114.490417 30.68725 3.8 301.1
2016-10-24 6:38:42 413794112 114.489633 30.68765 114.490083 30.687433 3.8 298.7
2016-10-24 6:39:03 413794112 114.489117 30.6879 114.489633 30.68765 3.8 297.9
2016-10-24 6:39:24 413794112 114.48875 30.688067 114.489117 30.6879 3.8 295.3
2016-10-24 6:39:43 413794112 114.488383 30.6882 114.48875 30.688067 3.8 293.1
2016-10-24 6:40:16 413794112 114.487833 30.6884 114.488383 30.6882 3.9 290.9
2016-10-24 6:40:40 413794112 114.4874 30.688567 114.487833 30.6884 3.8 290.2
2016-10-24 6:41:01 413794112 114.486917 30.688717 114.4874 30.688567 3.7 286.3
2016-10-24 6:41:21 413794112 114.486767 30.68875 114.486917 30.688717 3.7 284.4
2016-10-24 6:41:52 413794112 114.486017 30.688833 114.486767 30.68875 3.6 273.6
2016-10-24 6:42:17 413794112 114.485417 30.688833 114.486017 30.688833 3.6 264.0
2016-10-24 6:42:38 413794112 114.485033 30.688783 114.485417 30.688833 3.6 258.3
2016-10-24 6:42:56 413794112 114.484667 30.6887 114.485033 30.688783 3.7 256.9
2016-10-24 6:43:24 413794112 114.484083 30.688617 114.484667 30.6887 3.7 260.0
2016-10-24 6:43:50 413794112 114.483533 30.68855 114.484083 30.688617 3.8 262.5
2016-10-24 6:44:08 413794112 114.483283 30.688533 114.483533 30.68855 3.8 265.1
2016-10-24 6:44:27 413794112 114.482817 30.688517 114.483283 30.688533 3.8 264.1
2016-10-24 6:44:55 413794112 114.482233 30.688433 114.482817 30.688517 4.0 256.1
2016-10-24 6:45:20 413794112 114.481833 30.68835 114.482233 30.688433 3.9 256.5
2016-10-24 6:45:41 413794112 114.481267 30.688233 114.481833 30.68835 3.9 253.1
2016-10-24 6:46:01 413794112 114.480967 30.688167 114.481267 30.688233 3.9 253.6
2016-10-24 6:46:46 413794112 114.4801 30.687933 114.480967 30.688167 4.0 252.4
2016-10-24 6:47:14 413794112 114.4794 30.687733 114.4801 30.687933 4.0 250.9
2016-10-24 6:47:35 413794112 114.479067 30.68765 114.4794 30.687733 4.0 252.4
2016-10-24 6:47:56 413794112 114.478467 30.687483 114.479067 30.68765 4.0 252.7
2016-10-24 6:48:32 413794112 114.4777 30.687333 114.478467 30.687483 4.0 254.6
2016-10-24 6:48:57 413794112 114.477317 30.687233 114.4777 30.687333 4.0 252.1
2016-10-24 6:49:16 413794112 114.476817 30.687117 114.477317 30.687233 4.0 256.5
2016-10-24 6:49:38 413794112 114.476467 30.687033 114.476817 30.687117 4.0 251.8
2016-10-24 6:50:14 413794112 114.47575 30.686633 114.476467 30.687033 3.9 227.1
2016-10-24 6:50:36 413794112 114.475517 30.686433 114.47575 30.686633 4.0 222.7
2016-10-24 6:50:58 413794112 114.475133 30.686033 114.475517 30.686433 4.0 218.4
2016-10-24 6:51:23 413794112 114.474967 30.68585 114.475133 30.686033 4.1 217.2
2016-10-24 6:51:59 413794112 114.474317 30.685083 114.474967 30.68585 4.1 218.2
2016-10-24 6:52:22 413794112 114.47395 30.684783 114.474317 30.685083 3.8 232.4
2016-10-24 6:52:42 413794112 114.473583 30.684617 114.47395 30.684783 3.6 242.3
2016-10-24 6:53:04 413794112 114.473183 30.68445 114.473583 30.684617 3.6 245.1
2016-10-24 6:53:37 413794112 114.47275 30.6843 114.473183 30.68445 3.6 247.9
2016-10-24 6:54:02 413794112 114.472117 30.6841 114.47275 30.6843 3.8 250.4
2016-10-24 6:54:27 413794112 114.471633 30.683967 114.472117 30.6841 3.9 251.3
2016-10-24 6:54:50 413794112 114.47115 30.683833 114.471633 30.683967 4.0 250.1
2016-10-24 6:55:22 413794112 114.47055 30.68365 114.47115 30.683833 4.1 250.4
2016-10-24 6:55:49 413794112 114.469967 30.683467 114.47055 30.68365 4.2 250.9
2016-10-24 6:56:21 413794112 114.469217 30.68325 114.469967 30.683467 4.3 249.2
2016-10-24 6:56:44 413794112 114.4687 30.6831 114.469217 30.68325 4.4 250.0
2016-10-24 6:57:06 413794112 114.46845 30.683017 114.4687 30.6831 4.4 251.0
2016-10-24 6:57:43 413794112 114.467383 30.682717 114.46845 30.683017 4.4 254.1
2016-10-24 6:58:10 413794112 114.466667 30.682583 114.467383 30.682717 4.5 257.0
2016-10-24 6:58:31 413794112 114.466183 30.682483 114.466667 30.682583 4.5 255.7
2016-10-24 6:58:53 413794112 114.465683 30.682383 114.466183 30.682483 4.5 257.5
2016-10-24 6:59:11 413794112 114.46515 30.682283 114.465683 30.682383 4.5 257.9
2016-10-24 6:59:49 413794112 114.464383 30.682167 114.46515 30.682283 4.5 260.1
2016-10-24 7:00:18 413794112 114.46365 30.68205 114.464383 30.682167 4.5 258.5
2016-10-24 7:00:40 413794112 114.4632 30.681967 114.46365 30.68205 4.5 257.8
2016-10-24 7:01:04 413794112 114.4626 30.681867 114.4632 30.681967 4.6 256.2
2016-10-24 7:01:35 413794112 114.461733 30.681733 114.4626 30.681867 4.6 260.7
2016-10-24 7:01:59 413794112 114.461617 30.681717 114.461733 30.681733 4.6 262.5
2016-10-24 7:02:20 413794112 114.46065 30.681717 114.461617 30.681717 4.6 272.8
2016-10-24 7:02:40 413794112 114.46015 30.681767 114.46065 30.681717 4.5 276.7
2016-10-24 7:03:09 413794112 114.459467 30.681833 114.46015 30.681767 4.3 273.7
2016-10-24 7:03:30 413794112 114.458933 30.681833 114.459467 30.681833 4.2 267.7
2016-10-24 7:03:52 413794112 114.458517 30.6818 114.458933 30.681833 4.1 263.9
2016-10-24 7:04:14 413794112 114.458 30.681733 114.458517 30.6818 4.0 259.5
2016-10-24 7:04:48 413794112 114.45735 30.681617 114.458 30.681733 4.0 255.9
2016-10-24 7:05:15 413794112 114.456783 30.681467 114.45735 30.681617 4.0 251.5
2016-10-24 7:05:39 413794112 114.4563 30.681333 114.456783 30.681467 4.1 249.7
2016-10-24 7:06:02 413794112 114.4558 30.681167 114.4563 30.681333 4.1 248.8
2016-10-24 7:06:40 413794112 114.455117 30.680967 114.4558 30.681167 4.1 254.3
2016-10-24 7:07:08 413794112 114.4543 30.680783 114.455117 30.680967 4.1 255.2
2016-10-24 7:07:32 413794112 114.453783 30.680683 114.4543 30.680783 4.2 254.9
2016-10-24 7:07:55 413794112 114.453233 30.68055 114.453783 30.680683 4.2 252.3
2016-10-24 7:08:28 413794112 114.452617 30.680383 114.453233 30.68055 4.3 251.7
2016-10-24 7:08:51 413794112 114.452117 30.680233 114.452617 30.680383 4.4 251.7
2016-10-24 7:09:10 413794112 114.45155 30.6801 114.452117 30.680233 4.5 251.8
2016-10-24 7:09:28 413794112 114.45125 30.68 114.45155 30.6801 4.5 248.5
2016-10-24 7:10:01 413794112 114.450433 30.679717 114.45125 30.68 4.5 247.6
2016-10-24 7:10:28 413794112 114.44975 30.6795 114.450433 30.679717 4.5 249.1
2016-10-24 7:10:55 413794112 114.4495 30.6794 114.44975 30.6795 4.5 247.4
2016-10-24 7:11:18 413794112 114.448667 30.6791 114.4495 30.6794 4.5 247.9
2016-10-24 7:12:01 413794112 114.447817 30.678767 114.448667 30.6791 4.4 240.1
2016-10-24 7:12:26 413794112 114.447283 30.67845 114.447817 30.678767 4.3 234.8
2016-10-24 7:12:47 413794112 114.446967 30.678283 114.447283 30.67845 4.2 237.7
2016-10-24 7:13:09 413794112 114.446417 30.678017 114.446967 30.678283 4.1 242.3
2016-10-24 7:13:38 413794112 114.445867 30.677783 114.446417 30.678017 3.9 242.4
2016-10-24 7:14:03 413794112 114.44535 30.677583 114.445867 30.677783 3.9 244.1
2016-10-24 7:14:20 413794112 114.445 30.677433 114.44535 30.677583 3.8 243.5
2016-10-24 7:14:40 413794112 114.444667 30.677283 114.445 30.677433 3.8 242.1
2016-10-24 7:15:18 413794112 114.444017 30.677017 114.444667 30.677283 3.6 244.4
2016-10-24 7:15:49 413794112 114.443583 30.676867 114.444017 30.677017 3.5 244.2
2016-10-24 7:16:12 413794112 114.44305 30.676617 114.443583 30.676867 3.7 243.0
2016-10-24 7:16:33 413794112 114.442667 30.676483 114.44305 30.676617 3.7 247.7
2016-10-24 7:17:09 413794112 114.442 30.6763 114.442667 30.676483 3.6 253.8
2016-10-24 7:17:35 413794112 114.44145 30.6762 114.442 30.6763 3.7 254.7
2016-10-24 7:17:54 413794112 114.4411 30.676117 114.44145 30.6762 3.7 254.1
2016-10-24 7:18:17 413794112 114.440717 30.67605 114.4411 30.676117 3.7 257.8
2016-10-24 7:18:57 413794112 114.439917 30.6759 114.440717 30.67605 3.7 254.6
2016-10-24 7:19:22 413794112 114.4396 30.675833 114.439917 30.6759 3.6 252.9
2016-10-24 7:19:47 413794112 114.439017 30.67565 114.4396 30.675833 3.7 249.0
2016-10-24 7:20:05 413794112 114.438533 30.6755 114.439017 30.67565 3.8 246.8
2016-10-24 7:20:38 413794112 114.438067 30.675317 114.438533 30.6755 3.8 245.8
2016-10-24 7:21:02 413794112 114.437467 30.675083 114.438067 30.675317 3.9 243.3
2016-10-24 7:21:22 413794112 114.43715 30.67495 114.437467 30.675083 3.9 244.1
2016-10-24 7:21:43 413794112 114.436683 30.674783 114.43715 30.67495 3.9 247.7
2016-10-24 7:22:19 413794112 114.436017 30.674467 114.436683 30.674783 3.9 235.5
2016-10-24 7:22:45 413794112 114.435533 30.6742 114.436017 30.674467 3.9 240.1
2016-10-24 7:23:07 413794112 114.43515 30.67405 114.435533 30.6742 3.9 245.2
2016-10-24 7:23:26 413794112 114.434733 30.673917 114.43515 30.67405 3.9 251.8
2016-10-24 7:23:57 413794112 114.4341 30.6738 114.434733 30.673917 3.9 256.8
2016-10-24 7:24:22 413794112 114.433567 30.673667 114.4341 30.6738 3.9 250.8
2016-10-24 7:24:44 413794112 114.433117 30.673517 114.433567 30.673667 3.9 248.4
2016-10-24 7:25:05 413794112 114.43265 30.673383 114.433117 30.673517 3.9 249.9
2016-10-24 7:25:34 413794112 114.432133 30.673217 114.43265 30.673383 3.9 247.3
2016-10-24 7:26:01 413794112 114.431567 30.673 114.432133 30.673217 4.0 244.0
2016-10-24 7:26:20 413794112 114.43125 30.672867 114.431567 30.673 4.0 243.4
2016-10-24 7:26:39 413794112 114.430783 30.672683 114.43125 30.672867 4.0 245.0
2016-10-24 7:27:06 413794112 114.430317 30.6725 114.430783 30.672683 4.0 244.1
2016-10-24 7:27:27 413794112 114.429883 30.672317 114.430317 30.6725 4.1 239.4
2016-10-24 7:27:49 413794112 114.429517 30.672117 114.429883 30.672317 4.1 238.2
2016-10-24 7:28:12 413794112 114.429017 30.671867 114.429517 30.672117 4.2 239.7
2016-10-24 7:28:45 413794112 114.4284 30.671583 114.429017 30.671867 4.2 240.4
2016-10-24 7:29:13 413794112 114.4279 30.671333 114.4284 30.671583 4.2 238.6
2016-10-24 7:29:40 413794112 114.427383 30.67105 114.4279 30.671333 4.2 234.8
2016-10-24 7:30:02 413794112 114.426883 30.6707 114.427383 30.67105 4.2 228.4
2016-10-24 7:30:40 413794112 114.426267 30.6702 114.426883 30.6707 4.3 224.6
2016-10-24 7:31:04 413794112 114.42585 30.669867 114.426267 30.6702 4.2 224.6
2016-10-24 7:31:25 413794112 114.425467 30.66955 114.42585 30.669867 4.2 225.0
2016-10-24 7:31:45 413794112 114.42515 30.669267 114.425467 30.66955 4.2 225.8
2016-10-24 7:32:15 413794112 114.424683 30.6689 114.42515 30.669267 4.2 226.8
2016-10-24 7:32:39 413794112 114.424483 30.66875 114.424683 30.6689 4.2 226.7
2016-10-24 7:32:58 413794112 114.423917 30.66835 114.424483 30.66875 4.1 231.3
2016-10-24 7:33:22 413794112 114.423467 30.668017 114.423917 30.66835 4.1 225.9
2016-10-24 7:34:00 413794112 114.422883 30.66755 114.423467 30.668017 4.1 228.8
2016-10-24 7:34:28 413794112 114.422417 30.667233 114.422883 30.66755 4.1 231.0
2016-10-24 7:34:50 413794112 114.422033 30.666983 114.422417 30.667233 4.2 228.7
2016-10-24 7:35:15 413794112 114.421617 30.6667 114.422033 30.666983 4.1 235.6
2016-10-24 7:35:51 413794112 114.420933 30.66645 114.421617 30.6667 3.8 250.0
2016-10-24 7:36:22 413794112 114.420383 30.666283 114.420933 30.66645 3.8 248.8
2016-10-24 7:36:45 413794112 114.4198 30.666133 114.420383 30.666283 3.8 254.5
2016-10-24 7:37:06 413794112 114.419367 30.666033 114.4198 30.666133 3.9 252.7
2016-10-24 7:37:41 413794112 114.4187 30.66585 114.419367 30.666033 3.9 250.8
2016-10-24 7:38:05 413794112 114.41815 30.665683 114.4187 30.66585 4.0 251.1
2016-10-24 7:38:23 413794112 114.417733 30.665567 114.41815 30.665683 4.0 249.7
2016-10-24 7:38:46 413794112 114.4172 30.665433 114.417733 30.665567 4.0 256.6
2016-10-24 7:39:22 413794112 114.416517 30.665317 114.4172 30.665433 4.0 254.4
2016-10-24 7:39:46 413794112 114.416017 30.665183 114.416517 30.665317 4.1 253.6
2016-10-24 7:40:03 413794112 114.41575 30.665117 114.416017 30.665183 4.1 253.5
2016-10-24 7:40:26 413794112 114.415083 30.664983 114.41575 30.665117 4.1 258.8
2016-10-24 7:41:00 413794112 114.4144 30.6649 114.415083 30.664983 4.2 263.3
2016-10-24 7:41:24 413794112 114.413883 30.66485 114.4144 30.6649 4.2 260.2
2016-10-24 7:41:45 413794112 114.413267 30.664733 114.413883 30.66485 4.2 257.8
2016-10-24 7:42:06 413794112 114.4128 30.66465 114.413267 30.664733 4.2 257.7
2016-10-24 7:42:38 413794112 114.4122 30.664567 114.4128 30.66465 4.2 260.9
2016-10-24 7:43:03 413794112 114.41155 30.664467 114.4122 30.664567 4.1 258.5
2016-10-24 7:43:25 413794112 114.4111 30.664383 114.41155 30.664467 4.1 257.7
2016-10-24 7:43:46 413794112 114.4106 30.664283 114.4111 30.664383 4.1 257.8
2016-10-24 7:44:12 413794112 114.410083 30.664183 114.4106 30.664283 4.1 255.2
2016-10-24 7:44:30 413794112 114.40965 30.664083 114.410083 30.664183 4.1 253.3
2016-10-24 7:44:49 413794112 114.40935 30.664 114.40965 30.664083 4.1 253.1
2016-10-24 7:45:08 413794112 114.408983 30.663917 114.40935 30.664 4.1 253.2
2016-10-24 7:45:39 413794112 114.408167 30.663617 114.408983 30.663917 4.2 244.3
2016-10-24 7:46:05 413794112 114.407617 30.6634 114.408167 30.663617 4.3 244.3
2016-10-24 7:46:31 413794112 114.407183 30.663217 114.407617 30.6634 4.3 244.4
2016-10-24 7:46:57 413794112 114.406483 30.662967 114.407183 30.663217 4.3 246.6
2016-10-24 7:47:31 413794112 114.405783 30.66275 114.406483 30.662967 4.3 250.6
2016-10-24 7:47:58 413794112 114.405117 30.662517 114.405783 30.66275 4.3 243.9
2016-10-24 7:48:21 413794112 114.40475 30.66235 114.405117 30.662517 4.3 242.9
2016-10-24 7:48:44 413794112 114.404167 30.662067 114.40475 30.66235 4.3 236.9
2016-10-24 7:49:13 413794112 114.4036 30.66175 114.404167 30.662067 4.3 234.1
2016-10-24 7:49:36 413794112 114.403183 30.661467 114.4036 30.66175 4.3 230.8
2016-10-24 7:49:57 413794112 114.402783 30.6612 114.403183 30.661467 4.2 232.6
2016-10-24 7:50:16 413794112 114.40245 30.661 114.402783 30.6612 4.1 232.3
2016-10-24 7:50:47 413794112 114.4019 30.6606 114.40245 30.661 4.0 230.9
2016-10-24 7:51:12 413794112 114.401467 30.660317 114.4019 30.6606 4.0 230.2
2016-10-24 7:51:31 413794112 114.40115 30.6601 114.401467 30.660317 4.0 234.3
2016-10-24 7:51:51 413794112 114.400817 30.6599 114.40115 30.6601 4.0 232.1
2016-10-24 7:52:31 413794112 114.400117 30.659433 114.400817 30.6599 4.1 232.9
2016-10-24 7:52:57 413794112 114.399633 30.65915 114.400117 30.659433 3.9 242.0
2016-10-24 7:53:18 413794112 114.399233 30.659017 114.399633 30.65915 3.6 255.3
2016-10-24 7:53:41 413794112 114.398717 30.65895 114.399233 30.659017 3.5 264.0
2016-10-24 7:54:22 413794112 114.397917 30.65905 114.398717 30.65895 3.4 284.8
2016-10-24 7:54:52 413794112 114.397417 30.659167 114.397917 30.65905 3.4 280.9
2016-10-24 7:55:15 413794112 114.396917 30.659233 114.397417 30.659167 3.4 275.9
2016-10-24 7:55:38 413794112 114.3966 30.65925 114.396917 30.659233 3.4 271.9
2016-10-24 7:56:12 413794112 114.395933 30.65925 114.3966 30.65925 3.5 267.8
2016-10-24 7:56:36 413794112 114.395433 30.659217 114.395933 30.65925 3.5 263.9
2016-10-24 7:56:57 413794112 114.39495 30.659183 114.395433 30.659217 3.6 264.2
2016-10-24 7:57:17 413794112 114.394517 30.659133 114.39495 30.659183 3.7 260.1
2016-10-24 7:57:47 413794112 114.394 30.659033 114.394517 30.659133 3.8 256.4
2016-10-24 7:58:08 413794112 114.393517 30.658933 114.394 30.659033 3.9 254.4
2016-10-24 7:58:31 413794112 114.393067 30.658817 114.393517 30.658933 4.0 253.3
2016-10-24 7:58:54 413794112 114.392667 30.658717 114.393067 30.658817 4.0 250.6
2016-10-24 7:59:36 413794112 114.39175 30.6584 114.392667 30.658717 4.2 245.6
2016-10-24 8:00:08 413794112 114.391067 30.658133 114.39175 30.6584 4.2 244.3
2016-10-24 8:00:34 413794112 114.390483 30.657883 114.391067 30.658133 4.3 242.8
2016-10-24 8:01:02 413794112 114.389867 30.657617 114.390483 30.657883 4.3 242.8
2016-10-24 8:01:46 413794112 114.388933 30.65725 114.389867 30.657617 4.3 246.2
2016-10-24 8:02:17 413794112 114.388383 30.65705 114.388933 30.65725 4.3 247.0
2016-10-24 8:02:39 413794112 114.38775 30.656833 114.388383 30.65705 4.3 247.7
2016-10-24 8:02:59 413794112 114.387267 30.656667 114.38775 30.656833 4.3 248.4
2016-10-24 8:03:34 413794112 114.386517 30.656417 114.387267 30.656667 4.4 247.3
2016-10-24 8:04:00 413794112 114.385917 30.656217 114.386517 30.656417 4.4 245.6
2016-10-24 8:04:20 413794112 114.385483 30.656033 114.385917 30.656217 4.4 242.8
2016-10-24 8:04:43 413794112 114.385017 30.655817 114.385483 30.656033 4.4 241.8
2016-10-24 8:05:25 413794112 114.38415 30.6554 114.385017 30.655817 4.5 239.0
2016-10-24 8:05:54 413794112 114.383667 30.655167 114.38415 30.6554 4.5 239.4
2016-10-24 8:06:14 413794112 114.383117 30.6549 114.383667 30.655167 4.5 240.5
2016-10-24 8:06:36 413794112 114.382617 30.654667 114.383117 30.6549 4.5 240.4
2016-10-24 8:07:13 413794112 114.38185 30.6543 114.382617 30.654667 4.5 239.6
2016-10-24 8:07:40 413794112 114.381283 30.654017 114.38185 30.6543 4.4 236.4
2016-10-24 8:08:02 413794112 114.3808 30.653683 114.381283 30.654017 4.4 227.1
2016-10-24 8:08:23 413794112 114.38045 30.6534 114.3808 30.653683 4.4 228.3
2016-10-24 8:09:01 413794112 114.37975 30.652983 114.38045 30.6534 4.4 237.7
2016-10-24 8:09:29 413794112 114.379067 30.652683 114.37975 30.652983 4.4 243.9
2016-10-24 8:09:51 413794112 114.378633 30.652483 114.379067 30.652683 4.3 239.0
2016-10-24 8:10:12 413794112 114.3782 30.652283 114.378633 30.652483 4.3 240.1
2016-10-24 8:10:48 413794112 114.37745 30.651933 114.3782 30.652283 4.4 241.7
2016-10-24 8:11:17 413794112 114.376917 30.651717 114.37745 30.651933 4.4 243.7
2016-10-24 8:11:42 413794112 114.376317 30.651467 114.376917 30.651717 4.4 242.4
2016-10-24 8:12:07 413794112 114.375733 30.6512 114.376317 30.651467 4.4 241.6
2016-10-24 8:12:44 413794112 114.374983 30.650867 114.375733 30.6512 4.3 241.3
2016-10-24 8:13:11 413794112 114.374483 30.650633 114.374983 30.650867 4.3 239.9
2016-10-24 8:13:37 413794112 114.373883 30.650333 114.374483 30.650633 4.4 240.0
2016-10-24 8:13:59 413794112 114.373633 30.650233 114.373883 30.650333 4.4 239.5
2016-10-24 8:14:32 413794112 114.372767 30.64985 114.373633 30.650233 4.4 248.5
2016-10-24 8:14:55 413794112 114.372317 30.649683 114.372767 30.64985 4.4 243.6
2016-10-24 8:15:16 413794112 114.371767 30.649417 114.372317 30.649683 4.4 238.3
2016-10-24 8:15:37 413794112 114.371383 30.649217 114.371767 30.649417 4.4 238.4
2016-10-24 8:16:14 413794112 114.370533 30.648783 114.371383 30.649217 4.5 237.8
2016-10-24 8:16:45 413794112 114.369833 30.648417 114.370533 30.648783 4.5 237.8
2016-10-24 8:17:10 413794112 114.36935 30.648167 114.369833 30.648417 4.5 238.9
2016-10-24 8:17:31 413794112 114.368833 30.647917 114.36935 30.648167 4.5 239.2
2016-10-24 8:18:10 413794112 114.368017 30.6475 114.368833 30.647917 4.5 237.8
2016-10-24 8:18:39 413794112 114.36745 30.647217 114.368017 30.6475 4.5 238.5
2016-10-24 8:19:06 413794112 114.366833 30.6469 114.36745 30.647217 4.5 238.3
2016-10-24 8:19:27 413794112 114.366333 30.646633 114.366833 30.6469 4.5 236.0
2016-10-24 8:19:56 413794112 114.365817 30.64635 114.366333 30.646633 4.5 236.3
2016-10-24 8:20:20 413794112 114.365333 30.646083 114.365817 30.64635 4.4 236.7
2016-10-24 8:20:40 413794112 114.364817 30.6458 114.365333 30.646083 4.4 236.3
2016-10-24 8:21:01 413794112 114.364583 30.645683 114.364817 30.6458 4.5 235.9
2016-10-24 8:21:42 413794112 114.3637 30.64515 114.364583 30.645683 4.5 234.3
2016-10-24 8:22:11 413794112 114.363133 30.644833 114.3637 30.64515 4.4 235.2
2016-10-24 8:22:36 413794112 114.362483 30.644483 114.363133 30.644833 4.4 235.7
2016-10-24 8:23:03 413794112 114.361983 30.6442 114.362483 30.644483 4.3 237.9
2016-10-24 8:23:46 413794112 114.3612 30.643667 114.361983 30.6442 4.2 225.3
2016-10-24 8:24:24 413794112 114.3608 30.643317 114.3612 30.643667 4.3 223.5
2016-10-24 8:24:55 413794112 114.360067 30.642667 114.3608 30.643317 4.5 223.2
2016-10-24 8:25:21 413794112 114.359633 30.642283 114.360067 30.642667 4.6 224.8
2016-10-24 8:26:00 413794112 114.35895 30.641767 114.359633 30.642283 4.6 226.2
2016-10-24 8:26:31 413794112 114.358433 30.64135 114.35895 30.641767 4.6 226.7
2016-10-24 8:26:55 413794112 114.357833 30.640883 114.358433 30.64135 4.6 226.8
2016-10-24 8:27:19 413794112 114.357433 30.640567 114.357833 30.640883 4.5 226.2
2016-10-24 8:27:59 413794112 114.356733 30.64 114.357433 30.640567 4.4 222.9
2016-10-24 8:28:30 413794112 114.356267 30.639517 114.356733 30.64 4.4 216.1
2016-10-24 8:28:55 413794112 114.355933 30.639117 114.356267 30.639517 4.4 212.3
2016-10-24 8:29:19 413794112 114.355567 30.63865 114.355933 30.639117 4.3 216.5
2016-10-24 8:30:06 413794112 114.354883 30.63795 114.355567 30.63865 4.2 217.0
2016-10-24 8:30:38 413794112 114.354483 30.637517 114.354883 30.63795 4.2 217.9
2016-10-24 8:31:00 413794112 114.354117 30.63715 114.354483 30.637517 4.1 219.5
2016-10-24 8:31:24 413794112 114.353717 30.63675 114.354117 30.63715 4.1 218.3
2016-10-24 8:32:04 413794112 114.353317 30.63635 114.353717 30.63675 4.1 219.0
2016-10-24 8:32:32 413794112 114.352767 30.635767 114.353317 30.63635 4.1 216.0
2016-10-24 8:32:56 413794112 114.35255 30.635533 114.352767 30.635767 4.0 218.9
2016-10-24 8:33:14 413794112 114.352167 30.635167 114.35255 30.635533 3.9 221.0
2016-10-24 8:33:50 413794112 114.351667 30.634717 114.352167 30.635167 3.8 223.6
2016-10-24 8:34:13 413794112 114.351333 30.63445 114.351667 30.634717 3.7 225.6
2016-10-24 8:34:34 413794112 114.350983 30.6342 114.351333 30.63445 3.7 228.9
2016-10-24 8:34:52 413794112 114.35065 30.633983 114.350983 30.6342 3.7 230.3
2016-10-24 8:35:38 413794112 114.35 30.633533 114.35065 30.633983 3.7 232.3
2016-10-24 8:36:05 413794112 114.349517 30.633233 114.35 30.633533 3.6 245.9
2016-10-24 8:36:25 413794112 114.349233 30.632983 114.349517 30.633233 3.6 208.1
2016-10-24 8:36:50 413794112 114.349067 30.6326 114.349233 30.632983 3.7 196.7
2016-10-24 8:37:28 413794112 114.348867 30.632217 114.349067 30.6326 3.5 209.6
2016-10-24 8:37:57 413794112 114.348383 30.631767 114.348867 30.632217 3.1 227.9
2016-10-24 8:38:19 413794112 114.3481 30.631633 114.348383 30.631767 3.0 240.4
2016-10-24 8:38:39 413794112 114.34775 30.631417 114.3481 30.631633 3.1 228.9
2016-10-24 8:39:11 413794112 114.347367 30.631083 114.34775 30.631417 3.2 219.1
2016-10-24 8:39:38 413794112 114.347083 30.630783 114.347367 30.631083 3.3 215.9
2016-10-24 8:40:02 413794112 114.346817 30.630483 114.347083 30.630783 3.4 219.1
2016-10-24 8:40:26 413794112 114.346467 30.630133 114.346817 30.630483 3.4 218.0
2016-10-24 8:41:09 413794112 114.346067 30.629717 114.346467 30.630133 3.5 217.9
2016-10-24 8:41:46 413794112 114.345483 30.629167 114.346067 30.629717 3.6 218.5
2016-10-24 8:42:12 413794112 114.345117 30.6288 114.345483 30.629167 3.6 220.1
2016-10-24 8:42:33 413794112 114.344833 30.62855 114.345117 30.6288 3.7 222.1
2016-10-24 8:43:09 413794112 114.344383 30.628167 114.344833 30.62855 3.7 224.8
2016-10-24 8:43:38 413794112 114.34395 30.627817 114.344383 30.628167 3.6 224.8
2016-10-24 8:44:03 413794112 114.343567 30.627533 114.34395 30.627817 3.5 228.4
2016-10-24 8:44:29 413794112 114.34315 30.627233 114.343567 30.627533 3.4 235.2
2016-10-24 8:45:01 413794112 114.342683 30.627 114.34315 30.627233 3.3 233.6
2016-10-24 8:45:30 413794112 114.342167 30.626867 114.342683 30.627 3.2 261.2
2016-10-24 8:45:54 413794112 114.341683 30.6268 114.342167 30.626867 3.1 250.5
2016-10-24 8:46:18 413794112 114.341317 30.626633 114.341683 30.6268 3.0 239.7
2016-10-24 8:47:06 413794112 114.34075 30.626367 114.341317 30.626633 3.1 238.5
2016-10-24 8:47:37 413794112 114.340183 30.6261 114.34075 30.626367 3.2 240.9
2016-10-24 8:48:06 413794112 114.339733 30.625917 114.340183 30.6261 3.3 245.3
2016-10-24 8:48:33 413794112 114.33925 30.625717 114.339733 30.625917 3.3 242.3
2016-10-24 8:49:11 413794112 114.3386 30.6254 114.33925 30.625717 3.4 240.0
2016-10-24 8:49:43 413794112 114.338067 30.625167 114.3386 30.6254 3.4 238.6
2016-10-24 8:50:04 413794112 114.3377 30.625 114.338067 30.625167 3.4 237.5
2016-10-24 8:50:21 413794112 114.33765 30.62495 114.3377 30.625 3.4 236.9
2016-10-24 8:50:57 413794112 114.336883 30.624533 114.33765 30.62495 3.4 230.1
2016-10-24 8:51:24 413794112 114.33655 30.62425 114.336883 30.624533 3.4 222.1
2016-10-24 8:51:48 413794112 114.336217 30.62395 114.33655 30.62425 3.4 219.3
2016-10-24 8:52:10 413794112 114.335933 30.62365 114.336217 30.62395 3.5 218.0
2016-10-24 8:52:59 413794112 114.3354 30.623067 114.335933 30.62365 3.5 218.1
2016-10-24 8:53:28 413794112 114.334983 30.622667 114.3354 30.623067 3.5 219.5
2016-10-24 8:53:52 413794112 114.3347 30.622383 114.334983 30.622667 3.4 219.3
2016-10-24 8:54:18 413794112 114.334383 30.6221 114.3347 30.622383 3.4 219.5
2016-10-24 8:54:57 413794112 114.3339 30.621633 114.334383 30.6221 3.5 222.2
2016-10-24 8:55:24 413794112 114.3335 30.621283 114.3339 30.621633 3.5 222.1
2016-10-24 8:55:49 413794112 114.33315 30.620983 114.3335 30.621283 3.5 223.6
2016-10-24 8:56:10 413794112 114.332883 30.620733 114.33315 30.620983 3.5 222.9
2016-10-24 8:56:51 413794112 114.332383 30.620283 114.332883 30.620733 3.5 223.7
2016-10-24 8:57:51 413794112 114.33155 30.61955 114.33765 30.62495 3.5 221.7
2016-10-24 8:58:13 413794112 114.331233 30.619283 114.33155 30.61955 3.6 222.6
2016-10-24 8:58:57 413794112 114.330683 30.6188 114.331233 30.619283 3.6 223.6
2016-10-24 8:59:32 413794112 114.330167 30.61835 114.330683 30.6188 3.6 224.4
2016-10-24 8:59:56 413794112 114.329817 30.618083 114.330167 30.61835 3.6 223.5
2016-10-24 9:00:20 413794112 114.3295 30.617783 114.329817 30.618083 3.6 220.3
2016-10-24 9:01:00 413794112 114.328967 30.61725 114.3295 30.617783 3.6 221.1
2016-10-24 9:01:27 413794112 114.3286 30.616883 114.328967 30.61725 3.6 218.8
2016-10-24 9:01:52 413794112 114.3283 30.61655 114.3286 30.616883 3.6 217.4
2016-10-24 9:02:20 413794112 114.327983 30.6162 114.3283 30.61655 3.7 217.7
2016-10-24 9:02:57 413794112 114.3275 30.61565 114.327983 30.6162 3.7 217.1
2016-10-24 9:03:21 413794112 114.327267 30.6154 114.3275 30.61565 3.7 217.8
2016-10-24 9:03:47 413794112 114.326867 30.61495 114.327267 30.6154 3.7 218.7
2016-10-24 9:04:09 413794112 114.326617 30.614683 114.326867 30.61495 3.8 219.5
2016-10-24 9:04:53 413794112 114.326033 30.614067 114.326617 30.614683 3.9 217.8
2016-10-24 9:05:22 413794112 114.32565 30.6137 114.326033 30.614067 3.8 218.6
2016-10-24 9:05:42 413794112 114.325367 30.613383 114.32565 30.6137 3.8 216.8
2016-10-24 9:06:08 413794112 114.325 30.612983 114.325367 30.613383 3.9 216.6
2016-10-24 9:06:57 413794112 114.324433 30.61235 114.325 30.612983 3.9 215.5
2016-10-24 9:07:26 413794112 114.324033 30.61185 114.324433 30.61235 3.9 211.6
2016-10-24 9:07:53 413794112 114.32375 30.611417 114.324033 30.61185 3.9 209.6
2016-10-24 9:08:16 413794112 114.323483 30.61105 114.32375 30.611417 3.9 209.3
2016-10-24 9:08:50 413794112 114.323183 30.610567 114.323483 30.61105 3.9 207.7
2016-10-24 9:09:20 413794112 114.32285 30.610067 114.323183 30.610567 4.0 209.6
2016-10-24 9:09:45 413794112 114.322517 30.609617 114.32285 30.610067 4.0 210.2
2016-10-24 9:10:14 413794112 114.32225 30.60925 114.322517 30.609617 3.9 212.2
2016-10-24 9:10:55 413794112 114.321733 30.608617 114.32225 30.60925 3.9 214.5
2016-10-24 9:11:25 413794112 114.32135 30.608133 114.321733 30.608617 3.9 215.5
2016-10-24 9:11:49 413794112 114.32105 30.607783 114.32135 30.608133 3.9 215.0
2016-10-24 9:12:11 413794112 114.320767 30.607483 114.32105 30.607783 3.9 216.5
2016-10-24 9:12:53 413794112 114.320233 30.6069 114.320767 30.607483 3.8 218.4
2016-10-24 9:13:25 413794112 114.319833 30.606467 114.320233 30.6069 3.8 218.2
2016-10-24 9:13:49 413794112 114.319467 30.6061 114.319833 30.606467 3.8 224.5
2016-10-24 9:14:15 413794112 114.319067 30.605867 114.319467 30.6061 3.8 234.8
2016-10-24 9:14:57 413794112 114.318233 30.605467 114.319067 30.605867 4.0 237.8
2016-10-24 9:15:30 413794112 114.3176 30.605167 114.318233 30.605467 4.0 242.9
2016-10-24 9:15:53 413794112 114.3171 30.60495 114.3176 30.605167 4.0 240.9
2016-10-24 9:16:18 413794112 114.316717 30.604733 114.3171 30.60495 3.9 237.3
2016-10-24 9:16:57 413794112 114.31605 30.6043 114.316717 30.604733 3.8 229.1
2016-10-24 9:17:31 413794112 114.315633 30.60395 114.31605 30.6043 3.8 225.8
2016-10-24 9:17:56 413794112 114.315167 30.60355 114.315633 30.60395 3.9 225.7
2016-10-24 9:18:23 413794112 114.314717 30.603183 114.315167 30.60355 4.0 226.4
2016-10-24 9:18:55 413794112 114.314183 30.602783 114.314717 30.603183 4.0 228.0
2016-10-24 9:19:25 413794112 114.313733 30.602383 114.314183 30.602783 4.0 221.4
2016-10-24 9:19:49 413794112 114.31335 30.602 114.313733 30.602383 4.0 219.4
2016-10-24 9:20:14 413794112 114.313033 30.601683 114.31335 30.602 4.0 220.3
2016-10-24 9:20:51 413794112 114.312517 30.60115 114.313033 30.601683 4.0 219.2
2016-10-24 9:21:16 413794112 114.312233 30.60085 114.312517 30.60115 4.0 219.3
2016-10-24 9:21:38 413794112 114.31185 30.60045 114.312233 30.60085 4.0 217.8
2016-10-24 9:21:59 413794112 114.311533 30.600083 114.31185 30.60045 4.1 215.2
2016-10-24 9:22:33 413794112 114.311117 30.599567 114.311533 30.600083 4.2 215.3
2016-10-24 9:23:02 413794112 114.310717 30.599117 114.311117 30.599567 4.2 219.8
2016-10-24 9:23:28 413794112 114.31035 30.59875 114.310717 30.599117 4.2 221.6
2016-10-24 9:23:50 413794112 114.309983 30.5984 114.31035 30.59875 4.2 223.1
2016-10-24 9:24:40 413794112 114.3093 30.597767 114.309983 30.5984 4.1 222.1
2016-10-24 9:25:13 413794112 114.308783 30.597217 114.3093 30.597767 4.1 220.2
2016-10-24 9:25:39 413794112 114.3084 30.5968 114.308783 30.597217 4.1 216.1
2016-10-24 9:26:05 413794112 114.308067 30.596417 114.3084 30.5968 4.1 215.4
2016-10-24 9:26:43 413794112 114.30755 30.595783 114.308067 30.596417 4.2 212.1
2016-10-24 9:27:16 413794112 114.307183 30.59525 114.30755 30.595783 4.3 212.1
2016-10-24 9:27:41 413794112 114.306817 30.594783 114.307183 30.59525 4.3 213.7
2016-10-24 9:28:03 413794112 114.306533 30.594383 114.306817 30.594783 4.3 211.7
2016-10-24 9:28:37 413794112 114.306133 30.593817 114.306533 30.594383 4.3 210.0
2016-10-24 9:29:07 413794112 114.305767 30.593317 114.306133 30.593817 4.3 212.3
2016-10-24 9:29:33 413794112 114.305433 30.592883 114.305767 30.593317 4.2 211.8
2016-10-24 9:29:59 413794112 114.305117 30.592467 114.305433 30.592883 4.2 213.4
2016-10-24 9:30:42 413794112 114.3046 30.591783 114.305117 30.592467 4.1 210.9
2016-10-24 9:31:13 413794112 114.304183 30.591217 114.3046 30.591783 4.1 212.9
2016-10-24 9:31:40 413794112 114.303967 30.590883 114.304183 30.591217 4.1 213.0
2016-10-24 9:32:03 413794112 114.303633 30.59045 114.303967 30.590883 4.0 211.8
2016-10-24 9:32:37 413794112 114.30325 30.589867 114.303633 30.59045 4.1 209.3
2016-10-24 9:33:05 413794112 114.302917 30.589383 114.30325 30.589867 4.2 207.9
2016-10-24 9:33:29 413794112 114.302617 30.588933 114.302917 30.589383 4.2 210.2
2016-10-24 9:33:53 413794112 114.302383 30.5886 114.302617 30.588933 4.3 208.7
2016-10-24 9:34:31 413794112 114.301967 30.58785 114.302383 30.5886 4.4 206.6
2016-10-24 9:35:06 413794112 114.301617 30.587367 114.301967 30.58785 4.4 211.8
2016-10-24 9:35:33 413794112 114.301167 30.586717 114.301617 30.587367 4.4 210.7
2016-10-24 9:35:59 413794112 114.3009 30.58635 114.301167 30.586717 4.4 211.1
2016-10-24 9:36:42 413794112 114.3004 30.585533 114.3009 30.58635 4.4 208.9
2016-10-24 9:37:17 413794112 114.3 30.584917 114.3004 30.585533 4.4 207.2
2016-10-24 9:37:41 413794112 114.299717 30.5844 114.3 30.584917 4.4 205.8
2016-10-24 9:38:07 413794112 114.299433 30.58395 114.299717 30.5844 4.4 206.8
2016-10-24 9:38:45 413794112 114.299083 30.583333 114.299433 30.58395 4.4 204.7
2016-10-24 9:39:16 413794112 114.29875 30.582767 114.299083 30.583333 4.3 205.6
2016-10-24 9:39:42 413794112 114.298433 30.582283 114.29875 30.582767 4.3 208.9
2016-10-24 9:40:04 413794112 114.29815 30.581817 114.298433 30.582283 4.2 206.3
2016-10-24 9:40:37 413794112 114.29785 30.58135 114.29815 30.581817 4.1 210.7
2016-10-24 9:41:07 413794112 114.297483 30.580783 114.29785 30.58135 4.1 208.1
2016-10-24 9:41:34 413794112 114.29725 30.5804 114.297483 30.580783 4.0 205.8
2016-10-24 9:41:59 413794112 114.296983 30.579917 114.29725 30.5804 4.0 205.3
2016-10-24 9:42:41 413794112 114.296867 30.5797 114.296983 30.579917 4.0 204.9
2016-10-24 9:43:11 413794112 114.29635 30.578733 114.296867 30.5797 4.0 203.0
2016-10-24 9:43:35 413794112 114.296333 30.57865 114.29635 30.578733 4.0 202.4
2016-10-24 9:43:59 413794112 114.29595 30.57785 114.296333 30.57865 4.0 200.9
2016-10-24 9:44:34 413794112 114.2957 30.577333 114.29595 30.57785 4.0 205.0
2016-10-24 9:45:07 413794112 114.29525 30.576733 114.2957 30.577333 3.9 212.5
2016-10-24 9:45:34 413794112 114.295217 30.576683 114.29525 30.576733 3.9 212.0
2016-10-24 9:46:33 413794112 114.294483 30.575633 114.295217 30.576683 4.0 208.8
2016-10-24 9:47:03 413794112 114.294033 30.574967 114.294483 30.575633 4.0 209.2
2016-10-24 9:47:51 413794112 114.29345 30.574117 114.294033 30.574967 4.0 211.2
2016-10-24 9:48:36 413794112 114.292967 30.573433 114.29345 30.574117 4.0 210.7
2016-10-24 9:49:08 413794112 114.2926 30.572883 114.292967 30.573433 4.1 208.7
2016-10-24 9:49:31 413794112 114.2924 30.5726 114.2926 30.572883 4.1 209.5
2016-10-24 9:49:54 413794112 114.292217 30.572283 114.2924 30.5726 4.1 208.8
2016-10-24 9:50:35 413794112 114.291733 30.571583 114.292217 30.572283 4.1 210.1
2016-10-24 9:51:02 413794112 114.2913 30.570967 114.291733 30.571583 4.2 210.9
2016-10-24 9:51:25 413794112 114.291033 30.570583 114.2913 30.570967 4.2 211.5
2016-10-24 9:51:47 413794112 114.290767 30.570217 114.291033 30.570583 4.2 208.6
2016-10-24 9:52:22 413794112 114.290417 30.569617 114.290767 30.570217 4.1 207.9
2016-10-24 9:52:48 413794112 114.290117 30.569167 114.290417 30.569617 4.2 209.1
2016-10-24 9:53:15 413794112 114.28985 30.568733 114.290117 30.569167 4.2 208.9
2016-10-24 9:53:41 413794112 114.289533 30.568283 114.28985 30.568733 4.3 210.6
2016-10-24 9:54:20 413794112 114.28905 30.56755 114.289533 30.568283 4.3 209.5
2016-10-24 9:54:53 413794112 114.288683 30.567017 114.28905 30.56755 4.3 210.4
2016-10-24 9:55:19 413794112 114.288433 30.56665 114.288683 30.567017 4.3 211.1
2016-10-24 9:55:42 413794112 114.288083 30.566183 114.288433 30.56665 4.3 211.8
2016-10-24 9:56:21 413794112 114.2876 30.5655 114.288083 30.566183 4.3 211.4
2016-10-24 9:56:53 413794112 114.287233 30.564983 114.2876 30.5655 4.3 211.3
2016-10-24 9:57:16 413794112 114.286917 30.564533 114.287233 30.564983 4.2 209.9
2016-10-24 9:57:42 413794112 114.286633 30.564117 114.286917 30.564533 4.2 210.9
2016-10-24 9:58:18 413794112 114.286233 30.5635 114.286633 30.564117 4.2 206.7
2016-10-24 9:58:49 413794112 114.286 30.563083 114.286233 30.5635 4.2 205.5
2016-10-24 9:59:17 413794112 114.285683 30.5625 114.286 30.563083 4.1 203.3
2016-10-24 9:59:40 413794112 114.28545 30.56205 114.285683 30.5625 4.1 204.0
2016-10-24 10:00:20 413794112 114.285183 30.561517 114.28545 30.56205 4.2 203.7
2016-10-24 10:00:49 413794112 114.28485 30.560817 114.285183 30.561517 4.2 201.6
2016-10-24 10:01:15 413794112 114.28465 30.560367 114.28485 30.560817 4.2 200.3
2016-10-24 10:01:38 413794112 114.284467 30.559917 114.28465 30.560367 4.3 200.5
2016-10-24 10:02:16 413794112 114.284167 30.559233 114.284467 30.559917 4.3 199.1
2016-10-24 10:02:42 413794112 114.283967 30.558767 114.284167 30.559233 4.4 199.6
2016-10-24 10:03:04 413794112 114.283783 30.558317 114.283967 30.558767 4.3 200.1
2016-10-24 10:03:25 413794112 114.283617 30.557917 114.283783 30.558317 4.3 199.0
2016-10-24 10:04:10 413794112 114.283267 30.557083 114.283617 30.557917 4.3 200.8
2016-10-24 10:05:01 413794112 114.2828 30.55605 114.283267 30.557083 4.3 201.6
2016-10-24 10:05:24 413794112 114.282583 30.555617 114.2828 30.55605 4.2 202.3
2016-10-24 10:06:07 413794112 114.282333 30.555 114.282583 30.555617 4.2 198.1
2016-10-24 10:06:38 413794112 114.28205 30.554333 114.282333 30.555 4.1 201.9
2016-10-24 10:07:04 413794112 114.2818 30.553833 114.28205 30.554333 4.1 205.6
2016-10-24 10:07:28 413794112 114.28155 30.55345 114.2818 30.553833 4.0 208.6
2016-10-24 10:08:08 413794112 114.281117 30.552933 114.28155 30.55345 4.0 216.2
2016-10-24 10:08:37 413794112 114.280617 30.5524 114.281117 30.552933 3.9 220.2
2016-10-24 10:09:03 413794112 114.280283 30.55205 114.280617 30.5524 3.9 220.4
2016-10-24 10:09:30 413794112 114.279917 30.551717 114.280283 30.55205 3.9 221.7
2016-10-24 10:10:05 413794112 114.279417 30.5512 114.279917 30.551717 3.9 217.2
2016-10-24 10:10:37 413794112 114.279183 30.55095 114.279417 30.5512 3.9 216.9
2016-10-24 10:11:00 413794112 114.2788 30.55045 114.279183 30.55095 3.8 212.4
2016-10-24 10:11:25 413794112 114.278533 30.550083 114.2788 30.55045 3.8 210.2
2016-10-24 10:11:59 413794112 114.2782 30.549533 114.278533 30.550083 3.7 206.4
2016-10-24 10:12:25 413794112 114.278033 30.549267 114.2782 30.549533 3.7 208.0
2016-10-24 10:12:53 413794112 114.277683 30.54865 114.278033 30.549267 3.7 206.4
2016-10-24 10:13:16 413794112 114.277517 30.5484 114.277683 30.54865 3.7 208.4
2016-10-24 10:13:55 413794112 114.277083 30.547717 114.277517 30.5484 3.7 207.1
2016-10-24 10:14:31 413794112 114.276933 30.547467 114.277083 30.547717 3.8 208.0
2016-10-24 10:14:56 413794112 114.27645 30.546767 114.276933 30.547467 3.8 210.0
2016-10-24 10:15:19 413794112 114.276233 30.546417 114.27645 30.546767 3.7 207.7
2016-10-24 10:16:02 413794112 114.275817 30.54575 114.276233 30.546417 3.7 206.9
2016-10-24 10:16:33 413794112 114.275533 30.545317 114.275817 30.54575 3.7 207.9
2016-10-24 10:17:00 413794112 114.275317 30.54495 114.275533 30.545317 3.6 206.6
2016-10-24 10:17:27 413794112 114.275017 30.544467 114.275317 30.54495 3.5 206.5
2016-10-24 10:18:10 413794112 114.274683 30.543833 114.275017 30.544467 3.5 204.3
2016-10-24 10:19:07 413794112 114.274267 30.54295 114.274683 30.543833 3.5 201.6
2016-10-24 10:19:32 413794112 114.274033 30.542533 114.274267 30.54295 3.5 206.1
2016-10-24 10:20:08 413794112 114.273817 30.54205 114.274033 30.542533 3.4 200.0
2016-10-24 10:20:40 413794112 114.273667 30.54175 114.273817 30.54205 3.4 203.5
2016-10-24 10:21:04 413794112 114.2734 30.5412 114.273667 30.54175 3.2 205.2
2016-10-24 10:21:27 413794112 114.273283 30.541017 114.2734 30.5412 3.2 204.5
2016-10-24 10:22:08 413794112 114.272967 30.5404 114.273283 30.541017 3.1 207.3
2016-10-24 10:22:39 413794112 114.272667 30.539967 114.272967 30.5404 3.0 207.2
2016-10-24 10:23:10 413794112 114.272467 30.539617 114.272667 30.539967 2.9 205.2
2016-10-24 10:23:36 413794112 114.272233 30.539217 114.272467 30.539617 3.0 205.2
2016-10-24 10:24:18 413794112 114.272 30.53875 114.272233 30.539217 3.0 204.6
2016-10-24 10:24:46 413794112 114.271767 30.538333 114.272 30.53875 3.1 205.3
2016-10-24 10:25:09 413794112 114.271633 30.5381 114.271767 30.538333 3.1 205.3
2016-10-24 10:25:32 413794112 114.27145 30.537783 114.271633 30.5381 3.0 206.3
2016-10-24 10:26:29 413794112 114.271167 30.5372 114.27145 30.537783 2.9 203.5
2016-10-24 10:26:56 413794112 114.270833 30.536767 114.271167 30.5372 3.1 212.8
2016-10-24 10:27:21 413794112 114.270583 30.5365 114.270833 30.536767 2.8 223.1
2016-10-24 10:28:02 413794112 114.270083 30.535967 114.270583 30.5365 3.0 219.3
2016-10-24 10:28:28 413794112 114.2699 30.53575 114.270083 30.535967 3.0 219.6
2016-10-24 10:28:54 413794112 114.26955 30.535333 114.2699 30.53575 3.0 214.4
2016-10-24 10:29:23 413794112 114.269433 30.535183 114.26955 30.535333 2.9 216.6
2016-10-24 10:30:09 413794112 114.268933 30.534683 114.269433 30.535183 2.2 218.7
2016-10-24 10:30:45 413794112 114.268633 30.534333 114.268933 30.534683 2.3 215.6
2016-10-24 10:31:14 413794112 114.268433 30.534117 114.268633 30.534333 2.4 224.1
2016-10-24 10:31:42 413794112 114.26825 30.533933 114.268433 30.534117 2.5 217.9
2016-10-24 10:32:17 413794112 114.267867 30.533533 114.26825 30.533933 2.6 221.7
2016-10-24 10:32:47 413794112 114.267617 30.5333 114.267867 30.533533 2.3 218.3
2016-10-24 10:33:10 413794112 114.267433 30.533083 114.267617 30.5333 2.2 214.3
2016-10-24 10:33:30 413794112 114.267217 30.532783 114.267433 30.533083 2.7 210.7
2016-10-24 10:34:08 413794112 114.266983 30.53245 114.267217 30.532783 2.9 209.0
2016-10-24 10:36:16 413794112 114.2662 30.531417 114.266983 30.53245 2.6 215.0
2016-10-24 10:36:51 413794112 114.2656 30.530683 114.2662 30.531417 2.8 214.1
2016-10-24 10:37:39 413794112 114.265067 30.530117 114.2656 30.530683 3.0 217.2
2016-10-24 10:38:16 413794112 114.264967 30.530017 114.265067 30.530117 3.0 218.2
2016-10-24 10:41:23 413794112 114.262767 30.527683 114.264967 30.530017 3.2 224.9
2016-10-24 10:42:13 413794112 114.262183 30.52715 114.262767 30.527683 3.3 219.1
2016-10-24 10:43:41 413794112 114.261233 30.525933 114.262183 30.52715 3.6 209.9
2016-10-24 10:44:23 413794112 114.260833 30.525367 114.261233 30.525933 3.7 210.4
2016-10-24 10:44:53 413794112 114.260567 30.524983 114.260833 30.525367 3.8 210.9
2016-10-24 10:45:22 413794112 114.2602 30.524417 114.260567 30.524983 3.9 208.8
2016-10-24 10:46:19 413794112 114.259433 30.523367 114.2602 30.524417 3.8 214.4
2016-10-24 10:46:42 413794112 114.259333 30.52325 114.259433 30.523367 3.8 213.8
2016-10-24 10:47:03 413794112 114.258933 30.522717 114.259333 30.52325 3.7 213.5
2016-10-24 10:47:23 413794112 114.258717 30.522433 114.258933 30.522717 3.7 213.5
2016-10-24 10:48:05 413794112 114.258433 30.522117 114.258717 30.522433 3.7 217.7
2016-10-24 10:49:05 413794112 114.2575 30.521 114.258433 30.522117 3.7 214.0
2016-10-24 10:50:38 413794112 114.25665 30.519933 114.2575 30.521 3.8 213.2
2016-10-24 10:51:00 413794112 114.256117 30.519267 114.25665 30.519933 3.8 214.5
2016-10-24 10:52:04 413794112 114.255417 30.518383 114.256117 30.519267 3.9 213.8
2016-10-24 10:54:04 413794112 114.253867 30.516567 114.255417 30.518383 3.9 216.4
2016-10-24 10:54:58 413794112 114.2532 30.515733 114.253867 30.516567 3.8 211.8
2016-10-24 10:57:01 413794112 114.25195 30.513767 114.2532 30.515733 3.9 207.4
2016-10-24 10:58:04 413794112 114.2514 30.512933 114.25195 30.513767 4.0 211.6
2016-10-24 10:58:36 413794112 114.2508 30.51235 114.2514 30.512933 3.9 227.6
2016-10-24 10:58:58 413794112 114.250483 30.512133 114.2508 30.51235 3.9 233.2
2016-10-24 10:59:26 413794112 114.249883 30.511733 114.250483 30.512133 3.9 226.2
2016-10-24 11:00:00 413794112 114.249567 30.511433 114.249883 30.511733 4.0 220.1
2016-10-24 11:00:54 413794112 114.248833 30.510717 114.249567 30.511433 4.0 220.2
2016-10-24 11:02:45 413794112 114.24695 30.508783 114.248833 30.510717 4.1 215.1
2016-10-24 11:03:44 413794112 114.246233 30.5078 114.24695 30.508783 4.2 211.4
2016-10-24 11:04:14 413794112 114.245867 30.507283 114.246233 30.5078 4.2 208.1
2016-10-24 11:04:38 413794112 114.245617 30.506883 114.245867 30.507283 4.2 204.5
2016-10-24 11:05:01 413794112 114.24545 30.5065 114.245617 30.506883 4.3 202.5
2016-10-24 11:05:47 413794112 114.24495 30.505633 114.24545 30.5065 4.3 210.0
2016-10-24 11:06:17 413794112 114.244783 30.5054 114.24495 30.505633 4.3 211.9
2016-10-24 11:07:41 413794112 114.243517 30.50375 114.244783 30.5054 4.3 214.7
2016-10-24 11:08:13 413794112 114.243133 30.503267 114.243517 30.50375 4.3 214.5
2016-10-24 11:08:59 413794112 114.242433 30.5024 114.243133 30.503267 4.3 213.8
2016-10-24 11:09:38 413794112 114.241933 30.501717 114.242433 30.5024 4.3 211.3
2016-10-24 11:10:13 413794112 114.241583 30.501233 114.241933 30.501717 4.3 211.6
2016-10-24 11:11:37 413794112 114.240667 30.4999 114.241583 30.501233 4.4 208.1
2016-10-24 11:13:38 413794112 114.23955 30.497733 114.240667 30.4999 4.3 198.4
2016-10-24 11:14:11 413794112 114.239117 30.496617 114.23955 30.497733 4.3 197.6
2016-10-24 11:15:43 413794112 114.238733 30.495533 114.239117 30.496617 3.9 198.3
2016-10-24 11:16:14 413794112 114.238433 30.49485 114.238733 30.495533 3.7 197.5
2016-10-24 11:16:43 413794112 114.23815 30.49415 114.238433 30.49485 3.6 195.5
2016-10-24 11:17:14 413794112 114.238033 30.493833 114.23815 30.49415 3.6 198.1
2016-10-24 11:17:57 413794112 114.23775 30.493283 114.238033 30.493833 3.5 206.4
2016-10-24 11:19:58 413794112 114.236417 30.4912 114.23775 30.493283 3.5 212.1
2016-10-24 11:23:54 413794112 114.23305 30.488933 114.236417 30.4912 3.4 244.1
2016-10-24 11:24:26 413794112 114.232567 30.488667 114.23305 30.488933 3.3 234.3
2016-10-24 11:24:56 413794112 114.232417 30.488583 114.232567 30.488667 3.3 233.8
2016-10-24 11:26:00 413794112 114.231233 30.487683 114.232417 30.488583 3.3 224.2
2016-10-24 11:29:09 413794112 114.228917 30.48535 114.231233 30.487683 3.8 215.3
