2016-10-21 9:11:29 413834064 114.262973 30.521142 223.828788 0.0 5.6 33.1 33.0
2016-10-21 9:14:49 413834064 114.26618 30.525195 114.262973 30.521142 5.9 36.7 36.0
2016-10-21 9:15:41 413834064 114.267317 30.526515 114.26618 30.525195 5.9 36.9 36.0
2016-10-21 9:16:17 413834064 114.268183 30.527535 114.267317 30.526515 5.7 35.7 35.0
2016-10-21 9:19:40 413834064 114.271035 30.531172 114.268183 30.527535 5.4 33.3 33.0
2016-10-21 9:20:49 413834064 114.272255 30.532808 114.271035 30.531172 5.6 30.8 30.0
2016-10-21 9:23:45 413834064 114.274828 30.537135 114.272255 30.532808 5.8 25.8 25.0
2016-10-21 9:24:52 413834064 114.275565 30.538422 114.274828 30.537135 5.8 26.7 26.0
2016-10-21 9:26:20 413834064 114.27677 30.540422 114.275565 30.538422 5.8 28.2 28.0
2016-10-21 9:28:09 413834064 114.278632 30.543203 114.27677 30.540422 5.5 32.0 32.0
2016-10-21 9:30:10 413834064 114.280143 30.545553 114.278632 30.543203 5.4 27.2 27.0
2016-10-21 9:32:21 413834064 114.281967 30.548977 114.280143 30.545553 5.3 21.4 21.0
2016-10-21 9:33:17 413834064 114.282445 30.550017 114.281967 30.548977 5.3 22.6 22.0
2016-10-21 9:34:17 413834064 114.283415 30.551715 114.282445 30.550017 5.1 30.0 30.0
2016-10-21 9:36:30 413834064 114.284895 30.554177 114.283415 30.551715 4.9 26.1 26.0
2016-10-21 9:38:35 413834064 114.286512 30.556993 114.284895 30.554177 4.9 27.8 27.0
2016-10-21 9:40:59 413834064 114.288378 30.559727 114.286512 30.556993 5.0 31.1 31.0
2016-10-21 9:43:24 413834064 114.290562 30.562813 114.288378 30.559727 5.3 31.3 31.0
2016-10-21 9:44:23 413834064 114.291503 30.564073 114.290562 30.562813 5.2 34.3 34.0
2016-10-21 9:46:52 413834064 114.293402 30.566567 114.291503 30.564073 5.2 29.7 29.0
2016-10-21 9:48:27 413834064 114.294962 30.569167 114.293402 30.566567 5.2 30.2 30.0
2016-10-21 9:48:52 413834064 114.295407 30.569812 114.294962 30.569167 5.2 31.5 31.0
2016-10-21 9:49:41 413834064 114.296093 30.570758 114.295407 30.569812 5.2 32.0 32.0
2016-10-21 9:51:09 413834064 114.297252 30.572333 114.296093 30.570758 5.2 32.8 32.0
2016-10-21 9:52:16 413834064 114.2982 30.573582 114.297252 30.572333 5.2 34.3 34.0
2016-10-21 9:53:45 413834064 114.299858 30.575753 114.2982 30.573582 5.4 32.3 32.0
2016-10-21 9:54:26 413834064 114.300333 30.576405 114.299858 30.575753 5.5 31.8 31.0
2016-10-21 9:56:22 413834064 114.302263 30.579113 114.300333 30.576405 5.6 31.9 31.0
2016-10-21 9:56:52 413834064 114.302768 30.579807 114.302263 30.579113 5.6 31.9 31.0
2016-10-21 9:57:18 413834064 114.303242 30.580477 114.302768 30.579807 5.6 30.7 30.0
2016-10-21 9:58:56 413834064 114.304552 30.582632 114.303242 30.580477 5.8 27.0 27.0
2016-10-21 9:59:52 413834064 114.305172 30.583745 114.304552 30.582632 5.9 27.7 27.0
2016-10-21 10:01:23 413834064 114.306752 30.586345 114.305172 30.583745 5.9 26.0 26.0
2016-10-21 10:01:49 413834064 114.307192 30.587087 114.306752 30.586345 5.9 28.7 28.0
2016-10-21 10:02:26 413834064 114.307667 30.587813 114.307192 30.587087 5.9 27.8 27.0
2016-10-21 10:03:44 413834064 114.308742 30.589813 114.307667 30.587813 6.0 24.3 24.0
2016-10-21 10:04:32 413834064 114.309372 30.59097 114.308742 30.589813 6.2 25.8 25.0
2016-10-21 10:05:01 413834064 114.309822 30.591743 114.309372 30.59097 6.2 29.4 29.0
2016-10-21 10:05:32 413834064 114.310387 30.592488 114.309822 30.591743 6.1 35.8 35.0
2016-10-21 10:06:41 413834064 114.311923 30.594185 114.310387 30.592488 6.0 38.8 38.0
2016-10-21 10:07:39 413834064 114.313155 30.595553 114.311923 30.594185 6.1 36.4 36.0
2016-10-21 10:09:12 413834064 114.314927 30.59772 114.313155 30.595553 6.2 33.6 33.0
2016-10-21 10:09:40 413834064 114.315483 30.598433 114.314927 30.59772 6.1 34.5 34.0
2016-10-21 10:10:42 413834064 114.31661 30.599847 114.315483 30.598433 6.1 33.9 33.0
2016-10-21 10:11:14 413834064 114.317195 30.600582 114.31661 30.599847 6.1 34.0 34.0
2016-10-21 10:11:44 413834064 114.317752 30.601287 114.317195 30.600582 6.0 34.0 34.0
2016-10-21 10:12:11 413834064 114.318297 30.601978 114.317752 30.601287 5.9 33.9 33.0
2016-10-21 10:12:53 413834064 114.318835 30.602683 114.318297 30.601978 5.8 32.3 32.0
2016-10-21 10:13:24 413834064 114.319345 30.60336 114.318835 30.602683 5.7 34.2 34.0
2016-10-21 10:14:23 413834064 114.32041 30.604713 114.319345 30.60336 5.6 32.7 32.0
2016-10-21 10:15:06 413834064 114.321162 30.605712 114.32041 30.604713 5.6 34.3 34.0
2016-10-21 10:15:35 413834064 114.321683 30.606357 114.321162 30.605712 5.6 35.5 35.0
2016-10-21 10:16:02 413834064 114.32226 30.607037 114.321683 30.606357 5.6 36.8 36.0
2016-10-21 10:17:21 413834064 114.323413 30.608287 114.32226 30.607037 5.6 40.3 40.0
2016-10-21 10:19:22 413834064 114.325922 30.61071 223.828788 0.0 5.6 43.4 43.0
2016-10-21 10:19:54 413834064 114.326857 30.611577 114.325922 30.61071 5.6 42.2 42.0
2016-10-21 10:20:24 413834064 114.327518 30.612192 114.326857 30.611577 5.6 43.8 43.0
2016-10-21 10:20:53 413834064 114.328148 30.612755 114.327518 30.612192 5.6 43.8 43.0
2016-10-21 10:21:35 413834064 114.32878 30.613317 114.328148 30.612755 5.6 44.2 44.0
2016-10-21 10:22:34 413834064 114.330123 30.614465 114.32878 30.613317 5.7 47.1 47.0
2016-10-21 10:23:03 413834064 114.330797 30.615007 114.330123 30.614465 5.7 46.5 46.0
2016-10-21 10:23:46 413834064 114.33182 30.615838 114.330797 30.615007 5.8 46.6 46.0
2016-10-21 10:24:10 413834064 114.332527 30.61642 114.33182 30.615838 5.8 46.3 46.0
2016-10-21 10:24:59 413834064 114.333622 30.61732 114.332527 30.61642 5.8 46.4 46.0
2016-10-21 10:25:35 413834064 114.334308 30.617885 114.333622 30.61732 5.9 46.3 46.0
2016-10-21 10:26:01 413834064 114.334998 30.618457 114.334308 30.617885 5.9 46.2 46.0
2016-10-21 10:26:29 413834064 114.335723 30.619037 114.334998 30.618457 5.9 47.8 47.0
2016-10-21 10:27:30 413834064 114.336797 30.619867 114.335723 30.619037 5.9 48.5 48.0
2016-10-21 10:28:18 413834064 114.338253 30.621005 114.336797 30.619867 5.9 47.9 47.0
2016-10-21 10:28:45 413834064 114.338978 30.621552 114.338253 30.621005 6.0 49.6 49.0
2016-10-21 10:29:38 413834064 114.339352 30.621823 114.338978 30.621552 6.0 49.9 49.0
2016-10-21 10:30:11 413834064 114.340908 30.62297 114.339352 30.621823 6.0 50.5 50.0
2016-10-21 10:30:40 413834064 114.341683 30.623538 114.340908 30.62297 6.0 49.4 49.0
2016-10-21 10:31:06 413834064 114.342438 30.624092 114.341683 30.623538 6.1 50.0 50.0
2016-10-21 10:32:21 413834064 114.34436 30.625495 114.342438 30.624092 6.1 49.6 49.0
2016-10-21 10:33:11 413834064 114.345167 30.626105 114.34436 30.625495 6.2 49.3 49.0
2016-10-21 10:34:10 413834064 114.347113 30.627542 114.345167 30.626105 6.3 49.3 49.0
2016-10-21 10:35:03 413834064 114.34826 30.628375 114.347113 30.627542 6.4 49.9 49.0
2016-10-21 10:35:49 413834064 114.349537 30.62928 114.34826 30.628375 6.3 51.1 51.0
2016-10-21 10:36:46 413834064 114.350727 30.630137 114.349537 30.62928 6.3 48.9 48.0
2016-10-21 10:37:11 413834064 114.351913 30.63104 114.350727 30.630137 6.4 49.1 49.0
2016-10-21 10:37:49 413834064 114.352732 30.631643 114.351913 30.63104 6.4 50.2 50.0
2016-10-21 10:38:18 413834064 114.353507 30.632197 114.352732 30.631643 6.4 50.3 50.0
2016-10-21 10:38:45 413834064 114.354328 30.632783 114.353507 30.632197 6.4 50.4 50.0
2016-10-21 10:39:54 413834064 114.356007 30.633967 114.354328 30.632783 6.4 51.7 51.0
2016-10-21 10:40:21 413834064 114.356798 30.634505 114.356007 30.633967 6.4 52.1 52.0
2016-10-21 10:42:01 413834064 114.359277 30.636295 114.356798 30.634505 6.4 48.7 48.0
2016-10-21 10:43:20 413834064 114.361688 30.638032 114.359277 30.636295 6.2 51.7 51.0
2016-10-21 10:44:28 413834064 114.363302 30.639135 114.361688 30.638032 6.2 52.4 52.0
2016-10-21 10:44:56 413834064 114.364127 30.639688 114.363302 30.639135 6.2 52.6 52.0
2016-10-21 10:48:00 413834064 114.369127 30.642873 114.364127 30.639688 6.3 54.6 54.0
2016-10-21 10:49:56 413834064 114.372327 30.644687 114.369127 30.642873 6.4 59.6 59.0
2016-10-21 10:50:27 413834064 114.373255 30.645145 114.372327 30.644687 6.4 60.9 60.0
2016-10-21 10:51:14 413834064 114.375072 30.646022 114.373255 30.645145 6.4 61.9 61.0
2016-10-21 10:52:42 413834064 114.377492 30.647045 114.375072 30.646022 6.5 65.0 65.0
2016-10-21 10:53:10 413834064 114.378487 30.647457 114.377492 30.647045 6.6 62.5 62.0
2016-10-21 10:53:49 413834064 114.37944 30.647893 114.378487 30.647457 6.7 60.8 60.0
2016-10-21 10:56:09 413834064 114.384375 30.65018 114.37944 30.647893 6.7 64.3 64.0
2016-10-21 10:56:58 413834064 114.385882 30.650795 114.384375 30.65018 6.7 64.6 64.0
2016-10-21 10:57:33 413834064 114.3869 30.65123 114.385882 30.650795 6.7 63.9 63.0
2016-10-21 10:58:53 413834064 114.389575 30.652352 114.3869 30.65123 6.7 64.9 64.0
2016-10-21 10:59:29 413834064 114.390592 30.652753 114.389575 30.652352 6.7 64.9 64.0
2016-10-21 10:59:58 413834064 114.391547 30.653117 114.390592 30.652753 6.7 66.0 66.0
2016-10-21 11:00:24 413834064 114.392568 30.653502 114.391547 30.653117 6.7 65.7 65.0
2016-10-21 11:01:31 413834064 114.39482 30.654333 114.392568 30.653502 6.7 68.2 68.0
2016-10-21 11:02:03 413834064 114.395888 30.654695 114.39482 30.654333 6.6 68.8 68.0
2016-10-21 11:02:32 413834064 114.396927 30.655047 114.395888 30.654695 6.6 69.1 69.0
2016-10-21 11:02:58 413834064 114.39792 30.6554 114.396927 30.655047 6.5 66.9 66.0
2016-10-21 11:03:42 413834064 114.398963 30.655777 114.39792 30.6554 6.5 68.1 68.0
2016-10-21 11:04:10 413834064 114.400185 30.656202 114.398963 30.655777 6.4 67.3 67.0
2016-10-21 11:05:03 413834064 114.401617 30.656743 114.400185 30.656202 6.4 68.3 68.0
2016-10-21 11:06:13 413834064 114.403075 30.65727 114.401617 30.656743 6.3 67.3 67.0
2016-10-21 11:08:20 413834064 114.407282 30.658675 114.403075 30.65727 6.3 68.2 68.0
2016-10-21 11:09:41 413834064 114.410208 30.659603 114.407282 30.658675 6.2 70.3 70.0
2016-10-21 11:10:29 413834064 114.412273 30.660222 114.410208 30.659603 6.0 70.1 70.0
2016-10-21 11:11:39 413834064 114.413195 30.660512 114.412273 30.660222 6.0 70.4 70.0
2016-10-21 11:12:08 413834064 114.41507 30.661073 114.413195 30.660512 6.0 71.9 71.0
2016-10-21 11:12:30 413834064 114.41603 30.661342 114.41507 30.661073 6.0 72.1 72.0
2016-10-21 11:13:30 413834064 114.41748 30.661753 114.41603 30.661342 6.0 70.9 70.0
2016-10-21 11:14:26 413834064 114.418895 30.662227 114.41748 30.661753 5.9 67.3 67.0
2016-10-21 11:14:51 413834064 114.420233 30.662688 114.418895 30.662227 5.8 68.6 68.0
2016-10-21 11:15:26 413834064 114.42117 30.663023 114.420233 30.662688 5.8 67.8 67.0
2016-10-21 11:15:49 413834064 114.422082 30.663322 114.42117 30.663023 5.8 69.4 69.0
2016-10-21 11:16:37 413834064 114.422993 30.663617 114.422082 30.663322 5.8 69.8 69.0
2016-10-21 11:17:55 413834064 114.424875 30.664278 114.422993 30.663617 5.8 67.3 67.0
2016-10-21 11:18:25 413834064 114.42621 30.66475 114.424875 30.664278 5.8 67.4 67.0
2016-10-21 11:19:27 413834064 114.427992 30.665352 114.42621 30.66475 5.8 69.5 69.0
2016-10-21 11:20:01 413834064 114.428763 30.665603 114.427992 30.665352 5.9 69.5 69.0
2016-10-21 11:20:30 413834064 114.429937 30.665962 114.428763 30.665603 5.9 70.8 70.0
2016-10-21 11:21:53 413834064 114.432682 30.66685 114.429937 30.665962 5.9 68.7 68.0
2016-10-21 11:22:39 413834064 114.434037 30.667325 114.432682 30.66685 5.9 68.4 68.0
2016-10-21 11:23:19 413834064 114.435097 30.667698 114.434037 30.667325 5.9 67.2 67.0
2016-10-21 11:24:14 413834064 114.436477 30.668202 114.435097 30.667698 5.9 67.2 67.0
2016-10-21 11:25:17 413834064 114.438282 30.668862 114.436477 30.668202 6.0 66.4 66.0
2016-10-21 11:26:14 413834064 114.440245 30.669607 114.438282 30.668862 6.0 66.2 66.0
2016-10-21 11:26:39 413834064 114.44113 30.66995 114.440245 30.669607 6.0 65.6 65.0
2016-10-21 11:27:15 413834064 114.442048 30.670308 114.44113 30.66995 6.0 66.0 66.0
2016-10-21 11:27:39 413834064 114.442932 30.670663 114.442048 30.670308 6.0 64.7 64.0
2016-10-21 11:29:02 413834064 114.445333 30.671583 114.442932 30.670663 6.4 68.0 68.0
2016-10-21 11:29:53 413834064 114.446823 30.67213 114.445333 30.671583 6.3 66.2 66.0
2016-10-21 11:31:48 413834064 114.45012 30.673533 114.446823 30.67213 6.2 63.5 63.0
2016-10-21 11:32:50 413834064 114.451302 30.674038 114.45012 30.673533 6.1 65.1 65.0
2016-10-21 11:33:40 413834064 114.453862 30.675162 114.451302 30.674038 6.0 62.1 62.0
2016-10-21 11:34:48 413834064 114.45518 30.675773 114.453862 30.675162 6.0 60.9 60.0
2016-10-21 11:36:06 413834064 114.457915 30.67703 114.45518 30.675773 6.0 64.2 64.0
2016-10-21 11:39:13 413834064 114.463533 30.67913 114.457915 30.67703 6.0 70.9 70.0
2016-10-21 11:41:04 413834064 114.466322 30.679962 114.463533 30.67913 6.0 70.0 70.0
2016-10-21 11:42:06 413834064 114.468762 30.680763 114.466322 30.679962 6.0 68.3 68.0
2016-10-21 11:44:15 413834064 114.471935 30.681848 114.468762 30.680763 5.8 67.8 67.0
2016-10-21 11:45:35 413834064 114.474748 30.68288 114.471935 30.681848 5.9 65.5 65.0
2016-10-21 11:47:35 413834064 114.478508 30.684123 114.474748 30.68288 6.1 71.0 71.0
2016-10-21 11:48:27 413834064 114.479352 30.684363 114.478508 30.684123 6.1 71.3 71.0
2016-10-21 11:49:21 413834064 114.481582 30.684932 114.479352 30.684363 6.0 73.0 73.0
2016-10-21 11:50:10 413834064 114.483448 30.685452 114.481582 30.684932 6.0 71.8 71.0
2016-10-21 11:51:12 413834064 114.484883 30.685895 114.483448 30.685452 5.9 69.5 69.0
2016-10-21 11:52:01 413834064 114.486822 30.686595 114.484883 30.685895 5.8 66.3 66.0
2016-10-21 11:53:01 413834064 114.487725 30.68692 114.486822 30.686595 5.8 69.1 69.0
2016-10-21 11:54:11 413834064 114.490417 30.687655 114.487725 30.68692 5.7 75.0 75.0
2016-10-21 11:54:49 413834064 114.491617 30.687905 114.490417 30.687655 5.7 77.6 77.0
2016-10-21 11:55:16 413834064 114.492555 30.68807 114.491617 30.687905 5.7 78.2 78.0
2016-10-21 11:56:00 413834064 114.49344 30.68822 114.492555 30.68807 5.7 78.5 78.0
2016-10-21 11:56:37 413834064 114.494878 30.68846 114.49344 30.68822 5.8 79.8 79.0
2016-10-21 11:57:28 413834064 114.496328 30.688658 114.494878 30.68846 5.8 83.2 83.0
2016-10-21 11:58:27 413834064 114.498392 30.688805 114.496328 30.688658 5.6 87.4 87.0
2016-10-21 11:59:15 413834064 114.499823 30.688822 114.498392 30.688805 5.7 90.0 90.0
2016-10-21 11:59:41 413834064 114.500743 30.688802 114.499823 30.688822 5.7 92.6 92.0
2016-10-21 12:00:54 413834064 114.502865 30.688668 114.500743 30.688802 5.7 95.5 95.0
2016-10-21 12:01:46 413834064 114.504302 30.688537 114.502865 30.688668 5.8 97.3 97.0
2016-10-21 12:02:57 413834064 114.506715 30.688178 114.504302 30.688537 5.9 101.2 101.0
2016-10-21 12:03:59 413834064 114.508782 30.687837 114.506715 30.688178 5.9 100.1 100.0
2016-10-21 12:04:41 413834064 114.509762 30.68769 114.508782 30.687837 5.9 100.2 100.0
2016-10-21 12:05:53 413834064 114.512162 30.687222 114.509762 30.68769 5.9 105.0 105.0
2016-10-21 12:07:21 413834064 114.514063 30.686735 114.512162 30.687222 6.0 106.8 106.0
2016-10-21 12:08:09 413834064 114.51661 30.686023 114.514063 30.686735 6.1 108.0 108.0
2016-10-21 12:09:10 413834064 114.518048 30.685627 114.51661 30.686023 6.0 107.5 107.0
2016-10-21 12:09:31 413834064 114.519022 30.68536 114.518048 30.685627 6.1 108.4 108.0
2016-10-21 12:11:07 413834064 114.521832 30.684438 114.519022 30.68536 6.1 112.2 112.0
2016-10-21 12:11:56 413834064 114.523285 30.683895 114.521832 30.684438 6.1 113.6 113.0
2016-10-21 12:12:36 413834064 114.524643 30.683363 114.523285 30.683895 6.1 115.2 115.0
2016-10-21 12:13:19 413834064 114.526105 30.682747 114.524643 30.683363 6.2 117.4 117.0
2016-10-21 12:14:19 413834064 114.52744 30.682103 114.526105 30.682747 6.1 119.7 119.0
2016-10-21 12:15:04 413834064 114.528753 30.681425 114.52744 30.682103 6.2 122.1 122.0
2016-10-21 12:18:52 413834064 114.534715 30.67715 114.528753 30.681425 6.4 135.2 135.0
2016-10-21 12:23:05 413834064 114.540418 30.671033 114.534715 30.67715 6.4 149.2 149.0
2016-10-21 12:23:57 413834064 114.54093 30.670245 114.540418 30.671033 6.4 151.7 151.0
2016-10-21 12:27:00 413834064 114.543518 30.664563 114.54093 30.670245 6.5 163.4 163.0
2016-10-21 12:30:28 413834064 114.546 30.658242 114.543518 30.664563 6.6 158.1 158.0
2016-10-21 12:36:28 413834064 114.5512377777778 30.64847144444444     
2016-10-21 12:41:16 413834064 114.555428 30.640655 114.552178 30.64677 6.6 155.1 155.0
2016-10-21 12:42:14 413834064 114.556327 30.638892 114.555428 30.640655 6.7 156.8 156.0
