2016-10-20 0:06:35 413828826 114.543805 30.66991 114.543797 30.66989 0.0 0.0 0.0
2016-10-20 0:10:35 413828826 114.543795 30.669898 114.543805 30.66991 0.0 0.0 0.0
2016-10-20 0:14:41 413828826 114.543787 30.669882 114.543795 30.669898 0.0 0.0 0.0
2016-10-20 0:18:47 413828826 114.543795 30.669915 114.543787 30.669882 0.0 0.0 0.0
2016-10-20 0:22:53 413828826 114.543832 30.669917 114.543795 30.669915 0.0 0.0 0.0
2016-10-20 0:26:50 413828826 114.54382 30.669863 114.543832 30.669917 0.0 0.0 0.0
2016-10-20 0:31:01 413828826 114.543798 30.669903 114.54382 30.669863 0.0 0.0 0.0
2016-10-20 0:34:54 413828826 114.543798 30.669903 114.543798 30.669903 0.0 0.0 0.0
2016-10-20 00:40:54 413828826 114.5437969280397 30.66990425062035     
2016-10-20 00:46:54 413828826 114.5437958560794 30.6699055012407     
2016-10-20 00:52:54 413828826 114.5437947841191 30.66990675186104     
2016-10-20 00:58:54 413828826 114.5437937121588 30.66990800248139     
2016-10-20 01:04:54 413828826 114.5437926401985 30.66990925310174     
2016-10-20 1:08:29 413828826 114.543792 30.66991 114.543795 30.669907 0.0 0.0 0.0
2016-10-20 1:12:25 413828826 114.543783 30.669912 114.543792 30.66991 0.0 0.0 0.0
2016-10-20 01:18:25 413828826 114.5431178275862 30.6708094137931     
2016-10-20 1:24:01 413828826 114.542497 30.671647 114.54321 30.67004 0.8 3.0 3.0
2016-10-20 01:30:01 413828826 114.5424997899253 30.67166971796291     
2016-10-20 01:36:01 413828826 114.5425025798505 30.67169243592582     
2016-10-20 01:42:01 413828826 114.5425053697758 30.67171515388873     
2016-10-20 01:48:01 413828826 114.5425081597011 30.67173787185165     
2016-10-20 01:54:01 413828826 114.5425109496263 30.67176058981456     
2016-10-20 02:00:01 413828826 114.5425137395516 30.67178330777747     
2016-10-20 02:06:01 413828826 114.5425165294769 30.67180602574038     
2016-10-20 02:12:01 413828826 114.5425193194022 30.67182874370329     
2016-10-20 02:18:01 413828826 114.5425221093274 30.6718514616662     
2016-10-20 02:24:01 413828826 114.5425248992527 30.67187417962912     
2016-10-20 2:24:14 413828826 114.542525 30.671875 114.542525 30.671875 0.0 0.0 0.0
2016-10-20 02:30:14 413828826 114.5425257114624 30.6718802173913     
2016-10-20 02:36:14 413828826 114.5425264229249 30.67188543478261     
2016-10-20 02:42:14 413828826 114.5425271343874 30.67189065217391     
2016-10-20 02:48:14 413828826 114.5425278458498 30.67189586956522     
2016-10-20 2:49:32 413828826 114.542528 30.671897 114.542528 30.671897 0.0 0.0 0.0
2016-10-20 02:55:32 413828826 114.5425353710074 30.67189331449632     
2016-10-20 03:01:32 413828826 114.5425427420147 30.67188962899263     
2016-10-20 03:07:32 413828826 114.5425501130221 30.67188594348895     
2016-10-20 03:13:32 413828826 114.5425574840295 30.67188225798526     
2016-10-20 03:19:32 413828826 114.5425648550369 30.67187857248157     
2016-10-20 03:25:32 413828826 114.5425722260442 30.67187488697789     
2016-10-20 3:30:14 413828826 114.542578 30.671872 114.542578 30.671872 0.0 0.0 0.0
2016-10-20 03:36:14 413828826 114.5425595699659 30.67186290784983     
2016-10-20 03:42:14 413828826 114.5425411399317 30.67185381569966     
2016-10-20 03:48:14 413828826 114.5425227098976 30.67184472354949     
2016-10-20 03:54:14 413828826 114.5425042798635 30.67183563139932     
2016-10-20 3:54:39 413828826 114.542503 30.671835 114.542503 30.671835 0.0 0.0 0.0
2016-10-20 3:58:38 413828826 114.542525 30.671863 114.542503 30.671835 0.0 0.0 0.0
2016-10-20 4:02:42 413828826 114.542525 30.671863 114.542525 30.671863 0.0 0.0 0.0
2016-10-20 4:06:40 413828826 114.542528 30.671883 114.542525 30.671863 0.0 0.0 0.0
2016-10-20 4:10:49 413828826 114.54254 30.671862 114.542528 30.671883 0.0 0.0 0.0
2016-10-20 04:16:49 413828826 114.5425309189189 30.67186394594595     
2016-10-20 04:22:49 413828826 114.5425218378378 30.67186589189189     
2016-10-20 04:28:49 413828826 114.5425127567568 30.67186783783784     
2016-10-20 4:29:19 413828826 114.542512 30.671868 114.542533 30.671868 0.1 0.0 0.0
2016-10-20 4:33:13 413828826 114.541592 30.671755 114.542512 30.671868 1.7 234.9 234.0
2016-10-20 4:34:22 413828826 114.541207 30.671243 114.541592 30.671755 2.4 198.4 198.0
2016-10-20 4:34:45 413828826 114.541125 30.670898 114.541207 30.671243 2.8 188.3 188.0
2016-10-20 4:35:55 413828826 114.54117 30.670017 114.541125 30.670898 3.4 167.6 167.0
2016-10-20 4:36:20 413828826 114.541327 30.669548 114.54117 30.670017 3.6 162.4 162.0
2016-10-20 4:36:43 413828826 114.541543 30.669038 114.541327 30.669548 4.1 159.0 159.0
2016-10-20 4:37:32 413828826 114.541868 30.668203 114.541543 30.669038 5.0 161.8 161.0
2016-10-20 4:37:56 413828826 114.542158 30.667478 114.541868 30.668203 5.7 161.4 161.0
2016-10-20 4:38:35 413828826 114.542462 30.666685 114.542158 30.667478 6.1 162.4 162.0
2016-10-20 4:39:03 413828826 114.54278 30.665837 114.542462 30.666685 6.5 161.3 161.0
2016-10-20 4:39:27 413828826 114.54314 30.664965 114.54278 30.665837 6.7 160.1 160.0
2016-10-20 4:39:50 413828826 114.543522 30.664055 114.54314 30.664965 7.0 161.6 161.0
2016-10-20 4:40:38 413828826 114.543888 30.663108 114.543522 30.664055 7.2 160.9 160.0
2016-10-20 4:44:08 413828826 114.547005 30.656092 114.543888 30.663108 7.9 156.2 156.0
2016-10-20 4:44:29 413828826 114.547555 30.655043 114.547005 30.656092 8.0 155.3 155.0
2016-10-20 4:46:23 413828826 114.549818 30.650992 114.547555 30.655043 8.1 154.2 154.0
2016-10-20 4:47:32 413828826 114.55115 30.648532 114.549818 30.650992 8.0 155.2 155.0
2016-10-20 4:48:40 413828826 114.552242 30.646482 114.55115 30.648532 8.1 155.7 155.0
2016-10-20 4:49:49 413828826 114.553328 30.644415 114.552242 30.646482 8.1 155.6 155.0
2016-10-20 4:50:34 413828826 114.55438 30.642353 114.553328 30.644415 8.0 155.9 155.0
2016-10-20 4:51:16 413828826 114.554903 30.641327 114.55438 30.642353 8.1 156.1 156.0
2016-10-20 4:52:01 413828826 114.555965 30.639282 114.554903 30.641327 8.0 155.8 155.0
2016-10-20 4:53:11 413828826 114.557038 30.63729 114.555965 30.639282 8.0 152.8 152.0
2016-10-20 4:58:03 413828826 114.561852 30.627613 114.557038 30.63729 7.9 158.3 158.0
2016-10-20 05:04:03 413828826 114.5698813227666 30.61827738040346     
2016-10-20 05:10:03 413828826 114.5779106455331 30.60894176080692     
2016-10-20 05:16:03 413828826 114.5859399682997 30.59960614121037     
2016-10-20 05:22:03 413828826 114.5939692910663 30.59027052161383     
2016-10-20 05:28:03 413828826 114.6019986138328 30.58093490201729     
2016-10-20 05:34:03 413828826 114.6100279365994 30.57159928242075     
2016-10-20 05:40:03 413828826 114.618057259366 30.56226366282421     
2016-10-20 5:44:19 413828826 114.623767 30.555625 114.621073 30.555438 8.5 82.9 82.0
2016-10-20 5:44:38 413828826 114.625087 30.555788 114.623767 30.555625 8.5 79.9 79.0
2016-10-20 5:46:15 413828826 114.629203 30.556707 114.625087 30.555788 8.6 68.2 68.0
2016-10-20 5:46:36 413828826 114.630418 30.557178 114.629203 30.556707 8.5 63.3 63.0
