2016-10-21 11:55:09 413802225 114.27429 30.537575 114.270665 30.533138 5.9 35.7 35.0
2016-10-21 11:56:30 413802225 114.27581 30.539577 114.27429 30.537575 5.8 31.4 31.0
2016-10-21 11:58:46 413802225 114.27775 30.542635 114.27581 30.539577 5.5 27.1 27.0
2016-10-21 11:59:10 413802225 114.278157 30.543322 114.27775 30.542635 5.5 27.1 27.0
2016-10-21 12:02:51 413802225 114.281393 30.548407 114.278157 30.543322 5.3 28.3 28.0
2016-10-21 12:04:16 413802225 114.282292 30.549912 114.281393 30.548407 5.3 25.6 25.0
2016-10-21 12:05:46 413802225 114.283532 30.551967 114.282292 30.549912 5.3 28.1 28.0
2016-10-21 12:06:12 413802225 114.283988 30.55263 114.283532 30.551967 5.2 31.5 31.0
2016-10-21 12:06:36 413802225 114.284408 30.553187 114.283988 30.55263 5.1 33.0 33.0
2016-10-21 12:07:41 413802225 114.28528 30.554417 114.284408 30.553187 5.1 29.8 29.0
2016-10-21 12:09:27 413802225 114.286443 30.556492 114.28528 30.554417 4.9 25.2 25.0
2016-10-21 12:10:34 413802225 114.287185 30.557705 114.286443 30.556492 4.8 29.9 29.0
2016-10-21 12:11:28 413802225 114.28828 30.559022 114.287185 30.557705 4.7 35.8 35.0
2016-10-21 12:12:30 413802225 114.288668 30.559548 114.28828 30.559022 4.7 31.8 31.0
2016-10-21 12:13:35 413802225 114.289682 30.561273 114.288668 30.559548 4.6 25.7 25.0
2016-10-21 12:14:38 413802225 114.290487 30.562595 114.289682 30.561273 4.6 28.7 28.0
2016-10-21 12:15:22 413802225 114.29086 30.56317 114.290487 30.562595 4.6 29.3 29.0
2016-10-21 12:17:02 413802225 114.292112 30.565048 114.29086 30.56317 4.6 30.9 30.0
2016-10-21 12:17:36 413802225 114.292513 30.56561 114.292112 30.565048 4.6 31.6 31.0
2016-10-21 12:18:02 413802225 114.292892 30.56614 114.292513 30.56561 4.6 31.7 31.0
2016-10-21 12:18:27 413802225 114.293273 30.566667 114.292892 30.56614 4.6 32.0 32.0
2016-10-21 12:19:38 413802225 114.294237 30.567975 114.293273 30.566667 4.7 32.4 32.0
2016-10-21 12:20:18 413802225 114.294652 30.568533 114.294237 30.567975 4.6 32.6 32.0
2016-10-21 12:20:52 413802225 114.295058 30.569097 114.294652 30.568533 4.6 31.6 31.0
2016-10-21 12:21:18 413802225 114.295442 30.569653 114.295058 30.569097 4.7 30.8 30.0
2016-10-21 12:21:40 413802225 114.295817 30.570192 114.295442 30.569653 4.7 31.0 31.0
2016-10-21 12:22:32 413802225 114.296225 30.57077 114.295817 30.570192 4.7 31.4 31.0
2016-10-21 12:22:59 413802225 114.29678 30.57154 114.296225 30.57077 4.8 32.0 32.0
2016-10-21 12:23:51 413802225 114.297617 30.572707 114.29678 30.57154 4.7 30.8 30.0
2016-10-21 12:24:23 413802225 114.29798 30.573265 114.297617 30.572707 4.8 29.3 29.0
2016-10-21 12:24:48 413802225 114.298347 30.573823 114.29798 30.573265 4.8 29.9 29.0
2016-10-21 12:25:35 413802225 114.298953 30.574593 114.298347 30.573823 4.8 35.5 35.0
2016-10-21 12:26:36 413802225 114.299943 30.575818 114.298953 30.574593 4.8 33.2 33.0
2016-10-21 12:27:52 413802225 114.300678 30.576885 114.299943 30.575818 4.8 30.1 30.0
2016-10-21 12:28:40 413802225 114.301492 30.578038 114.300678 30.576885 4.9 32.0 32.0
2016-10-21 12:29:39 413802225 114.302083 30.578848 114.301492 30.578038 4.9 32.2 32.0
2016-10-21 12:30:23 413802225 114.302875 30.579972 114.302083 30.578848 4.8 30.5 30.0
2016-10-21 12:30:48 413802225 114.303282 30.580573 114.302875 30.579972 4.9 30.3 30.0
2016-10-21 12:31:22 413802225 114.303698 30.581177 114.303282 30.580573 4.9 30.5 30.0
2016-10-21 12:31:49 413802225 114.304082 30.581753 114.303698 30.581177 4.9 29.8 29.0
2016-10-21 12:32:42 413802225 114.304602 30.582598 114.304082 30.581753 4.9 27.4 27.0
2016-10-21 12:33:14 413802225 114.304978 30.583205 114.304602 30.582598 5.0 28.6 28.0
2016-10-21 12:33:40 413802225 114.305393 30.583813 114.304978 30.583205 4.9 30.8 30.0
2016-10-21 12:34:00 413802225 114.305837 30.584435 114.305393 30.583813 4.9 31.5 31.0
2016-10-21 12:34:52 413802225 114.306235 30.585005 114.305837 30.584435 5.0 31.1 31.0
2016-10-21 12:35:18 413802225 114.306788 30.585837 114.306235 30.585005 4.9 29.2 29.0
2016-10-21 12:35:41 413802225 114.307162 30.586423 114.306788 30.585837 5.0 28.8 28.0
2016-10-21 12:36:36 413802225 114.307577 30.587078 114.307162 30.586423 5.1 28.7 28.0
2016-10-21 12:37:24 413802225 114.308392 30.588295 114.307577 30.587078 5.1 30.7 30.0
2016-10-21 12:37:52 413802225 114.308883 30.589025 114.308392 30.588295 5.1 29.9 29.0
2016-10-21 12:38:32 413802225 114.309398 30.589797 114.308883 30.589025 5.1 29.9 29.0
2016-10-21 12:39:04 413802225 114.309787 30.590387 114.309398 30.589797 5.1 29.5 29.0
2016-10-21 12:39:27 413802225 114.310198 30.591015 114.309787 30.590387 5.0 29.6 29.0
2016-10-21 12:40:24 413802225 114.310987 30.59226 114.310198 30.591015 5.1 27.2 27.0
2016-10-21 12:41:10 413802225 114.31151 30.593182 114.310987 30.59226 5.2 25.7 25.0
2016-10-21 12:42:09 413802225 114.312208 30.59445 114.31151 30.593182 5.2 25.0 25.0
2016-10-21 12:42:55 413802225 114.312532 30.595082 114.312208 30.59445 5.1 24.4 24.0
2016-10-21 12:43:18 413802225 114.312915 30.595713 114.312532 30.595082 5.2 28.4 28.0
2016-10-21 12:43:52 413802225 114.313512 30.596572 114.312915 30.595713 5.1 31.4 31.0
2016-10-21 12:44:20 413802225 114.313968 30.597202 114.313512 30.596572 5.2 31.9 31.0
2016-10-21 12:45:12 413802225 114.314395 30.597798 114.313968 30.597202 5.2 31.5 31.0
2016-10-21 12:46:11 413802225 114.315283 30.59906 114.314395 30.597798 5.2 30.7 30.0
2016-10-21 12:46:33 413802225 114.315897 30.599935 114.315283 30.59906 5.3 31.7 31.0
2016-10-21 12:47:32 413802225 114.31684 30.601158 114.315897 30.599935 5.3 34.2 34.0
2016-10-21 12:48:02 413802225 114.317322 30.601758 114.31684 30.601158 5.3 34.8 34.0
2016-10-21 12:48:53 413802225 114.317795 30.602328 114.317322 30.601758 5.2 35.5 35.0
2016-10-21 12:49:54 413802225 114.318985 30.603757 114.317795 30.602328 5.2 35.5 35.0
2016-10-21 12:50:15 413802225 114.319425 30.604312 114.318985 30.603757 5.2 33.9 33.0
2016-10-21 12:51:16 413802225 114.320355 30.60556 114.319425 30.604312 5.2 32.8 32.0
2016-10-21 12:51:43 413802225 114.320605 30.605875 114.320355 30.60556 5.1 34.4 34.0
2016-10-21 12:52:24 413802225 114.321507 30.606818 114.320605 30.605875 5.1 41.2 41.0
2016-10-21 12:53:04 413802225 114.322105 30.607397 114.321507 30.606818 5.1 41.5 41.0
2016-10-21 12:54:02 413802225 114.323202 30.608493 114.322105 30.607397 5.1 40.8 40.0
2016-10-21 12:54:26 413802225 114.323777 30.609038 114.323202 30.608493 5.1 42.5 42.0
2016-10-21 12:55:53 413802225 114.325083 30.61026 114.323777 30.609038 5.1 42.5 42.0
2016-10-21 12:56:18 413802225 114.325663 30.610807 114.325083 30.61026 5.2 42.4 42.0
2016-10-21 12:56:55 413802225 114.32621 30.611317 114.325663 30.610807 5.2 42.8 42.0
2016-10-21 12:58:37 413802225 114.328565 30.613402 114.32621 30.611317 5.2 44.9 44.0
2016-10-21 12:59:27 413802225 114.329368 30.614137 114.328565 30.613402 5.2 42.7 42.0
2016-10-21 13:01:02 413802225 114.331145 30.615683 114.329368 30.614137 5.2 47.0 47.0
2016-10-21 13:01:28 413802225 114.331747 30.616167 114.331145 30.615683 5.3 47.0 47.0
2016-10-21 13:01:54 413802225 114.332392 30.616687 114.331747 30.616167 5.3 46.9 46.0
2016-10-21 13:02:30 413802225 114.333023 30.617188 114.332392 30.616687 5.3 47.4 47.0
2016-10-21 13:02:59 413802225 114.33358 30.617612 114.333023 30.617188 5.3 48.7 48.0
2016-10-21 13:04:23 413802225 114.335252 30.618857 114.33358 30.617612 5.4 48.5 48.0
2016-10-21 13:05:23 413802225 114.336522 30.619872 114.335252 30.618857 5.4 46.9 46.0
2016-10-21 13:05:50 413802225 114.337422 30.620587 114.336522 30.619872 5.4 47.7 47.0
2016-10-21 13:06:28 413802225 114.338057 30.621067 114.337422 30.620587 5.4 48.7 48.0
2016-10-21 13:06:51 413802225 114.338732 30.62159 114.338057 30.621067 5.5 47.6 47.0
2016-10-21 13:07:15 413802225 114.339352 30.622095 114.338732 30.62159 5.5 46.5 46.0
2016-10-21 13:08:21 413802225 114.340547 30.623067 114.339352 30.622095 5.4 46.7 46.0
2016-10-21 13:09:45 413802225 114.342155 30.624458 114.340547 30.623067 5.5 43.6 43.0
2016-10-21 13:10:50 413802225 114.343388 30.625575 114.342155 30.624458 5.6 44.3 44.0
2016-10-21 13:11:47 413802225 114.344972 30.626863 114.343388 30.625575 5.7 47.9 47.0
2016-10-21 13:12:21 413802225 114.34563 30.62737 114.344972 30.626863 5.7 48.3 48.0
2016-10-21 13:12:45 413802225 114.346342 30.627913 114.34563 30.62737 5.7 48.5 48.0
2016-10-21 13:13:06 413802225 114.347012 30.628418 114.346342 30.627913 5.7 48.8 48.0
2016-10-21 13:14:58 413802225 114.349175 30.63008 114.347012 30.628418 5.9 47.8 47.0
2016-10-21 13:15:21 413802225 114.35013 30.630843 114.349175 30.63008 5.9 46.8 46.0
2016-10-21 13:16:01 413802225 114.350855 30.631427 114.35013 30.630843 6.0 47.0 47.0
2016-10-21 13:16:27 413802225 114.351548 30.631973 114.350855 30.631427 6.0 47.6 47.0
2016-10-21 13:16:53 413802225 114.35236 30.632583 114.351548 30.631973 6.1 49.3 49.0
2016-10-21 13:17:56 413802225 114.353828 30.63362 114.35236 30.632583 6.1 50.6 50.0
2016-10-21 13:19:13 413802225 114.355608 30.634933 114.353828 30.63362 6.2 48.1 48.0
2016-10-21 13:20:42 413802225 114.357802 30.636698 114.355608 30.634933 6.2 47.6 47.0
2016-10-21 13:21:05 413802225 114.358587 30.637283 114.357802 30.636698 6.2 49.8 49.0
2016-10-21 13:21:39 413802225 114.359413 30.637813 114.358587 30.637283 6.2 53.4 53.0
2016-10-21 13:23:31 413802225 114.362022 30.63955 114.359413 30.637813 6.1 53.4 53.0
2016-10-21 13:23:58 413802225 114.36284 30.640065 114.362022 30.63955 6.1 53.6 53.0
2016-10-21 13:24:20 413802225 114.363643 30.640587 114.36284 30.640065 6.0 52.8 52.0
2016-10-21 13:25:15 413802225 114.364398 30.641082 114.363643 30.640587 6.1 52.8 52.0
2016-10-21 13:25:48 413802225 114.36521 30.641603 114.364398 30.641082 6.1 53.3 53.0
2016-10-21 13:26:35 413802225 114.367065 30.642783 114.36521 30.641603 6.0 53.7 53.0
2016-10-21 13:27:05 413802225 114.367882 30.643287 114.367065 30.642783 6.0 54.7 54.0
2016-10-21 13:27:29 413802225 114.368655 30.643732 114.367882 30.643287 6.0 56.4 56.0
2016-10-21 13:27:52 413802225 114.369225 30.644038 114.368655 30.643732 5.9 58.1 58.0
2016-10-21 13:28:52 413802225 114.370023 30.644443 114.369225 30.644038 5.9 59.7 59.0
2016-10-21 13:29:46 413802225 114.372282 30.645563 114.370023 30.644443 5.8 59.4 59.0
2016-10-21 13:30:10 413802225 114.373065 30.645945 114.372282 30.645563 5.8 60.7 60.0
2016-10-21 13:30:43 413802225 114.373962 30.646372 114.373065 30.645945 5.8 61.2 61.0
2016-10-21 13:32:04 413802225 114.375863 30.64728 114.373962 30.646372 5.7 60.2 60.0
2016-10-21 13:32:44 413802225 114.37668 30.647697 114.375863 30.64728 5.7 59.3 59.0
2016-10-21 13:33:31 413802225 114.378217 30.648488 114.37668 30.647697 5.6 59.0 59.0
2016-10-21 13:33:57 413802225 114.379022 30.6489 114.378217 30.648488 5.6 59.3 59.0
2016-10-21 13:35:24 413802225 114.380863 30.649848 114.379022 30.6489 5.6 59.3 59.0
2016-10-21 13:35:48 413802225 114.381682 30.650242 114.380863 30.649848 5.6 61.3 61.0
2016-10-21 13:37:02 413802225 114.383248 30.65094 114.381682 30.650242 5.6 62.2 62.0
2016-10-21 13:38:30 413802225 114.38591 30.652208 114.383248 30.65094 5.5 61.7 61.0
2016-10-21 13:39:00 413802225 114.386728 30.652558 114.38591 30.652208 5.5 64.1 64.0
2016-10-21 13:41:57 413802225 114.391007 30.654315 114.386728 30.652558 5.4 65.6 65.0
2016-10-21 13:42:32 413802225 114.392602 30.654858 114.391007 30.654315 5.4 69.5 69.0
2016-10-21 13:43:25 413802225 114.393422 30.65512 114.392602 30.654858 5.4 69.7 69.0
2016-10-21 13:44:28 413802225 114.395388 30.655805 114.393422 30.65512 5.4 68.1 68.0
2016-10-21 13:45:22 413802225 114.397058 30.656307 114.395388 30.655805 5.4 72.5 72.0
2016-10-21 13:46:32 413802225 114.398703 30.656808 114.397058 30.656307 5.4 69.7 69.0
2016-10-21 13:47:02 413802225 114.399493 30.657048 114.398703 30.656808 5.4 70.8 70.0
2016-10-21 13:47:30 413802225 114.400645 30.657385 114.399493 30.657048 5.4 71.1 71.0
2016-10-21 13:47:55 413802225 114.401443 30.65762 114.400645 30.657385 5.4 71.2 71.0
2016-10-21 13:48:26 413802225 114.402277 30.657872 114.401443 30.65762 5.3 70.6 70.0
2016-10-21 13:49:21 413802225 114.402917 30.658065 114.402277 30.657872 5.3 70.7 70.0
2016-10-21 13:50:23 413802225 114.40501 30.658695 114.402917 30.658065 5.2 69.6 69.0
2016-10-21 13:50:49 413802225 114.405768 30.65895 114.40501 30.658695 5.2 68.7 68.0
2016-10-21 13:51:14 413802225 114.406602 30.659235 114.405768 30.65895 5.2 68.1 68.0
2016-10-21 13:51:39 413802225 114.407387 30.659505 114.406602 30.659235 5.2 68.2 68.0
2016-10-21 13:52:22 413802225 114.4082 30.659767 114.407387 30.659505 5.2 70.1 70.0
2016-10-21 13:52:51 413802225 114.409185 30.660052 114.4082 30.659767 5.2 71.2 71.0
2016-10-21 13:53:46 413802225 114.410095 30.660327 114.409185 30.660052 5.3 70.6 70.0
2016-10-21 13:54:55 413802225 114.41252 30.660983 114.410095 30.660327 5.3 74.6 74.0
2016-10-21 13:56:34 413802225 114.414498 30.661535 114.41252 30.660983 5.3 69.8 69.0
2016-10-21 13:57:05 413802225 114.416072 30.662048 114.414498 30.661535 5.3 69.8 69.0
2016-10-21 13:58:36 413802225 114.417762 30.662548 114.416072 30.662048 5.3 70.3 70.0
2016-10-21 13:59:35 413802225 114.419585 30.663202 114.417762 30.662548 5.2 66.9 66.0
2016-10-21 14:00:44 413802225 114.421112 30.663758 114.419585 30.663202 5.2 67.2 67.0
2016-10-21 14:01:39 413802225 114.423008 30.664413 114.421112 30.663758 5.2 68.6 68.0
2016-10-21 14:03:26 413802225 114.426092 30.665485 114.423008 30.664413 5.2 67.4 67.0
2016-10-21 14:04:18 413802225 114.426883 30.665778 114.426092 30.665485 5.2 66.5 66.0
2016-10-21 14:05:01 413802225 114.428417 30.666388 114.426883 30.665778 5.2 65.0 65.0
2016-10-21 14:06:29 413802225 114.430237 30.667123 114.428417 30.666388 5.2 64.8 64.0
2016-10-21 14:07:35 413802225 114.431813 30.667742 114.430237 30.667123 5.2 66.3 66.0
2016-10-21 14:09:13 413802225 114.434798 30.668723 114.431813 30.667742 5.2 69.4 69.0
2016-10-21 14:10:11 413802225 114.436 30.66912 114.434798 30.668723 5.2 68.6 68.0
2016-10-21 14:11:14 413802225 114.437553 30.669688 114.436 30.66912 5.2 66.3 66.0
2016-10-21 14:12:40 413802225 114.439798 30.670588 114.437553 30.669688 5.1 63.5 63.0
2016-10-21 14:13:20 413802225 114.440805 30.671072 114.439798 30.670588 5.1 60.2 60.0
2016-10-21 14:14:50 413802225 114.442747 30.671903 114.440805 30.671072 5.1 65.2 65.0
2016-10-21 14:15:33 413802225 114.444202 30.67251 114.442747 30.671903 5.1 64.1 64.0
2016-10-21 14:16:05 413802225 114.444975 30.672818 114.444202 30.67251 5.3 65.6 65.0
2016-10-21 14:18:14 413802225 114.448227 30.67411 114.444975 30.672818 5.0 60.8 60.0
2016-10-21 14:19:05 413802225 114.449395 30.674638 114.448227 30.67411 4.9 62.9 62.0
2016-10-21 14:19:40 413802225 114.450122 30.67495 114.449395 30.674638 4.9 63.8 63.0
2016-10-21 14:20:38 413802225 114.451533 30.675533 114.450122 30.67495 4.8 64.5 64.0
2016-10-21 14:21:09 413802225 114.4525 30.675927 114.451533 30.675533 4.9 64.9 64.0
2016-10-21 14:21:50 413802225 114.453185 30.676213 114.4525 30.675927 4.9 63.8 63.0
2016-10-21 14:22:20 413802225 114.453913 30.676538 114.453185 30.676213 4.9 62.5 62.0
2016-10-21 14:22:47 413802225 114.454912 30.676982 114.453913 30.676538 5.0 62.7 62.0
2016-10-21 14:23:59 413802225 114.45637 30.677608 114.454912 30.676982 5.1 64.5 64.0
2016-10-21 14:24:27 413802225 114.457148 30.67788 114.45637 30.677608 5.0 68.5 68.0
2016-10-21 14:24:57 413802225 114.457857 30.678115 114.457148 30.67788 5.0 68.6 68.0
2016-10-21 14:25:24 413802225 114.458613 30.678413 114.457857 30.678115 5.0 64.6 64.0
2016-10-21 14:26:07 413802225 114.459623 30.678823 114.458613 30.678413 4.9 65.9 65.0
2016-10-21 14:26:40 413802225 114.460362 30.679067 114.459623 30.678823 4.9 69.5 69.0
2016-10-21 14:28:19 413802225 114.462593 30.67972 114.460362 30.679067 4.9 71.8 71.0
2016-10-21 14:30:21 413802225 114.465795 30.680808 114.462593 30.67972 4.8 67.1 67.0
2016-10-21 14:30:50 413802225 114.466497 30.681057 114.465795 30.680808 4.9 67.9 67.0
2016-10-21 14:31:44 413802225 114.467432 30.681345 114.466497 30.681057 4.9 70.7 70.0
2016-10-21 14:32:52 413802225 114.469733 30.682002 114.467432 30.681345 4.8 69.5 69.0
2016-10-21 14:34:23 413802225 114.47118 30.68249 114.469733 30.682002 4.8 69.0 69.0
2016-10-21 14:35:44 413802225 114.473662 30.683262 114.47118 30.68249 4.8 70.7 70.0
2016-10-21 14:36:58 413802225 114.475142 30.68366 114.473662 30.683262 4.8 73.5 73.0
2016-10-21 14:37:52 413802225 114.476908 30.684183 114.475142 30.68366 4.7 69.3 69.0
2016-10-21 14:38:31 413802225 114.477635 30.684447 114.476908 30.684183 4.7 67.0 67.0
2016-10-21 14:39:27 413802225 114.478973 30.684947 114.477635 30.684447 4.7 66.7 66.0
2016-10-21 14:41:11 413802225 114.481557 30.68575 114.478973 30.684947 4.7 71.3 71.0
2016-10-21 14:42:08 413802225 114.48283 30.686188 114.481557 30.68575 4.7 66.7 66.0
2016-10-21 14:43:20 413802225 114.484267 30.68671 114.48283 30.686188 4.8 68.4 68.0
2016-10-21 14:44:21 413802225 114.48576 30.687097 114.484267 30.68671 4.8 74.5 74.0
2016-10-21 14:45:11 413802225 114.486763 30.687348 114.48576 30.687097 4.7 73.3 73.0
2016-10-21 14:45:43 413802225 114.488232 30.687748 114.486763 30.687348 4.8 71.9 71.0
2016-10-21 14:46:11 413802225 114.488992 30.687962 114.488232 30.687748 4.8 72.1 72.0
2016-10-21 14:47:22 413802225 114.489733 30.688155 114.488992 30.687962 4.8 73.5 73.0
2016-10-21 14:48:47 413802225 114.492357 30.688673 114.489733 30.688155 4.8 80.4 80.0
2016-10-21 14:49:31 413802225 114.493938 30.688875 114.492357 30.688673 4.9 81.8 81.0
2016-10-21 14:52:00 413802225 114.497385 30.689297 114.493938 30.688875 5.0 83.0 83.0
2016-10-21 14:52:53 413802225 114.499037 30.689413 114.497385 30.689297 5.0 86.5 86.0
2016-10-21 14:53:38 413802225 114.500132 30.689443 114.499037 30.689413 5.0 88.9 88.0
2016-10-21 14:54:10 413802225 114.50091 30.689433 114.500132 30.689443 5.0 91.2 91.0
2016-10-21 14:55:41 413802225 114.50332 30.689215 114.50091 30.689433 4.9 98.4 98.0
2016-10-21 14:56:11 413802225 114.504507 30.689062 114.50332 30.689215 5.0 98.5 98.0
2016-10-21 14:56:36 413802225 114.505167 30.688978 114.504507 30.689062 5.0 98.3 98.0
2016-10-21 14:57:01 413802225 114.505992 30.688877 114.505167 30.688978 5.0 98.2 98.0
2016-10-21 14:58:07 413802225 114.507642 30.688655 114.505992 30.688877 5.0 99.3 99.0
2016-10-21 14:58:32 413802225 114.50839 30.68854 114.507642 30.688655 5.0 100.2 100.0
2016-10-21 15:01:34 413802225 114.512753 30.687583 114.50839 30.68854 5.1 109.2 109.0
2016-10-21 15:02:03 413802225 114.51387 30.687222 114.512753 30.687583 5.2 110.5 110.0
2016-10-21 15:02:32 413802225 114.514603 30.686988 114.51387 30.687222 5.2 110.3 110.0
2016-10-21 15:04:05 413802225 114.517032 30.68624 114.514603 30.686988 5.3 111.9 111.0
2016-10-21 15:05:02 413802225 114.518162 30.68578 114.517032 30.68624 5.3 116.2 116.0
2016-10-21 15:06:19 413802225 114.520412 30.684823 114.518162 30.68578 5.3 114.7 114.0
2016-10-21 15:07:09 413802225 114.522077 30.68426 114.520412 30.684823 5.4 111.2 111.0
2016-10-21 15:07:52 413802225 114.523118 30.683867 114.522077 30.68426 5.4 114.5 114.0
2016-10-21 15:08:24 413802225 114.52391 30.683542 114.523118 30.683867 5.5 115.6 115.0
2016-10-21 15:08:53 413802225 114.524738 30.6832 114.52391 30.683542 5.5 115.5 115.0
2016-10-21 15:09:22 413802225 114.525565 30.682867 114.524738 30.6832 5.5 115.3 115.0
2016-10-21 15:11:35 413802225 114.528857 30.681093 114.525565 30.682867 5.4 124.8 124.0
2016-10-21 15:15:53 413802225 114.53469 30.676917 114.528857 30.681093 5.7 136.5 136.0
2016-10-21 15:17:26 413802225 114.536663 30.675017 114.53469 30.676917 5.7 140.4 140.0
2016-10-21 15:23:26 413802225 114.5414911659389 30.66639940174672     
2016-10-21 15:29:26 413802225 114.5463193318777 30.65778180349345     
2016-10-21 15:32:42 413802225 114.548948 30.65309 114.547008 30.656357 6.0 151.0 151.0
2016-10-21 15:38:42 413802225 114.5539536050955 30.64409229299363     
2016-10-21 15:40:33 413802225 114.555497 30.641318 114.554552 30.643265 5.9 156.8 156.0
2016-10-21 15:41:57 413802225 114.556392 30.639523 114.555497 30.641318 6.0 157.8 157.0
