2016-10-20 0:02:13 413803412 114.542735 30.671848 114.542792 30.671847 0.0 334.5 334.0
2016-10-20 0:06:27 413803412 114.542753 30.671873 114.542735 30.671848 0.0 53.4 53.0
2016-10-20 0:10:26 413803412 114.542767 30.671885 114.542753 30.671873 0.1 100.0 100.0
2016-10-20 0:14:32 413803412 114.54276 30.67187 114.542767 30.671885 0.1 186.2 186.0
2016-10-20 0:18:38 413803412 114.542778 30.671858 114.54276 30.67187 0.1 304.7 304.0
2016-10-20 0:21:26 413803412 114.542772 30.671848 114.542778 30.671858 0.0 14.6 14.0
2016-10-20 0:24:52 413803412 114.542745 30.671875 114.542772 30.671848 0.1 312.4 312.0
2016-10-20 0:29:05 413803412 114.542772 30.671858 114.542745 30.671875 0.0 64.1 64.0
2016-10-20 0:33:06 413803412 114.542765 30.671873 114.542772 30.671858 0.1 172.4 172.0
2016-10-20 0:37:16 413803412 114.54278 30.671867 114.542765 30.671873 0.0 244.3 244.0
2016-10-20 0:41:04 413803412 114.54278 30.671838 114.54278 30.671867 0.1 101.6 101.0
2016-10-20 0:45:08 413803412 114.54275 30.671837 114.54278 30.671838 0.1 119.0 119.0
2016-10-20 0:49:13 413803412 114.54276 30.671847 114.54275 30.671837 0.0 76.5 76.0
2016-10-20 0:53:25 413803412 114.542758 30.671837 114.54276 30.671847 0.0 246.2 246.0
2016-10-20 0:57:22 413803412 114.542763 30.671833 114.542758 30.671837 0.0 89.2 89.0
2016-10-20 1:01:25 413803412 114.542767 30.671832 114.542763 30.671833 0.0 113.4 113.0
2016-10-20 1:05:31 413803412 114.542752 30.67186 114.542767 30.671832 0.1 55.3 55.0
2016-10-20 1:09:33 413803412 114.542752 30.671833 114.542752 30.67186 0.0 193.9 193.0
2016-10-20 1:13:34 413803412 114.542747 30.671848 114.542752 30.671833 0.1 12.4 12.0
2016-10-20 1:14:52 413803412 114.54274 30.671847 114.542747 30.671848 0.1 234.0 234.0
2016-10-20 1:19:05 413803412 114.542767 30.67183 114.54274 30.671847 0.1 94.0 94.0
2016-10-20 1:23:01 413803412 114.542773 30.671827 114.542767 30.67183 0.1 347.6 347.0
2016-10-20 1:27:01 413803412 114.542755 30.671837 114.542773 30.671827 0.1 266.2 266.0
2016-10-20 1:31:18 413803412 114.542758 30.67185 114.542755 30.671837 0.0 53.9 53.0
2016-10-20 1:35:18 413803412 114.542763 30.671835 114.542758 30.67185 0.0 187.7 187.0
2016-10-20 1:39:11 413803412 114.542758 30.671833 114.542763 30.671835 0.1 356.5 356.0
2016-10-20 1:43:10 413803412 114.542753 30.671827 114.542758 30.671833 0.1 213.9 213.0
2016-10-20 1:47:14 413803412 114.542745 30.671843 114.542753 30.671827 0.0 255.9 255.0
2016-10-20 1:51:23 413803412 114.54276 30.671842 114.542745 30.671843 0.0 12.1 12.0
2016-10-20 1:55:27 413803412 114.542753 30.671833 114.54276 30.671842 0.1 141.2 141.0
2016-10-20 1:59:30 413803412 114.542758 30.671815 114.542753 30.671833 0.0 307.1 307.0
2016-10-20 2:03:38 413803412 114.542767 30.671808 114.542758 30.671815 0.0 188.6 188.0
2016-10-20 2:07:39 413803412 114.54278 30.67181 114.542767 30.671808 0.0 263.4 263.0
2016-10-20 2:11:46 413803412 114.542763 30.671817 114.54278 30.67181 0.0 293.3 293.0
2016-10-20 2:15:42 413803412 114.542777 30.671827 114.542763 30.671817 0.0 131.6 131.0
2016-10-20 2:19:55 413803412 114.542763 30.671842 114.542777 30.671827 0.0 341.6 341.0
2016-10-20 2:23:45 413803412 114.542773 30.671847 114.542763 30.671842 0.0 117.7 117.0
2016-10-20 2:27:54 413803412 114.542752 30.671863 114.542773 30.671847 0.0 349.1 349.0
2016-10-20 2:31:55 413803412 114.54276 30.671863 114.542752 30.671863 0.1 83.7 83.0
2016-10-20 2:36:00 413803412 114.542758 30.671853 114.54276 30.671863 0.0 29.8 29.0
2016-10-20 2:38:16 413803412 114.54275 30.67186 114.542758 30.671853 0.0 258.1 258.0
2016-10-20 2:41:49 413803412 114.542748 30.671863 114.54275 30.67186 0.1 262.9 262.0
2016-10-20 2:46:11 413803412 114.542765 30.671867 114.542748 30.671863 0.0 244.9 244.0
2016-10-20 2:50:07 413803412 114.542767 30.671848 114.542765 30.671867 0.1 80.9 80.0
2016-10-20 2:54:14 413803412 114.542763 30.671843 114.542767 30.671848 0.1 115.0 115.0
2016-10-20 2:58:09 413803412 114.542763 30.671843 114.542763 30.671843 0.1 115.0 115.0
2016-10-20 3:02:12 413803412 114.54275 30.671827 114.542763 30.671843 0.0 297.5 297.0
2016-10-20 3:06:19 413803412 114.542762 30.671835 114.54275 30.671827 0.1 131.5 131.0
2016-10-20 3:10:31 413803412 114.542758 30.671852 114.542762 30.671835 0.1 329.9 329.0
2016-10-20 3:14:35 413803412 114.542782 30.671818 114.542758 30.671852 0.1 344.6 344.0
2016-10-20 3:18:25 413803412 114.542765 30.671858 114.542782 30.671818 0.1 334.8 334.0
2016-10-20 3:22:38 413803412 114.54276 30.671848 114.542765 30.671858 0.1 275.3 275.0
2016-10-20 3:26:34 413803412 114.542777 30.671832 114.54276 30.671848 0.0 173.5 173.0
2016-10-20 3:27:32 413803412 114.542763 30.671835 114.542777 30.671832 0.0 214.5 214.0
2016-10-20 03:33:32 413803412 114.5427770405616 30.67180860374415     
2016-10-20 3:38:13 413803412 114.542788 30.671788 114.542788 30.671817 0.1 146.7 146.0
2016-10-20 3:42:11 413803412 114.542775 30.671823 114.542788 30.671788 0.0 139.1 139.0
2016-10-20 03:48:11 413803412 114.5427775645592 30.67182524398931     
2016-10-20 03:54:11 413803412 114.5427801291184 30.67182748797863     
2016-10-20 04:00:11 413803412 114.5427826936777 30.67182973196794     
2016-10-20 4:00:54 413803412 114.542783 30.67183 114.542783 30.67183 0.1 311.9 311.0
2016-10-20 4:05:05 413803412 114.542757 30.671852 114.542783 30.67183 0.0 352.3 352.0
2016-10-20 4:09:03 413803412 114.542757 30.671852 114.542757 30.671852 0.0 352.3 352.0
2016-10-20 4:13:11 413803412 114.54276 30.67185 114.542757 30.671852 0.0 250.5 250.0
2016-10-20 4:17:10 413803412 114.542745 30.671848 114.54276 30.67185 0.0 200.2 200.0
2016-10-20 4:21:23 413803412 114.542748 30.671865 114.542745 30.671848 0.1 139.4 139.0
2016-10-20 4:25:24 413803412 114.54276 30.671857 114.542748 30.671865 0.1 17.0 17.0
2016-10-20 4:29:30 413803412 114.542763 30.671832 114.54276 30.671857 0.1 82.7 82.0
2016-10-20 4:33:24 413803412 114.542615 30.671775 114.542763 30.671832 0.4 241.4 241.0
2016-10-20 4:37:45 413803412 114.542382 30.671765 114.542615 30.671775 0.3 246.1 246.0
2016-10-20 4:41:35 413803412 114.541527 30.670863 114.542382 30.671765 1.0 191.2 191.0
2016-10-20 4:43:54 413803412 114.5422 30.669748 114.541527 30.670863 3.2 150.1 150.0
2016-10-20 4:44:39 413803412 114.54285 30.668855 114.5422 30.669748 4.2 147.9 147.0
2016-10-20 4:45:51 413803412 114.54365 30.66765 114.54285 30.668855 4.1 151.6 151.0
2016-10-20 4:46:13 413803412 114.543938 30.667167 114.54365 30.66765 3.8 153.4 153.0
2016-10-20 4:46:58 413803412 114.544195 30.66675 114.543938 30.667167 3.3 151.0 151.0
2016-10-20 4:47:20 413803412 114.54444 30.666477 114.544195 30.66675 2.3 139.8 139.0
2016-10-20 4:51:50 413803412 114.54487 30.666877 114.54444 30.666477 0.2 178.8 178.0
2016-10-20 4:55:52 413803412 114.545408 30.666513 114.54487 30.666877 0.5 45.9 45.0
2016-10-20 5:00:05 413803412 114.5456 30.66676 114.545408 30.666513 0.2 85.1 85.0
2016-10-20 5:04:11 413803412 114.545605 30.666755 114.5456 30.66676 0.1 288.2 288.0
2016-10-20 5:08:08 413803412 114.545583 30.666727 114.545605 30.666755 0.1 254.2 254.0
2016-10-20 5:12:08 413803412 114.545595 30.666733 114.545583 30.666727 0.0 16.0 16.0
2016-10-20 5:16:23 413803412 114.545577 30.666748 114.545595 30.666733 0.0 52.0 52.0
2016-10-20 5:20:29 413803412 114.545577 30.666748 114.545577 30.666748 0.0 52.0 52.0
2016-10-20 5:24:15 413803412 114.545617 30.666715 114.545577 30.666748 0.0 164.2 164.0
2016-10-20 5:28:40 413803412 114.545592 30.66672 114.545617 30.666715 0.1 229.6 229.0
2016-10-20 5:32:39 413803412 114.545602 30.666733 114.545592 30.66672 0.0 312.5 312.0
2016-10-20 5:36:33 413803412 114.545592 30.666728 114.545602 30.666733 0.1 316.2 316.0
2016-10-20 5:40:40 413803412 114.545627 30.666733 114.545592 30.666728 0.1 47.7 47.0
2016-10-20 5:44:28 413803412 114.545615 30.666725 114.545627 30.666733 0.1 239.8 239.0
2016-10-20 5:48:51 413803412 114.545137 30.666458 114.545615 30.666725 0.8 231.1 231.0
2016-10-20 5:52:49 413803412 114.544352 30.665595 114.545137 30.666458 1.0 208.1 208.0
2016-10-20 5:54:49 413803412 114.544352 30.665595 114.544352 30.665595 1.0 208.1 208.0
2016-10-20 5:56:09 413803412 114.544575 30.663635 114.544453 30.664123 3.5 167.4 167.0
2016-10-20 5:57:04 413803412 114.544843 30.662713 114.544575 30.663635 3.3 165.1 165.0
2016-10-20 5:57:31 413803412 114.544982 30.662278 114.544843 30.662713 3.3 164.4 164.0
2016-10-20 5:57:54 413803412 114.545127 30.66187 114.544982 30.662278 2.9 162.2 162.0
2016-10-20 6:02:08 413803412 114.546252 30.661917 114.545127 30.66187 0.4 78.1 78.0
2016-10-20 6:05:58 413803412 114.546555 30.661892 114.546252 30.661917 0.2 49.4 49.0
2016-10-20 6:09:56 413803412 114.546562 30.661897 114.546555 30.661892 0.0 207.6 207.0
2016-10-20 6:14:16 413803412 114.546562 30.661897 114.546562 30.661897 0.0 207.6 207.0
2016-10-20 6:18:12 413803412 114.546607 30.661915 114.546562 30.661897 0.2 2.1 2.0
2016-10-20 6:22:14 413803412 114.546607 30.661915 114.546607 30.661915 0.2 2.1 2.0
2016-10-20 6:26:25 413803412 114.546595 30.661878 114.546607 30.661915 0.0 76.0 76.0
2016-10-20 6:30:36 413803412 114.5466 30.661885 114.546595 30.661878 0.1 132.9 132.0
2016-10-20 6:34:20 413803412 114.546582 30.661898 114.5466 30.661885 0.1 273.4 273.0
2016-10-20 6:38:37 413803412 114.546547 30.661915 114.546582 30.661898 0.0 263.1 263.0
2016-10-20 6:42:26 413803412 114.546557 30.661923 114.546547 30.661915 0.1 65.8 65.0
2016-10-20 6:46:29 413803412 114.546573 30.6619 114.546557 30.661923 0.1 152.2 152.0
2016-10-20 6:50:44 413803412 114.546585 30.661907 114.546573 30.6619 0.0 351.4 351.0
2016-10-20 6:54:46 413803412 114.54658 30.66191 114.546585 30.661907 0.0 146.4 146.0
2016-10-20 07:00:46 413803412 114.54658 30.66191740740741     
2016-10-20 07:06:46 413803412 114.54658 30.66192481481481     
2016-10-20 7:06:55 413803412 114.54658 30.661925 114.54659 30.661897 0.0 339.5 339.0
2016-10-20 7:10:56 413803412 114.546592 30.661908 114.54658 30.661925 0.1 148.6 148.0
2016-10-20 7:15:01 413803412 114.546583 30.661915 114.546592 30.661908 0.1 12.9 12.0
2016-10-20 7:19:06 413803412 114.54659 30.661942 114.546583 30.661915 0.0 122.2 122.0
2016-10-20 7:23:28 413803412 114.546587 30.661903 114.54659 30.661942 0.0 7.2 7.0
2016-10-20 7:27:16 413803412 114.546593 30.661915 114.546587 30.661903 0.0 266.4 266.0
2016-10-20 7:31:15 413803412 114.546587 30.661897 114.546593 30.661915 0.1 208.0 208.0
2016-10-20 7:35:16 413803412 114.546577 30.661905 114.546587 30.661897 0.1 11.9 11.0
2016-10-20 7:38:21 413803412 114.546578 30.661917 114.546577 30.661905 0.0 331.0 331.0
2016-10-20 7:40:21 413803412 114.546582 30.661915 114.546578 30.661917 0.1 357.8 357.0
2016-10-20 7:43:59 413803412 114.546583 30.661907 114.546582 30.661915 0.1 142.2 142.0
2016-10-20 07:49:59 413803412 114.5465878714479 30.66189725710419     
2016-10-20 07:55:59 413803412 114.5465927428958 30.66188751420839     
2016-10-20 7:56:18 413803412 114.546593 30.661887 114.546597 30.661888 0.1 334.3 334.0
2016-10-20 8:00:25 413803412 114.546578 30.66189 114.546593 30.661887 0.0 144.7 144.0
2016-10-20 8:04:26 413803412 114.546583 30.661912 114.546578 30.66189 0.0 180.3 180.0
2016-10-20 8:08:18 413803412 114.546573 30.661917 114.546583 30.661912 0.0 121.8 121.0
2016-10-20 8:12:37 413803412 114.546583 30.661932 114.546573 30.661917 0.1 336.2 336.0
2016-10-20 8:16:50 413803412 114.546585 30.661905 114.546583 30.661932 0.1 1.5 1.0
2016-10-20 8:20:40 413803412 114.546603 30.661893 114.546585 30.661905 0.1 181.0 181.0
2016-10-20 8:24:36 413803412 114.546602 30.661897 114.546603 30.661893 0.1 108.1 108.0
2016-10-20 08:30:36 413803412 114.5466052839225 30.66190972519954     
2016-10-20 08:36:36 413803412 114.5466085678449 30.66192245039909     
2016-10-20 8:39:13 413803412 114.54661 30.661928 114.546597 30.661932 0.0 70.4 70.0
2016-10-20 8:43:26 413803412 114.546618 30.661913 114.54661 30.661928 0.0 303.2 303.0
2016-10-20 8:47:17 413803412 114.54661 30.661928 114.546618 30.661913 0.0 42.3 42.0
2016-10-20 8:51:09 413803412 114.546603 30.661935 114.54661 30.661928 0.0 100.8 100.0
2016-10-20 8:55:17 413803412 114.546597 30.6619 114.546603 30.661935 0.0 296.0 296.0
2016-10-20 8:59:22 413803412 114.546595 30.66191 114.546597 30.6619 0.0 109.4 109.0
2016-10-20 9:03:34 413803412 114.546593 30.661915 114.546595 30.66191 0.1 49.9 49.0
2016-10-20 9:07:31 413803412 114.546593 30.661915 114.546593 30.661915 0.1 49.9 49.0
2016-10-20 09:13:31 413803412 114.5465939822647 30.66191254433834     
2016-10-20 09:19:31 413803412 114.5465949645293 30.66191008867667     
2016-10-20 9:19:44 413803412 114.546595 30.66191 114.546593 30.661897 0.0 149.3 149.0
2016-10-20 09:25:44 413803412 114.5465874077329 30.66190367311072     
2016-10-20 9:29:13 413803412 114.546583 30.6619 114.546577 30.661907 0.0 42.5 42.0
2016-10-20 9:33:22 413803412 114.546583 30.6619 114.546583 30.6619 0.0 42.5 42.0
2016-10-20 9:37:15 413803412 114.546577 30.661905 114.546583 30.6619 0.1 25.9 25.0
2016-10-20 9:38:44 413803412 114.546575 30.661897 114.546577 30.661905 0.0 13.9 13.0
2016-10-20 9:42:06 413803412 114.546587 30.6619 114.546575 30.661897 0.0 322.1 322.0
2016-10-20 9:46:05 413803412 114.54658 30.661905 114.546587 30.6619 0.0 87.0 87.0
2016-10-20 9:50:35 413803412 114.546568 30.66192 114.54658 30.661905 0.0 303.0 303.0
2016-10-20 9:54:12 413803412 114.546573 30.661908 114.546568 30.66192 0.1 92.1 92.0
2016-10-20 9:59:02 413803412 114.546588 30.6619 114.546573 30.661908 0.0 211.4 211.0
2016-10-20 10:01:58 413803412 114.546573 30.661907 114.546588 30.6619 0.0 292.8 292.0
2016-10-20 10:06:22 413803412 114.546568 30.661918 114.546573 30.661907 0.0 62.7 62.0
2016-10-20 10:10:09 413803412 114.546582 30.661915 114.546568 30.661918 0.0 238.7 238.0
2016-10-20 10:14:13 413803412 114.546572 30.661925 114.546582 30.661915 0.1 275.0 275.0
2016-10-20 10:18:25 413803412 114.546572 30.661925 114.546572 30.661925 0.1 275.0 275.0
2016-10-20 10:22:25 413803412 114.546575 30.661935 114.546572 30.661925 0.1 267.7 267.0
2016-10-20 10:26:17 413803412 114.546582 30.661915 114.546575 30.661935 0.1 233.4 233.0
2016-10-20 10:30:47 413803412 114.546597 30.661922 114.546582 30.661915 0.0 208.5 208.0
2016-10-20 10:34:47 413803412 114.546587 30.661902 114.546597 30.661922 0.0 166.6 166.0
2016-10-20 10:40:47 413803412 114.5465900201342 30.66189595973155     
2016-10-20 10:46:47 413803412 114.5465930402685 30.66188991946309     
2016-10-20 10:52:47 413803412 114.5465960604027 30.66188387919463     
2016-10-20 10:54:39 413803412 114.546597 30.661882 114.546582 30.661887 0.1 271.1 271.0
2016-10-20 10:58:40 413803412 114.546582 30.66188 114.546597 30.661882 0.1 161.0 161.0
2016-10-20 11:04:40 413803412 114.546582 30.66188579088472     
2016-10-20 11:10:40 413803412 114.546582 30.66189158176944     
2016-10-20 11:11:06 413803412 114.546582 30.661892 114.54658 30.661913 0.0 316.5 316.0
2016-10-20 11:15:13 413803412 114.546565 30.661935 114.546582 30.661892 0.1 329.0 329.0
2016-10-20 11:19:20 413803412 114.546558 30.66192 114.546565 30.661935 0.0 321.6 321.0
2016-10-20 11:23:03 413803412 114.546547 30.661903 114.546558 30.66192 0.1 54.5 54.0
2016-10-20 11:29:03 413803412 114.5465551094127 30.66190560659694     
2016-10-20 11:35:03 413803412 114.5465632188254 30.66190821319389     
2016-10-20 11:41:03 413803412 114.5465713282381 30.66191081979083     
2016-10-20 11:43:46 413803412 114.546575 30.661912 114.546555 30.661937 0.1 183.8 183.0
2016-10-20 11:47:22 413803412 114.546568 30.661887 114.546575 30.661912 0.1 43.1 43.0
2016-10-20 11:53:22 413803412 114.546572213264 30.66191508842653     
2016-10-20 11:59:22 413803412 114.546576426528 30.66194317685306     
2016-10-20 12:00:11 413803412 114.546577 30.661947 114.546555 30.66191 0.0 63.1 63.0
2016-10-20 12:06:11 413803412 114.5465799228687 30.66194748714479     
2016-10-20 12:12:11 413803412 114.5465828457375 30.66194797428958     
2016-10-20 12:12:30 413803412 114.546583 30.661948 114.546572 30.661932 0.0 135.9 135.0
2016-10-20 12:16:26 413803412 114.546577 30.661912 114.546583 30.661948 0.1 131.3 131.0
2016-10-20 12:20:21 413803412 114.546582 30.66194 114.546577 30.661912 0.1 293.4 293.0
2016-10-20 12:22:13 413803412 114.546577 30.661937 114.546582 30.66194 0.0 73.1 73.0
2016-10-20 12:28:13 413803412 114.546581137931 30.6619362476489     
2016-10-20 12:34:13 413803412 114.5465852758621 30.6619354952978     
2016-10-20 12:38:10 413803412 114.546588 30.661935 114.546588 30.661955 0.1 286.8 286.0
2016-10-20 12:42:27 413803412 114.546588 30.661935 114.546588 30.661935 0.1 286.8 286.0
2016-10-20 12:46:25 413803412 114.54659 30.661907 114.546588 30.661935 0.0 222.0 222.0
2016-10-20 12:50:42 413803412 114.546595 30.661893 114.54659 30.661907 0.1 177.4 177.0
2016-10-20 12:54:26 413803412 114.546603 30.661915 114.546595 30.661893 0.0 22.6 22.0
2016-10-20 12:58:35 413803412 114.546565 30.661928 114.546603 30.661915 0.1 277.2 277.0
2016-10-20 13:04:35 413803412 114.546571473029 30.66191804149378     
2016-10-20 13:10:35 413803412 114.5465779460581 30.66190808298755     
2016-10-20 13:10:38 413803412 114.546578 30.661908 114.546565 30.661903 0.1 14.1 14.0
2016-10-20 13:14:34 413803412 114.546588 30.661915 114.546578 30.661908 0.1 75.1 75.0
2016-10-20 13:18:55 413803412 114.546583 30.661925 114.546588 30.661915 0.1 36.8 36.0
2016-10-20 13:22:45 413803412 114.546587 30.661927 114.546583 30.661925 0.1 17.2 17.0
2016-10-20 13:26:47 413803412 114.546585 30.661922 114.546587 30.661927 0.1 90.3 90.0
2016-10-20 13:31:00 413803412 114.546575 30.661953 114.546585 30.661922 0.2 1.4 1.0
2016-10-20 13:34:53 413803412 114.546555 30.661945 114.546575 30.661953 0.1 65.0 65.0
2016-10-20 13:40:53 413803412 114.5465515945946 30.66193916216216     
2016-10-20 13:46:53 413803412 114.5465481891892 30.66193332432433     
2016-10-20 13:47:13 413803412 114.546548 30.661933 114.546588 30.661965 0.0 149.0 149.0
2016-10-20 13:51:12 413803412 114.546592 30.661973 114.546548 30.661933 0.0 43.0 43.0
2016-10-20 13:55:20 413803412 114.546592 30.661973 114.546592 30.661973 0.0 43.0 43.0
2016-10-20 13:59:21 413803412 114.54659 30.661943 114.546592 30.661973 0.1 101.1 101.0
2016-10-20 14:03:38 413803412 114.546603 30.661952 114.54659 30.661943 0.0 150.3 150.0
2016-10-20 14:07:21 413803412 114.546598 30.66193 114.546603 30.661952 0.1 275.2 275.0
2016-10-20 14:11:26 413803412 114.546602 30.661922 114.546598 30.66193 0.0 59.0 59.0
2016-10-20 14:15:47 413803412 114.546315 30.662203 114.546602 30.661922 1.3 324.4 324.0
2016-10-20 14:16:38 413803412 114.54592 30.662587 114.546315 30.662203 2.1 320.6 320.0
2016-10-20 14:17:12 413803412 114.545712 30.662845 114.54592 30.662587 2.2 324.7 324.0
2016-10-20 14:17:35 413803412 114.545537 30.663103 114.545712 30.662845 2.2 332.2 332.0
2016-10-20 14:17:57 413803412 114.54542 30.66337 114.545537 30.663103 2.1 340.1 340.0
2016-10-20 14:18:59 413803412 114.545327 30.663997 114.54542 30.66337 2.3 355.2 355.0
2016-10-20 14:20:09 413803412 114.545327 30.664722 114.545327 30.663997 2.7 1.8 1.0
2016-10-20 14:20:36 413803412 114.545315 30.665113 114.545327 30.664722 3.0 358.3 358.0
2016-10-20 14:21:01 413803412 114.545237 30.665538 114.545315 30.665113 3.1 349.1 349.0
2016-10-20 14:21:43 413803412 114.545097 30.66595 114.545237 30.665538 3.2 343.0 343.0
2016-10-20 14:22:41 413803412 114.544432 30.666623 114.545097 30.66595 3.1 295.3 295.0
2016-10-20 14:23:07 413803412 114.543913 30.666548 114.544432 30.666623 3.3 253.9 253.0
2016-10-20 14:23:27 413803412 114.543468 30.666202 114.543913 30.666548 3.8 223.7 223.0
2016-10-20 14:23:58 413803412 114.54317 30.66568 114.543468 30.666202 4.2 203.3 203.0
2016-10-20 14:26:29 413803412 114.543628 30.662822 114.54317 30.66568 5.3 160.3 160.0
2016-10-20 14:32:29 413803412 114.5500376240602 30.65203824060151     
2016-10-20 14:33:08 413803412 114.550732 30.65087 114.550147 30.6518 7.6 151.6 151.0
2016-10-20 14:35:20 413803412 114.55296 30.647015 114.550732 30.65087 7.6 155.2 155.0
2016-10-20 14:35:55 413803412 114.553595 30.64571 114.55296 30.647015 7.6 157.8 157.0
2016-10-20 14:39:08 413803412 114.556597 30.639892 114.553595 30.64571 7.6 157.6 157.0
2016-10-20 14:39:56 413803412 114.55746 30.637902 114.556597 30.639892 7.7 159.9 159.0
2016-10-20 14:40:19 413803412 114.557893 30.636902 114.55746 30.637902 7.7 159.6 159.0
2016-10-20 14:42:05 413803412 114.559222 30.633827 114.557893 30.636902 7.7 159.1 159.0
2016-10-20 14:45:02 413803412 114.561742 30.627825 114.559222 30.633827 7.6 162.9 162.0
2016-10-20 14:51:02 413803412 114.5685552763311 30.61769099300428     
2016-10-20 14:57:02 413803412 114.5753685526623 30.60755698600855     
2016-10-20 15:03:02 413803412 114.5821818289934 30.59742297901283     
2016-10-20 15:09:02 413803412 114.5889951053245 30.5872889720171     
2016-10-20 15:15:02 413803412 114.5958083816557 30.57715496502138     
2016-10-20 15:21:02 413803412 114.6026216579868 30.56702095802565     
2016-10-20 15:27:02 413803412 114.6094349343179 30.55688695102993     
2016-10-20 15:27:55 413803412 114.610438 30.555395 114.60804 30.556015 7.8 105.9 105.0
2016-10-20 15:33:55 413803412 114.6250496853933 30.55653634831461     
2016-10-20 15:36:49 413803412 114.632112 30.557088 114.630228 30.555795 7.5 47.3 47.0
2016-10-20 15:38:46 413803412 114.635172 30.560363 114.632112 30.557088 7.7 34.3 34.0
2016-10-20 15:39:03 413803412 114.635873 30.561303 114.635172 30.560363 7.8 32.9 32.0
2016-10-20 15:39:58 413803412 114.636632 30.56218 114.635873 30.561303 7.9 37.4 37.0
2016-10-20 15:42:14 413803412 114.641228 30.566718 114.636632 30.56218 8.1 43.1 43.0
2016-10-20 15:48:07 413803412 114.652687 30.571553 114.641228 30.566718 6.8 68.9 68.0
2016-10-20 15:49:49 413803412 114.656775 30.572857 114.652687 30.571553 6.8 69.6 69.0
2016-10-20 15:50:59 413803412 114.658865 30.573527 114.656775 30.572857 6.8 69.4 69.0
2016-10-20 15:55:46 413803412 114.668597 30.57667 114.658865 30.573527 6.9 70.1 70.0
2016-10-20 15:57:42 413803412 114.672628 30.578123 114.668597 30.57667 6.8 65.6 65.0
