2016-10-23 7:24:20 413961596 114.230665 30.48202 114.227922 30.478965 6.9 37.0
2016-10-23 7:26:17 413961596 114.233313 30.485098 114.230665 30.48202 6.8 37.5
2016-10-23 7:27:20 413961596 114.234592 30.486598 114.233313 30.485098 6.8 37.4
2016-10-23 7:29:27 413961596 114.237268 30.489537 114.234592 30.486598 6.5 35.2
2016-10-23 7:29:48 413961596 114.237908 30.49034 114.237268 30.489537 6.7 35.2
2016-10-23 7:31:02 413961596 114.239177 30.491835 114.237908 30.49034 6.7 35.6
2016-10-23 7:31:52 413961596 114.240308 30.493395 114.239177 30.491835 6.6 31.6
2016-10-23 7:32:18 413961596 114.240867 30.494155 114.240308 30.493395 6.6 31.6
2016-10-23 7:33:30 413961596 114.242008 30.495708 114.240867 30.494155 6.6 32.6
2016-10-23 7:36:09 413961596 114.244932 30.499515 114.242008 30.495708 6.5 34.4
2016-10-23 7:36:58 413961596 114.246082 30.501035 114.244932 30.499515 6.5 33.4
2016-10-23 7:37:21 413961596 114.246665 30.501795 114.246082 30.501035 6.5 33.9
2016-10-23 7:40:26 413961596 114.250227 30.506167 114.246665 30.501795 6.3 34.4
2016-10-23 7:40:54 413961596 114.250802 30.506898 114.250227 30.506167 6.4 34.7
2016-10-23 7:42:17 413961596 114.251963 30.508323 114.250802 30.506898 6.3 34.4
2016-10-23 7:44:29 413961596 114.25478 30.512007 114.251963 30.508323 6.2 32.0
2016-10-23 7:46:08 413961596 114.256307 30.514243 114.25478 30.512007 6.2 31.7
2016-10-23 7:46:29 413961596 114.256828 30.51494 114.256307 30.514243 6.2 33.0
2016-10-23 7:49:03 413961596 114.25946 30.518557 114.256828 30.51494 6.2 32.5
2016-10-23 7:50:53 413961596 114.261685 30.521535 114.25946 30.518557 6.3 32.6
2016-10-23 7:52:01 413961596 114.262803 30.523033 114.261685 30.521535 6.4 34.2
2016-10-23 7:52:58 413961596 114.26389 30.524555 114.262803 30.523033 6.4 33.3
2016-10-23 7:53:18 413961596 114.264435 30.525247 114.26389 30.524555 6.4 34.6
2016-10-23 7:55:02 413961596 114.266275 30.527515 114.264435 30.525247 6.5 35.9
2016-10-23 7:56:52 413961596 114.268788 30.530427 114.266275 30.527515 6.6 36.6
2016-10-23 7:57:46 413961596 114.269407 30.53109 114.268788 30.530427 6.6 36.2
2016-10-23 7:59:29 413961596 114.271875 30.534158 114.269407 30.53109 6.7 33.8
2016-10-23 7:59:54 413961596 114.272523 30.535012 114.271875 30.534158 6.8 33.1
2016-10-23 8:01:16 413961596 114.273728 30.536615 114.272523 30.535012 6.8 34.3
2016-10-23 8:02:05 413961596 114.274885 30.538092 114.273728 30.536615 6.8 33.1
2016-10-23 8:03:41 413961596 114.27663 30.540463 114.274885 30.538092 6.8 31.2
2016-10-23 8:05:05 413961596 114.278277 30.542917 114.27663 30.540463 6.7 29.7
2016-10-23 8:05:28 413961596 114.278807 30.54371 114.278277 30.542917 6.8 27.8
2016-10-23 8:06:49 413961596 114.280298 30.546277 114.278807 30.54371 6.8 25.5
2016-10-23 8:09:08 413961596 114.282255 30.549717 114.280298 30.546277 6.7 26.3
2016-10-23 8:09:32 413961596 114.282687 30.55044 114.282255 30.549717 6.7 27.8
2016-10-23 8:09:52 413961596 114.283245 30.551362 114.282687 30.55044 6.7 28.2
2016-10-23 8:10:24 413961596 114.283723 30.55212 114.283245 30.551362 6.6 28.8
2016-10-23 8:10:50 413961596 114.284272 30.552988 114.283723 30.55212 6.6 28.0
2016-10-23 8:12:20 413961596 114.285242 30.554608 114.284272 30.552988 6.5 27.0
2016-10-23 8:13:15 413961596 114.286238 30.556187 114.285242 30.554608 6.3 30.4
2016-10-23 8:14:15 413961596 114.287317 30.557658 114.286238 30.556187 6.2 32.4
2016-10-23 8:15:01 413961596 114.288347 30.559105 114.287317 30.557658 6.1 30.9
2016-10-23 8:15:23 413961596 114.288812 30.559778 114.288347 30.559105 6.0 29.7
2016-10-23 8:15:56 413961596 114.289325 30.560552 114.288812 30.559778 6.0 30.8
2016-10-23 8:16:20 413961596 114.289785 30.561228 114.289325 30.560552 6.0 29.3
2016-10-23 8:17:02 413961596 114.290282 30.562013 114.289785 30.561228 6.0 28.8
2016-10-23 8:17:32 413961596 114.290707 30.562668 114.290282 30.562013 6.0 29.4
2016-10-23 8:17:56 413961596 114.291235 30.563468 114.290707 30.562668 6.1 29.5
2016-10-23 8:18:19 413961596 114.29168 30.564128 114.291235 30.563468 6.1 29.2
2016-10-23 8:19:12 413961596 114.292113 30.564787 114.29168 30.564128 6.1 29.8
2016-10-23 8:20:01 413961596 114.293085 30.566433 114.292113 30.564787 6.0 24.9
2016-10-23 8:20:59 413961596 114.293943 30.567953 114.293085 30.566433 6.1 28.5
2016-10-23 8:21:23 413961596 114.294353 30.568633 114.293943 30.567953 6.1 29.2
2016-10-23 8:22:41 413961596 114.295327 30.570113 114.294353 30.568633 6.1 30.6
2016-10-23 8:23:09 413961596 114.295868 30.570917 114.295327 30.570113 6.1 30.4
2016-10-23 8:23:35 413961596 114.296322 30.57158 114.295868 30.570917 6.1 30.4
2016-10-23 8:23:56 413961596 114.296867 30.572385 114.296322 30.57158 6.2 29.9
2016-10-23 8:24:31 413961596 114.2973 30.573048 114.296867 30.572385 6.2 28.5
2016-10-23 8:24:57 413961596 114.297812 30.573865 114.2973 30.573048 6.1 29.2
2016-10-23 8:25:19 413961596 114.29825 30.574552 114.297812 30.573865 6.1 30.0
2016-10-23 8:26:18 413961596 114.298825 30.575362 114.29825 30.574552 6.1 31.4
2016-10-23 8:27:02 413961596 114.299867 30.576813 114.298825 30.575362 6.1 31.8
2016-10-23 8:27:25 413961596 114.300332 30.57745 114.299867 30.576813 6.1 32.0
2016-10-23 8:28:05 413961596 114.300858 30.578178 114.300332 30.57745 6.1 32.3
2016-10-23 8:28:35 413961596 114.301393 30.578887 114.300858 30.578178 6.2 32.5
2016-10-23 8:29:20 413961596 114.302467 30.580302 115.300808 30.579587 6.2 32.3
2016-10-23 8:29:53 413961596 114.302987 30.581033 114.302467 30.580302 6.2 31.4
2016-10-23 8:30:23 413961596 114.3035 30.581772 114.302987 30.581033 6.2 31.3
2016-10-23 8:31:08 413961596 114.304012 30.582507 114.3035 30.581772 6.2 30.5
2016-10-23 8:31:44 413961596 114.304543 30.58331 114.304012 30.582507 6.2 30.1
2016-10-23 8:32:38 413961596 114.30554 30.584785 114.304543 30.58331 6.2 32.1
2016-10-23 8:33:02 413961596 114.306033 30.585472 114.30554 30.584785 6.2 32.2
2016-10-23 8:33:41 413961596 114.306628 30.586277 114.306033 30.585472 6.2 32.6
2016-10-23 8:34:13 413961596 114.307118 30.586937 114.306628 30.586277 6.2 32.3
2016-10-23 8:34:33 413961596 114.30771 30.587737 114.307118 30.586937 6.2 31.5
2016-10-23 8:34:52 413961596 114.30819 30.588397 114.30771 30.587737 6.2 31.6
2016-10-23 8:35:28 413961596 114.308752 30.589188 114.30819 30.588397 6.2 32.1
2016-10-23 8:35:52 413961596 114.30929 30.589905 114.308752 30.589188 6.2 32.3
2016-10-23 8:36:38 413961596 114.309837 30.590663 114.30929 30.589905 6.2 31.5
2016-10-23 8:37:20 413961596 114.310332 30.591383 114.309837 30.590663 6.2 31.9
2016-10-23 8:38:07 413961596 114.311387 30.592875 114.310332 30.591383 6.3 31.4
2016-10-23 8:38:30 413961596 114.311933 30.593657 114.311387 30.592875 6.3 31.9
2016-10-23 8:39:05 413961596 114.312443 30.59437 114.311933 30.593657 6.3 31.4
2016-10-23 8:39:31 413961596 114.31296 30.595093 114.312443 30.59437 6.3 32.0
2016-10-23 8:39:52 413961596 114.313518 30.595862 114.31296 30.595093 6.3 32.2
2016-10-23 8:40:46 413961596 114.314038 30.596572 114.313518 30.595862 6.1 32.1
2016-10-23 8:41:34 413961596 114.315075 30.597992 114.314038 30.596572 6.0 31.6
2016-10-23 8:41:56 413961596 114.315637 30.598707 114.315075 30.597992 5.9 32.9
2016-10-23 8:42:37 413961596 114.316145 30.599362 114.315637 30.598707 5.9 32.6
2016-10-23 8:43:09 413961596 114.316662 30.600065 114.316145 30.599362 5.8 33.1
2016-10-23 8:43:34 413961596 114.317148 30.600718 114.316662 30.600065 5.8 33.6
2016-10-23 8:43:57 413961596 114.317668 30.60142 114.317148 30.600718 5.7 33.2
2016-10-23 8:44:23 413961596 114.318162 30.602065 114.317668 30.60142 5.7 34.0
2016-10-23 8:45:10 413961596 114.318693 30.602752 114.318162 30.602065 5.7 34.1
2016-10-23 8:45:33 413961596 114.319198 30.603378 114.318693 30.602752 5.7 34.3
2016-10-23 8:46:06 413961596 114.319732 30.60404 114.319198 30.603378 5.7 35.3
2016-10-23 8:46:33 413961596 114.320242 30.604655 114.319732 30.60404 5.6 36.1
2016-10-23 8:46:57 413961596 114.32081 30.60532 114.320242 30.604655 5.6 37.9
2016-10-23 8:47:59 413961596 114.321962 30.606605 114.32081 30.60532 5.6 38.6
2016-10-23 8:48:28 413961596 114.322435 30.60713 114.321962 30.606605 5.6 38.2
2016-10-23 8:48:52 413961596 114.323078 30.607828 114.322435 30.60713 5.6 39.7
2016-10-23 8:49:42 413961596 114.323587 30.608343 114.323078 30.607828 5.6 41.0
2016-10-23 8:50:06 413961596 114.324248 30.609002 114.323587 30.608343 5.5 42.2
2016-10-23 8:50:24 413961596 114.324768 30.609505 114.324248 30.609002 5.6 42.0
2016-10-23 8:51:20 413961596 114.325957 30.610628 114.324768 30.609505 5.4 42.4
2016-10-23 8:52:05 413961596 114.3266 30.611238 114.325957 30.610628 5.1 42.3
2016-10-23 8:52:28 413961596 114.32707 30.61168 114.3266 30.611238 4.9 42.7
2016-10-23 8:53:07 413961596 114.32768 30.612273 114.32707 30.61168 4.8 42.3
2016-10-23 8:53:34 413961596 114.32814 30.612677 114.32768 30.612273 4.7 42.9
2016-10-23 8:53:58 413961596 114.328725 30.613195 114.32814 30.612677 4.5 44.3
2016-10-23 8:54:21 413961596 114.329177 30.613575 114.328725 30.613195 4.4 46.7
2016-10-23 8:55:00 413961596 114.329618 30.613948 114.329177 30.613575 4.3 46.3
2016-10-23 8:55:28 413961596 114.330153 30.6144 114.329618 30.613948 4.2 47.0
2016-10-23 8:55:51 413961596 114.33069 30.614865 114.330153 30.6144 4.1 45.1
2016-10-23 8:56:50 413961596 114.331563 30.61564 114.33069 30.614865 3.9 44.6
2016-10-23 8:57:42 413961596 114.332002 30.615992 114.331563 30.61564 3.9 45.2
2016-10-23 8:58:03 413961596 114.332488 30.616387 114.332002 30.615992 3.8 45.6
2016-10-23 8:58:36 413961596 114.332895 30.616717 114.332488 30.616387 3.8 46.9
2016-10-23 8:59:05 413961596 114.333367 30.617105 114.332895 30.616717 3.7 48.0
2016-10-23 8:59:28 413961596 114.333788 30.61742 114.333367 30.617105 3.6 49.3
2016-10-23 8:59:50 413961596 114.334233 30.617778 114.333788 30.61742 3.6 47.8
2016-10-23 9:00:25 413961596 114.334623 30.618075 114.334233 30.617778 3.5 48.1
2016-10-23 9:00:53 413961596 114.335067 30.618422 114.334623 30.618075 3.5 46.9
2016-10-23 9:01:38 413961596 114.335447 30.618745 114.335067 30.618422 3.5 45.3
2016-10-23 9:02:13 413961596 114.33587 30.61913 114.335447 30.618745 3.6 44.6
2016-10-23 9:03:03 413961596 114.336753 30.619813 114.33587 30.61913 3.9 49.6
2016-10-23 9:03:26 413961596 114.337217 30.620148 114.336753 30.619813 4.2 49.7
2016-10-23 9:03:59 413961596 114.337793 30.620567 114.337217 30.620148 4.5 50.0
2016-10-23 9:04:28 413961596 114.338342 30.620967 114.337793 30.620567 4.8 50.8
2016-10-23 9:04:53 413961596 114.338983 30.621438 114.338342 30.620967 5.1 50.4
2016-10-23 9:05:57 413961596 114.340325 30.62238 114.338983 30.621438 5.7 51.5
2016-10-23 9:06:25 413961596 114.341025 30.622865 114.340325 30.62238 5.9 52.3
2016-10-23 9:06:48 413961596 114.341708 30.623325 114.341025 30.622865 6.1 51.8
2016-10-23 9:07:36 413961596 114.342565 30.6239 114.341708 30.623325 6.3 52.5
2016-10-23 9:08:04 413961596 114.343405 30.624473 114.342565 30.6239 6.5 50.4
2016-10-23 9:08:26 413961596 114.34418 30.625037 114.343405 30.624473 6.6 50.6
2016-10-23 9:09:15 413961596 114.34504 30.625643 114.34418 30.625037 6.7 50.9
2016-10-23 9:10:03 413961596 114.346765 30.62681 114.34504 30.625643 6.9 52.1
2016-10-23 9:10:25 413961596 114.347637 30.627392 114.346765 30.62681 7.0 52.8
2016-10-23 9:10:56 413961596 114.34858 30.628015 114.347637 30.627392 7.1 52.1
2016-10-23 9:11:23 413961596 114.34943 30.628578 114.34858 30.628015 7.2 52.4
2016-10-23 9:12:09 413961596 114.350422 30.629223 114.34943 30.628578 7.2 52.3
2016-10-23 9:12:48 413961596 114.351273 30.629795 114.350422 30.629223 7.3 52.4
2016-10-23 9:13:42 413961596 114.353138 30.63108 114.351273 30.629795 7.3 51.0
2016-10-23 9:14:07 413961596 114.3541 30.63178 114.353138 30.63108 7.4 49.7
2016-10-23 9:14:41 413961596 114.354938 30.63241 114.3541 30.63178 7.4 48.8
2016-10-23 9:15:08 413961596 114.355892 30.633135 114.354938 30.63241 7.4 48.7
2016-10-23 9:15:32 413961596 114.356748 30.633753 114.355892 30.633135 7.5 50.0
2016-10-23 9:15:51 413961596 114.357722 30.634468 114.356748 30.633753 7.5 48.9
2016-10-23 9:16:24 413961596 114.35857 30.63512 114.357722 30.634468 7.5 48.0
2016-10-23 9:16:53 413961596 114.359523 30.635872 114.35857 30.63512 7.5 47.0
2016-10-23 9:17:37 413961596 114.360358 30.63653 114.359523 30.635872 7.5 48.6
2016-10-23 9:18:11 413961596 114.361325 30.63727 114.360358 30.63653 7.5 48.5
2016-10-23 9:19:02 413961596 114.363145 30.638682 114.361325 30.63727 7.7 47.7
2016-10-23 9:20:05 413961596 114.365045 30.640112 114.363145 30.638682 7.9 49.5
2016-10-23 9:20:28 413961596 114.36597 30.640783 114.365045 30.640112 8.0 50.3
2016-10-23 9:20:47 413961596 114.367037 30.641542 114.36597 30.640783 8.1 50.4
2016-10-23 9:22:07 413961596 114.369108 30.642958 114.367037 30.641542 8.2 53.6
2016-10-23 9:22:31 413961596 114.370122 30.643583 114.369108 30.642958 8.2 55.4
2016-10-23 9:22:54 413961596 114.371292 30.644258 114.370122 30.643583 8.2 56.6
2016-10-23 9:23:29 413961596 114.372338 30.644827 114.371292 30.644258 8.2 57.9
2016-10-23 9:23:57 413961596 114.37354 30.645457 114.372338 30.644827 8.2 59.8
2016-10-23 9:25:39 413961596 114.376988 30.647068 114.37354 30.645457 8.4 61.9
2016-10-23 9:26:02 413961596 114.37827 30.647623 114.376988 30.647068 8.3 67.1
2016-10-23 9:26:24 413961596 114.37939 30.648083 114.37827 30.647623 8.1 57.6
2016-10-23 9:26:56 413961596 114.38045 30.64881 114.37939 30.648083 7.8 50.0
2016-10-23 9:27:22 413961596 114.381357 30.649458 114.38045 30.64881 7.9 50.4
2016-10-23 9:28:01 413961596 114.38248 30.650205 114.381357 30.649458 8.0 53.8
2016-10-23 9:28:44 413961596 114.383468 30.650795 114.38248 30.650205 8.1 57.5
2016-10-23 9:29:30 413961596 114.385737 30.65187 114.383468 30.650795 8.2 63.6
2016-10-23 9:29:56 413961596 114.387002 30.652397 114.385737 30.65187 8.2 65.2
2016-10-23 9:30:38 413961596 114.388108 30.652828 114.387002 30.652397 8.0 66.3
2016-10-23 9:31:07 413961596 114.389175 30.653217 114.388108 30.652828 7.8 67.4
2016-10-23 9:31:29 413961596 114.390458 30.65367 114.389175 30.653217 7.7 69.4
2016-10-23 9:32:25 413961596 114.39275 30.654372 114.390458 30.65367 7.4 71.0
2016-10-23 9:32:49 413961596 114.393985 30.654738 114.39275 30.654372 7.3 71.3
2016-10-23 9:33:36 413961596 114.394988 30.655028 114.393985 30.654738 7.2 72.2
2016-10-23 9:34:16 413961596 114.3962 30.65537 114.394988 30.655028 7.2 72.3
2016-10-23 9:35:28 413961596 114.399367 30.656213 114.3962 30.65537 7.1 74.0
2016-10-23 9:35:58 413961596 114.400557 30.656528 114.399367 30.656213 6.9 72.4
2016-10-23 9:36:25 413961596 114.401537 30.65683 114.400557 30.656528 7.0 71.9
2016-10-23 9:36:48 413961596 114.402475 30.657088 114.401537 30.65683 6.9 70.2
2016-10-23 9:37:45 413961596 114.403623 30.657438 114.402475 30.657088 6.9 71.3
2016-10-23 9:38:10 413961596 114.404787 30.657772 114.403623 30.657438 6.9 72.4
2016-10-23 9:38:35 413961596 114.405728 30.658033 114.404787 30.657772 6.7 70.7
2016-10-23 9:38:55 413961596 114.406788 30.658345 114.405728 30.658033 6.7 70.4
2016-10-23 9:39:30 413961596 114.40775 30.65866 114.406788 30.658345 6.7 68.8
2016-10-23 9:39:54 413961596 114.408792 30.659015 114.40775 30.65866 6.8 68.1
2016-10-23 9:40:39 413961596 114.40978 30.659355 114.408792 30.659015 6.8 68.1
2016-10-23 9:41:13 413961596 114.41082 30.65972 114.40978 30.659355 6.7 69.5
2016-10-23 9:41:57 413961596 114.412887 30.66036 114.41082 30.65972 6.7 71.9
2016-10-23 9:42:54 413961596 114.414935 30.660937 114.412887 30.66036 6.6 71.9
2016-10-23 9:43:50 413961596 114.416962 30.661483 114.414935 30.660937 6.6 73.3
2016-10-23 9:45:25 413961596 114.419947 30.662265 114.416962 30.661483 6.4 72.8
2016-10-23 9:45:51 413961596 114.420957 30.66254 114.419947 30.662265 6.4 72.8
2016-10-23 9:46:50 413961596 114.421907 30.662798 114.420957 30.66254 6.4 73.0
2016-10-23 9:48:01 413961596 114.425002 30.663657 114.421907 30.662798 6.4 71.4
2016-10-23 9:49:03 413961596 114.426922 30.664212 114.425002 30.663657 6.2 70.9
2016-10-23 9:50:48 413961596 114.430472 30.665422 114.426922 30.664212 6.2 67.4
2016-10-23 9:52:03 413961596 114.43231 30.666077 114.430472 30.665422 6.2 67.4
2016-10-23 9:52:32 413961596 114.433247 30.66643 114.43231 30.666077 6.2 65.2
2016-10-23 9:52:55 413961596 114.434143 30.666793 114.433247 30.66643 6.2 65.3
2016-10-23 9:54:56 413961596 114.437848 30.668193 114.434143 30.666793 6.3 67.5
2016-10-23 9:56:21 413961596 114.440642 30.669257 114.437848 30.668193 6.3 66.0
2016-10-23 9:57:16 413961596 114.441583 30.669608 114.440642 30.669257 6.3 64.5
2016-10-23 9:59:35 413961596 114.446188 30.671605 114.441583 30.669608 6.4 60.1
2016-10-23 10:00:42 413961596 114.44796 30.672537 114.446188 30.671605 6.4 59.1
2016-10-23 10:01:16 413961596 114.448842 30.672995 114.44796 30.672537 6.4 58.3
2016-10-23 10:02:10 413961596 114.450583 30.67393 114.448842 30.672995 6.4 58.8
2016-10-23 10:02:43 413961596 114.45146 30.6744 114.450583 30.67393 6.4 58.4
2016-10-23 10:03:34 413961596 114.453222 30.675318 114.45146 30.6744 6.4 59.8
2016-10-23 10:03:55 413961596 114.454118 30.67578 114.453222 30.675318 6.4 60.5
2016-10-23 10:04:27 413961596 114.455025 30.676225 114.454118 30.67578 6.4 60.5
2016-10-23 10:06:07 413961596 114.457823 30.677473 114.455025 30.676225 6.4 65.1
2016-10-23 10:06:37 413961596 114.458713 30.677815 114.457823 30.677473 6.4 67.1
2016-10-23 10:07:02 413961596 114.459738 30.678188 114.458713 30.677815 6.4 67.5
2016-10-23 10:08:32 413961596 114.46253 30.679183 114.459738 30.678188 6.4 68.7
2016-10-23 10:08:53 413961596 114.463532 30.67952 114.46253 30.679183 6.4 68.1
2016-10-23 10:09:31 413961596 114.464418 30.679827 114.463532 30.67952 6.4 67.8
2016-10-23 10:10:17 413961596 114.466348 30.680485 114.464418 30.679827 6.4 66.7
2016-10-23 10:11:07 413961596 114.467365 30.680862 114.466348 30.680485 6.4 66.8
2016-10-23 10:11:35 413961596 114.468288 30.681165 114.467365 30.680862 6.5 68.4
2016-10-23 10:11:56 413961596 114.469287 30.681495 114.468288 30.681165 6.5 68.5
2016-10-23 10:14:36 413961596 114.474182 30.683118 114.469287 30.681495 6.5 68.6
2016-10-23 10:15:03 413961596 114.47519 30.683478 114.474182 30.683118 6.5 67.8
2016-10-23 10:16:17 413961596 114.477132 30.684128 114.47519 30.683478 6.5 67.7
2016-10-23 10:17:05 413961596 114.479017 30.684873 114.477132 30.684128 6.4 63.6
2016-10-23 10:17:26 413961596 114.479913 30.685275 114.479017 30.684873 6.4 63.8
2016-10-23 10:18:57 413961596 114.482722 30.686478 114.479913 30.685275 6.4 65.5
2016-10-23 10:19:20 413961596 114.483635 30.686817 114.482722 30.686478 6.4 66.3
2016-10-23 10:20:51 413961596 114.486593 30.687798 114.483635 30.686817 6.5 73.2
2016-10-23 10:21:51 413961596 114.48862 30.688187 114.486593 30.687798 6.4 80.3
2016-10-23 10:22:19 413961596 114.489603 30.6883 114.48862 30.688187 6.4 81.9
2016-10-23 10:23:04 413961596 114.490662 30.688428 114.489603 30.6883 6.4 83.1
2016-10-23 10:23:39 413961596 114.491652 30.688535 114.490662 30.688428 6.5 83.6
2016-10-23 10:24:28 413961596 114.493735 30.688705 114.491652 30.688535 6.5 84.3
2016-10-23 10:24:50 413961596 114.494807 30.688803 114.493735 30.688705 6.5 84.4
2016-10-23 10:25:35 413961596 114.49583 30.688877 114.494807 30.688803 6.5 85.8
2016-10-23 10:26:25 413961596 114.497927 30.688962 114.49583 30.688877 6.5 88.2
2016-10-23 10:27:26 413961596 114.500135 30.689008 114.497927 30.688962 6.6 89.2
2016-10-23 10:27:53 413961596 114.501087 30.689005 114.500135 30.689008 6.6 90.4
2016-10-23 10:29:33 413961596 114.504367 30.688925 114.501087 30.689005 6.6 94.9
2016-10-23 10:29:52 413961596 114.50532 30.68884 114.504367 30.688925 6.6 98.0
2016-10-23 10:31:17 413961596 114.50742 30.688508 114.50532 30.68884 6.6 102.3
2016-10-23 10:32:35 413961596 114.510632 30.687798 114.50742 30.688508 6.7 106.7
2016-10-23 10:33:22 413961596 114.512678 30.687215 114.510632 30.687798 6.7 108.1
2016-10-23 10:34:44 413961596 114.514733 30.686682 114.512678 30.687215 6.8 106.6
2016-10-23 10:36:54 413961596 114.519752 30.685273 114.514733 30.686682 6.9 110.3
2016-10-23 10:37:54 413961596 114.521997 30.684482 114.519752 30.685273 6.9 113.8
2016-10-23 10:38:20 413961596 114.52306 30.684063 114.521997 30.684482 6.9 115.5
2016-10-23 10:39:04 413961596 114.524037 30.683668 114.52306 30.684063 7.0 114.6
2016-10-23 10:39:40 413961596 114.525075 30.683238 114.524037 30.683668 7.0 116.0
2016-10-23 10:40:09 413961596 114.526052 30.682813 114.525075 30.683238 7.0 118.3
2016-10-23 10:40:36 413961596 114.527067 30.682308 114.526052 30.682813 7.0 120.6
2016-10-23 10:40:58 413961596 114.528083 30.681768 114.527067 30.682308 7.0 123.1
2016-10-23 10:41:59 413961596 114.529988 30.68072 114.528083 30.681768 7.0 124.9
2016-10-23 10:42:46 413961596 114.531553 30.679692 114.529988 30.68072 7.1 129.3
2016-10-23 10:43:11 413961596 114.531783 30.679525 114.531553 30.679692 7.0 129.7
2016-10-23 10:44:02 413961596 114.533483 30.678212 114.531783 30.679525 7.1 133.3
2016-10-23 10:44:58 413961596 114.535185 30.67683 114.533483 30.678212 7.3 133.0
2016-10-23 10:46:15 413961596 114.536873 30.675422 114.535185 30.67683 7.3 136.1
2016-10-23 10:46:49 413961596 114.537635 30.674688 114.536873 30.675422 7.3 139.8
2016-10-23 10:47:43 413961596 114.539038 30.673073 114.537635 30.674688 7.2 146.2
2016-10-23 10:48:05 413961596 114.539627 30.672292 114.539038 30.673073 7.2 148.4
2016-10-23 10:48:35 413961596 114.540258 30.671372 114.539627 30.672292 7.3 149.8
2016-10-23 10:50:32 413961596 114.542517 30.667775 114.540258 30.671372 7.4 154.3
2016-10-23 10:51:58 413961596 114.543833 30.66499 114.542517 30.667775 7.4 160.6
2016-10-23 10:53:48 413961596 114.545033 30.66202 114.543833 30.66499 7.6 160.7
2016-10-23 10:56:06 413961596 114.547598 30.657125 114.545033 30.66202 7.6 152.4
2016-10-23 10:56:31 413961596 114.548118 30.656257 114.547598 30.657125 7.7 153.1
2016-10-23 10:57:57 413961596 114.549838 30.653393 114.548118 30.656257 7.6 153.1
2016-10-23 10:58:21 413961596 114.550362 30.652492 114.549838 30.653393 7.6 152.1
2016-10-23 10:59:23 413961596 114.550967 30.6515 114.550362 30.652492 7.6 152.4
2016-10-23 11:00:13 413961596 114.552108 30.649647 114.550967 30.6515 7.5 151.2
2016-10-23 11:01:59 413961596 114.55422 30.645907 114.552108 30.649647 7.4 157.4
2016-10-23 11:03:27 413961596 114.555408 30.643077 114.55422 30.645907 7.3 161.5
2016-10-23 11:04:13 413961596 114.5558 30.642087 114.555408 30.643077 7.3 160.1
2016-10-23 11:04:51 413961596 114.556177 30.641168 114.5558 30.642087 7.3 160.1
2016-10-23 11:06:33 413961596 114.557912 30.637382 114.556177 30.641168 7.3 156.5
2016-10-23 11:06:58 413961596 114.558412 30.636407 114.557912 30.637382 7.3 156.9
2016-10-23 11:08:09 413961596 114.559333 30.634527 114.558412 30.636407 7.3 156.7
2016-10-23 11:09:00 413961596 114.560257 30.632653 114.559333 30.634527 7.3 157.1
2016-10-23 11:09:57 413961596 114.561147 30.630798 114.560257 30.632653 7.3 157.7
2016-10-23 11:11:44 413961596 114.562528 30.627972 114.561147 30.630798 7.2 157.2
2016-10-23 11:12:51 413961596 114.563705 30.62536 114.562528 30.627972 7.2 161.1
2016-10-23 11:13:23 413961596 114.564192 30.624197 114.563705 30.62536 7.2 160.1
2016-10-23 11:13:49 413961596 114.564537 30.623387 114.564192 30.624197 7.2 160.5
2016-10-23 11:14:31 413961596 114.564958 30.622322 114.564537 30.623387 7.1 162.7
2016-10-23 11:15:35 413961596 114.565615 30.620432 114.564958 30.622322 7.1 161.2
2016-10-23 11:18:02 413961596 114.56744 30.615972 114.565615 30.620432 6.9 161.2
2016-10-23 11:18:32 413961596 114.567822 30.61496 114.56744 30.615972 6.9 162.3
2016-10-23 11:20:04 413961596 114.568847 30.612302 114.567822 30.61496 6.9 162.2
2016-10-23 11:20:31 413961596 114.569215 30.611302 114.568847 30.612302 7.0 162.1
2016-10-23 11:20:52 413961596 114.56951 30.610478 114.569215 30.611302 6.9 163.2
2016-10-23 11:23:53 413961596 114.571498 30.60501 114.56951 30.610478 6.8 163.2
2016-10-23 11:25:17 413961596 114.57207 30.603263 114.571498 30.60501 6.9 164.2
2016-10-23 11:28:28 413961596 114.574327 30.596678 114.57207 30.603263 6.8 163.6
2016-10-23 11:29:55 413961596 114.575238 30.594043 114.574327 30.596678 6.8 163.7
2016-10-23 11:31:55 413961596 114.576632 30.590463 114.575238 30.594043 6.7 160.7
2016-10-23 11:33:06 413961596 114.577437 30.588607 114.576632 30.590463 6.8 157.9
2016-10-23 11:33:27 413961596 114.577845 30.587738 114.577437 30.588607 6.7 157.5
2016-10-23 11:36:21 413961596 114.579998 30.583435 114.577845 30.587738 6.7 155.8
2016-10-23 11:42:21 413961596 114.5859537559682 30.57297590185676    
2016-10-23 11:42:38 413961596 114.586235 30.572482 114.585147 30.574095 6.7 149.9
2016-10-23 11:48:38 413961596 114.5979040759754 30.56910820123203    
2016-10-23 11:54:38 413961596 114.6095731519507 30.56573440246407    
2016-10-23 12:00:38 413961596 114.6212422279261 30.5623606036961    
2016-10-23 12:06:38 413961596 114.6329113039014 30.55898680492813    
2016-10-23 12:06:59 413961596 114.633592 30.55879 114.632038 30.55742 7.0 41.3
2016-10-23 12:07:21 413961596 114.634327 30.559573 114.633592 30.55879 7.0 36.7
2016-10-23 12:10:10 413961596 114.637688 30.563735 114.634327 30.559573 7.5 36.5
2016-10-23 12:10:51 413961596 114.639153 30.565345 114.637688 30.563735 7.5 38.7
2016-10-23 12:11:30 413961596 114.63994 30.566173 114.639153 30.565345 7.4 39.5
