2016-10-22 5:35:24 413997764 114.284453 30.553097 114.283967 30.552423 5.7 31.9 31.0
2016-10-22 5:35:46 413997764 114.284928 30.55375 114.284453 30.553097 5.7 31.1 31.0
2016-10-22 5:38:02 413997764 114.28683 30.556452 114.284928 30.55375 5.6 31.5 31.0
2016-10-22 5:43:14 413997764 114.291818 30.563368 114.28683 30.556452 5.6 33.0 33.0
2016-10-22 5:43:33 413997764 114.292293 30.563998 114.291818 30.563368 5.6 33.5 33.0
2016-10-22 5:44:07 413997764 114.29281 30.564672 114.292293 30.563998 5.6 33.4 33.0
2016-10-22 5:44:30 413997764 114.293288 30.56531 114.29281 30.564672 5.6 33.5 33.0
2016-10-22 5:45:04 413997764 114.29379 30.56597 114.293288 30.56531 5.6 32.0 32.0
2016-10-22 5:45:47 413997764 114.294293 30.566663 114.29379 30.56597 5.6 32.2 32.0
2016-10-22 5:46:08 413997764 114.29477 30.567312 114.294293 30.566663 5.7 32.3 32.0
2016-10-22 5:47:11 413997764 114.295763 30.568658 114.29477 30.567312 5.7 32.2 32.0
2016-10-22 5:47:31 413997764 114.296278 30.569355 114.295763 30.568658 5.7 32.5 32.0
2016-10-22 5:48:08 413997764 114.296778 30.570027 114.296278 30.569355 5.7 33.0 33.0
2016-10-22 5:51:41 413997764 114.300423 30.574972 114.296778 30.570027 5.7 31.6 31.0
2016-10-22 5:52:25 413997764 114.300898 30.57565 114.300423 30.574972 5.7 31.0 31.0
2016-10-22 5:53:16 413997764 114.301873 30.577038 114.300898 30.57565 5.7 31.1 31.0
2016-10-22 5:53:40 413997764 114.302343 30.577702 114.301873 30.577038 5.7 31.7 31.0
2016-10-22 5:54:26 413997764 114.302818 30.57838 114.302343 30.577702 5.7 31.1 31.0
2016-10-22 5:54:46 413997764 114.303285 30.579043 114.302818 30.57838 5.7 31.8 31.0
2016-10-22 5:55:15 413997764 114.303802 30.57978 114.303285 30.579043 5.8 30.7 30.0
2016-10-22 5:55:36 413997764 114.304263 30.580457 114.303802 30.57978 5.7 30.7 30.0
2016-10-22 5:56:42 413997764 114.305225 30.581877 114.304263 30.580457 5.8 30.6 30.0
2016-10-22 5:57:18 413997764 114.30568 30.582557 114.305225 30.581877 5.8 29.6 29.0
2016-10-22 5:57:39 413997764 114.30615 30.583262 114.30568 30.582557 5.8 30.0 30.0
2016-10-22 5:58:08 413997764 114.3066 30.583945 114.30615 30.583262 5.8 29.6 29.0
2016-10-22 5:59:48 413997764 114.308047 30.586055 114.3066 30.583945 5.8 31.7 31.0
2016-10-22 6:00:05 413997764 114.308552 30.586775 114.308047 30.586055 5.8 31.1 31.0
2016-10-22 6:01:20 413997764 114.309725 30.588418 114.308552 30.586775 5.8 31.2 31.0
2016-10-22 6:02:06 413997764 114.310193 30.589095 114.309725 30.588418 5.8 30.6 30.0
2016-10-22 6:02:28 413997764 114.310715 30.589843 114.310193 30.589095 5.8 31.7 31.0
2016-10-22 6:02:47 413997764 114.311185 30.590538 114.310715 30.589843 5.9 30.8 30.0
2016-10-22 6:03:25 413997764 114.31168 30.591245 114.311185 30.590538 5.9 31.4 31.0
2016-10-22 6:04:02 413997764 114.312145 30.591933 114.31168 30.591245 5.8 28.6 28.0
2016-10-22 6:04:21 413997764 114.312605 30.59271 114.312145 30.591933 5.8 26.6 26.0
2016-10-22 6:04:48 413997764 114.313025 30.593443 114.312605 30.59271 5.8 25.6 25.0
2016-10-22 6:05:23 413997764 114.313448 30.594187 114.313025 30.593443 5.8 27.2 27.0
2016-10-22 6:06:28 413997764 114.314253 30.595635 114.313448 30.594187 5.8 26.2 26.0
2016-10-22 6:07:33 413997764 114.31513 30.597087 114.314253 30.595635 5.8 28.6 28.0
2016-10-22 6:07:57 413997764 114.315592 30.597808 114.31513 30.597087 5.8 28.8 28.0
2016-10-22 6:09:01 413997764 114.316532 30.599232 114.315592 30.597808 5.9 31.2 31.0
2016-10-22 6:09:21 413997764 114.317037 30.59993 114.316532 30.599232 5.8 31.7 31.0
2016-10-22 6:10:29 413997764 114.318052 30.601308 114.317037 30.59993 5.8 33.0 33.0
2016-10-22 6:10:54 413997764 114.318582 30.601993 114.318052 30.601308 5.9 34.3 34.0
2016-10-22 6:11:31 413997764 114.319338 30.602922 114.318582 30.601993 5.8 35.0 35.0
2016-10-22 6:12:43 413997764 114.320478 30.604213 114.319338 30.602922 5.8 37.5 37.0
2016-10-22 6:13:00 413997764 114.321032 30.604838 114.320478 30.604213 5.8 38.4 38.0
2016-10-22 6:14:04 413997764 114.322195 30.606167 114.321032 30.604838 5.8 38.5 38.0
2016-10-22 6:14:50 413997764 114.322785 30.606798 114.322195 30.606167 5.8 39.8 39.0
2016-10-22 6:15:49 413997764 114.323985 30.608038 114.322785 30.606798 5.8 40.9 40.0
2016-10-22 6:16:18 413997764 114.32461 30.608647 114.323985 30.608038 5.8 42.5 42.0
2016-10-22 6:16:59 413997764 114.325895 30.609833 114.32461 30.608647 5.8 44.3 44.0
2016-10-22 6:17:44 413997764 114.326563 30.610413 114.325895 30.609833 5.8 44.3 44.0
2016-10-22 6:18:02 413997764 114.32723 30.611008 114.326563 30.610413 5.8 44.0 44.0
2016-10-22 6:18:44 413997764 114.32788 30.611582 114.32723 30.611008 5.8 43.4 43.0
2016-10-22 6:19:12 413997764 114.328535 30.61217 114.32788 30.611582 5.8 44.5 44.0
2016-10-22 6:19:32 413997764 114.329197 30.612773 114.328535 30.61217 5.8 44.3 44.0
2016-10-22 6:20:12 413997764 114.329848 30.613373 114.329197 30.612773 5.8 44.8 44.0
2016-10-22 6:21:06 413997764 114.331142 30.614467 114.329848 30.613373 5.8 46.0 46.0
2016-10-22 6:21:43 413997764 114.332123 30.615278 114.331142 30.614467 5.8 45.8 45.0
2016-10-22 6:22:28 413997764 114.332808 30.615845 114.332123 30.615278 5.8 46.7 46.0
2016-10-22 6:22:45 413997764 114.333497 30.616408 114.332808 30.615845 5.9 46.5 46.0
2016-10-22 6:23:28 413997764 114.334188 30.616973 114.333497 30.616408 5.9 46.7 46.0
2016-10-22 6:23:49 413997764 114.334888 30.617537 114.334188 30.616973 6.0 47.0 47.0
2016-10-22 6:24:23 413997764 114.335598 30.618108 114.334888 30.617537 6.0 47.4 47.0
2016-10-22 6:24:46 413997764 114.336288 30.618658 114.335598 30.618108 6.0 47.3 47.0
2016-10-22 6:25:25 413997764 114.336998 30.619227 114.336288 30.618658 6.0 46.5 46.0
2016-10-22 6:25:43 413997764 114.33771 30.619807 114.336998 30.619227 6.0 47.0 47.0
2016-10-22 6:26:36 413997764 114.338437 30.620385 114.33771 30.619807 6.1 47.5 47.0
2016-10-22 6:27:14 413997764 114.339872 30.6216 114.338437 30.620385 6.0 45.0 45.0
2016-10-22 6:28:01 413997764 114.340562 30.622188 114.339872 30.6216 6.0 45.8 45.0
2016-10-22 6:28:21 413997764 114.341258 30.622763 114.340562 30.622188 5.9 46.4 46.0
2016-10-22 6:29:03 413997764 114.341987 30.62335 114.341258 30.622763 5.9 47.6 47.0
2016-10-22 6:29:24 413997764 114.342698 30.62391 114.341987 30.62335 5.9 47.8 47.0
2016-10-22 6:29:44 413997764 114.343367 30.624433 114.342698 30.62391 5.9 47.6 47.0
2016-10-22 6:30:27 413997764 114.344077 30.624997 114.343367 30.624433 6.0 47.3 47.0
2016-10-22 6:30:50 413997764 114.344807 30.625585 114.344077 30.624997 5.9 46.0 46.0
2016-10-22 6:31:29 413997764 114.345508 30.626158 114.344807 30.625585 5.9 46.6 46.0
2016-10-22 6:32:03 413997764 114.346498 30.626948 114.345508 30.626158 6.0 48.0 48.0
2016-10-22 6:32:25 413997764 114.347228 30.627512 114.346498 30.626948 6.0 49.2 49.0
2016-10-22 6:33:36 413997764 114.348718 30.628607 114.347228 30.627512 6.0 50.7 50.0
2016-10-22 6:34:01 413997764 114.349492 30.629145 114.348718 30.628607 6.1 50.4 50.0
2016-10-22 6:34:23 413997764 114.350263 30.629687 114.349492 30.629145 6.0 49.3 49.0
2016-10-22 6:35:13 413997764 114.351013 30.630235 114.350263 30.629687 6.0 49.9 49.0
2016-10-22 6:35:42 413997764 114.351772 30.63078 114.351013 30.630235 6.1 49.5 49.0
2016-10-22 6:36:01 413997764 114.352543 30.63132 114.351772 30.63078 6.1 51.6 51.0
2016-10-22 6:36:51 413997764 114.353318 30.63185 114.352543 30.63132 6.1 51.7 51.0
2016-10-22 6:37:33 413997764 114.354873 30.63288 114.353318 30.63185 6.1 52.2 52.0
2016-10-22 6:37:54 413997764 114.355647 30.633407 114.354873 30.63288 6.1 52.6 52.0
2016-10-22 6:38:38 413997764 114.356428 30.63393 114.355647 30.633407 6.1 51.4 51.0
2016-10-22 6:38:59 413997764 114.357215 30.634452 114.356428 30.63393 6.1 52.2 52.0
2016-10-22 6:39:52 413997764 114.357988 30.634978 114.357215 30.634452 6.1 51.3 51.0
2016-10-22 6:40:41 413997764 114.359513 30.636032 114.357988 30.634978 6.0 51.4 51.0
2016-10-22 6:41:01 413997764 114.360262 30.636555 114.359513 30.636032 5.9 50.7 50.0
2016-10-22 6:41:30 413997764 114.360998 30.63708 114.360262 30.636555 5.9 50.5 50.0
2016-10-22 6:42:12 413997764 114.362043 30.6378 114.360998 30.63708 5.9 51.9 51.0
2016-10-22 6:43:21 413997764 114.363523 30.638758 114.362043 30.6378 5.9 54.1 54.0
2016-10-22 6:43:42 413997764 114.364305 30.639252 114.363523 30.638758 5.9 54.4 54.0
2016-10-22 6:44:31 413997764 114.365088 30.639745 114.364305 30.639252 6.0 54.2 54.0
2016-10-22 6:45:39 413997764 114.367437 30.64124 114.365088 30.639745 6.0 52.1 52.0
2016-10-22 6:46:12 413997764 114.368213 30.641755 114.367437 30.64124 6.0 52.9 52.0
2016-10-22 6:46:37 413997764 114.369023 30.642283 114.368213 30.641755 6.1 52.8 52.0
2016-10-22 6:47:20 413997764 114.36982 30.642792 114.369023 30.642283 6.1 53.7 53.0
2016-10-22 6:48:15 413997764 114.371415 30.643787 114.36982 30.642792 6.1 54.7 54.0
2016-10-22 6:48:55 413997764 114.372255 30.644285 114.371415 30.643787 6.1 55.8 55.0
2016-10-22 6:49:23 413997764 114.373078 30.644757 114.372255 30.644285 6.0 56.9 56.0
2016-10-22 6:50:04 413997764 114.374737 30.645618 114.373078 30.644757 6.1 60.0 60.0
2016-10-22 6:50:51 413997764 114.375587 30.646045 114.374737 30.645618 6.1 60.0 60.0
2016-10-22 6:51:13 413997764 114.376472 30.646472 114.375587 30.646045 6.0 61.2 61.0
2016-10-22 6:51:36 413997764 114.377337 30.646872 114.376472 30.646472 6.0 61.4 61.0
2016-10-22 6:52:54 413997764 114.379343 30.647842 114.377337 30.646872 6.0 60.6 60.0
2016-10-22 6:53:36 413997764 114.3802 30.648247 114.379343 30.647842 6.0 61.7 61.0
2016-10-22 6:54:50 413997764 114.38281 30.649387 114.3802 30.648247 6.1 64.0 64.0
2016-10-22 6:55:36 413997764 114.383728 30.649795 114.38281 30.649387 6.2 61.9 61.0
2016-10-22 6:55:58 413997764 114.384607 30.65021 114.383728 30.649795 6.2 61.7 61.0
2016-10-22 6:57:05 413997764 114.386418 30.65104 114.384607 30.65021 6.3 62.0 62.0
2016-10-22 6:57:27 413997764 114.387323 30.65144 114.386418 30.65104 6.3 62.5 62.0
2016-10-22 6:58:32 413997764 114.389123 30.65222 114.387323 30.65144 6.3 63.5 63.0
2016-10-22 6:58:54 413997764 114.390042 30.652607 114.389123 30.65222 6.3 64.1 64.0
2016-10-22 7:00:03 413997764 114.391908 30.653362 114.390042 30.652607 6.4 64.5 64.0
2016-10-22 7:00:26 413997764 114.392838 30.653743 114.391908 30.653362 6.4 65.3 65.0
2016-10-22 7:02:04 413997764 114.396162 30.654973 118.702928 32.051947 6.4 67.9 67.0
2016-10-22 7:02:48 413997764 114.397377 30.655412 114.396162 30.654973 6.4 67.1 67.0
2016-10-22 7:03:11 413997764 114.398327 30.655773 114.397377 30.655412 6.4 66.5 66.0
2016-10-22 7:03:53 413997764 114.39929 30.656118 114.398327 30.655773 6.4 69.0 69.0
2016-10-22 7:05:50 413997764 114.403213 30.657337 114.39929 30.656118 6.4 69.8 69.0
2016-10-22 7:06:47 413997764 114.405193 30.657948 114.403213 30.657337 6.4 69.2 69.0
2016-10-22 7:07:30 413997764 114.406155 30.658282 114.405193 30.657948 6.4 67.9 67.0
2016-10-22 7:09:32 413997764 114.409993 30.659563 114.406155 30.658282 6.3 68.4 68.0
2016-10-22 7:10:14 413997764 114.411882 30.660197 114.409993 30.659563 6.3 69.0 69.0
2016-10-22 7:11:00 413997764 114.412833 30.660507 114.411882 30.660197 6.3 69.2 69.0
2016-10-22 7:11:20 413997764 114.41413 30.660927 114.412833 30.660507 6.3 68.0 68.0
2016-10-22 7:11:57 413997764 114.415068 30.661253 114.41413 30.660927 6.2 68.3 68.0
2016-10-22 7:12:27 413997764 114.416007 30.66157 114.415068 30.661253 6.2 69.8 69.0
2016-10-22 7:14:37 413997764 114.419815 30.662863 114.416007 30.66157 6.3 68.3 68.0
2016-10-22 7:14:58 413997764 114.420757 30.663185 114.419815 30.662863 6.2 68.2 68.0
2016-10-22 7:15:29 413997764 114.421712 30.6635 114.420757 30.663185 6.3 69.2 69.0
2016-10-22 7:15:56 413997764 114.422657 30.66381 114.421712 30.6635 6.2 68.6 68.0
2016-10-22 7:16:39 413997764 114.423602 30.66412 114.422657 30.66381 6.3 68.2 68.0
2016-10-22 7:17:12 413997764 114.424557 30.664445 114.423602 30.66412 6.3 69.6 69.0
2016-10-22 7:17:36 413997764 114.425548 30.66477 114.424557 30.664445 6.3 69.6 69.0
2016-10-22 7:18:49 413997764 114.427477 30.665387 114.425548 30.66477 6.3 68.9 68.0
2016-10-22 7:19:32 413997764 114.429405 30.666007 114.427477 30.665387 6.4 69.3 69.0
2016-10-22 7:20:23 413997764 114.431327 30.666668 114.429405 30.666007 6.4 68.3 68.0
2016-10-22 7:21:03 413997764 114.432297 30.666995 114.431327 30.666668 6.4 68.3 68.0
2016-10-22 7:22:34 413997764 114.435532 30.668117 114.432297 30.666995 6.5 68.6 68.0
2016-10-22 7:23:24 413997764 114.436538 30.668458 114.435532 30.668117 6.5 68.5 68.0
2016-10-22 7:23:47 413997764 114.43752 30.66878 114.436538 30.668458 6.5 68.4 68.0
2016-10-22 7:24:06 413997764 114.43849 30.669127 114.43752 30.66878 6.5 66.2 66.0
2016-10-22 7:25:01 413997764 114.439453 30.66949 114.43849 30.669127 6.5 66.5 66.0
2016-10-22 7:25:50 413997764 114.441365 30.670243 114.439453 30.66949 6.5 65.0 65.0
2016-10-22 7:26:12 413997764 114.442325 30.670625 114.441365 30.670243 6.5 65.5 65.0
2016-10-22 7:27:26 413997764 114.444267 30.671357 114.442325 30.670625 6.7 67.6 67.0
2016-10-22 7:27:48 413997764 114.44528 30.671698 114.444267 30.671357 6.7 69.5 69.0
2016-10-22 7:29:59 413997764 114.449208 30.673232 114.44528 30.671698 6.6 64.5 64.0
2016-10-22 7:30:44 413997764 114.451158 30.673997 114.449208 30.673232 6.6 66.0 66.0
2016-10-22 7:31:05 413997764 114.452127 30.674363 114.451158 30.673997 6.6 65.6 65.0
2016-10-22 7:31:59 413997764 114.453443 30.674873 114.452127 30.674363 6.6 65.5 65.0
2016-10-22 7:32:22 413997764 114.454403 30.67526 114.453443 30.674873 6.5 64.6 64.0
2016-10-22 7:33:32 413997764 114.456325 30.676028 114.454403 30.67526 6.5 64.7 64.0
2016-10-22 7:34:43 413997764 114.458227 30.676813 114.456325 30.676028 6.5 64.5 64.0
2016-10-22 7:36:52 413997764 114.463042 30.678692 114.458227 30.676813 6.5 68.1 68.0
2016-10-22 7:37:38 413997764 114.464023 30.679032 114.463042 30.678692 6.5 68.1 68.0
2016-10-22 7:38:39 413997764 114.465975 30.679692 114.464023 30.679032 6.4 69.0 69.0
2016-10-22 7:39:21 413997764 114.467915 30.680352 114.465975 30.679692 6.5 67.7 67.0
2016-10-22 7:39:47 413997764 114.468892 30.680683 114.467915 30.680352 6.4 67.6 67.0
2016-10-22 7:40:24 413997764 114.469873 30.681005 114.468892 30.680683 6.5 69.1 69.0
2016-10-22 7:41:17 413997764 114.47085 30.681335 114.469873 30.681005 6.4 67.7 67.0
2016-10-22 7:41:59 413997764 114.473017 30.68209 114.47085 30.681335 6.4 67.5 67.0
2016-10-22 7:43:21 413997764 114.475057 30.682812 114.473017 30.68209 6.4 68.0 68.0
2016-10-22 7:44:58 413997764 114.47895 30.68416 114.475057 30.682812 6.4 66.8 66.0
2016-10-22 7:45:38 413997764 114.479903 30.684517 114.47895 30.68416 6.4 65.8 65.0
2016-10-22 7:46:05 413997764 114.480852 30.684895 114.479903 30.684517 6.4 65.2 65.0
2016-10-22 7:46:50 413997764 114.481833 30.685275 114.480852 30.684895 6.4 66.2 66.0
2016-10-22 7:47:14 413997764 114.482798 30.685632 114.481833 30.685275 6.4 67.1 67.0
2016-10-22 7:48:06 413997764 114.484737 30.686288 114.482798 30.685632 6.5 69.6 69.0
2016-10-22 7:48:49 413997764 114.485725 30.68659 114.484737 30.686288 6.5 70.8 70.0
2016-10-22 7:49:22 413997764 114.486715 30.686875 114.485725 30.68659 6.5 72.4 72.0
2016-10-22 7:50:52 413997764 114.489712 30.687677 114.486715 30.686875 6.4 72.2 72.0
2016-10-22 7:51:41 413997764 114.491725 30.688152 114.489712 30.687677 6.4 78.1 78.0
2016-10-22 7:53:59 413997764 114.496265 30.688548 114.491725 30.688152 6.4 88.3 88.0
2016-10-22 7:54:52 413997764 114.498337 30.688565 114.496265 30.688548 6.4 90.7 90.0
2016-10-22 7:57:25 413997764 114.503503 30.688298 114.498337 30.688565 6.4 95.6 95.0
2016-10-22 7:59:00 413997764 114.506568 30.688023 114.503503 30.688298 6.4 98.0 98.0
2016-10-22 7:59:23 413997764 114.507588 30.687888 114.506568 30.688023 6.4 99.4 99.0
2016-10-22 7:59:41 413997764 114.508605 30.687747 114.507588 30.687888 6.4 99.3 99.0
2016-10-22 8:00:38 413997764 114.509623 30.687603 114.508605 30.687747 6.3 99.2 99.0
2016-10-22 8:01:21 413997764 114.511632 30.687212 114.509623 30.687603 6.4 105.6 105.0
2016-10-22 8:02:41 413997764 114.514 30.686598 114.511632 30.687212 6.4 107.5 107.0
2016-10-22 8:03:05 413997764 114.515027 30.686307 114.514 30.686598 6.5 107.9 107.0
2016-10-22 8:04:00 413997764 114.517098 30.685688 114.515027 30.686307 6.5 109.8 109.0
2016-10-22 8:04:24 413997764 114.518058 30.685387 114.517098 30.685688 6.5 109.8 109.0
2016-10-22 8:05:23 413997764 114.520052 30.684787 114.518058 30.685387 6.6 109.6 109.0
2016-10-22 08:11:23 413997764 114.5298633963329 30.67794547672779     
2016-10-22 8:17:12 413997764 114.539375 30.671313 114.538777 30.672107 6.8 147.1 147.0
2016-10-22 8:21:43 413997764 114.543873 30.663567 114.539375 30.671313 7.0 157.8 157.0
2016-10-22 8:25:56 413997764 114.547733 30.655793 114.543873 30.663567 7.2 154.5 154.0
2016-10-22 8:26:59 413997764 114.548835 30.654013 114.547733 30.655793 7.2 150.8 150.0
2016-10-22 8:28:20 413997764 114.550505 30.651327 114.548835 30.654013 7.2 151.9 151.0
2016-10-22 8:30:04 413997764 114.551932 30.64863 114.550505 30.651327 7.1 157.5 157.0
2016-10-22 8:32:33 413997764 114.554228 30.64405 114.551932 30.64863 7.0 155.2 155.0
2016-10-22 8:32:54 413997764 114.554798 30.642865 114.554228 30.64405 7.0 156.8 156.0
2016-10-22 8:34:12 413997764 114.555762 30.640907 114.554798 30.642865 7.0 157.8 157.0
2016-10-22 8:34:34 413997764 114.556202 30.64 114.555762 30.640907 7.0 156.5 156.0
2016-10-22 8:35:13 413997764 114.556623 30.639163 114.556202 30.64 6.9 156.7 156.0
2016-10-22 8:35:56 413997764 114.557522 30.637322 114.556623 30.639163 7.0 157.6 157.0
2016-10-22 8:38:03 413997764 114.559203 30.633688 114.557522 30.637322 6.8 160.0 160.0
2016-10-22 8:39:49 413997764 114.56031 30.631027 114.559203 30.633688 6.5 160.4 160.0
2016-10-22 8:43:47 413997764 114.563128 30.624115 114.56031 30.631027 6.0 158.7 158.0
