2016-10-19 0:00:36 413932524 114.30336 30.591453 114.30336 30.591453 0.0 0.0
2016-10-19 0:05:07 413932524 114.30336 30.59147 114.30336 30.591453 0.0 0.0
2016-10-19 0:05:38 413932524 114.30336 30.59147 114.30336 30.59147 0.0 0.0
2016-10-19 0:06:41 413932524 114.30336 30.59147 114.30336 30.59147 0.0 0.0
2016-10-19 0:11:18 413932524 114.303373 30.59147 114.30336 30.59147 0.0 0.0
2016-10-19 0:11:35 413932524 114.303373 30.59147 114.303373 30.59147 0.0 0.0
2016-10-19 00:17:35 413932524 114.303352916318 30.59145493723849    
2016-10-19 0:23:32 413932524 114.303333 30.59144 114.303333 30.59144 0.0 0.0
2016-10-19 00:29:32 413932524 114.30334673297 30.59145961852861    
2016-10-19 0:29:39 413932524 114.303347 30.59146 114.303347 30.59146 0.0 0.0
2016-10-19 00:35:39 413932524 114.3033552612533 30.59146    
2016-10-19 00:41:39 413932524 114.3033635225066 30.59146    
2016-10-19 00:47:39 413932524 114.3033717837599 30.59146    
2016-10-19 0:48:32 413932524 114.303373 30.59146 114.303373 30.59146 0.0 0.0
2016-10-19 00:54:32 413932524 114.303373 30.59145301939058    
2016-10-19 0:54:33 413932524 114.303373 30.591453 114.303373 30.591453 0.0 0.0
2016-10-19 01:00:33 413932524 114.303373 30.5914565    
2016-10-19 01:06:33 413932524 114.303373 30.59146    
2016-10-19 01:12:33 413932524 114.303373 30.5914635    
2016-10-19 01:18:33 413932524 114.303373 30.591467    
2016-10-19 1:18:33 413932524 114.303373 30.591467 114.303373 30.591467 0.0 0.0
2016-10-19 01:24:33 413932524 114.3033665403727 30.59146849068323    
2016-10-19 01:30:33 413932524 114.3033600807453 30.59146998136646    
2016-10-19 01:36:33 413932524 114.303353621118 30.59147147204969    
2016-10-19 01:42:33 413932524 114.3033471614907 30.59147296273292    
2016-10-19 1:42:42 413932524 114.303347 30.591473 114.303347 30.591473 0.0 0.0
2016-10-19 1:48:34 413932524 114.30336 30.591457 114.30336 30.591457 0.0 0.0
2016-10-19 01:54:34 413932524 114.3033864130435 30.59143743478261    
2016-10-19 1:54:42 413932524 114.303387 30.591437 114.303387 30.591437 0.0 0.0
2016-10-19 02:00:42 413932524 114.3033798712871 30.59144005516266    
2016-10-19 2:06:29 413932524 114.303373 30.591443 114.303373 30.591443 0.0 0.0
2016-10-19 02:12:29 413932524 114.3033603513513 30.59147608108108    
2016-10-19 2:12:39 413932524 114.30336 30.591477 114.30336 30.591477 0.0 0.0
2016-10-19 2:17:41 413932524 114.30336 30.591477 114.30336 30.591477 0.0 0.0
2016-10-19 2:18:46 413932524 114.30336 30.591477 114.30336 30.591477 0.0 0.0
2016-10-19 2:24:36 413932524 114.30336 30.591457 114.30336 30.591457 0.0 0.0
2016-10-19 02:30:36 413932524 114.303372892562 30.59147683471074    
2016-10-19 2:30:39 413932524 114.303373 30.591477 114.303373 30.591477 0.0 0.0
2016-10-19 2:36:29 413932524 114.303347 30.591447 114.303347 30.591447 0.0 0.0
2016-10-19 02:42:29 413932524 114.3033423846154 30.59145886813187    
2016-10-19 02:48:29 413932524 114.3033377692308 30.59147073626374    
2016-10-19 02:54:29 413932524 114.3033331538462 30.5914826043956    
2016-10-19 2:54:41 413932524 114.303333 30.591483 114.303333 30.591483 0.0 0.0
2016-10-19 03:00:41 413932524 114.3033351016216 30.59148120972973    
2016-10-19 03:06:41 413932524 114.3033372032432 30.59147941945946    
2016-10-19 03:12:41 413932524 114.3033393048649 30.59147762918919    
2016-10-19 03:18:41 413932524 114.3033414064865 30.59147583891892    
2016-10-19 03:24:41 413932524 114.3033435081081 30.59147404864865    
2016-10-19 03:30:41 413932524 114.3033456097297 30.59147225837838    
2016-10-19 03:36:41 413932524 114.3033477113513 30.59147046810811    
2016-10-19 03:42:41 413932524 114.303349812973 30.59146867783784    
2016-10-19 03:48:41 413932524 114.3033519145946 30.59146688756757    
2016-10-19 03:54:41 413932524 114.3033540162162 30.5914650972973    
2016-10-19 04:00:41 413932524 114.3033561178378 30.59146330702703    
2016-10-19 04:06:41 413932524 114.3033582194595 30.59146151675676    
2016-10-19 4:11:46 413932524 114.30336 30.59146 114.30336 30.59146 0.0 0.0
2016-10-19 4:12:35 413932524 114.30336 30.59146 114.30336 30.59146 0.0 0.0
2016-10-19 4:13:09 413932524 114.30336 30.591443 114.30336 30.59146 0.0 0.0
2016-10-19 4:17:41 413932524 114.30336 30.591443 114.30336 30.591443 0.0 0.0
2016-10-19 4:18:31 413932524 114.30336 30.591443 114.30336 30.591443 0.0 0.0
2016-10-19 4:19:03 413932524 114.303373 30.59148 114.30336 30.591443 0.0 0.0
2016-10-19 04:25:03 413932524 114.3033702790698 30.59147581395349    
2016-10-19 04:31:03 413932524 114.3033675581395 30.59147162790698    
2016-10-19 04:37:03 413932524 114.3033648372093 30.59146744186047    
2016-10-19 04:43:03 413932524 114.3033621162791 30.59146325581396    
2016-10-19 4:47:43 413932524 114.30336 30.59146 114.30336 30.59146 0.0 0.0
2016-10-19 4:48:42 413932524 114.30336 30.59146 114.30336 30.59146 0.0 0.0
2016-10-19 04:54:42 413932524 114.30336 30.59145477124183    
2016-10-19 05:00:42 413932524 114.30336 30.59144954248366    
2016-10-19 05:06:42 413932524 114.30336 30.59144431372549    
2016-10-19 5:11:39 413932524 114.30336 30.59144 114.30336 30.59144 0.0 0.0
2016-10-19 5:12:36 413932524 114.30336 30.59144 114.30336 30.59144 0.0 0.0
2016-10-19 5:13:28 413932524 114.303387 30.59145 114.30336 30.59144 0.0 0.0
2016-10-19 05:19:28 413932524 114.3033829701493 30.59145044776119    
2016-10-19 05:25:28 413932524 114.3033789402985 30.59145089552239    
2016-10-19 05:31:28 413932524 114.3033749104478 30.59145134328358    
2016-10-19 05:37:28 413932524 114.303370880597 30.59145179104478    
2016-10-19 05:43:28 413932524 114.3033668507463 30.59145223880597    
2016-10-19 05:49:28 413932524 114.3033628208955 30.59145268656717    
2016-10-19 5:53:40 413932524 114.30336 30.591453 114.30336 30.591453 0.0 0.0
2016-10-19 5:54:36 413932524 114.30336 30.591453 114.30336 30.591453 0.0 0.0
2016-10-19 5:55:52 413932524 114.303347 30.591467 114.30336 30.591453 0.0 0.0
2016-10-19 5:59:48 413932524 114.303347 30.591467 114.303347 30.591467 0.0 0.0
2016-10-19 6:00:45 413932524 114.303347 30.591467 114.303347 30.591467 0.0 0.0
2016-10-19 6:01:42 413932524 114.303373 30.59148 114.303347 30.591467 0.0 0.0
2016-10-19 6:05:28 413932524 114.303373 30.59148 114.303373 30.59148 0.0 0.0
2016-10-19 6:06:44 413932524 114.303373 30.59148 114.303373 30.59148 0.0 0.0
2016-10-19 06:12:44 413932524 114.3033462022472 30.59148353932584    
2016-10-19 6:18:36 413932524 114.30332 30.591487 114.30332 30.591487 0.0 0.0
2016-10-19 6:19:51 413932524 114.3034 30.59146 114.30332 30.591487 0.0 0.0
2016-10-19 6:23:39 413932524 114.3034 30.59146 114.3034 30.59146 0.0 0.0
2016-10-19 6:24:36 413932524 114.3034 30.59146 114.3034 30.59146 0.0 0.0
2016-10-19 6:26:08 413932524 114.303333 30.59149 114.3034 30.59146 0.0 0.0
2016-10-19 6:29:37 413932524 114.303333 30.59149 114.303333 30.59149 0.0 0.0
2016-10-19 6:30:37 413932524 114.303333 30.59149 114.303333 30.59149 0.0 0.0
2016-10-19 6:32:00 413932524 114.303333 30.59149 114.303333 30.59149 0.0 0.0
2016-10-19 6:35:42 413932524 114.303333 30.59149 114.303333 30.59149 0.0 0.0
2016-10-19 6:36:42 413932524 114.303333 30.59149 114.303333 30.59149 0.0 0.0
2016-10-19 06:42:42 413932524 114.3033473257185 30.59148549005159    
2016-10-19 06:48:42 413932524 114.303361651437 30.59148098010317    
2016-10-19 06:54:42 413932524 114.3033759771555 30.59147647015475    
2016-10-19 6:59:19 413932524 114.303387 30.591473 114.30336 30.59148 0.0 0.0
2016-10-19 6:59:39 413932524 114.303387 30.591473 114.303387 30.591473 0.0 0.0
2016-10-19 7:00:36 413932524 114.303387 30.591473 114.303387 30.591473 0.0 0.0
2016-10-19 7:05:32 413932524 114.30336 30.591477 114.303387 30.591473 0.0 0.0
2016-10-19 7:06:37 413932524 114.30336 30.591477 114.30336 30.591477 0.0 0.0
2016-10-19 7:08:29 413932524 114.30336 30.59148 114.30336 30.591477 0.0 0.0
2016-10-19 7:11:16 413932524 114.303373 30.591483 114.30336 30.59148 0.0 0.0
2016-10-19 7:11:39 413932524 114.303373 30.591483 114.303373 30.591483 0.0 0.0
2016-10-19 7:12:43 413932524 114.303373 30.591483 114.303373 30.591483 0.0 0.0
2016-10-19 7:18:38 413932524 114.303373 30.591493 114.303373 30.591493 0.0 0.0
2016-10-19 7:24:34 413932524 114.303373 30.59148 114.303373 30.59148 0.0 0.0
2016-10-19 7:26:38 413932524 114.30336 30.59148 114.303373 30.59148 0.0 0.0
2016-10-19 7:29:46 413932524 114.303387 30.591487 114.30336 30.59148 0.0 0.0
2016-10-19 7:32:25 413932524 114.30336 30.591457 114.303387 30.591487 0.0 0.0
2016-10-19 7:35:30 413932524 114.30336 30.591457 114.30336 30.591457 0.0 0.0
2016-10-19 7:36:37 413932524 114.30336 30.591457 114.30336 30.591457 0.0 0.0
2016-10-19 7:38:50 413932524 114.303387 30.591493 114.30336 30.591457 0.0 0.0
2016-10-19 7:41:33 413932524 114.3034 30.59148 114.303387 30.591493 0.0 0.0
2016-10-19 7:42:33 413932524 114.3034 30.59148 114.3034 30.59148 0.0 0.0
2016-10-19 7:44:44 413932524 114.303387 30.591483 114.3034 30.59148 0.0 0.0
2016-10-19 7:47:43 413932524 114.303347 30.591487 114.303387 30.591483 0.0 0.0
2016-10-19 7:48:33 413932524 114.303347 30.591487 114.303347 30.591487 0.0 0.0
2016-10-19 07:54:33 413932524 114.3033865604396 30.59147710989011    
2016-10-19 7:54:37 413932524 114.303387 30.591477 114.303387 30.591477 0.0 0.0
2016-10-19 7:56:44 413932524 114.303387 30.591483 114.303387 30.591477 0.0 0.0
2016-10-19 7:59:47 413932524 114.303387 30.591483 114.303387 30.591483 0.0 0.0
2016-10-19 8:00:41 413932524 114.303387 30.591483 114.303387 30.591483 0.0 0.0
2016-10-19 08:06:41 413932524 114.303387 30.59147589833081    
2016-10-19 8:11:40 413932524 114.303387 30.59147 114.303387 30.59147 0.0 0.0
2016-10-19 8:12:40 413932524 114.303387 30.59147 114.303387 30.59147 0.0 0.0
2016-10-19 8:15:07 413932524 114.303387 30.59148 114.303387 30.59147 0.0 0.0
2016-10-19 8:17:28 413932524 114.303387 30.59148 114.303387 30.59148 0.0 0.0
2016-10-19 8:18:45 413932524 114.303387 30.59148 114.303387 30.59148 0.0 0.0
2016-10-19 08:24:45 413932524 114.303365280543 30.59147076923077    
2016-10-19 8:29:48 413932524 114.303347 30.591463 114.303347 30.591463 0.0 0.0
2016-10-19 8:30:12 413932524 114.303387 30.591467 114.303347 30.591463 0.0 0.0
2016-10-19 8:33:14 413932524 114.303387 30.59146 114.303387 30.591467 0.0 0.0
2016-10-19 8:35:29 413932524 114.303387 30.59146 114.303387 30.59146 0.0 0.0
2016-10-19 8:36:54 413932524 114.303387 30.59146 114.303387 30.59146 0.0 0.0
2016-10-19 8:39:10 413932524 114.303373 30.59148 114.303387 30.59146 0.0 0.0
2016-10-19 8:41:31 413932524 114.303373 30.59148 114.303373 30.59148 0.0 0.0
2016-10-19 8:45:12 413932524 114.303413 30.591467 114.303373 30.59148 0.0 0.0
2016-10-19 8:47:36 413932524 114.303413 30.591467 114.303413 30.591467 0.0 0.0
2016-10-19 8:48:49 413932524 114.303413 30.591467 114.303413 30.591467 0.0 0.0
2016-10-19 08:54:49 413932524 114.303403965251 30.59147603474904    
2016-10-19 8:57:27 413932524 114.3034 30.59148 114.3034 30.591467 0.0 0.0
2016-10-19 8:59:56 413932524 114.3034 30.59148 114.3034 30.59148 0.0 0.0
2016-10-19 9:00:55 413932524 114.3034 30.59148 114.3034 30.59148 0.0 0.0
2016-10-19 9:03:15 413932524 114.303387 30.591483 114.3034 30.59148 0.0 0.0
2016-10-19 9:05:47 413932524 114.303387 30.591483 114.303387 30.591483 0.0 0.0
2016-10-19 9:06:48 413932524 114.303387 30.591483 114.303387 30.591483 0.0 0.0
2016-10-19 9:11:46 413932524 114.303387 30.591483 114.303387 30.591483 0.0 0.0
2016-10-19 9:12:56 413932524 114.303387 30.591483 114.303387 30.591483 0.0 0.0
2016-10-19 9:15:27 413932524 114.303373 30.591473 114.303387 30.591483 0.0 0.0
2016-10-19 9:17:48 413932524 114.303373 30.591473 114.303373 30.591473 0.0 0.0
2016-10-19 9:18:59 413932524 114.303373 30.591473 114.303373 30.591473 0.0 0.0
2016-10-19 9:21:38 413932524 114.303387 30.591473 114.303373 30.591473 0.1 0.0
2016-10-19 9:23:39 413932524 114.303387 30.591473 114.303387 30.591473 0.1 0.0
2016-10-19 9:24:45 413932524 114.30336 30.591477 114.303387 30.591473 0.0 0.0
2016-10-19 9:29:32 413932524 114.30336 30.591477 114.30336 30.591477 0.0 0.0
2016-10-19 9:30:40 413932524 114.30336 30.591477 114.30336 30.591477 0.0 0.0
2016-10-19 9:35:48 413932524 114.30336 30.591477 114.30336 30.591477 0.0 0.0
2016-10-19 09:41:48 413932524 114.3033724455826 30.591477    
2016-10-19 09:47:48 413932524 114.3033848911652 30.591477    
2016-10-19 9:48:49 413932524 114.303387 30.591477 114.303387 30.591477 0.0 0.0
2016-10-19 9:51:59 413932524 114.3034 30.59147 114.303387 30.591477 0.0 0.0
2016-10-19 9:53:36 413932524 114.3034 30.59147 114.3034 30.59147 0.0 0.0
2016-10-19 9:54:34 413932524 114.3034 30.59147 114.3034 30.59147 0.0 0.0
2016-10-19 9:55:08 413932524 114.3034 30.591467 114.3034 30.59147 0.0 0.0
2016-10-19 9:57:36 413932524 114.3034 30.591457 114.3034 30.591467 0.0 0.0
2016-10-19 9:59:33 413932524 114.3034 30.591457 114.3034 30.591457 0.0 0.0
2016-10-19 10:01:00 413932524 114.303387 30.591457 114.3034 30.591457 0.0 0.0
2016-10-19 10:03:55 413932524 114.3034 30.591457 114.303387 30.591457 0.0 0.0
2016-10-19 10:05:29 413932524 114.3034 30.591457 114.3034 30.591457 0.0 0.0
2016-10-19 10:05:53 413932524 114.3034 30.591457 114.3034 30.591457 0.0 0.0
2016-10-19 10:06:51 413932524 114.303387 30.591467 114.3034 30.591457 0.0 0.0
2016-10-19 10:10:06 413932524 114.3034 30.59146 114.303387 30.591467 0.1 0.0
2016-10-19 10:11:32 413932524 114.3034 30.59146 114.3034 30.59146 0.1 0.0
2016-10-19 10:12:37 413932524 114.3034 30.59146 114.3034 30.59146 0.1 0.0
2016-10-19 10:13:09 413932524 114.303387 30.59144 114.3034 30.59146 0.0 0.0
2016-10-19 10:17:45 413932524 114.303387 30.59144 114.303387 30.59144 0.0 0.0
2016-10-19 10:18:46 413932524 114.303387 30.59144 114.303387 30.59144 0.0 0.0
2016-10-19 10:19:11 413932524 114.3034 30.591463 114.303387 30.59144 0.0 0.0
2016-10-19 10:25:11 413932524 114.3033924271845 30.59145950485437    
2016-10-19 10:29:29 413932524 114.303387 30.591457 114.303387 30.591457 0.0 0.0
2016-10-19 10:31:14 413932524 114.303387 30.591457 114.303387 30.591457 0.0 0.0
2016-10-19 10:34:08 413932524 114.303373 30.591467 114.303387 30.591457 0.0 0.0
2016-10-19 10:35:37 413932524 114.303373 30.591467 114.303373 30.591467 0.0 0.0
2016-10-19 10:37:00 413932524 114.303373 30.59148 114.303373 30.591467 0.0 0.0
2016-10-19 10:40:16 413932524 114.303387 30.59147 114.303373 30.59148 0.0 0.0
2016-10-19 10:41:51 413932524 114.303387 30.59147 114.303387 30.59147 0.0 0.0
2016-10-19 10:46:13 413932524 114.303373 30.591443 114.303387 30.59147 0.0 0.0
2016-10-19 10:47:48 413932524 114.303373 30.591443 114.303373 30.591443 0.0 0.0
2016-10-19 10:48:52 413932524 114.303373 30.591443 114.303373 30.591443 0.0 0.0
2016-10-19 10:52:16 413932524 114.303373 30.591477 114.303373 30.591443 0.0 0.0
2016-10-19 10:53:45 413932524 114.303373 30.591477 114.303373 30.591477 0.0 0.0
2016-10-19 10:54:43 413932524 114.303373 30.591477 114.303373 30.591477 0.0 0.0
2016-10-19 10:55:16 413932524 114.303387 30.591453 114.303373 30.591477 0.0 0.0
2016-10-19 10:59:30 413932524 114.303387 30.591453 114.303387 30.591453 0.0 0.0
2016-10-19 11:00:34 413932524 114.303387 30.591453 114.303387 30.591453 0.0 0.0
2016-10-19 11:01:34 413932524 114.30336 30.59144 114.303387 30.591453 0.0 0.0
2016-10-19 11:07:34 413932524 114.3033643902439 30.59144675422139    
2016-10-19 11:13:34 413932524 114.3033687804878 30.59145350844278    
2016-10-19 11:19:20 413932524 114.303373 30.59146 114.303387 30.59148 0.0 0.0
2016-10-19 11:22:22 413932524 114.303373 30.591457 114.303373 30.59146 0.0 0.0
2016-10-19 11:28:22 413932524 114.3033841504425 30.59146974336283    
2016-10-19 11:29:54 413932524 114.303387 30.591473 114.303387 30.591473 0.0 0.0
2016-10-19 11:30:48 413932524 114.303387 30.591473 114.303387 30.591473 0.0 0.0
2016-10-19 11:36:48 413932524 114.3033794550898 30.59146060479042    
2016-10-19 11:41:56 413932524 114.303373 30.59145 114.303373 30.59145 0.0 0.0
2016-10-19 11:42:54 413932524 114.303373 30.59145 114.303373 30.59145 0.0 0.0
2016-10-19 11:43:51 413932524 114.303387 30.59145 114.303373 30.59145 0.0 0.0
2016-10-19 11:46:41 413932524 114.303373 30.59145 114.303387 30.59145 0.0 0.0
2016-10-19 11:48:57 413932524 114.303373 30.59145 114.303373 30.59145 0.0 0.0
2016-10-19 11:52:57 413932524 114.303387 30.591477 114.303373 30.59145 0.0 0.0
2016-10-19 11:53:52 413932524 114.303387 30.591477 114.303387 30.591477 0.0 0.0
2016-10-19 11:54:45 413932524 114.303387 30.591477 114.303387 30.591477 0.0 0.0
2016-10-19 11:58:46 413932524 114.303387 30.59145 114.303387 30.591477 0.0 0.0
2016-10-19 11:59:46 413932524 114.303387 30.59145 114.303387 30.59145 0.0 0.0
2016-10-19 12:00:33 413932524 114.303387 30.59145 114.303387 30.59145 0.0 0.0
2016-10-19 12:04:56 413932524 114.303373 30.591437 114.303387 30.59145 0.0 0.0
2016-10-19 12:05:46 413932524 114.303373 30.591437 114.303373 30.591437 0.0 0.0
2016-10-19 12:06:49 413932524 114.303373 30.591437 114.303373 30.591437 0.0 0.0
2016-10-19 12:10:56 413932524 114.303347 30.59149 114.303373 30.591437 0.0 0.0
2016-10-19 12:11:47 413932524 114.303347 30.59149 114.303347 30.59149 0.0 0.0
2016-10-19 12:12:47 413932524 114.303347 30.59149 114.303347 30.59149 0.0 0.0
2016-10-19 12:14:03 413932524 114.303373 30.591467 114.303347 30.59149 0.0 0.0
2016-10-19 12:17:36 413932524 114.303373 30.591467 114.303373 30.591467 0.0 0.0
2016-10-19 12:18:33 413932524 114.303373 30.591467 114.303373 30.591467 0.0 0.0
2016-10-19 12:23:43 413932524 114.303373 30.59145 114.303373 30.59145 0.0 0.0
2016-10-19 12:24:41 413932524 114.303373 30.59145 114.303373 30.59145 0.0 0.0
2016-10-19 12:28:56 413932524 114.3034 30.59148 114.303373 30.59145 0.0 0.0
2016-10-19 12:29:44 413932524 114.3034 30.59148 114.3034 30.59148 0.0 0.0
2016-10-19 12:34:59 413932524 114.3034 30.591473 114.3034 30.59148 0.0 0.0
2016-10-19 12:35:51 413932524 114.3034 30.591473 114.3034 30.591473 0.0 0.0
2016-10-19 12:36:42 413932524 114.3034 30.591473 114.3034 30.591473 0.0 0.0
2016-10-19 12:41:11 413932524 114.303413 30.59143 114.3034 30.591473 0.0 0.0
2016-10-19 12:41:34 413932524 114.303413 30.59143 114.303413 30.59143 0.0 0.0
2016-10-19 12:42:28 413932524 114.303413 30.59143 114.303413 30.59143 0.0 0.0
2016-10-19 12:47:13 413932524 114.303387 30.591477 114.303413 30.59143 0.0 0.0
2016-10-19 12:48:32 413932524 114.303387 30.591477 114.303387 30.591477 0.0 0.0
2016-10-19 12:54:32 413932524 114.303387 30.5914695443787    
2016-10-19 12:59:48 413932524 114.303387 30.591463 114.303387 30.591463 0.0 0.0
2016-10-19 13:05:48 413932524 114.3033993157895 30.59146489473684    
2016-10-19 13:11:48 413932524 114.303411631579 30.59146678947369    
2016-10-19 13:12:28 413932524 114.303413 30.591467 114.303413 30.591467 0.0 0.0
2016-10-19 13:17:29 413932524 114.303387 30.591457 114.303387 30.591457 0.0 0.0
2016-10-19 13:17:56 413932524 114.303387 30.591457 114.303387 30.591457 0.0 0.0
2016-10-19 13:18:54 413932524 114.303387 30.591457 114.303387 30.591457 0.0 0.0
2016-10-19 13:23:34 413932524 114.303387 30.591487 114.303387 30.591457 0.0 0.0
2016-10-19 13:24:30 413932524 114.303387 30.591487 114.303387 30.591487 0.0 0.0
2016-10-19 13:30:30 413932524 114.303387 30.59145757220708    
2016-10-19 13:30:37 413932524 114.303387 30.591457 114.303387 30.591457 0.0 0.0
2016-10-19 13:36:37 413932524 114.3033996145553 30.59145991105121    
2016-10-19 13:42:37 413932524 114.3034122291105 30.59146282210243    
2016-10-19 13:42:59 413932524 114.303413 30.591463 114.303413 30.591463 0.0 0.0
2016-10-19 13:48:03 413932524 114.3034 30.59147 114.303413 30.591463 0.0 0.0
2016-10-19 13:48:51 413932524 114.3034 30.59147 114.3034 30.59147 0.0 0.0
2016-10-19 13:54:51 413932524 114.3033798319328 30.59147504201681    
2016-10-19 14:00:45 413932524 114.30336 30.59148 114.30336 30.59148 0.0 0.0
2016-10-19 14:02:47 413932524 114.3034 30.591467 114.30336 30.59148 0.0 0.0
2016-10-19 14:05:44 413932524 114.3034 30.591467 114.3034 30.591467 0.0 0.0
2016-10-19 14:06:30 413932524 114.3034 30.591467 114.3034 30.591467 0.0 0.0
2016-10-19 14:07:01 413932524 114.3034 30.591467 114.3034 30.591467 0.0 0.0
2016-10-19 14:11:40 413932524 114.303413 30.591477 114.3034 30.591467 0.0 0.0
2016-10-19 14:12:32 413932524 114.303413 30.591477 114.303413 30.591477 0.0 0.0
2016-10-19 14:18:32 413932524 114.3033733305785 30.59147997520661    
2016-10-19 14:18:35 413932524 114.303373 30.59148 114.303373 30.59148 0.0 0.0
2016-10-19 14:23:32 413932524 114.303373 30.59148 114.303373 30.59148 0.0 0.0
2016-10-19 14:24:56 413932524 114.303373 30.59148 114.303373 30.59148 0.0 0.0
2016-10-19 14:30:40 413932524 114.303373 30.59146 114.303373 30.59146 0.0 0.0
2016-10-19 14:36:40 413932524 114.3033776494465 30.59146099630997    
2016-10-19 14:42:40 413932524 114.303382298893 30.59146199261993    
2016-10-19 14:48:40 413932524 114.3033869483395 30.59146298892989    
2016-10-19 14:48:44 413932524 114.303387 30.591463 114.303387 30.591463 0.0 0.0
2016-10-19 14:54:44 413932524 114.3033733414634 30.59144348780488    
2016-10-19 14:54:53 413932524 114.303373 30.591443 114.303373 30.591443 0.0 0.0
2016-10-19 14:59:54 413932524 114.303373 30.591443 114.303373 30.591443 0.0 0.0
2016-10-19 15:00:24 413932524 114.303387 30.59146 114.303373 30.591443 0.0 0.0
2016-10-19 15:05:41 413932524 114.303387 30.59146 114.303387 30.59146 0.0 0.0
2016-10-19 15:06:32 413932524 114.303387 30.59146 114.303387 30.59146 0.0 0.0
2016-10-19 15:09:13 413932524 114.3034 30.59147 114.303387 30.59146 0.0 0.0
2016-10-19 15:11:42 413932524 114.3034 30.59147 114.3034 30.59147 0.0 0.0
2016-10-19 15:12:34 413932524 114.303387 30.591467 114.3034 30.59147 0.0 0.0
2016-10-19 15:15:36 413932524 114.30336 30.591473 114.303387 30.591467 0.0 0.0
2016-10-19 15:17:48 413932524 114.30336 30.591473 114.30336 30.591473 0.0 0.0
2016-10-19 15:18:16 413932524 114.30336 30.59144 114.30336 30.591473 0.0 0.0
2016-10-19 15:18:39 413932524 114.30336 30.59144 114.30336 30.59144 0.0 0.0
2016-10-19 15:24:39 413932524 114.303372348285 30.59147799472295    
2016-10-19 15:24:58 413932524 114.303373 30.59148 114.303373 30.59148 0.0 0.0
2016-10-19 15:30:58 413932524 114.3033663898305 30.59146474576271    
2016-10-19 15:36:46 413932524 114.30336 30.59145 114.30336 30.59145 0.0 0.0
2016-10-19 15:41:35 413932524 114.30336 30.59145 114.30336 30.59145 0.0 0.0
2016-10-19 15:42:46 413932524 114.30336 30.59145 114.30336 30.59145 0.0 0.0
2016-10-19 15:48:46 413932524 114.3033645882353 30.59145458823529    
2016-10-19 15:54:46 413932524 114.3033691764706 30.59145917647059    
2016-10-19 15:59:46 413932524 114.303373 30.591463 114.303373 30.591463 0.0 0.0
2016-10-19 16:00:37 413932524 114.303373 30.59148 114.303373 30.591463 0.0 0.0
2016-10-19 16:06:37 413932524 114.3033377231749 30.59149710926017    
2016-10-19 16:12:37 413932524 114.3033024463498 30.59151421852033    
2016-10-19 16:18:37 413932524 114.3032671695247 30.5915313277805    
2016-10-19 16:24:37 413932524 114.3032318926997 30.59154843704067    
2016-10-19 16:30:37 413932524 114.3031966158746 30.59156554630083    
2016-10-19 16:34:38 413932524 114.303173 30.591577 114.303747 30.59198 0.1 0.0
2016-10-19 16:36:55 413932524 114.303173 30.591577 114.303173 30.591577 0.1 0.0
2016-10-19 16:37:39 413932524 114.303173 30.59155 114.303173 30.591577 0.0 0.0
2016-10-19 20:37:48 413932524 114.303173 30.591543 114.30316 30.59155 0.0 0.0
2016-10-19 20:40:51 413932524 114.303173 30.59153 114.303173 30.591543 0.0 0.0
2016-10-19 20:42:42 413932524 114.303173 30.59153 114.303173 30.59153 0.0 0.0
2016-10-19 20:43:42 413932524 114.303173 30.59152 114.303173 30.59153 0.0 0.0
2016-10-19 20:46:56 413932524 114.30316 30.59148 114.303173 30.59152 0.0 0.0
2016-10-19 20:48:41 413932524 114.30316 30.59148 114.30316 30.59148 0.0 0.0
2016-10-19 20:49:46 413932524 114.303173 30.591513 114.30316 30.59148 0.0 0.0
2016-10-19 20:52:50 413932524 114.303147 30.591547 114.303173 30.591513 0.0 0.0
2016-10-19 20:54:39 413932524 114.303147 30.591547 114.303147 30.591547 0.0 0.0
2016-10-19 20:55:42 413932524 114.303147 30.591547 114.303147 30.591547 0.0 0.0
2016-10-19 21:01:42 413932524 114.3031611603631 30.59153610741301    
2016-10-19 21:06:43 413932524 114.303173 30.591527 114.303173 30.591527 0.0 0.0
2016-10-19 21:07:49 413932524 114.303173 30.591527 114.303173 30.591527 0.0 0.0
2016-10-19 21:11:08 413932524 114.303173 30.591537 114.303173 30.591527 0.0 0.0
2016-10-19 21:12:45 413932524 114.303173 30.591537 114.303173 30.591537 0.0 0.0
2016-10-19 21:18:45 413932524 114.303166526971 30.59155343153527    
2016-10-19 21:24:45 413932524 114.3031600539419 30.59156986307054    
2016-10-19 21:24:48 413932524 114.30316 30.59157 114.30316 30.59157 0.0 0.0
2016-10-19 21:26:41 413932524 114.30316 30.59157 114.30316 30.59157 0.0 0.0
2016-10-19 21:29:06 413932524 114.303173 30.59154 114.30316 30.59157 0.0 0.0
2016-10-19 21:35:06 413932524 114.303173 30.59156342733189    
2016-10-19 21:36:47 413932524 114.303173 30.59157 114.303173 30.59157 0.0 0.0
2016-10-19 21:37:54 413932524 114.303173 30.59157 114.303173 30.59157 0.0 0.0
2016-10-19 21:41:15 413932524 114.303173 30.59156 114.303173 30.59157 0.0 0.0
2016-10-19 21:42:51 413932524 114.303173 30.59156 114.303173 30.59156 0.0 0.0
2016-10-19 21:47:10 413932524 114.3032 30.591507 114.303173 30.59156 0.0 0.0
2016-10-19 21:48:39 413932524 114.3032 30.591507 114.3032 30.591507 0.0 0.0
2016-10-19 21:49:59 413932524 114.3032 30.591507 114.3032 30.591507 0.0 0.0
2016-10-19 21:53:15 413932524 114.303173 30.591543 114.3032 30.591507 0.0 0.0
2016-10-19 21:54:55 413932524 114.303173 30.591543 114.303173 30.591543 0.0 0.0
2016-10-19 21:55:43 413932524 114.303173 30.591543 114.303173 30.591543 0.0 0.0
2016-10-19 21:59:26 413932524 114.303173 30.591553 114.303173 30.591543 0.0 0.0
2016-10-19 22:00:40 413932524 114.303173 30.591553 114.303173 30.591553 0.0 0.0
2016-10-19 22:06:40 413932524 114.3031604193548 30.591553    
2016-10-19 22:06:52 413932524 114.30316 30.591553 114.30316 30.591553 0.0 0.0
2016-10-19 22:07:47 413932524 114.30316 30.591553 114.30316 30.591553 0.0 0.0
2016-10-19 22:13:47 413932524 114.30316 30.59154748698316    
2016-10-19 22:18:40 413932524 114.30316 30.591543 114.30316 30.591543 0.0 0.0
2016-10-19 22:24:40 413932524 114.303172892562 30.59155291735537    
2016-10-19 22:24:43 413932524 114.303173 30.591553 114.303173 30.591553 0.0 0.0
2016-10-19 22:25:40 413932524 114.303173 30.591553 114.303173 30.591553 0.0 0.0
2016-10-19 22:29:30 413932524 114.303173 30.591537 114.303173 30.591553 0.0 0.0
2016-10-19 22:30:52 413932524 114.303173 30.591537 114.303173 30.591537 0.0 0.0
2016-10-19 22:31:52 413932524 114.303173 30.591537 114.303173 30.591537 0.0 0.0
2016-10-19 22:35:35 413932524 114.303173 30.59153 114.303173 30.591537 0.0 0.0
2016-10-19 22:36:43 413932524 114.303173 30.59153 114.303173 30.59153 0.0 0.0
2016-10-19 22:37:45 413932524 114.303173 30.59153 114.303173 30.59153 0.0 0.0
2016-10-19 22:41:34 413932524 114.303187 30.591547 114.303173 30.59153 0.0 0.0
2016-10-19 22:42:50 413932524 114.303187 30.591547 114.303187 30.591547 0.0 0.0
2016-10-19 22:43:50 413932524 114.303187 30.591547 114.303187 30.591547 0.0 0.0
2016-10-19 22:47:45 413932524 114.30316 30.591527 114.303187 30.591547 0.0 0.0
2016-10-19 22:48:46 413932524 114.30316 30.591527 114.30316 30.591527 0.0 0.0
2016-10-19 22:49:45 413932524 114.30316 30.591527 114.30316 30.591527 0.0 0.0
2016-10-19 22:55:45 413932524 114.3031671341463 30.59153797560975    
2016-10-19 23:00:41 413932524 114.303173 30.591547 114.303173 30.591547 0.0 0.0
2016-10-19 23:01:42 413932524 114.303173 30.591547 114.303173 30.591547 0.0 0.0
2016-10-19 23:05:57 413932524 114.303147 30.591537 114.303173 30.591547 0.0 0.0
2016-10-19 23:06:53 413932524 114.303147 30.591537 114.303147 30.591537 0.0 0.0
2016-10-19 23:07:41 413932524 114.303147 30.591537 114.303147 30.591537 0.0 0.0
2016-10-19 23:12:05 413932524 114.303173 30.591537 114.303147 30.591537 0.0 0.0
2016-10-19 23:12:44 413932524 114.303173 30.591537 114.303173 30.591537 0.0 0.0
2016-10-19 23:13:41 413932524 114.303173 30.591537 114.303173 30.591537 0.0 0.0
2016-10-19 23:17:57 413932524 114.303173 30.591537 114.303173 30.591537 0.0 0.0
2016-10-19 23:18:41 413932524 114.303173 30.591537 114.303173 30.591537 0.0 0.0
2016-10-19 23:19:53 413932524 114.303173 30.591537 114.303173 30.591537 0.0 0.0
2016-10-19 23:25:53 413932524 114.303173 30.59152926993865    
2016-10-19 23:30:45 413932524 114.303173 30.591523 114.303173 30.591523 0.0 0.0
2016-10-19 23:31:41 413932524 114.303173 30.591523 114.303173 30.591523 0.0 0.0
2016-10-19 23:36:37 413932524 114.303187 30.591553 114.303187 30.591553 0.0 0.0
2016-10-19 23:37:38 413932524 114.303187 30.591553 114.303187 30.591553 0.0 0.0
2016-10-19 23:42:41 413932524 114.303173 30.591527 114.303173 30.591527 0.0 0.0
2016-10-19 23:43:54 413932524 114.303173 30.591527 114.303173 30.591527 0.0 0.0
2016-10-19 23:48:09 413932524 114.303173 30.591497 114.303173 30.591527 0.0 0.0
2016-10-19 23:49:49 413932524 114.303173 30.591497 114.303173 30.591497 0.0 0.0
2016-10-19 23:54:21 413932524 114.303187 30.591503 114.303173 30.591497 0.0 0.0
2016-10-19 23:54:48 413932524 114.303187 30.591503 114.303187 30.591503 0.0 0.0
2016-10-19 23:55:41 413932524 114.303187 30.591503 114.303187 30.591503 0.0 0.0
