2016-10-22 4:02:50 413818451 114.239698 30.492003 114.23498 30.486255 8.2 35.2
2016-10-22 4:04:38 413818451 114.242473 30.495685 114.239698 30.492003 7.7 30.9
2016-10-22 4:07:40 413818451 114.246052 30.5009 114.242473 30.495685 7.0 33.2
2016-10-22 4:09:08 413818451 114.247948 30.503313 114.246052 30.5009 6.7 33.5
2016-10-22 04:15:08 413818451 114.2543965981308 30.51181673831776    
2016-10-22 4:19:50 413818451 114.259448 30.518478 114.254955 30.512397 5.4 35.4
2016-10-22 4:20:44 413818451 114.260435 30.51973 114.259448 30.518478 5.4 32.6
2016-10-22 4:24:10 413818451 114.26387 30.524153 114.260435 30.51973 5.7 37.0
2016-10-22 04:30:10 413818451 114.27108478819 30.53378565725289    
2016-10-22 04:36:10 413818451 114.27829957638 30.54341831450578    
2016-10-22 4:37:09 413818451 114.279482 30.544997 114.278227 30.542988 8.1 26.6
2016-10-22 4:39:50 413818451 114.282487 30.550217 114.279482 30.544997 8.7 29.1
2016-10-22 4:40:11 413818451 114.283138 30.551243 114.282487 30.550217 9.0 30.5
2016-10-22 4:41:49 413818451 114.285275 30.554473 114.283138 30.551243 8.8 30.3
2016-10-22 4:42:05 413818451 114.286078 30.555623 114.285275 30.554473 8.9 33.2
2016-10-22 4:43:49 413818451 114.288318 30.558623 114.286078 30.555623 8.5 33.3
2016-10-22 4:44:45 413818451 114.290048 30.560547 114.288318 30.558623 8.9 39.2
2016-10-22 4:45:34 413818451 114.291862 30.562507 114.290048 30.560547 8.6 34.8
2016-10-22 4:47:33 413818451 114.295077 30.56633 114.291862 30.562507 8.5 33.5
2016-10-22 4:50:07 413818451 114.298662 30.571167 114.295077 30.56633 8.1 33.1
2016-10-22 4:50:52 413818451 114.29937 30.572115 114.298662 30.571167 8.3 31.8
2016-10-22 4:51:11 413818451 114.300043 30.573083 114.29937 30.572115 8.1 32.6
2016-10-22 4:52:13 413818451 114.301392 30.575058 114.300043 30.573083 8.1 29.0
2016-10-22 4:53:37 413818451 114.303418 30.577973 114.301392 30.575058 8.1 31.8
2016-10-22 4:54:15 413818451 114.304185 30.579058 114.303418 30.577973 8.1 30.0
2016-10-22 4:54:33 413818451 114.304762 30.579927 114.304185 30.579058 8.1 29.8
2016-10-22 4:55:25 413818451 114.305437 30.580882 114.304762 30.579927 8.2 30.6
2016-10-22 4:55:44 413818451 114.306072 30.581883 114.305437 30.580882 8.2 27.5
2016-10-22 4:57:20 413818451 114.307847 30.58497 114.306072 30.581883 8.2 27.3
2016-10-22 4:57:43 413818451 114.308417 30.585985 114.307847 30.58497 8.1 23.3
2016-10-22 4:58:20 413818451 114.308948 30.587052 114.308417 30.585985 7.8 22.2
2016-10-22 4:58:40 413818451 114.309423 30.588102 114.308948 30.587052 8.1 20.2
2016-10-22 4:59:06 413818451 114.309895 30.58913 114.309423 30.588102 8.2 22.1
2016-10-22 4:59:43 413818451 114.310425 30.590195 114.309895 30.58913 8.2 24.1
2016-10-22 5:00:32 413818451 114.311058 30.59145 114.310425 30.590195 8.2 23.1
2016-10-22 5:01:10 413818451 114.312072 30.593313 114.311058 30.59145 8.4 25.2
2016-10-22 5:02:12 413818451 114.313218 30.595417 114.312072 30.593313 8.3 31.2
2016-10-22 5:03:06 413818451 114.314602 30.597303 114.313218 30.595417 8.2 33.1
2016-10-22 5:04:28 413818451 114.316035 30.59926 114.314602 30.597303 8.2 29.8
2016-10-22 5:05:07 413818451 114.31743 30.601123 114.316035 30.59926 8.0 33.8
2016-10-22 5:05:56 413818451 114.318173 30.602063 114.31743 30.601123 8.2 35.0
2016-10-22 5:06:36 413818451 114.31967 30.60393 114.318173 30.602063 8.2 33.7
2016-10-22 5:07:18 413818451 114.320497 30.604778 114.31967 30.60393 8.0 43.2
2016-10-22 5:08:11 413818451 114.322098 30.606618 114.320497 30.604778 8.1 41.5
2016-10-22 5:08:40 413818451 114.322938 30.607452 114.322098 30.606618 8.3 41.3
2016-10-22 5:09:20 413818451 114.32381 30.608307 114.322938 30.607452 8.1 41.1
2016-10-22 5:09:39 413818451 114.324677 30.60916 114.32381 30.608307 8.1 43.1
2016-10-22 5:10:05 413818451 114.325568 30.609973 114.324677 30.60916 8.2 43.3
2016-10-22 5:10:45 413818451 114.326498 30.6108 114.325568 30.609973 8.2 43.0
2016-10-22 5:11:02 413818451 114.32742 30.61161 114.326498 30.6108 8.2 44.0
2016-10-22 5:11:54 413818451 114.328465 30.61243 114.32742 30.61161 8.2 47.5
2016-10-22 5:12:10 413818451 114.329357 30.613188 114.328465 30.61243 8.2 46.1
2016-10-22 5:12:57 413818451 114.330327 30.613942 114.329357 30.613188 8.2 47.6
2016-10-22 5:13:39 413818451 114.332312 30.615578 114.330327 30.613942 8.2 47.1
2016-10-22 5:14:21 413818451 114.333252 30.616367 114.332312 30.615578 8.3 44.4
2016-10-22 5:14:38 413818451 114.334212 30.61716 114.333252 30.616367 8.4 47.3
2016-10-22 5:15:10 413818451 114.335145 30.617922 114.334212 30.61716 8.4 46.7
2016-10-22 5:16:08 413818451 114.337195 30.619525 114.335145 30.617922 8.7 49.0
2016-10-22 5:16:54 413818451 114.338218 30.620317 114.337195 30.619525 8.5 47.3
2016-10-22 5:17:48 413818451 114.340278 30.621892 114.338218 30.620317 8.6 50.3
2016-10-22 5:18:16 413818451 114.341663 30.622887 114.340278 30.621892 8.6 51.3
2016-10-22 5:18:38 413818451 114.342443 30.623485 114.341663 30.622887 8.8 50.2
2016-10-22 5:19:12 413818451 114.34349 30.624292 114.342443 30.623485 8.7 49.2
2016-10-22 5:19:52 413818451 114.344543 30.625127 114.34349 30.624292 8.8 52.9
2016-10-22 5:20:08 413818451 114.345695 30.62599 114.344543 30.625127 8.8 44.8
2016-10-22 5:20:54 413818451 114.346738 30.626755 114.345695 30.62599 8.8 46.9
2016-10-22 5:21:10 413818451 114.347787 30.627597 114.346738 30.626755 8.9 48.3
2016-10-22 5:21:46 413818451 114.348792 30.628412 114.347787 30.627597 8.9 47.8
2016-10-22 5:22:09 413818451 114.349873 30.629248 114.348792 30.628412 9.0 48.8
2016-10-22 5:22:46 413818451 114.350992 30.63002 114.349873 30.629248 9.0 51.3
2016-10-22 5:23:27 413818451 114.35207 30.630812 114.350992 30.63002 9.0 48.1
2016-10-22 5:24:18 413818451 114.354645 30.632693 114.35207 30.630812 9.0 50.8
2016-10-22 5:24:43 413818451 114.355457 30.63325 114.354645 30.632693 8.9 50.1
2016-10-22 5:25:18 413818451 114.356557 30.634055 114.355457 30.63325 8.9 49.3
2016-10-22 5:25:36 413818451 114.357643 30.634838 114.356557 30.634055 9.0 51.1
2016-10-22 5:26:23 413818451 114.358727 30.635627 114.357643 30.634838 8.9 49.7
2016-10-22 5:27:26 413818451 114.360798 30.63726 114.358727 30.635627 8.5 45.7
2016-10-22 5:27:47 413818451 114.361797 30.63806 114.360798 30.63726 8.3 45.3
2016-10-22 5:29:41 413818451 114.36565 30.641012 114.361797 30.63806 8.1 51.4
2016-10-22 5:30:21 413818451 114.36673 30.641777 114.36565 30.641012 8.7 49.6
2016-10-22 5:30:38 413818451 114.367782 30.642505 114.36673 30.641777 8.6 51.4
2016-10-22 5:32:17 413818451 114.370905 30.644763 114.367782 30.642505 8.0 51.7
2016-10-22 5:33:24 413818451 114.372923 30.646068 114.370905 30.644763 8.1 54.2
2016-10-22 5:33:44 413818451 114.374078 30.646768 114.372923 30.646068 8.3 55.4
2016-10-22 5:34:28 413818451 114.375203 30.647397 114.374078 30.646768 8.4 57.6
2016-10-22 5:34:47 413818451 114.376392 30.647985 114.375203 30.647397 8.1 62.5
2016-10-22 5:35:28 413818451 114.377563 30.648515 114.376392 30.647985 8.2 63.8
2016-10-22 5:35:49 413818451 114.378768 30.649012 114.377563 30.648515 8.3 65.4
2016-10-22 5:36:21 413818451 114.37996 30.649457 114.378768 30.649012 7.9 66.0
2016-10-22 5:36:45 413818451 114.381092 30.649902 114.37996 30.649457 7.8 64.8
2016-10-22 5:37:25 413818451 114.382247 30.650382 114.381092 30.649902 7.4 65.8
2016-10-22 5:37:43 413818451 114.383263 30.650752 114.382247 30.650382 7.2 67.1
2016-10-22 5:38:23 413818451 114.384432 30.651223 114.383263 30.650752 7.6 65.1
2016-10-22 5:38:57 413818451 114.385558 30.651713 114.384432 30.651223 7.4 65.4
2016-10-22 5:39:55 413818451 114.38766 30.652575 114.385558 30.651713 7.3 63.9
2016-10-22 5:40:57 413818451 114.389778 30.653418 114.38766 30.652575 7.3 65.9
2016-10-22 5:41:17 413818451 114.39086 30.653867 114.389778 30.653418 7.2 64.2
2016-10-22 5:42:38 413818451 114.393262 30.654807 114.39086 30.653867 7.2 65.0
2016-10-22 5:43:18 413818451 114.395025 30.655503 114.393262 30.654807 7.0 66.6
2016-10-22 5:44:33 413818451 114.397122 30.656258 114.395025 30.655503 7.0 68.7
2016-10-22 5:45:22 413818451 114.399267 30.656863 114.397122 30.656258 7.0 72.5
2016-10-22 5:46:14 413818451 114.401435 30.657452 114.399267 30.656863 7.3 77.3
2016-10-22 5:46:51 413818451 114.40246 30.657747 114.401435 30.657452 6.8 76.7
2016-10-22 5:47:14 413818451 114.403563 30.65795 114.40246 30.657747 7.1 77.0
2016-10-22 5:48:11 413818451 114.40584 30.65848 114.403563 30.65795 7.5 74.9
2016-10-22 5:48:32 413818451 114.406358 30.658587 114.40584 30.65848 7.7 73.7
2016-10-22 5:49:10 413818451 114.408207 30.659043 114.406358 30.658587 7.9 70.7
2016-10-22 5:50:22 413818451 114.410717 30.659683 114.408207 30.659043 8.1 72.6
2016-10-22 5:50:40 413818451 114.411933 30.660012 114.410717 30.659683 8.2 71.8
2016-10-22 5:53:44 413818451 114.41955 30.662048 114.411933 30.660012 8.2 71.3
2016-10-22 5:54:50 413818451 114.422138 30.66284 114.41955 30.662048 8.1 67.5
2016-10-22 5:55:59 413818451 114.424583 30.663682 114.422138 30.66284 8.0 64.1
2016-10-22 5:56:18 413818451 114.42584 30.664127 114.424583 30.663682 8.1 68.3
2016-10-22 5:56:45 413818451 114.427028 30.66457 114.42584 30.664127 8.0 69.9
2016-10-22 5:57:21 413818451 114.428217 30.665 114.427028 30.66457 8.0 64.8
2016-10-22 5:58:12 413818451 114.429372 30.66551 114.428217 30.665 8.0 62.4
2016-10-22 5:59:51 413818451 114.43375 30.66781 114.429372 30.66551 7.9 62.6
2016-10-22 6:00:25 413818451 114.435403 30.668543 114.43375 30.66781 7.5 63.8
2016-10-22 6:01:22 413818451 114.437138 30.669252 114.43594 30.586147 7.5 66.6
2016-10-22 6:02:11 413818451 114.438218 30.669677 114.437138 30.669252 7.8 65.5
2016-10-22 6:02:50 413818451 114.440518 30.670655 114.438218 30.669677 8.0 64.3
2016-10-22 6:03:28 413818451 114.441677 30.671145 114.440518 30.670655 8.1 64.0
2016-10-22 6:04:24 413818451 114.444067 30.67216 114.441677 30.671145 8.3 64.6
2016-10-22 6:05:43 413818451 114.447837 30.673693 114.444067 30.67216 8.6 62.4
2016-10-22 6:06:31 413818451 114.449617 30.674547 114.447837 30.673693 8.6 61.7
2016-10-22 6:06:50 413818451 114.45027 30.674845 114.449617 30.674547 8.6 61.8
2016-10-22 6:07:38 413818451 114.45153 30.67542 114.45027 30.674845 8.6 62.0
2016-10-22 6:08:17 413818451 114.453877 30.676522 114.45153 30.67542 8.6 61.8
2016-10-22 6:09:24 413818451 114.45642 30.677672 114.453877 30.676522 8.6 62.8
2016-10-22 6:09:44 413818451 114.457665 30.67818 114.45642 30.677672 8.6 69.2
2016-10-22 6:10:33 413818451 114.45894 30.67862 114.457665 30.67818 8.6 68.6
2016-10-22 6:11:16 413818451 114.461592 30.679415 114.45894 30.67862 8.5 71.1
2016-10-22 6:12:24 413818451 114.464215 30.680165 114.461592 30.679415 8.6 72.8
2016-10-22 6:12:45 413818451 114.465522 30.680478 114.464215 30.680165 8.5 73.3
2016-10-22 6:13:30 413818451 114.466813 30.68087 114.465522 30.680478 8.5 70.6
2016-10-22 6:14:25 413818451 114.46941 30.681682 114.466813 30.68087 8.5 70.3
2016-10-22 6:15:13 413818451 114.471992 30.682493 114.46941 30.681682 8.4 73.0
2016-10-22 6:17:47 413818451 114.478572 30.684408 114.471992 30.682493 8.6 69.1
2016-10-22 6:18:24 413818451 114.479755 30.684787 114.478572 30.684408 8.5 70.7
2016-10-22 6:18:47 413818451 114.481143 30.68519 114.479755 30.684787 8.5 72.0
2016-10-22 6:19:57 413818451 114.48374 30.685913 114.481143 30.68519 8.2 72.8
2016-10-22 6:20:15 413818451 114.48491 30.686262 114.48374 30.685913 8.3 68.0
2016-10-22 6:22:50 413818451 114.491317 30.688267 114.48491 30.686262 8.4 73.6
2016-10-22 6:23:32 413818451 114.492568 30.688538 114.491317 30.688267 8.4 78.4
2016-10-22 6:23:50 413818451 114.49395 30.688765 114.492568 30.688538 8.3 80.0
2016-10-22 6:24:51 413818451 114.49663 30.689098 114.49395 30.688765 8.3 84.0
2016-10-22 6:25:28 413818451 114.498 30.689218 114.49663 30.689098 8.8 83.5
2016-10-22 6:26:59 413818451 114.502083 30.689292 114.498 30.689218 8.6 95.2
2016-10-22 6:27:17 413818451 114.503415 30.68922 114.502083 30.689292 8.5 94.4
2016-10-22 6:27:43 413818451 114.504755 30.68906 114.503415 30.68922 8.4 100.4
2016-10-22 6:28:41 413818451 114.50742 30.688568 114.504755 30.68906 8.5 103.0
2016-10-22 6:29:47 413818451 114.510128 30.687973 114.50742 30.688568 8.6 104.8
2016-10-22 6:32:29 413818451 114.516692 30.686172 114.510128 30.687973 8.7 111.0
2016-10-22 6:34:05 413818451 114.520695 30.684857 114.516692 30.686172 8.8 111.3
2016-10-22 6:34:47 413818451 114.523373 30.683975 114.520695 30.684857 8.8 112.0
2016-10-22 6:39:02 413818451 114.532068 30.679062 114.523373 30.683975 7.3 130.4
2016-10-22 6:40:21 413818451 114.534845 30.676817 114.532068 30.679062 8.0 133.6
2016-10-22 6:45:00 413818451 114.54208 30.66798 114.534845 30.676817 8.9 154.9
2016-10-22 6:45:20 413818451 114.542653 30.666853 114.54208 30.66798 8.9 159.0
2016-10-22 6:46:40 413818451 114.543682 30.664535 114.542653 30.666853 9.0 158.1
2016-10-22 6:47:23 413818451 114.544697 30.662195 114.543682 30.664535 9.2 159.9
2016-10-22 6:48:57 413818451 114.546398 30.658605 114.544697 30.662195 9.1 158.5
2016-10-22 6:54:09 413818451 114.552792 30.647052 114.546398 30.658605 9.1 154.8
2016-10-22 6:56:20 413818451 114.555712 30.6411 114.552792 30.647052 9.4 161.2
2016-10-22 6:57:09 413818451 114.556207 30.639857 114.555712 30.6411 9.2 159.9
2016-10-22 6:57:52 413818451 114.55711 30.6375 114.556207 30.639857 9.7 166.4
2016-10-22 6:58:37 413818451 114.55771 30.636288 114.55711 30.6375 9.2 160.3
2016-10-22 7:02:09 413818451 114.561343 30.627875 114.55771 30.636288 9.1 157.3
