2016-10-19 14:59:41 413819611 114.622265 30.556115 114.624335 30.556213 4.1 259.8
2016-10-19 15:05:41 413819611 114.6148957311586 30.55750600112486    
2016-10-19 15:11:41 413819611 114.6075264623172 30.55889700224972    
2016-10-19 15:14:30 413819611 114.604067 30.55955 114.606127 30.558578 5.9 5.2
2016-10-19 15:20:30 413819611 114.5987674401343 30.56647204401343    
2016-10-19 15:26:30 413819611 114.5934678802686 30.57339408802686    
2016-10-19 15:32:30 413819611 114.5881683204028 30.58031613204028    
2016-10-19 15:38:30 413819611 114.5828687605371 30.58723817605371    
2016-10-19 15:44:30 413819611 114.5775692006714 30.59416022006714    
2016-10-19 15:50:30 413819611 114.5722696408057 30.60108226408057    
2016-10-19 15:56:30 413819611 114.56697008094 30.608004308094    
2016-10-19 15:59:11 413819611 114.5646 30.6111 114.565672 30.607067 11.7 6.0
2016-10-19 16:05:11 413819611 114.5613417230769 30.62131846153846    
2016-10-19 16:10:01 413819611 114.558717 30.62955 114.560983 30.62255 12.3 5.8
2016-10-19 16:10:23 413819611 114.558583 30.629817 114.558717 30.62955 6.1 334.4
2016-10-19 16:12:20 413819611 114.5573 30.633017 114.558583 30.629817 12.7 5.9
2016-10-19 16:14:13 413819611 114.556062 30.636328 114.5573 30.633017 6.5 343.5
2016-10-19 16:16:07 413819611 114.554533 30.63935 114.556062 30.636328 9.9 5.8
2016-10-19 16:16:50 413819611 114.55407 30.640272 114.554533 30.63935 5.0 336.0
2016-10-19 16:17:14 413819611 114.553883 30.640667 114.55407 30.640272 9.1 5.8
2016-10-19 16:17:45 413819611 114.553608 30.641248 114.553883 30.640667 4.6 333.2
2016-10-19 16:18:07 413819611 114.553233 30.641883 114.553608 30.641248 8.6 5.8
2016-10-19 16:18:50 413819611 114.552923 30.642472 114.553233 30.641883 4.4 334.1
2016-10-19 16:19:20 413819611 114.552517 30.643133 114.552923 30.642472 9.3 5.8
2016-10-19 16:21:26 413819611 114.5513 30.64565 114.552517 30.643133 8.8 5.8
2016-10-19 16:22:34 413819611 114.550358 30.647485 114.5513 30.64565 5.1 339.6
2016-10-19 16:24:10 413819611 114.549533 30.649427 114.550358 30.647485 4.7 338.1
2016-10-19 16:26:52 413819611 114.548052 30.652628 114.549533 30.649427 4.0 333.2
2016-10-19 16:27:40 413819611 114.54761 30.653432 114.548052 30.652628 4.3 340.7
2016-10-19 16:28:55 413819611 114.547147 30.654513 114.54761 30.653432 4.2 332.4
2016-10-19 16:30:32 413819611 114.546322 30.65597 114.547147 30.654513 3.9 339.7
2016-10-19 16:32:06 413819611 114.545333 30.657865 114.546322 30.65597 6.7 5.8
2016-10-19 16:33:40 413819611 114.544605 30.659143 114.545333 30.657865 3.7 328.4
2016-10-19 16:34:47 413819611 114.543848 30.660312 114.544605 30.659143 3.6 330.0
2016-10-19 16:36:15 413819611 114.54311 30.661675 114.543848 30.660312 3.4 332.4
2016-10-19 16:37:50 413819611 114.542368 30.662888 114.54311 30.661675 3.2 337.1
2016-10-19 16:40:17 413819611 114.541483 30.664933 114.542368 30.662888 6.0 5.8
2016-10-19 16:43:09 413819611 114.540175 30.667415 114.541483 30.664933 3.1 329.7
2016-10-19 16:43:56 413819611 114.539863 30.668055 114.540175 30.667415 3.1 329.2
2016-10-19 16:44:49 413819611 114.539343 30.66894 114.539863 30.668055 3.7 323.6
2016-10-19 16:45:11 413819611 114.53899 30.669377 114.539343 30.66894 3.8 326.7
2016-10-19 16:45:54 413819611 114.538682 30.669787 114.53899 30.669377 3.4 323.6
2016-10-19 16:46:44 413819611 114.538172 30.67066 114.538682 30.669787 3.2 330.0
2016-10-19 16:48:25 413819611 114.53755 30.671667 114.538172 30.67066 5.7 5.7
2016-10-19 16:49:09 413819611 114.536967 30.672333 114.53755 30.671667 5.6 5.6
2016-10-19 16:50:22 413819611 114.536333 30.672867 114.536967 30.672333 4.9 5.5
2016-10-19 16:50:46 413819611 114.535905 30.673155 114.536333 30.672867 2.2 316.1
2016-10-19 16:51:17 413819611 114.535717 30.673267 114.535905 30.673155 4.0 5.3
2016-10-19 16:52:04 413819611 114.5352 30.673567 114.535717 30.673267 3.4 5.4
2016-10-19 16:53:18 413819611 114.5348 30.673867 114.5352 30.673567 2.6 5.3
2016-10-19 16:54:05 413819611 114.5345 30.673983 114.5348 30.673867 1.9 4.8
2016-10-19 16:54:56 413819611 114.534322 30.674127 114.5345 30.673983 0.9 300.7
2016-10-19 16:56:07 413819611 114.533983 30.674433 114.534322 30.674127 1.7 5.3
2016-10-19 16:56:31 413819611 114.533863 30.674553 114.533983 30.674433 1.2 343.0
2016-10-19 16:56:52 413819611 114.533783 30.674575 114.533863 30.674553 0.9 280.5
2016-10-19 16:57:40 413819611 114.533602 30.674667 114.533783 30.674575 1.1 287.8
2016-10-19 16:58:23 413819611 114.533342 30.674852 114.533602 30.674667 1.2 289.8
2016-10-19 16:59:08 413819611 114.533133 30.674967 114.533342 30.674852 2.1 5.6
2016-10-19 17:01:24 413819611 114.532983 30.675017 114.533133 30.674967 1.5 2.6
2016-10-19 17:07:24 413819611 114.5331222 30.675077    
2016-10-19 17:08:54 413819611 114.533157 30.675092 114.53315 30.675033 0.2 353.2
2016-10-19 17:10:04 413819611 114.533133 30.675117 114.533157 30.675092 0.9 1.1
2016-10-19 17:11:12 413819611 114.533153 30.675122 114.533133 30.675117 0.1 156.5
2016-10-19 17:17:12 413819611 114.5332540695187 30.67504306951871    
2016-10-19 17:17:26 413819611 114.533258 30.67504 114.533265 30.675037 0.2 128.3
2016-10-19 17:18:58 413819611 114.533195 30.675032 114.533258 30.67504 0.4 128.3
2016-10-19 17:20:20 413819611 114.53315 30.67505 114.533195 30.675032 0.4 5.3
2016-10-19 17:22:24 413819611 114.53323 30.675057 114.53315 30.67505 0.1 128.3
2016-10-19 17:24:44 413819611 114.53321 30.675017 114.53323 30.675057 0.3 128.3
2016-10-19 17:25:29 413819611 114.533185 30.674968 114.53321 30.675017 0.1 128.3
2016-10-19 17:28:14 413819611 114.5332 30.675067 114.533185 30.674968 0.3 6.2
2016-10-19 17:29:02 413819611 114.533183 30.675083 114.5332 30.675067 0.2 6.0
2016-10-19 17:30:07 413819611 114.533183 30.675067 114.533183 30.675083 0.5 4.1
2016-10-19 17:36:07 413819611 114.5332099029276 30.67508724653313    
2016-10-19 17:42:07 413819611 114.5332368058552 30.67510749306625    
2016-10-19 17:48:07 413819611 114.5332637087827 30.67512773959938    
2016-10-19 17:51:45 413819611 114.53328 30.67514 114.533285 30.675132 0.2 171.0
2016-10-19 17:57:45 413819611 114.5332604987102 30.67512235597592    
2016-10-19 18:03:45 413819611 114.5332409974205 30.67510471195185    
2016-10-19 18:09:45 413819611 114.5332214961307 30.67508706792777    
2016-10-19 18:11:08 413819611 114.533217 30.675083 114.53327 30.675132 0.4 3.5
2016-10-19 18:12:45 413819611 114.5333 30.675132 114.533217 30.675083 0.4 26.1
2016-10-19 18:15:11 413819611 114.53329 30.67511 114.5333 30.675132 0.3 35.6
2016-10-19 18:17:00 413819611 114.533283 30.675133 114.53329 30.67511 0.2 1.3
2016-10-19 18:23:00 413819611 114.5332943846154 30.67511607692308    
2016-10-19 18:29:00 413819611 114.5333057692308 30.67509915384615    
2016-10-19 18:35:00 413819611 114.5333171538462 30.67508223076923    
2016-10-19 18:36:30 413819611 114.53332 30.675078 114.533317 30.675067 0.2 80.1
2016-10-19 18:42:30 413819611 114.5333273700787 30.67509047244095    
2016-10-19 18:47:05 413819611 114.533333 30.6751 114.533317 30.6751 0.4 0.9
2016-10-19 18:53:05 413819611 114.5333181239669 30.67509285950413    
2016-10-19 18:57:10 413819611 114.533308 30.675088 114.533333 30.6751 0.0 230.1
2016-10-19 18:59:05 413819611 114.533317 30.675117 114.533308 30.675088 0.3 0.2
2016-10-19 18:59:59 413819611 114.533317 30.675067 114.533317 30.675117 0.2 2.9
2016-10-19 19:05:59 413819611 114.5333378773234 30.67507984758364    
2016-10-19 19:11:59 413819611 114.5333587546468 30.67509269516729    
2016-10-19 19:17:59 413819611 114.5333796319703 30.67510554275093    
2016-10-19 19:22:24 413819611 114.533395 30.675115 114.533383 30.675083 0.0 187.6
2016-10-19 19:28:24 413819611 114.5333634824903 30.67508138132296    
2016-10-19 19:30:58 413819611 114.53335 30.675067 114.533385 30.675067 0.2 5.3
2016-10-19 19:36:58 413819611 114.5333476284585 30.6750646284585    
2016-10-19 19:42:58 413819611 114.533345256917 30.67506225691699    
2016-10-19 19:43:37 413819611 114.533345 30.675062 114.53335 30.675067 0.1 3.5
2016-10-19 19:49:37 413819611 114.5333447837838 30.67506740540541    
2016-10-19 19:55:37 413819611 114.5333445675676 30.67507281081081    
2016-10-19 20:01:37 413819611 114.5333443513513 30.67507821621622    
2016-10-19 20:07:37 413819611 114.5333441351351 30.67508362162162    
2016-10-19 20:13:37 413819611 114.5333439189189 30.67508902702703    
2016-10-19 20:19:37 413819611 114.5333437027027 30.67509443243243    
2016-10-19 20:25:37 413819611 114.5333434864865 30.67509983783784    
2016-10-19 20:31:37 413819611 114.5333432702703 30.67510524324324    
2016-10-19 20:37:37 413819611 114.5333430540541 30.67511064864865    
2016-10-19 20:39:07 413819611 114.533343 30.675112 114.533335 30.675103 0.2 144.1
2016-10-19 20:40:05 413819611 114.53335 30.675117 114.533343 30.675112 0.2 0.5
2016-10-19 20:46:05 413819611 114.5333553496503 30.67511165034965    
2016-10-19 20:52:05 413819611 114.5333606993007 30.6751063006993    
2016-10-19 20:58:05 413819611 114.5333660489511 30.67510095104895    
2016-10-19 20:59:09 413819611 114.533367 30.6751 114.533375 30.675103 0.2 0.0
2016-10-19 21:00:17 413819611 114.533355 30.675068 114.533367 30.6751 0.1 144.1
2016-10-19 21:01:55 413819611 114.53338 30.675072 114.533355 30.675068 0.0 144.1
2016-10-19 21:07:55 413819611 114.5333748771022 30.67508899870634    
2016-10-19 21:13:55 413819611 114.5333697542044 30.67510599741268    
2016-10-19 21:19:55 413819611 114.5333646313066 30.67512299611902    
2016-10-19 21:25:55 413819611 114.5333595084088 30.67513999482536    
2016-10-19 21:27:41 413819611 114.533358 30.675145 114.533355 30.67515 0.1 144.1
2016-10-19 21:33:41 413819611 114.5333489090909 30.67513481818182    
2016-10-19 21:39:41 413819611 114.5333398181818 30.67512463636364    
2016-10-19 21:44:11 413819611 114.533333 30.675117 114.5333 30.675083 0.4 1.0
2016-10-19 21:48:02 413819611 114.533315 30.675133 114.533333 30.675117 0.2 144.1
2016-10-19 21:52:20 413819611 114.533275 30.675137 114.533315 30.675133 0.1 144.1
2016-10-19 21:53:07 413819611 114.533267 30.675133 114.533275 30.675137 0.2 5.8
2016-10-19 21:55:02 413819611 114.533283 30.675133 114.533267 30.675133 0.1 3.3
2016-10-19 22:01:02 413819611 114.5332866151838 30.67513061397871    
2016-10-19 22:07:02 413819611 114.5332902303675 30.67512822795742    
2016-10-19 22:13:02 413819611 114.5332938455513 30.67512584193613    
2016-10-19 22:19:02 413819611 114.5332974607351 30.67512345591484    
2016-10-19 22:25:02 413819611 114.5333010759189 30.67512106989355    
2016-10-19 22:31:02 413819611 114.5333046911026 30.67511868387226    
2016-10-19 22:37:02 413819611 114.5333083062864 30.67511629785097    
2016-10-19 22:43:02 413819611 114.5333119214702 30.67511391182968    
2016-10-19 22:49:02 413819611 114.5333155366539 30.67511152580839    
2016-10-19 22:55:02 413819611 114.5333191518377 30.67510913978711    
2016-10-19 23:01:02 413819611 114.5333227670215 30.67510675376582    
2016-10-19 23:07:02 413819611 114.5333263822053 30.67510436774453    
2016-10-19 23:13:02 413819611 114.533329997389 30.67510198172324    
2016-10-19 23:18:01 413819611 114.533333 30.6751 114.533338 30.675105 0.2 1.4
2016-10-19 23:24:01 413819611 114.533333 30.67510377544725    
2016-10-19 23:30:01 413819611 114.533333 30.67510755089451    
2016-10-19 23:36:01 413819611 114.533333 30.67511132634176    
2016-10-19 23:42:01 413819611 114.533333 30.67511510178902    
2016-10-19 23:45:02 413819611 114.533333 30.675117 114.533333 30.675133 0.3 6.2
2016-10-19 23:49:38 413819611 114.533288 30.675135 114.533333 30.675117 0.1 144.1
