2016-10-19 0:02:46 413778439 114.491045 30.685035 114.491045 30.685035 0.1 337.5 337.0
2016-10-19 0:06:57 413778439 114.49105 30.685065 114.491045 30.685035 0.0 42.5 42.0
2016-10-19 0:10:50 413778439 114.491043 30.685057 114.49105 30.685065 0.1 158.2 158.0
2016-10-19 0:14:59 413778439 114.491033 30.685055 114.491043 30.685057 0.1 61.1 61.0
2016-10-19 0:18:51 413778439 114.491057 30.685033 114.491033 30.685055 0.0 85.5 85.0
2016-10-19 0:19:05 413778439 114.491057 30.685033 114.491057 30.685033 0.0 85.5 85.0
2016-10-19 0:23:07 413778439 114.49105 30.685052 114.491057 30.685033 0.1 292.2 292.0
2016-10-19 0:27:06 413778439 114.491077 30.685027 114.49105 30.685052 0.0 79.4 79.0
2016-10-19 0:31:11 413778439 114.491047 30.685055 114.491077 30.685027 0.0 172.3 172.0
2016-10-19 0:35:05 413778439 114.491057 30.68504 114.491047 30.685055 0.0 47.2 47.0
2016-10-19 0:39:21 413778439 114.491045 30.685058 114.491057 30.68504 0.0 332.2 332.0
2016-10-19 0:43:09 413778439 114.491065 30.685028 114.491045 30.685058 0.0 185.4 185.0
2016-10-19 0:47:25 413778439 114.491045 30.68503 114.491065 30.685028 0.1 140.3 140.0
2016-10-19 0:51:16 413778439 114.491035 30.68505 114.491045 30.68503 0.0 326.4 326.0
2016-10-19 0:51:28 413778439 114.491035 30.68505 114.491035 30.68505 0.0 326.4 326.0
2016-10-19 0:55:28 413778439 114.491018 30.685048 114.491035 30.68505 0.0 338.5 338.0
2016-10-19 0:59:34 413778439 114.491018 30.685048 114.491018 30.685048 0.0 338.5 338.0
2016-10-19 1:03:37 413778439 114.491037 30.685058 114.491018 30.685048 0.0 142.4 142.0
2016-10-19 1:07:32 413778439 114.491062 30.685033 114.491037 30.685058 0.1 302.4 302.0
2016-10-19 1:11:45 413778439 114.491058 30.68504 114.491062 30.685033 0.0 211.0 211.0
2016-10-19 1:15:45 413778439 114.491043 30.685047 114.491058 30.68504 0.0 214.4 214.0
2016-10-19 1:19:42 413778439 114.49104 30.685052 114.491043 30.685047 0.0 54.3 54.0
2016-10-19 1:23:41 413778439 114.49105 30.68505 114.49104 30.685052 0.1 345.5 345.0
2016-10-19 1:23:54 413778439 114.49105 30.68505 114.49105 30.68505 0.1 345.5 345.0
2016-10-19 1:27:48 413778439 114.491042 30.685053 114.49105 30.68505 0.0 323.8 323.0
2016-10-19 1:32:01 413778439 114.491045 30.68505 114.491042 30.685053 0.0 144.8 144.0
2016-10-19 1:35:57 413778439 114.491038 30.685045 114.491045 30.68505 0.0 242.2 242.0
2016-10-19 1:39:56 413778439 114.491047 30.685037 114.491038 30.685045 0.0 351.9 351.0
2016-10-19 1:40:09 413778439 114.491047 30.685037 114.491047 30.685037 0.0 351.9 351.0
2016-10-19 1:44:03 413778439 114.491038 30.685052 114.491047 30.685037 0.1 311.9 311.0
2016-10-19 1:48:01 413778439 114.491037 30.685045 114.491038 30.685052 0.1 341.6 341.0
2016-10-19 1:48:17 413778439 114.491037 30.685045 114.491037 30.685045 0.1 341.6 341.0
2016-10-19 1:52:18 413778439 114.491032 30.685047 114.491037 30.685045 0.0 168.4 168.0
2016-10-19 1:56:14 413778439 114.491035 30.685035 114.491032 30.685047 0.0 126.0 126.0
2016-10-19 2:00:21 413778439 114.491042 30.68504 114.491035 30.685035 0.0 41.2 41.0
2016-10-19 2:04:21 413778439 114.491057 30.68502 114.491042 30.68504 0.1 140.1 140.0
2016-10-19 2:08:33 413778439 114.491062 30.68502 114.491057 30.68502 0.0 6.7 6.0
2016-10-19 2:12:25 413778439 114.491058 30.68499 114.491062 30.68502 0.0 173.4 173.0
2016-10-19 02:18:25 413778439 114.4910338044807 30.68502152749491     
2016-10-19 2:20:36 413778439 114.491025 30.685033 114.491037 30.685027 0.1 242.9 242.0
2016-10-19 2:24:38 413778439 114.491057 30.685038 114.491025 30.685033 0.0 337.8 337.0
2016-10-19 2:28:47 413778439 114.491077 30.685047 114.491057 30.685038 0.1 335.1 335.0
2016-10-19 2:32:50 413778439 114.49104 30.685058 114.491077 30.685047 0.1 198.0 198.0
2016-10-19 2:36:47 413778439 114.491042 30.685063 114.49104 30.685058 0.0 357.7 357.0
2016-10-19 2:40:55 413778439 114.491043 30.685077 114.491042 30.685063 0.0 249.3 249.0
2016-10-19 2:44:48 413778439 114.491038 30.685062 114.491043 30.685077 0.1 294.0 294.0
2016-10-19 2:45:03 413778439 114.491038 30.685062 114.491038 30.685062 0.1 294.0 294.0
2016-10-19 2:48:54 413778439 114.49104 30.685053 114.491038 30.685062 0.0 207.0 207.0
2016-10-19 2:52:56 413778439 114.491038 30.685052 114.49104 30.685053 0.1 160.6 160.0
2016-10-19 02:58:56 413778439 114.4910554545455 30.68505418181818     
2016-10-19 3:01:11 413778439 114.491062 30.685055 114.49105 30.685035 0.0 40.5 40.0
2016-10-19 3:05:10 413778439 114.491053 30.685062 114.491062 30.685055 0.0 212.7 212.0
2016-10-19 3:09:11 413778439 114.491058 30.68504 114.491053 30.685062 0.0 302.4 302.0
2016-10-19 3:13:20 413778439 114.491045 30.685042 114.491058 30.68504 0.1 349.6 349.0
2016-10-19 3:17:14 413778439 114.49105 30.68505 114.491045 30.685042 0.1 153.2 153.0
2016-10-19 3:17:29 413778439 114.49105 30.68505 114.49105 30.68505 0.1 153.2 153.0
2016-10-19 3:21:31 413778439 114.491052 30.68506 114.49105 30.68505 0.0 167.8 167.0
2016-10-19 3:25:22 413778439 114.491055 30.68507 114.491052 30.68506 0.0 148.8 148.0
2016-10-19 3:29:38 413778439 114.491078 30.68506 114.491055 30.68507 0.1 293.5 293.0
2016-10-19 3:33:36 413778439 114.491088 30.685053 114.491078 30.68506 0.0 148.8 148.0
2016-10-19 3:37:37 413778439 114.491085 30.685067 114.491088 30.685053 0.0 128.1 128.0
2016-10-19 3:41:40 413778439 114.491078 30.685043 114.491085 30.685067 0.1 198.8 198.0
2016-10-19 3:45:48 413778439 114.491067 30.685035 114.491078 30.685043 0.0 103.0 103.0
2016-10-19 3:49:43 413778439 114.49105 30.685053 114.491067 30.685035 0.0 3.1 3.0
2016-10-19 3:53:49 413778439 114.49104 30.685067 114.49105 30.685053 0.0 137.8 137.0
2016-10-19 3:57:51 413778439 114.491025 30.685057 114.49104 30.685067 0.1 166.5 166.0
2016-10-19 4:01:54 413778439 114.491045 30.685058 114.491025 30.685057 0.0 330.8 330.0
2016-10-19 4:05:51 413778439 114.49103 30.685073 114.491045 30.685058 0.0 339.9 339.0
2016-10-19 4:06:04 413778439 114.49103 30.685073 114.49103 30.685073 0.0 339.9 339.0
2016-10-19 4:09:58 413778439 114.491042 30.685063 114.49103 30.685073 0.1 143.8 143.0
2016-10-19 4:14:01 413778439 114.491037 30.685067 114.491042 30.685063 0.0 149.7 149.0
2016-10-19 4:18:16 413778439 114.491057 30.685055 114.491037 30.685067 0.0 190.5 190.0
2016-10-19 4:22:17 413778439 114.491053 30.685045 114.491057 30.685055 0.1 80.2 80.0
2016-10-19 4:23:39 413778439 114.491028 30.685055 114.491053 30.685045 0.0 277.0 277.0
2016-10-19 4:27:20 413778439 114.491082 30.68504 114.491028 30.685055 0.0 26.8 26.0
2016-10-19 4:31:37 413778439 114.491067 30.68504 114.491082 30.68504 0.1 212.8 212.0
2016-10-19 4:31:52 413778439 114.491067 30.68504 114.491067 30.68504 0.1 212.8 212.0
2016-10-19 4:35:50 413778439 114.49107 30.68505 114.491067 30.68504 0.0 43.0 43.0
2016-10-19 4:39:45 413778439 114.491075 30.685038 114.49107 30.68505 0.1 170.3 170.0
2016-10-19 4:39:58 413778439 114.491075 30.685038 114.491075 30.685038 0.1 170.3 170.0
2016-10-19 4:43:58 413778439 114.491057 30.685047 114.491075 30.685038 0.1 326.8 326.0
2016-10-19 4:48:00 413778439 114.491057 30.685045 114.491057 30.685047 0.1 23.9 23.0
2016-10-19 4:52:04 413778439 114.491053 30.685035 114.491057 30.685045 0.0 24.7 24.0
2016-10-19 4:56:15 413778439 114.491043 30.685047 114.491053 30.685035 0.1 330.1 330.0
2016-10-19 5:00:10 413778439 114.491038 30.685037 114.491043 30.685047 0.0 190.0 190.0
2016-10-19 5:04:06 413778439 114.49104 30.685037 114.491038 30.685037 0.1 333.4 333.0
2016-10-19 5:08:10 413778439 114.491035 30.685053 114.49104 30.685037 0.0 230.9 230.0
2016-10-19 05:14:10 413778439 114.4910401323829 30.68503393686354     
2016-10-19 5:16:21 413778439 114.491042 30.685027 114.491038 30.68504 0.0 335.2 335.0
2016-10-19 5:20:19 413778439 114.49104 30.685038 114.491042 30.685027 0.1 296.4 296.0
2016-10-19 5:24:29 413778439 114.491038 30.685038 114.49104 30.685038 0.0 279.5 279.0
2016-10-19 5:28:39 413778439 114.491043 30.68504 114.491038 30.685038 0.0 56.0 56.0
2016-10-19 5:32:49 413778439 114.491057 30.685018 114.491043 30.68504 0.0 309.8 309.0
2016-10-19 5:36:32 413778439 114.491058 30.685015 114.491057 30.685018 0.0 221.3 221.0
2016-10-19 5:40:52 413778439 114.491052 30.685022 114.491058 30.685015 0.0 118.4 118.0
2016-10-19 5:44:47 413778439 114.491058 30.685022 114.491052 30.685022 0.0 85.4 85.0
2016-10-19 5:48:46 413778439 114.491073 30.685023 114.491058 30.685022 0.1 325.7 325.0
2016-10-19 5:52:44 413778439 114.491053 30.685045 114.491073 30.685023 0.1 203.9 203.0
2016-10-19 5:53:00 413778439 114.491053 30.685045 114.491053 30.685045 0.1 203.9 203.0
2016-10-19 5:56:53 413778439 114.491067 30.685 114.491053 30.685045 0.1 185.7 185.0
2016-10-19 6:01:08 413778439 114.491053 30.68502 114.491067 30.685 0.0 346.8 346.0
2016-10-19 6:05:12 413778439 114.49105 30.685047 114.491053 30.68502 0.1 339.5 339.0
2016-10-19 06:11:12 413778439 114.4910593506494 30.68501661038961     
2016-10-19 06:17:12 413778439 114.4910687012987 30.68498622077922     
2016-10-19 6:18:02 413778439 114.49107 30.684982 114.49105 30.685022 0.0 211.8 211.0
2016-10-19 6:18:21 413778439 114.49107 30.684982 114.49107 30.684982 0.0 211.8 211.0
2016-10-19 6:22:09 413778439 114.491058 30.68505 114.49107 30.684982 0.2 168.3 168.0
2016-10-19 6:26:10 413778439 114.491063 30.685055 114.491058 30.68505 0.1 342.5 342.0
2016-10-19 6:26:34 413778439 114.491063 30.685055 114.491063 30.685055 0.1 342.5 342.0
2016-10-19 6:29:57 413778439 114.491065 30.685045 114.491063 30.685055 0.1 327.2 327.0
2016-10-19 6:33:56 413778439 114.491058 30.685057 114.491065 30.685045 0.0 298.9 298.0
2016-10-19 6:37:46 413778439 114.491067 30.685062 114.491058 30.685057 0.0 94.4 94.0
2016-10-19 6:41:55 413778439 114.491062 30.685057 114.491067 30.685062 0.1 79.6 79.0
2016-10-19 6:45:50 413778439 114.491085 30.685063 114.491062 30.685057 0.0 354.1 354.0
2016-10-19 6:49:51 413778439 114.491082 30.685057 114.491085 30.685063 0.1 273.1 273.0
2016-10-19 6:50:09 413778439 114.491082 30.685057 114.491082 30.685057 0.1 273.1 273.0
2016-10-19 6:54:15 413778439 114.491065 30.685058 114.491082 30.685057 0.1 284.1 284.0
2016-10-19 6:58:01 413778439 114.491053 30.685088 114.491065 30.685058 0.0 132.4 132.0
2016-10-19 7:02:04 413778439 114.491068 30.685078 114.491053 30.685088 0.0 311.8 311.0
2016-10-19 7:06:18 413778439 114.491068 30.685063 114.491068 30.685078 0.0 268.1 268.0
2016-10-19 7:10:14 413778439 114.491077 30.68505 114.491068 30.685063 0.0 112.9 112.0
2016-10-19 7:14:30 413778439 114.491068 30.68505 114.491077 30.68505 0.0 313.0 313.0
2016-10-19 7:18:41 413778439 114.491085 30.68502 114.491068 30.68505 0.1 13.3 13.0
2016-10-19 7:22:24 413778439 114.491093 30.685037 114.491085 30.68502 0.0 302.5 302.0
2016-10-19 7:26:40 413778439 114.491083 30.685063 114.491093 30.685037 0.0 115.1 115.0
2016-10-19 7:30:34 413778439 114.491098 30.68506 114.491083 30.685063 0.0 130.0 130.0
2016-10-19 7:34:48 413778439 114.491095 30.68506 114.491098 30.68506 0.0 128.0 128.0
2016-10-19 7:38:52 413778439 114.491078 30.68507 114.491095 30.68506 0.0 177.9 177.0
2016-10-19 7:43:00 413778439 114.491077 30.685073 114.491078 30.68507 0.0 203.0 203.0
2016-10-19 7:46:51 413778439 114.491092 30.685043 114.491077 30.685073 0.0 293.1 293.0
2016-10-19 7:50:59 413778439 114.491083 30.685037 114.491092 30.685043 0.0 322.9 322.0
2016-10-19 7:55:04 413778439 114.4911 30.68501 114.491083 30.685037 0.0 241.3 241.0
2016-10-19 7:58:55 413778439 114.491093 30.685035 114.4911 30.68501 0.0 358.7 358.0
2016-10-19 8:03:14 413778439 114.49109 30.685037 114.491093 30.685035 0.1 127.8 127.0
2016-10-19 8:07:07 413778439 114.491077 30.685077 114.49109 30.685037 0.0 5.8 5.0
2016-10-19 8:11:19 413778439 114.491082 30.685068 114.491077 30.685077 0.1 312.1 312.0
2016-10-19 8:15:10 413778439 114.49108 30.685088 114.491082 30.685068 0.1 335.1 335.0
2016-10-19 8:19:14 413778439 114.491092 30.685067 114.49108 30.685088 0.1 42.2 42.0
2016-10-19 8:23:13 413778439 114.49107 30.685095 114.491092 30.685067 0.0 208.0 208.0
2016-10-19 8:27:34 413778439 114.491083 30.68508 114.49107 30.685095 0.0 104.7 104.0
2016-10-19 8:31:37 413778439 114.491078 30.685093 114.491083 30.68508 0.0 130.8 130.0
2016-10-19 8:35:32 413778439 114.491078 30.685093 114.491078 30.685093 0.0 130.8 130.0
2016-10-19 8:39:36 413778439 114.49109 30.685073 114.491078 30.685093 0.0 17.4 17.0
2016-10-19 8:43:29 413778439 114.49108 30.685085 114.49109 30.685073 0.0 294.0 294.0
2016-10-19 8:47:39 413778439 114.491087 30.685075 114.49108 30.685085 0.1 310.1 310.0
2016-10-19 8:51:48 413778439 114.491097 30.68508 114.491087 30.685075 0.0 11.4 11.0
2016-10-19 8:55:32 413778439 114.49109 30.68509 114.491097 30.68508 0.1 331.0 331.0
2016-10-19 8:59:58 413778439 114.4911 30.685062 114.49109 30.68509 0.0 47.9 47.0
2016-10-19 9:04:14 413778439 114.491092 30.685075 114.4911 30.685062 0.1 321.2 321.0
2016-10-19 9:07:45 413778439 114.491097 30.68507 114.491092 30.685075 0.0 225.8 225.0
2016-10-19 9:08:09 413778439 114.491097 30.68507 114.491097 30.68507 0.0 225.8 225.0
2016-10-19 9:12:27 413778439 114.4911 30.685097 114.491097 30.68507 0.0 318.3 318.0
2016-10-19 9:15:55 413778439 114.49109 30.685097 114.4911 30.685097 0.0 137.3 137.0
2016-10-19 9:20:26 413778439 114.491082 30.685085 114.49109 30.685097 0.0 66.9 66.0
2016-10-19 9:24:18 413778439 114.491093 30.685085 114.491082 30.685085 0.1 63.8 63.0
2016-10-19 9:28:11 413778439 114.491105 30.685058 114.491093 30.685085 0.0 345.7 345.0
2016-10-19 9:32:16 413778439 114.491098 30.685088 114.491105 30.685058 0.0 134.3 134.0
2016-10-19 9:36:31 413778439 114.491078 30.68507 114.491098 30.685088 0.0 70.6 70.0
2016-10-19 9:40:38 413778439 114.491078 30.685092 114.491078 30.68507 0.0 120.0 120.0
2016-10-19 9:44:46 413778439 114.491095 30.68507 114.491078 30.685092 0.1 135.2 135.0
2016-10-19 9:48:53 413778439 114.491102 30.685065 114.491095 30.68507 0.1 163.0 163.0
2016-10-19 9:49:52 413778439 114.4911 30.685063 114.491102 30.685065 0.1 191.8 191.0
2016-10-19 9:54:09 413778439 114.491112 30.685075 114.4911 30.685063 0.2 336.8 336.0
2016-10-19 9:57:38 413778439 114.491077 30.685063 114.491112 30.685075 0.1 331.6 331.0
2016-10-19 9:58:03 413778439 114.491077 30.685063 114.491077 30.685063 0.1 331.6 331.0
2016-10-19 10:01:56 413778439 114.491103 30.685062 114.491077 30.685063 0.1 182.1 182.0
2016-10-19 10:05:55 413778439 114.491102 30.685072 114.491103 30.685062 0.1 44.9 44.0
2016-10-19 10:10:08 413778439 114.491103 30.685072 114.491102 30.685072 0.0 278.6 278.0
2016-10-19 10:14:03 413778439 114.491078 30.685082 114.491103 30.685072 0.0 203.1 203.0
2016-10-19 10:15:06 413778439 114.491078 30.685082 114.491078 30.685082 0.0 203.1 203.0
2016-10-19 10:19:15 413778439 114.49107 30.685068 114.491078 30.685082 0.1 358.1 358.0
2016-10-19 10:23:11 413778439 114.491098 30.685083 114.49107 30.685068 0.1 164.0 164.0
2016-10-19 10:29:11 413778439 114.4911008235294 30.68507876470588     
2016-10-19 10:31:41 413778439 114.491102 30.685077 114.491102 30.685077 0.1 344.3 344.0
2016-10-19 10:36:04 413778439 114.4911 30.685075 114.491102 30.685077 0.1 62.6 62.0
2016-10-19 10:39:51 413778439 114.491105 30.685085 114.4911 30.685075 0.0 55.7 55.0
2016-10-19 10:44:18 413778439 114.491113 30.685093 114.491105 30.685085 0.1 15.1 15.0
2016-10-19 10:48:19 413778439 114.491103 30.685082 114.491113 30.685093 0.0 101.7 101.0
2016-10-19 10:52:19 413778439 114.4911 30.685078 114.491103 30.685082 0.0 71.4 71.0
2016-10-19 10:56:10 413778439 114.491107 30.685075 114.4911 30.685078 0.0 229.8 229.0
2016-10-19 11:00:38 413778439 114.49109 30.68508 114.491107 30.685075 0.0 184.6 184.0
2016-10-19 11:04:28 413778439 114.491097 30.68508 114.49109 30.68508 0.0 176.7 176.0
2016-10-19 11:08:28 413778439 114.491115 30.685072 114.491097 30.68508 0.1 153.9 153.0
2016-10-19 11:12:22 413778439 114.491085 30.685103 114.491115 30.685072 0.0 11.9 11.0
2016-10-19 11:16:26 413778439 114.491112 30.68508 114.491085 30.685103 0.0 110.7 110.0
2016-10-19 11:20:26 413778439 114.491098 30.685102 114.491112 30.68508 0.1 347.8 347.0
2016-10-19 11:24:44 413778439 114.491097 30.685087 114.491098 30.685102 0.1 171.9 171.0
2016-10-19 11:28:30 413778439 114.491097 30.685092 114.491097 30.685087 0.0 325.5 325.0
2016-10-19 11:32:51 413778439 114.491105 30.685067 114.491097 30.685092 0.1 140.7 140.0
2016-10-19 11:36:32 413778439 114.491082 30.685083 114.491105 30.685067 0.0 121.8 121.0
2016-10-19 11:36:58 413778439 114.491082 30.685083 114.491082 30.685083 0.0 121.8 121.0
2016-10-19 11:41:02 413778439 114.491075 30.685092 114.491082 30.685083 0.0 150.5 150.0
2016-10-19 11:44:52 413778439 114.491103 30.685092 114.491075 30.685092 0.1 162.0 162.0
2016-10-19 11:49:01 413778439 114.491103 30.685093 114.491103 30.685092 0.1 319.9 319.0
2016-10-19 11:52:59 413778439 114.49107 30.685082 114.491103 30.685093 0.0 189.7 189.0
2016-10-19 11:56:57 413778439 114.49106 30.685103 114.49107 30.685082 0.0 165.4 165.0
2016-10-19 12:01:06 413778439 114.491078 30.685095 114.49106 30.685103 0.1 16.6 16.0
2016-10-19 12:04:58 413778439 114.491097 30.685075 114.491078 30.685095 0.0 176.0 176.0
2016-10-19 12:09:08 413778439 114.491085 30.685085 114.491097 30.685075 0.1 83.0 83.0
2016-10-19 12:13:15 413778439 114.491067 30.685093 114.491085 30.685085 0.1 34.6 34.0
2016-10-19 12:17:08 413778439 114.491093 30.685075 114.491067 30.685093 0.0 175.5 175.0
2016-10-19 12:21:21 413778439 114.491087 30.685107 114.491093 30.685075 0.0 0.2 0.0
2016-10-19 12:25:13 413778439 114.491108 30.685092 114.491087 30.685107 0.1 324.2 324.0
2016-10-19 12:29:22 413778439 114.491113 30.685107 114.491108 30.685092 0.0 346.7 346.0
2016-10-19 12:33:21 413778439 114.491097 30.685123 114.491113 30.685107 0.0 12.4 12.0
2016-10-19 12:37:45 413778439 114.491093 30.685127 114.491097 30.685123 0.0 21.2 21.0
2016-10-19 12:41:36 413778439 114.491078 30.685117 114.491093 30.685127 0.1 286.0 286.0
2016-10-19 12:45:34 413778439 114.49109 30.685103 114.491078 30.685117 0.1 154.4 154.0
2016-10-19 12:49:33 413778439 114.491102 30.685083 114.49109 30.685103 0.0 179.7 179.0
2016-10-19 12:53:55 413778439 114.491083 30.685115 114.491102 30.685083 0.1 133.4 133.0
2016-10-19 12:57:52 413778439 114.491125 30.685097 114.491083 30.685115 0.0 132.1 132.0
2016-10-19 13:02:13 413778439 114.491122 30.685103 114.491125 30.685097 0.1 59.3 59.0
2016-10-19 13:06:07 413778439 114.491117 30.685097 114.491122 30.685103 0.0 238.7 238.0
2016-10-19 13:10:06 413778439 114.491113 30.685105 114.491117 30.685097 0.0 64.6 64.0
2016-10-19 13:13:56 413778439 114.49111 30.685105 114.491113 30.685105 0.0 352.6 352.0
2016-10-19 13:18:01 413778439 114.491098 30.685107 114.49111 30.685105 0.0 107.7 107.0
2016-10-19 13:21:58 413778439 114.491113 30.685107 114.491098 30.685107 0.1 275.4 275.0
2016-10-19 13:26:16 413778439 114.491115 30.68512 114.491113 30.685107 0.0 297.4 297.0
2016-10-19 13:30:15 413778439 114.491122 30.685107 114.491115 30.68512 0.1 97.4 97.0
2016-10-19 13:34:20 413778439 114.49111 30.685128 114.491122 30.685107 0.1 10.7 10.0
2016-10-19 13:38:14 413778439 114.491128 30.685115 114.49111 30.685128 0.1 341.9 341.0
2016-10-19 13:41:51 413778439 114.491113 30.685158 114.491128 30.685115 0.1 183.4 183.0
2016-10-19 13:46:07 413778439 114.491098 30.685145 114.491113 30.685158 0.1 333.0 333.0
2016-10-19 13:49:47 413778439 114.491115 30.685115 114.491098 30.685145 0.1 356.0 356.0
2016-10-19 13:53:55 413778439 114.491113 30.685147 114.491115 30.685115 0.1 156.9 156.0
2016-10-19 13:58:04 413778439 114.491093 30.685165 114.491113 30.685147 0.0 332.4 332.0
2016-10-19 14:02:00 413778439 114.491123 30.685128 114.491093 30.685165 0.1 332.7 332.0
2016-10-19 14:05:22 413778439 114.49111 30.68516 114.491123 30.685128 0.1 319.6 319.0
2016-10-19 14:08:45 413778439 114.491127 30.68515 114.49111 30.68516 0.1 357.0 357.0
2016-10-19 14:09:56 413778439 114.491127 30.68515 114.491127 30.68515 0.1 357.0 357.0
2016-10-19 14:13:57 413778439 114.491133 30.685168 114.491127 30.68515 0.1 329.3 329.0
2016-10-19 14:17:52 413778439 114.491148 30.685147 114.491133 30.685168 0.0 187.2 187.0
2016-10-19 14:22:09 413778439 114.491143 30.685145 114.491148 30.685147 0.1 278.4 278.0
2016-10-19 14:23:35 413778439 114.491145 30.685138 114.491143 30.685145 0.0 183.0 183.0
2016-10-19 14:29:35 413778439 114.4911294705882 30.68513447058823     
2016-10-19 14:32:05 413778439 114.491123 30.685133 114.491107 30.685152 0.1 98.7 98.0
2016-10-19 14:35:54 413778439 114.491132 30.685155 114.491123 30.685133 0.0 39.3 39.0
2016-10-19 14:40:11 413778439 114.491152 30.68515 114.491132 30.685155 0.0 168.6 168.0
2016-10-19 14:44:16 413778439 114.491142 30.68515 114.491152 30.68515 0.0 278.0 278.0
2016-10-19 14:45:39 413778439 114.491132 30.685157 114.491142 30.68515 0.0 293.0 293.0
2016-10-19 14:50:00 413778439 114.491117 30.685157 114.491132 30.685157 0.0 170.6 170.0
2016-10-19 14:54:04 413778439 114.49111 30.685153 114.491117 30.685157 0.0 49.4 49.0
2016-10-19 14:57:49 413778439 114.491108 30.685148 114.49111 30.685153 0.0 355.9 355.0
2016-10-19 15:02:09 413778439 114.491118 30.685143 114.491108 30.685148 0.0 113.6 113.0
2016-10-19 15:06:11 413778439 114.491127 30.685145 114.491118 30.685143 0.1 211.1 211.0
2016-10-19 15:10:06 413778439 114.49113 30.68516 114.491127 30.685145 0.1 125.2 125.0
2016-10-19 15:12:37 413778439 114.491103 30.68516 114.49113 30.68516 0.1 267.9 267.0
2016-10-19 15:16:59 413778439 114.491133 30.685152 114.491103 30.68516 0.0 29.9 29.0
2016-10-19 15:20:46 413778439 114.491122 30.685145 114.491133 30.685152 0.1 20.8 20.0
2016-10-19 15:23:43 413778439 114.491133 30.685172 114.491122 30.685145 0.0 23.8 23.0
2016-10-19 15:27:55 413778439 114.49111 30.685155 114.491133 30.685172 0.1 281.3 281.0
2016-10-19 15:33:55 413778439 114.4911085326087 30.68515842391304     
2016-10-19 15:39:55 413778439 114.4911070652174 30.68516184782608     
2016-10-19 15:40:11 413778439 114.491107 30.685162 114.491123 30.685172 0.0 191.1 191.0
2016-10-19 15:43:59 413778439 114.491107 30.685162 114.491107 30.685162 0.0 191.1 191.0
2016-10-19 15:48:03 413778439 114.491102 30.68514 114.491107 30.685162 0.1 218.3 218.0
2016-10-19 15:52:24 413778439 114.491107 30.68515 114.491102 30.68514 0.0 41.6 41.0
2016-10-19 15:55:50 413778439 114.491108 30.685135 114.491107 30.68515 0.0 124.9 124.0
2016-10-19 15:59:51 413778439 114.491098 30.685147 114.491108 30.685135 0.0 308.8 308.0
2016-10-19 16:03:48 413778439 114.491115 30.685152 114.491098 30.685147 0.0 23.5 23.0
2016-10-19 16:08:12 413778439 114.491098 30.685152 114.491115 30.685152 0.0 61.7 61.0
2016-10-19 16:12:31 413778439 114.491103 30.685167 114.491098 30.685152 0.0 26.3 26.0
2016-10-19 16:16:39 413778439 114.491098 30.685165 114.491103 30.685167 0.0 131.3 131.0
2016-10-19 16:22:39 413778439 114.4911063883495 30.68516989320388     
2016-10-19 16:25:14 413778439 114.49111 30.685172 114.491107 30.685163 0.0 196.7 196.0
2016-10-19 16:29:56 413778439 114.491113 30.685152 114.49111 30.685172 0.1 213.2 213.0
2016-10-19 16:33:57 413778439 114.491115 30.68517 114.491113 30.685152 0.1 93.3 93.0
2016-10-19 16:38:09 413778439 114.491093 30.685172 114.491115 30.68517 0.0 250.7 250.0
2016-10-19 16:42:10 413778439 114.491107 30.685172 114.491093 30.685172 0.0 15.1 15.0
2016-10-19 16:46:12 413778439 114.491123 30.685167 114.491107 30.685172 0.1 304.6 304.0
2016-10-19 16:50:15 413778439 114.49111 30.68516 114.491123 30.685167 0.0 95.3 95.0
2016-10-19 16:54:23 413778439 114.4911 30.685165 114.49111 30.68516 0.0 180.1 180.0
2016-10-19 16:58:17 413778439 114.49111 30.685165 114.4911 30.685165 0.0 258.0 258.0
2016-10-19 17:02:23 413778439 114.491103 30.6852 114.49111 30.685165 0.1 123.6 123.0
2016-10-19 17:06:35 413778439 114.49113 30.685138 114.491103 30.6852 0.0 75.4 75.0
2016-10-19 17:10:16 413778439 114.49112 30.685162 114.49113 30.685138 0.1 341.6 341.0
2016-10-19 17:14:24 413778439 114.491143 30.685137 114.49112 30.685162 0.0 99.7 99.0
2016-10-19 17:17:39 413778439 114.491128 30.685167 114.491143 30.685137 0.0 290.3 290.0
2016-10-19 17:17:59 413778439 114.491128 30.685167 114.491128 30.685167 0.0 290.3 290.0
2016-10-19 17:21:56 413778439 114.49114 30.68516 114.491128 30.685167 0.0 64.9 64.0
2016-10-19 17:25:47 413778439 114.491127 30.685168 114.49114 30.68516 0.0 49.2 49.0
2016-10-19 17:31:47 413778439 114.4911091118012 30.68519185093168     
2016-10-19 17:33:50 413778439 114.491103 30.6852 114.49113 30.685172 0.1 300.4 300.0
2016-10-19 17:38:16 413778439 114.491105 30.685198 114.491103 30.6852 0.0 349.9 349.0
2016-10-19 17:42:02 413778439 114.491113 30.685198 114.491105 30.685198 0.0 308.6 308.0
2016-10-19 17:46:15 413778439 114.491123 30.685178 114.491113 30.685198 0.1 153.3 153.0
2016-10-19 17:50:06 413778439 114.491153 30.68512 114.491123 30.685178 0.1 161.2 161.0
2016-10-19 17:54:19 413778439 114.49114 30.685102 114.491153 30.68512 0.1 5.0 5.0
2016-10-19 17:58:32 413778439 114.491162 30.68505 114.49114 30.685102 0.0 150.1 150.0
2016-10-19 18:02:32 413778439 114.491165 30.68507 114.491162 30.68505 0.0 271.8 271.0
2016-10-19 18:06:21 413778439 114.491132 30.685085 114.491165 30.68507 0.1 166.3 166.0
2016-10-19 18:10:36 413778439 114.491125 30.685115 114.491132 30.685085 0.0 356.0 356.0
2016-10-19 18:14:26 413778439 114.491157 30.685068 114.491125 30.685115 0.0 49.7 49.0
2016-10-19 18:18:33 413778439 114.491148 30.685085 114.491157 30.685068 0.0 296.9 296.0
2016-10-19 18:22:43 413778439 114.49114 30.685072 114.491148 30.685085 0.0 250.2 250.0
2016-10-19 18:26:41 413778439 114.49113 30.685092 114.49114 30.685072 0.0 320.0 320.0
2016-10-19 18:30:42 413778439 114.49115 30.68509 114.49113 30.685092 0.0 334.0 334.0
2016-10-19 18:34:53 413778439 114.491135 30.685085 114.49115 30.68509 0.0 202.4 202.0
2016-10-19 18:39:03 413778439 114.491142 30.68509 114.491135 30.685085 0.0 290.6 290.0
2016-10-19 18:42:49 413778439 114.491152 30.685098 114.491142 30.68509 0.0 236.3 236.0
2016-10-19 18:46:19 413778439 114.491162 30.685083 114.491152 30.685098 0.0 88.1 88.0
2016-10-19 18:49:50 413778439 114.491143 30.685067 114.491162 30.685083 0.1 171.3 171.0
2016-10-19 18:53:47 413778439 114.491157 30.685052 114.491143 30.685067 0.1 147.1 147.0
2016-10-19 18:58:03 413778439 114.491165 30.685083 114.491157 30.685052 0.0 342.3 342.0
2016-10-19 19:01:52 413778439 114.49116 30.685085 114.491165 30.685083 0.0 71.0 71.0
2016-10-19 19:05:59 413778439 114.49116 30.685085 114.49116 30.685085 0.0 353.9 353.0
2016-10-19 19:10:05 413778439 114.491163 30.685075 114.49116 30.685085 0.1 264.6 264.0
2016-10-19 19:14:01 413778439 114.491163 30.68506 114.491163 30.685075 0.0 150.4 150.0
2016-10-19 19:18:16 413778439 114.491148 30.685058 114.491163 30.68506 0.0 262.4 262.0
2016-10-19 19:22:18 413778439 114.491153 30.685072 114.491148 30.685058 0.1 344.3 344.0
2016-10-19 19:26:14 413778439 114.491167 30.685098 114.491153 30.685072 0.0 113.2 113.0
2016-10-19 19:28:30 413778439 114.491183 30.685035 114.491167 30.685098 0.2 164.9 164.0
2016-10-19 19:32:47 413778439 114.491185 30.685043 114.491183 30.685035 0.2 204.4 204.0
2016-10-19 19:36:54 413778439 114.491195 30.685073 114.491185 30.685043 0.1 356.0 356.0
2016-10-19 19:40:50 413778439 114.491192 30.685027 114.491195 30.685073 0.1 9.9 9.0
2016-10-19 19:45:04 413778439 114.491192 30.68502 114.491192 30.685027 0.0 101.6 101.0
2016-10-19 19:48:55 413778439 114.491175 30.685033 114.491192 30.68502 0.1 197.9 197.0
2016-10-19 19:52:58 413778439 114.491187 30.685052 114.491175 30.685033 0.0 36.0 36.0
2016-10-19 19:57:12 413778439 114.491173 30.685067 114.491187 30.685052 0.1 193.0 193.0
2016-10-19 20:01:07 413778439 114.491173 30.685045 114.491173 30.685067 0.1 343.9 343.0
2016-10-19 20:05:11 413778439 114.491163 30.685057 114.491173 30.685045 0.1 240.6 240.0
2016-10-19 20:09:09 413778439 114.491182 30.68505 114.491163 30.685057 0.0 168.9 168.0
2016-10-19 20:13:16 413778439 114.491193 30.685028 114.491182 30.68505 0.0 46.3 46.0
2016-10-19 20:14:12 413778439 114.491193 30.685028 114.491193 30.685028 0.0 46.3 46.0
2016-10-19 20:20:12 413778439 114.49119804 30.68503088     
2016-10-19 20:22:32 413778439 114.4912 30.685032 114.491203 30.685003 0.1 358.2 358.0
2016-10-19 20:28:32 413778439 114.491186518724 30.68503849098474     
2016-10-19 20:34:32 413778439 114.491173037448 30.68504498196949     
2016-10-19 20:34:33 413778439 114.491173 30.685045 114.491198 30.685028 0.1 323.1 323.0
2016-10-19 20:38:42 413778439 114.491133 30.685117 114.491173 30.685045 0.0 165.6 165.0
2016-10-19 20:42:43 413778439 114.491178 30.68506 114.491133 30.685117 0.1 146.8 146.0
2016-10-19 20:46:42 413778439 114.491188 30.685048 114.491178 30.68506 0.1 322.2 322.0
2016-10-19 20:50:53 413778439 114.491202 30.685033 114.491188 30.685048 0.1 355.9 355.0
2016-10-19 20:55:00 413778439 114.491193 30.685082 114.491202 30.685033 0.1 129.5 129.0
2016-10-19 20:58:48 413778439 114.49119 30.685075 114.491193 30.685082 0.0 151.5 151.0
2016-10-19 21:02:58 413778439 114.491173 30.685065 114.49119 30.685075 0.1 237.9 237.0
2016-10-19 21:07:02 413778439 114.491183 30.685067 114.491173 30.685065 0.0 353.1 353.0
2016-10-19 21:11:10 413778439 114.491188 30.685075 114.491183 30.685067 0.0 94.6 94.0
2016-10-19 21:15:10 413778439 114.491195 30.685053 114.491188 30.685075 0.0 171.7 171.0
2016-10-19 21:19:11 413778439 114.491193 30.685053 114.491195 30.685053 0.1 356.7 356.0
2016-10-19 21:23:12 413778439 114.491195 30.685065 114.491193 30.685053 0.0 344.6 344.0
2016-10-19 21:27:16 413778439 114.491217 30.685038 114.491195 30.685065 0.1 139.8 139.0
2016-10-19 21:31:15 413778439 114.49121 30.685037 114.491217 30.685038 0.0 323.9 323.0
2016-10-19 21:35:17 413778439 114.491207 30.685048 114.49121 30.685037 0.0 99.3 99.0
2016-10-19 21:39:27 413778439 114.491213 30.685037 114.491207 30.685048 0.0 327.8 327.0
2016-10-19 21:40:12 413778439 114.4912 30.68504 114.491213 30.685037 0.1 304.8 304.0
2016-10-19 21:44:49 413778439 114.491203 30.685028 114.4912 30.68504 0.0 209.2 209.0
2016-10-19 21:48:54 413778439 114.491193 30.685062 114.491203 30.685028 0.0 22.3 22.0
2016-10-19 21:52:44 413778439 114.491202 30.68505 114.491193 30.685062 0.1 70.4 70.0
2016-10-19 21:53:02 413778439 114.491202 30.68505 114.491202 30.68505 0.1 70.4 70.0
2016-10-19 21:56:57 413778439 114.491183 30.685055 114.491202 30.68505 0.0 122.3 122.0
2016-10-19 22:00:53 413778439 114.491212 30.685052 114.491183 30.685055 0.0 71.1 71.0
2016-10-19 22:05:03 413778439 114.491215 30.685047 114.491212 30.685052 0.0 192.3 192.0
2016-10-19 22:09:05 413778439 114.491187 30.685057 114.491215 30.685047 0.0 66.3 66.0
2016-10-19 22:13:12 413778439 114.491165 30.685055 114.491187 30.685057 0.0 336.5 336.0
2016-10-19 22:17:09 413778439 114.491185 30.685077 114.491165 30.685055 0.1 316.8 316.0
2016-10-19 22:21:18 413778439 114.491207 30.685045 114.491185 30.685077 0.0 19.8 19.0
2016-10-19 22:25:11 413778439 114.491172 30.685077 114.491207 30.685045 0.1 12.0 12.0
2016-10-19 22:29:17 413778439 114.491197 30.685073 114.491172 30.685077 0.1 13.3 13.0
2016-10-19 22:33:26 413778439 114.491188 30.685092 114.491197 30.685073 0.1 22.4 22.0
2016-10-19 22:37:29 413778439 114.491195 30.685067 114.491188 30.685092 0.0 234.3 234.0
2016-10-19 22:41:36 413778439 114.49119 30.685073 114.491195 30.685067 0.1 320.6 320.0
2016-10-19 22:45:42 413778439 114.491183 30.685067 114.49119 30.685073 0.0 170.2 170.0
2016-10-19 22:49:32 413778439 114.491178 30.685077 114.491183 30.685067 0.1 295.6 295.0
2016-10-19 22:55:32 413778439 114.4911740547945 30.68506861643836     
2016-10-19 23:01:32 413778439 114.491170109589 30.68506023287671     
2016-10-19 23:01:42 413778439 114.49117 30.68506 114.491187 30.685068 0.1 215.5 215.0
2016-10-19 23:05:44 413778439 114.49118 30.685067 114.49117 30.68506 0.0 325.8 325.0
2016-10-19 23:09:47 413778439 114.491168 30.685087 114.49118 30.685067 0.0 89.7 89.0
2016-10-19 23:13:53 413778439 114.491188 30.685093 114.491168 30.685087 0.1 307.2 307.0
2016-10-19 23:17:58 413778439 114.491185 30.685068 114.491188 30.685093 0.0 222.2 222.0
2016-10-19 23:21:59 413778439 114.491185 30.685068 114.491185 30.685068 0.0 222.2 222.0
2016-10-19 23:27:59 413778439 114.4911889506173 30.68507392592593     
2016-10-19 23:33:59 413778439 114.4911929012346 30.68507985185185     
2016-10-19 23:34:08 413778439 114.491193 30.68508 114.491195 30.685105 0.1 279.4 279.0
2016-10-19 23:38:23 413778439 114.491203 30.685077 114.491193 30.68508 0.0 281.8 281.0
2016-10-19 23:42:15 413778439 114.491197 30.685073 114.491203 30.685077 0.0 231.2 231.0
2016-10-19 23:46:14 413778439 114.49119 30.68507 114.491197 30.685073 0.1 32.8 32.0
2016-10-19 23:46:29 413778439 114.49119 30.68507 114.49119 30.68507 0.1 32.8 32.0
2016-10-19 23:50:31 413778439 114.4912 30.68509 114.49119 30.68507 0.1 109.3 109.0
2016-10-19 23:54:22 413778439 114.491195 30.685068 114.4912 30.68509 0.0 179.4 179.0
2016-10-19 23:55:31 413778439 114.491195 30.685068 114.491195 30.685068 0.0 179.4 179.0
2016-10-19 23:59:36 413778439 114.49118 30.68508 114.491195 30.685068 0.1 312.1 312.0
