2016-10-22 10:17:35 413813496 114.614428 30.556922 114.615202 30.556765 4.9 280.5
2016-10-22 10:19:54 413813496 114.610647 30.557607 114.614428 30.556922 4.7 281.0
2016-10-22 10:20:20 413813496 114.61 30.557753 114.610647 30.557607 4.7 285.2
2016-10-22 10:23:08 413813496 114.606717 30.55924 114.61 30.557753 4.6 301.8
2016-10-22 10:24:15 413813496 114.604705 30.560142 114.606717 30.55924 4.7 304.6
2016-10-22 10:26:38 413813496 114.601455 30.5618 114.604705 30.560142 4.9 293.6
2016-10-22 10:27:39 413813496 114.600747 30.562018 114.601455 30.5618 5.0 283.5
2016-10-22 10:30:13 413813496 114.595672 30.561208 114.600747 30.562018 5.2 271.8
2016-10-22 10:31:44 413813496 114.59401 30.56141 114.595672 30.561208 5.4 281.7
2016-10-22 10:37:44 413813496 114.5868880185758 30.56804157894737    
2016-10-22 10:42:30 413813496 114.58123 30.57331 114.582435 30.572158 5.6 322.4
2016-10-22 10:44:48 413813496 114.579043 30.576705 114.58123 30.57331 5.8 336.6
2016-10-22 10:50:48 413813496 114.574890295797 30.58647810071372    
2016-10-22 10:56:48 413813496 114.570737591594 30.59625120142744    
2016-10-22 11:02:48 413813496 114.566584887391 30.60602430214116    
2016-10-22 11:05:49 413813496 114.564497 30.610938 114.565725 30.607897 6.5 344.6
2016-10-22 11:11:49 413813496 114.5639366033994 30.62065035127479    
2016-10-22 11:17:35 413813496 114.563398 30.629985 114.563642 30.628172 3.4 345.3
2016-10-22 11:19:12 413813496 114.56304 30.631107 114.563398 30.629985 2.4 347.2
2016-10-22 11:20:13 413813496 114.562808 30.631637 114.56304 30.631107 1.8 342.8
2016-10-22 11:26:13 413813496 114.5625446942149 30.63282014049587    
2016-10-22 11:32:13 413813496 114.5622813884298 30.63400328099173    
2016-10-22 11:32:19 413813496 114.562277 30.634023 114.562258 30.63398 0.0 7.3
2016-10-22 11:35:25 413813496 114.562292 30.634048 114.562277 30.634023 0.0 7.3
2016-10-22 11:35:54 413813496 114.56229 30.634052 114.562292 30.634048 0.0 7.3
2016-10-22 11:38:17 413813496 114.562295 30.634065 114.56229 30.634052 0.0 7.3
2016-10-22 11:41:44 413813496 114.562305 30.634073 114.562295 30.634065 0.0 7.3
2016-10-22 11:44:37 413813496 114.562308 30.634082 114.562305 30.634073 0.0 7.3
2016-10-22 11:47:21 413813496 114.562307 30.634085 114.562308 30.634082 0.0 7.3
2016-10-22 11:47:52 413813496 114.562312 30.634088 114.562307 30.634085 0.0 7.3
2016-10-22 11:53:45 413813496 114.56232 30.634097 114.562312 30.634088 0.0 7.3
2016-10-22 11:59:45 413813496 114.562321192053 30.63410812582782    
2016-10-22 12:05:45 413813496 114.562322384106 30.63411925165563    
2016-10-22 12:08:51 413813496 114.562323 30.634125 114.562325 30.634113 0.0 7.3
2016-10-22 12:12:09 413813496 114.562325 30.634133 114.562323 30.634125 0.0 7.3
2016-10-22 12:18:09 413813496 114.5623286511156 30.63414030223124    
2016-10-22 12:20:22 413813496 114.56233 30.634143 114.562332 30.634137 0.0 7.3
2016-10-22 12:23:22 413813496 114.56234 30.634148 114.56233 30.634143 0.0 7.3
2016-10-22 12:26:32 413813496 114.562338 30.634155 114.56234 30.634148 0.0 7.3
2016-10-22 12:29:50 413813496 114.562335 30.634162 114.562338 30.634155 0.0 7.3
2016-10-22 12:32:28 413813496 114.562342 30.634162 114.562335 30.634162 0.0 7.3
2016-10-22 12:38:28 413813496 114.5623439285714 30.63416714285714    
2016-10-22 12:41:48 413813496 114.562345 30.63417 114.562345 30.63417 0.0 7.3
2016-10-22 12:44:40 413813496 114.562343 30.634173 114.562345 30.63417 0.0 7.3
2016-10-22 12:50:40 413813496 114.5596956666667 30.63566233333333    
2016-10-22 12:53:40 413813496 114.558372 30.636407 114.559148 30.636515 5.4 258.6
2016-10-22 12:55:45 413813496 114.555902 30.637192 114.558372 30.636407 4.3 320.8
2016-10-22 12:56:09 413813496 114.555488 30.637915 114.555902 30.637192 4.7 325.4
2016-10-22 12:56:44 413813496 114.555095 30.638418 114.555488 30.637915 5.0 331.6
2016-10-22 12:57:16 413813496 114.554738 30.63905 114.555095 30.638418 5.2 334.1
2016-10-22 12:57:40 413813496 114.554393 30.639687 114.554738 30.63905 5.4 339.2
2016-10-22 12:59:13 413813496 114.55327 30.641752 114.554393 30.639687 5.5 335.1
2016-10-22 12:59:44 413813496 114.55292 30.642447 114.55327 30.641752 5.7 334.3
2016-10-22 13:01:26 413813496 114.5518 30.644525 114.55292 30.642447 5.6 334.4
2016-10-22 13:01:55 413813496 114.55144 30.645263 114.5518 30.644525 5.8 340.3
2016-10-22 13:02:22 413813496 114.551118 30.646043 114.55144 30.645263 5.8 338.7
2016-10-22 13:05:59 413813496 114.548735 30.651087 114.551118 30.646043 5.5 336.2
2016-10-22 13:07:05 413813496 114.548035 30.652487 114.548735 30.651087 5.4 331.3
2016-10-22 13:07:38 413813496 114.547253 30.653808 114.548035 30.652487 5.3 332.0
2016-10-22 13:09:07 413813496 114.546303 30.655735 114.547253 30.653808 5.2 341.0
2016-10-22 13:11:40 413813496 114.544793 30.659145 114.546303 30.655735 5.1 337.8
2016-10-22 13:13:08 413813496 114.54367 30.660937 114.544793 30.659145 5.1 332.8
2016-10-22 13:14:06 413813496 114.542815 30.662172 114.54367 30.660937 5.2 330.1
2016-10-22 13:14:32 413813496 114.542392 30.662793 114.542815 30.662172 5.2 329.1
2016-10-22 13:15:08 413813496 114.542068 30.663495 114.542392 30.662793 5.2 336.4
2016-10-22 13:15:37 413813496 114.54171 30.664193 114.542068 30.663495 5.2 336.5
2016-10-22 13:17:02 413813496 114.541098 30.665502 114.54171 30.664193 5.3 336.1
2016-10-22 13:17:56 413813496 114.540345 30.667102 114.541098 30.665502 5.3 336.8
2016-10-22 13:21:28 413813496 114.537417 30.672033 114.540345 30.667102 5.3 328.7
2016-10-22 13:23:02 413813496 114.535832 30.67374 114.537417 30.672033 5.1 312.9
2016-10-22 13:23:48 413813496 114.535263 30.67424 114.535832 30.67374 5.2 316.9
2016-10-22 13:25:37 413813496 114.532753 30.676188 114.535263 30.67424 5.3 306.7
2016-10-22 13:27:03 413813496 114.53064 30.677507 114.532753 30.676188 5.5 304.4
2016-10-22 13:27:28 413813496 114.529912 30.677953 114.53064 30.677507 5.6 304.1
2016-10-22 13:28:40 413813496 114.528532 30.678902 114.529912 30.677953 5.8 308.6
2016-10-22 13:30:05 413813496 114.526482 30.68006 114.528532 30.678902 6.4 303.7
2016-10-22 13:30:59 413813496 114.524883 30.681213 114.526482 30.68006 5.6 310.6
2016-10-22 13:32:27 413813496 114.52279 30.682697 114.524883 30.681213 5.6 309.4
2016-10-22 13:34:09 413813496 114.52045 30.683798 114.52279 30.682697 5.6 296.1
2016-10-22 13:34:32 413813496 114.519683 30.684107 114.52045 30.683798 5.6 293.7
2016-10-22 13:35:52 413813496 114.517145 30.685002 114.519683 30.684107 5.7 284.8
2016-10-22 13:36:47 413813496 114.516262 30.685243 114.517145 30.685002 5.7 290.4
2016-10-22 13:38:03 413813496 114.51355 30.685635 114.516262 30.685243 5.7 277.3
2016-10-22 13:38:41 413813496 114.51266 30.685772 114.51355 30.685635 5.7 277.8
2016-10-22 13:39:08 413813496 114.51181 30.685888 114.51266 30.685772 5.7 280.1
2016-10-22 13:39:31 413813496 114.510853 30.68603 114.51181 30.685888 5.6 278.9
2016-10-22 13:39:54 413813496 114.509945 30.686222 114.510853 30.68603 5.7 283.9
2016-10-22 13:40:58 413813496 114.508205 30.686603 114.509945 30.686222 5.9 286.5
2016-10-22 13:41:20 413813496 114.507313 30.686848 114.508205 30.686603 6.0 283.9
2016-10-22 13:42:18 413813496 114.506283 30.687 114.507313 30.686848 6.0 277.8
2016-10-22 13:43:10 413813496 114.504415 30.687428 114.506283 30.687 6.1 284.1
2016-10-22 13:43:35 413813496 114.503458 30.687663 114.504415 30.687428 6.1 285.0
2016-10-22 13:44:13 413813496 114.502538 30.687832 114.503458 30.687663 6.1 272.7
2016-10-22 13:45:03 413813496 114.500718 30.687592 114.502538 30.687832 5.7 259.2
2016-10-22 13:45:25 413813496 114.499807 30.687445 114.500718 30.687592 5.7 258.9
2016-10-22 13:46:07 413813496 114.498915 30.687312 114.499807 30.687445 5.8 262.4
2016-10-22 13:46:37 413813496 114.498015 30.687267 114.498915 30.687312 5.8 268.1
2016-10-22 13:47:03 413813496 114.497078 30.68725 114.498015 30.687267 5.8 268.4
2016-10-22 13:47:29 413813496 114.496217 30.687205 114.497078 30.68725 5.7 265.1
2016-10-22 13:48:09 413813496 114.495267 30.6871 114.496217 30.687205 5.6 262.1
2016-10-22 13:48:39 413813496 114.494417 30.687043 114.495267 30.6871 5.7 266.3
2016-10-22 13:49:05 413813496 114.493467 30.686972 114.494417 30.687043 5.7 266.2
2016-10-22 13:49:29 413813496 114.492598 30.686867 114.493467 30.686972 5.7 263.8
2016-10-22 13:50:07 413813496 114.491715 30.68674 114.492598 30.686867 5.6 255.2
2016-10-22 13:50:32 413813496 114.490857 30.686473 114.491715 30.68674 5.5 249.6
2016-10-22 13:50:55 413813496 114.490033 30.686238 114.490857 30.686473 5.5 250.7
2016-10-22 13:51:19 413813496 114.489168 30.685975 114.490033 30.686238 5.6 249.0
2016-10-22 13:52:21 413813496 114.48744 30.685368 114.489168 30.685975 5.8 251.1
2016-10-22 13:52:45 413813496 114.486645 30.685108 114.48744 30.685368 5.7 249.7
2016-10-22 13:53:43 413813496 114.485732 30.68491 114.486645 30.685108 5.6 255.0
2016-10-22 13:54:26 413813496 114.484038 30.684455 114.485732 30.68491 5.5 249.4
2016-10-22 13:54:48 413813496 114.483172 30.684188 114.484038 30.684455 5.7 250.2
2016-10-22 13:56:00 413813496 114.481453 30.683695 114.483172 30.684188 5.6 253.9
2016-10-22 13:56:22 413813496 114.480567 30.68345 114.481453 30.683695 5.7 252.6
2016-10-22 13:56:44 413813496 114.479738 30.683208 114.480567 30.68345 5.6 251.0
2016-10-22 13:57:23 413813496 114.478972 30.683022 114.479738 30.683208 5.6 254.8
2016-10-22 13:57:47 413813496 114.478053 30.682805 114.478972 30.683022 5.5 255.7
2016-10-22 13:58:13 413813496 114.477188 30.682553 114.478053 30.682805 5.5 250.3
2016-10-22 13:59:16 413813496 114.476422 30.682302 114.477188 30.682553 5.6 248.9
2016-10-22 13:59:47 413813496 114.474645 30.681687 114.476422 30.682302 5.6 249.5
2016-10-22 14:01:09 413813496 114.473193 30.681143 114.474645 30.681687 5.2 243.7
2016-10-22 14:01:57 413813496 114.471537 30.6803 114.473193 30.681143 5.7 239.2
2016-10-22 14:02:17 413813496 114.470757 30.679895 114.471537 30.6803 5.7 238.2
2016-10-22 14:02:46 413813496 114.469972 30.679482 114.470757 30.679895 5.7 237.9
2016-10-22 14:03:10 413813496 114.469213 30.679053 114.469972 30.679482 5.7 237.6
2016-10-22 14:03:52 413813496 114.468432 30.678643 114.469213 30.679053 5.7 238.5
2016-10-22 14:04:29 413813496 114.467658 30.678265 114.468432 30.678643 5.6 242.1
2016-10-22 14:04:54 413813496 114.466848 30.677858 114.467658 30.678265 5.7 240.6
2016-10-22 14:06:32 413813496 114.464495 30.67679 114.466848 30.677858 5.7 246.2
2016-10-22 14:08:13 413813496 114.461065 30.675523 114.464495 30.67679 5.8 252.4
2016-10-22 14:09:19 413813496 114.459227 30.675077 114.461065 30.675523 5.8 251.6
2016-10-22 14:09:40 413813496 114.458365 30.67485 114.459227 30.675077 5.8 256.5
2016-10-22 14:10:54 413813496 114.456622 30.674412 114.458365 30.67485 5.8 253.4
2016-10-22 14:11:14 413813496 114.45568 30.674213 114.456622 30.674412 5.8 255.6
2016-10-22 14:11:53 413813496 114.454822 30.674027 114.45568 30.674213 5.8 256.3
2016-10-22 14:12:28 413813496 114.45388 30.673827 114.454822 30.674027 5.7 257.1
2016-10-22 14:12:54 413813496 114.452987 30.673623 114.45388 30.673827 5.8 255.3
2016-10-22 14:13:16 413813496 114.452117 30.673393 114.452987 30.673623 5.7 251.0
2016-10-22 14:13:43 413813496 114.451278 30.673127 114.452117 30.673393 5.7 248.7
2016-10-22 14:14:16 413813496 114.45047 30.67284 114.451278 30.673127 5.5 244.4
2016-10-22 14:14:42 413813496 114.449672 30.672455 114.45047 30.67284 5.6 240.3
2016-10-22 14:15:04 413813496 114.448898 30.672078 114.449672 30.672455 5.5 248.6
2016-10-22 14:16:20 413813496 114.447247 30.671662 114.448898 30.672078 5.4 255.8
2016-10-22 14:16:47 413813496 114.446362 30.67155 114.447247 30.671662 5.4 265.7
2016-10-22 14:17:11 413813496 114.445558 30.671583 114.446362 30.67155 5.4 271.3
2016-10-22 14:17:53 413813496 114.444378 30.671645 114.445558 30.671583 5.2 278.9
2016-10-22 14:18:23 413813496 114.443808 30.671713 114.444378 30.671645 5.2 275.9
2016-10-22 14:18:45 413813496 114.442987 30.671857 114.443808 30.671713 5.3 280.0
2016-10-22 14:19:04 413813496 114.442203 30.671938 114.442987 30.671857 5.3 275.3
2016-10-22 14:20:13 413813496 114.44044 30.67199 114.442203 30.671938 5.4 269.7
2016-10-22 14:20:35 413813496 114.439583 30.671962 114.44044 30.67199 5.5 267.3
2016-10-22 14:21:31 413813496 114.438737 30.671887 114.439583 30.671962 5.5 263.4
2016-10-22 14:22:18 413813496 114.43694 30.671648 114.438737 30.671887 5.7 262.9
2016-10-22 14:22:39 413813496 114.436043 30.671553 114.43694 30.671648 5.7 261.0
2016-10-22 14:23:15 413813496 114.435183 30.671327 114.436043 30.671553 5.7 252.5
2016-10-22 14:23:40 413813496 114.434318 30.671097 114.435183 30.671327 5.8 252.6
2016-10-22 14:24:02 413813496 114.433407 30.67081 114.434318 30.671097 5.9 251.0
2016-10-22 14:25:22 413813496 114.431628 30.670217 114.433407 30.67081 5.9 245.6
2016-10-22 14:25:44 413813496 114.430777 30.669885 114.431628 30.670217 5.6 246.7
2016-10-22 14:26:04 413813496 114.42992 30.669548 114.430777 30.669885 6.1 245.0
2016-10-22 14:26:36 413813496 114.429037 30.669138 114.42992 30.669548 6.3 241.8
2016-10-22 14:27:02 413813496 114.42813 30.668707 114.429037 30.669138 6.4 239.6
2016-10-22 14:27:45 413813496 114.427223 30.66825 114.42813 30.668707 6.7 239.2
2016-10-22 14:28:15 413813496 114.42637 30.66777 114.427223 30.66825 6.6 235.5
2016-10-22 14:28:39 413813496 114.42545 30.667223 114.42637 30.66777 6.7 237.0
2016-10-22 14:29:02 413813496 114.424568 30.666712 114.42545 30.667223 6.6 237.3
2016-10-22 14:29:57 413813496 114.4237 30.666233 114.424568 30.666712 6.6 238.2
2016-10-22 14:31:04 413813496 114.420915 30.664927 114.4237 30.666233 6.6 242.5
2016-10-22 14:31:38 413813496 114.420007 30.664523 114.420915 30.664927 6.5 242.6
2016-10-22 14:32:05 413813496 114.419022 30.664107 114.420007 30.664523 6.4 243.9
2016-10-22 14:32:28 413813496 114.418115 30.663725 114.419022 30.664107 6.3 247.4
2016-10-22 14:33:26 413813496 114.41721 30.663402 114.418115 30.663725 6.3 249.8
2016-10-22 14:34:08 413813496 114.415265 30.662845 114.41721 30.663402 6.4 251.2
2016-10-22 14:34:29 413813496 114.414293 30.662608 114.415265 30.662845 6.4 256.2
2016-10-22 14:35:02 413813496 114.413285 30.662415 114.414293 30.662608 6.4 258.6
2016-10-22 14:35:47 413813496 114.41163 30.662163 114.413285 30.662415 6.0 257.8
2016-10-22 14:37:07 413813496 114.409488 30.661747 114.41163 30.662163 5.8 257.1
2016-10-22 14:37:30 413813496 114.408617 30.661573 114.409488 30.661747 5.9 258.2
2016-10-22 14:38:28 413813496 114.406793 30.661173 114.408617 30.661573 5.9 253.4
2016-10-22 14:39:12 413813496 114.405938 30.660962 114.406793 30.661173 5.8 255.9
2016-10-22 14:39:35 413813496 114.404992 30.66069 114.405938 30.660962 5.8 250.4
2016-10-22 14:40:33 413813496 114.403302 30.660097 114.404992 30.66069 5.7 246.8
2016-10-22 14:40:55 413813496 114.402512 30.659845 114.403302 30.660097 5.6 249.1
2016-10-22 14:41:50 413813496 114.40106 30.659298 114.402512 30.659845 5.6 244.3
2016-10-22 14:42:40 413813496 114.400088 30.658932 114.40106 30.659298 5.2 246.0
2016-10-22 14:43:05 413813496 114.399175 30.658588 114.400088 30.658932 5.5 241.8
2016-10-22 14:44:06 413813496 114.397572 30.657972 114.399175 30.658588 5.5 250.9
2016-10-22 14:44:25 413813496 114.396773 30.657777 114.397572 30.657972 5.6 254.0
2016-10-22 14:45:26 413813496 114.394997 30.657347 114.396773 30.657777 5.6 259.5
2016-10-22 14:45:53 413813496 114.394177 30.657298 114.394997 30.657347 5.7 259.6
2016-10-22 14:47:09 413813496 114.392345 30.656895 114.394177 30.657298 5.8 256.5
2016-10-22 14:47:32 413813496 114.391358 30.65675 114.392345 30.656895 5.9 260.9
2016-10-22 14:47:51 413813496 114.390522 30.656477 114.391358 30.65675 5.7 251.0
2016-10-22 14:48:43 413813496 114.38965 30.65622 114.390522 30.656477 5.7 248.4
2016-10-22 14:49:05 413813496 114.388755 30.655915 114.38965 30.65622 5.7 249.0
2016-10-22 14:49:25 413813496 114.387918 30.655647 114.388755 30.655915 5.8 248.4
2016-10-22 14:50:37 413813496 114.386208 30.655013 114.387918 30.655647 5.9 243.7
2016-10-22 14:51:50 413813496 114.384542 30.654207 114.386208 30.655013 5.9 238.2
2016-10-22 14:52:31 413813496 114.382903 30.653332 114.384542 30.654207 6.0 238.2
2016-10-22 14:52:55 413813496 114.382117 30.65288 114.382903 30.653332 6.1 237.1
2016-10-22 14:53:29 413813496 114.381328 30.652427 114.382117 30.65288 6.0 237.4
2016-10-22 14:53:52 413813496 114.380528 30.651945 114.381328 30.652427 6.0 235.5
2016-10-22 14:54:34 413813496 114.379743 30.651487 114.380528 30.651945 6.0 234.6
2016-10-22 14:55:05 413813496 114.378985 30.651015 114.379743 30.651487 6.0 233.6
2016-10-22 14:55:31 413813496 114.378187 30.650547 114.378985 30.651015 6.0 238.1
2016-10-22 14:55:48 413813496 114.377325 30.65009 114.378187 30.650547 6.0 240.4
2016-10-22 14:56:40 413813496 114.376523 30.64972 114.377325 30.65009 6.0 241.5
2016-10-22 14:57:02 413813496 114.375658 30.649282 114.376523 30.64972 6.0 239.1
2016-10-22 14:57:20 413813496 114.374845 30.648873 114.375658 30.649282 5.9 238.7
2016-10-22 14:58:13 413813496 114.374067 30.648475 114.374845 30.648873 5.8 237.0
2016-10-22 14:59:01 413813496 114.37244 30.647718 114.374067 30.648475 6.5 233.4
2016-10-22 14:59:26 413813496 114.37164 30.647287 114.37244 30.647718 5.7 237.7
2016-10-22 15:00:00 413813496 114.370882 30.64685 114.37164 30.647287 5.7 235.5
2016-10-22 15:00:21 413813496 114.370133 30.646425 114.370882 30.64685 5.7 236.4
2016-10-22 15:01:02 413813496 114.369368 30.645968 114.370133 30.646425 5.7 236.8
2016-10-22 15:01:38 413813496 114.368608 30.64556 114.369368 30.645968 5.6 233.1
2016-10-22 15:02:05 413813496 114.3679 30.645065 114.368608 30.64556 5.7 231.2
2016-10-22 15:02:48 413813496 114.36644 30.644115 114.3679 30.645065 5.6 234.1
2016-10-22 15:03:45 413813496 114.365038 30.643228 114.36644 30.644115 5.5 234.5
2016-10-22 15:04:26 413813496 114.364362 30.642767 114.365038 30.643228 5.6 233.3
2016-10-22 15:05:04 413813496 114.363642 30.642243 114.364362 30.642767 5.6 230.0
2016-10-22 15:05:55 413813496 114.362245 30.641232 114.363642 30.642243 5.6 229.8
2016-10-22 15:06:17 413813496 114.361597 30.640722 114.362245 30.641232 5.6 230.2
2016-10-22 15:06:52 413813496 114.360955 30.640207 114.361597 30.640722 5.5 225.6
2016-10-22 15:07:17 413813496 114.360367 30.63963 114.360955 30.640207 5.5 222.1
2016-10-22 15:08:04 413813496 114.359712 30.639085 114.360367 30.63963 5.5 225.2
2016-10-22 15:08:38 413813496 114.359117 30.638558 114.359712 30.639085 5.4 224.1
2016-10-22 15:09:19 413813496 114.35792 30.637585 114.359117 30.638558 5.4 223.9
2016-10-22 15:10:13 413813496 114.356657 30.636542 114.35792 30.637585 5.5 226.2
2016-10-22 15:11:03 413813496 114.35602 30.636047 114.356657 30.636542 5.5 227.6
2016-10-22 15:11:26 413813496 114.355355 30.635535 114.35602 30.636047 5.5 227.7
2016-10-22 15:12:02 413813496 114.354598 30.634945 114.355355 30.635535 5.4 227.9
2016-10-22 15:12:51 413813496 114.353458 30.63405 114.354598 30.634945 5.4 228.0
2016-10-22 15:13:12 413813496 114.35279 30.63352 114.353458 30.63405 5.1 230.3
2016-10-22 15:13:47 413813496 114.352182 30.633068 114.35279 30.63352 5.3 230.2
2016-10-22 15:14:14 413813496 114.351527 30.632582 114.352182 30.633068 5.4 227.9
2016-10-22 15:14:55 413813496 114.350865 30.632115 114.351527 30.632582 5.2 230.4
2016-10-22 15:15:34 413813496 114.350247 30.631682 114.350865 30.632115 5.1 227.7
2016-10-22 15:16:21 413813496 114.349028 30.630803 114.350247 30.631682 4.8 228.7
2016-10-22 15:16:45 413813496 114.348452 30.630365 114.349028 30.630803 4.7 225.3
2016-10-22 15:17:24 413813496 114.34791 30.62996 114.348452 30.630365 4.6 228.3
2016-10-22 15:17:51 413813496 114.347258 30.629413 114.34791 30.62996 4.5 224.7
2016-10-22 15:18:13 413813496 114.346882 30.629128 114.347258 30.629413 4.5 228.0
2016-10-22 15:19:16 413813496 114.34583 30.628293 114.346882 30.629128 4.4 226.9
2016-10-22 15:19:44 413813496 114.345323 30.627872 114.34583 30.628293 4.2 227.4
2016-10-22 15:20:06 413813496 114.344813 30.627482 114.345323 30.627872 4.4 225.8
2016-10-22 15:21:05 413813496 114.34431 30.627085 114.344813 30.627482 4.7 226.1
2016-10-22 15:21:51 413813496 114.343133 30.626168 114.34431 30.627085 4.6 231.8
2016-10-22 15:22:13 413813496 114.342553 30.625782 114.343133 30.626168 4.9 228.5
2016-10-22 15:22:43 413813496 114.341945 30.625292 114.342553 30.625782 5.2 229.2
2016-10-22 15:23:48 413813496 114.34046 30.624237 114.341945 30.625292 5.5 227.8
2016-10-22 15:24:16 413813496 114.340005 30.623925 114.34046 30.624237 5.6 229.8
2016-10-22 15:24:42 413813496 114.339342 30.62341 114.340005 30.623925 5.7 228.8
2016-10-22 15:25:18 413813496 114.338595 30.622838 114.339342 30.62341 6.0 226.3
2016-10-22 15:25:51 413813496 114.33792 30.622295 114.338595 30.622838 6.1 222.9
2016-10-22 15:26:16 413813496 114.337257 30.62169 114.33792 30.622295 5.8 219.7
2016-10-22 15:26:38 413813496 114.33666 30.621057 114.337257 30.62169 5.6 223.3
2016-10-22 15:27:31 413813496 114.33606 30.62047 114.33666 30.621057 5.5 221.4
2016-10-22 15:28:17 413813496 114.334838 30.619405 114.33606 30.62047 5.5 228.8
2016-10-22 15:28:37 413813496 114.334178 30.618845 114.334838 30.619405 5.7 226.7
2016-10-22 15:29:18 413813496 114.33348 30.618323 114.334178 30.618845 5.8 228.3
2016-10-22 15:29:47 413813496 114.332473 30.617583 114.33348 30.618323 5.9 228.9
2016-10-22 15:30:10 413813496 114.332077 30.617283 114.332473 30.617583 5.9 228.9
2016-10-22 15:31:09 413813496 114.331332 30.61672 114.332077 30.617283 6.0 227.7
2016-10-22 15:31:37 413813496 114.329885 30.615622 114.331332 30.61672 6.3 227.8
2016-10-22 15:32:20 413813496 114.329138 30.614998 114.329885 30.615622 6.4 225.7
2016-10-22 15:32:56 413813496 114.328395 30.614388 114.329138 30.614998 6.3 227.9
2016-10-22 15:33:44 413813496 114.326972 30.613163 114.328395 30.614388 6.2 224.0
2016-10-22 15:34:04 413813496 114.32628 30.612505 114.326972 30.613163 6.1 223.4
2016-10-22 15:34:35 413813496 114.325568 30.611953 114.32628 30.612505 6.1 224.5
2016-10-22 15:35:03 413813496 114.324895 30.611327 114.325568 30.611953 6.1 224.8
2016-10-22 15:35:44 413813496 114.324203 30.610733 114.324895 30.611327 6.2 227.0
2016-10-22 15:36:20 413813496 114.323457 30.61014 114.324203 30.610733 6.3 226.2
2016-10-22 15:36:43 413813496 114.322702 30.609557 114.323457 30.61014 6.3 230.1
2016-10-22 15:37:03 413813496 114.321983 30.60896 114.322702 30.609557 6.3 223.2
2016-10-22 15:38:10 413813496 114.32071 30.607608 114.321983 30.60896 6.3 217.7
2016-10-22 15:39:01 413813496 114.319588 30.606235 114.32071 30.607608 5.9 220.0
2016-10-22 15:39:55 413813496 114.318922 30.60551 114.319588 30.606235 6.3 224.9
2016-10-22 15:40:44 413813496 114.31758 30.604252 114.318922 30.60551 6.1 220.2
2016-10-22 15:41:06 413813496 114.316963 30.6036 114.31758 30.604252 6.1 218.9
2016-10-22 15:41:39 413813496 114.316378 30.602943 114.316963 30.6036 6.1 216.6
2016-10-22 15:42:03 413813496 114.31602 30.602553 114.316378 30.602943 6.1 218.6
2016-10-22 15:43:36 413813496 114.314032 30.600297 114.31602 30.602553 6.1 217.0
2016-10-22 15:45:23 413813496 114.312252 30.5983 114.314032 30.600297 6.1 215.2
2016-10-22 15:45:59 413813496 114.310997 30.59698 114.312252 30.5983 6.2 220.1
2016-10-22 15:47:35 413813496 114.309063 30.595023 114.310997 30.59698 6.1 219.8
2016-10-22 15:48:12 413813496 114.308417 30.594362 114.309063 30.595023 6.1 219.4
2016-10-22 15:48:41 413813496 114.307883 30.593735 114.308417 30.594362 6.1 215.1
2016-10-22 15:49:04 413813496 114.307277 30.593002 114.307883 30.593735 6.1 214.0
2016-10-22 15:49:27 413813496 114.306765 30.592315 114.307277 30.593002 5.8 213.2
2016-10-22 15:50:10 413813496 114.306233 30.591613 114.306765 30.592315 6.1 211.0
2016-10-22 15:50:39 413813496 114.30577 30.590872 114.306233 30.591613 6.1 208.7
2016-10-22 15:51:00 413813496 114.30532 30.59014 114.30577 30.590872 6.1 209.0
2016-10-22 15:51:25 413813496 114.304847 30.589375 114.30532 30.59014 6.1 210.7
2016-10-22 15:52:01 413813496 114.304393 30.588627 114.304847 30.589375 6.1 210.0
2016-10-22 15:52:31 413813496 114.30394 30.587925 114.304393 30.588627 6.1 208.2
2016-10-22 15:52:54 413813496 114.303423 30.58721 114.30394 30.587925 6.2 210.6
2016-10-22 15:53:56 413813496 114.302392 30.585717 114.303423 30.58721 6.3 209.7
2016-10-22 15:54:44 413813496 114.301932 30.584967 114.302392 30.585717 6.3 206.4
2016-10-22 15:55:03 413813496 114.301443 30.58419 114.301932 30.584967 6.3 206.8
2016-10-22 15:55:38 413813496 114.300967 30.5834 114.301443 30.58419 6.2 208.6
2016-10-22 15:56:25 413813496 114.299963 30.581942 114.300967 30.5834 6.2 211.2
2016-10-22 15:57:22 413813496 114.299488 30.581197 114.299963 30.581942 6.0 209.3
2016-10-22 15:58:12 413813496 114.298465 30.579785 114.299488 30.581197 6.0 212.0
2016-10-22 15:58:33 413813496 114.297963 30.579068 114.298465 30.579785 6.1 210.7
2016-10-22 15:59:09 413813496 114.297438 30.578352 114.297963 30.579068 6.1 212.1
2016-10-22 15:59:35 413813496 114.296972 30.577662 114.297438 30.578352 6.1 211.5
2016-10-22 16:00:01 413813496 114.296423 30.576958 114.296972 30.577662 6.1 211.9
2016-10-22 16:00:26 413813496 114.295957 30.576268 114.296423 30.576958 6.1 211.0
2016-10-22 16:01:56 413813496 114.294228 30.574142 114.295957 30.576268 6.3 215.4
2016-10-22 16:02:51 413813496 114.293075 30.572688 114.294228 30.574142 6.3 213.0
2016-10-22 16:05:22 413813496 114.29045 30.569028 114.293075 30.572688 6.3 205.4
2016-10-22 16:06:14 413813496 114.290005 30.568285 114.29045 30.569028 6.3 207.8
2016-10-22 16:08:47 413813496 114.287007 30.563698 114.290005 30.568285 5.9 208.6
2016-10-22 16:10:31 413813496 114.285868 30.561785 114.287007 30.563698 4.8 205.0
2016-10-22 16:10:54 413813496 114.285543 30.561243 114.285868 30.561785 4.6 208.6
2016-10-22 16:11:31 413813496 114.285198 30.560668 114.285543 30.561243 4.5 209.5
2016-10-22 16:11:57 413813496 114.284858 30.560075 114.285198 30.560668 4.4 207.0
2016-10-22 16:13:58 413813496 114.28362 30.557822 114.284858 30.560075 4.7 202.4
2016-10-22 16:14:19 413813496 114.283327 30.557218 114.28362 30.557822 4.8 202.1
2016-10-22 16:15:24 413813496 114.282715 30.555963 114.283327 30.557218 4.9 203.7
2016-10-22 16:15:46 413813496 114.282418 30.555332 114.282715 30.555963 4.8 203.4
2016-10-22 16:17:28 413813496 114.281532 30.55354 114.282418 30.555332 4.8 205.5
2016-10-22 16:17:52 413813496 114.281098 30.552742 114.281532 30.55354 5.4 210.9
2016-10-22 16:18:51 413813496 114.280615 30.551657 114.281098 30.552742 4.8 199.2
2016-10-22 16:19:31 413813496 114.28036 30.551048 114.280615 30.551657 4.6 201.7
2016-10-22 16:20:27 413813496 114.279768 30.549927 114.28036 30.551048 4.4 207.5
2016-10-22 16:21:35 413813496 114.279102 30.548868 114.279768 30.549927 4.3 208.7
2016-10-22 16:22:16 413813496 114.278562 30.547833 114.279102 30.548868 4.1 204.8
2016-10-22 16:23:36 413813496 114.278008 30.546778 114.278562 30.547833 4.1 207.3
2016-10-22 16:23:58 413813496 114.277672 30.546173 114.278008 30.546778 4.0 203.8
2016-10-22 16:24:17 413813496 114.277492 30.545772 114.277672 30.546173 3.9 200.7
2016-10-22 16:27:26 413813496 114.275933 30.542898 114.277492 30.545772 3.6 210.7
2016-10-22 16:27:45 413813496 114.275658 30.542465 114.275933 30.542898 3.7 209.0
2016-10-22 16:28:21 413813496 114.275342 30.54199 114.275658 30.542465 3.6 210.8
2016-10-22 16:28:47 413813496 114.274993 30.541545 114.275342 30.54199 3.7 216.2
2016-10-22 16:30:05 413813496 114.274287 30.5406 114.274993 30.541545 3.5 212.7
2016-10-22 16:31:45 413813496 114.273253 30.539055 114.274287 30.5406 3.3 208.7
2016-10-22 16:32:52 413813496 114.272712 30.538203 114.273253 30.539055 3.8 206.8
2016-10-22 16:33:28 413813496 114.272432 30.537747 114.272712 30.538203 4.0 205.8
2016-10-22 16:33:54 413813496 114.27215 30.537282 114.272432 30.537747 4.1 208.4
2016-10-22 16:34:15 413813496 114.271947 30.536595 114.27215 30.537282 4.2 212.0
2016-10-22 16:37:37 413813496 114.269128 30.533067 114.271947 30.536595 4.4 206.6
2016-10-22 16:39:31 413813496 114.268058 30.531338 114.269128 30.533067 4.9 209.5
2016-10-22 16:40:14 413813496 114.267308 30.53011 114.268058 30.531338 5.0 207.6
2016-10-22 16:40:46 413813496 114.266905 30.529505 114.267308 30.53011 5.1 210.3
2016-10-22 16:42:01 413813496 114.265743 30.528112 114.266905 30.529505 5.1 217.6
2016-10-22 16:43:35 413813496 114.264005 30.526102 114.265743 30.528112 5.4 215.1
2016-10-22 16:44:34 413813496 114.263017 30.52488 114.264005 30.526102 5.1 217.0
2016-10-22 16:47:01 413813496 114.260223 30.522147 114.263017 30.52488 5.5 223.7
2016-10-22 16:48:05 413813496 114.259332 30.521237 114.260223 30.522147 5.5 219.1
2016-10-22 16:50:17 413813496 114.257038 30.518557 114.259332 30.521237 5.3 217.5
2016-10-22 16:52:44 413813496 114.254503 30.515345 114.257038 30.518557 5.8 209.6
2016-10-22 16:55:34 413813496 114.251665 30.511525 114.254503 30.515345 5.6 216.1
2016-10-22 16:55:57 413813496 114.251203 30.510953 114.251665 30.511525 5.6 216.1
2016-10-22 16:57:02 413813496 114.250593 30.51031 114.251203 30.510953 5.7 220.2
2016-10-22 16:58:11 413813496 114.248955 30.508342 114.250593 30.51031 5.8 215.8
2016-10-22 16:59:04 413813496 114.247883 30.506985 114.248955 30.508342 5.9 211.2
2016-10-22 17:00:20 413813496 114.246888 30.505618 114.247883 30.506985 5.9 213.6
2016-10-22 17:02:07 413813496 114.244955 30.502865 114.246888 30.505618 6.3 208.8
2016-10-22 17:02:37 413813496 114.244522 30.502172 114.244955 30.502865 6.1 207.4
2016-10-22 17:06:18 413813496 114.241753 30.49706 114.244522 30.502172 5.5 214.6
2016-10-22 17:07:08 413813496 114.240612 30.49584 114.241753 30.49706 5.7 217.7
2016-10-22 17:08:17 413813496 114.239428 30.494607 114.240612 30.49584 5.7 219.3
2016-10-22 17:10:35 413813496 114.236677 30.491642 114.239428 30.494607 5.3 205.4
2016-10-22 17:10:55 413813496 114.236327 30.491007 114.236677 30.491642 5.4 211.2
2016-10-22 17:11:57 413813496 114.2354 30.489625 114.236327 30.491007 5.5 212.3
2016-10-22 17:12:17 413813496 114.235063 30.489008 114.2354 30.489625 5.3 212.3
2016-10-22 17:14:02 413813496 114.233668 30.487128 114.235063 30.489008 5.5 213.9
2016-10-22 17:15:53 413813496 114.231625 30.484843 114.233668 30.487128 4.9 227.3
2016-10-22 17:18:22 413813496 114.228467 30.482718 114.231625 30.484843 5.1 232.4
2016-10-22 17:20:24 413813496 114.226485 30.4807 114.228467 30.482718 4.8 212.8
2016-10-22 17:22:25 413813496 114.224853 30.478485 114.226485 30.4807 4.7 213.5
2016-10-22 17:24:17 413813496 114.223112 30.476213 114.224853 30.478485 5.2 218.2
2016-10-22 17:30:17 413813496 114.2161937391304 30.47056331055901    
2016-10-22 17:32:20 413813496 114.21383 30.468633 114.214393 30.469182 5.3 223.6
2016-10-22 17:33:43 413813496 114.212182 30.466985 114.21383 30.468633 5.2 220.7
2016-10-22 17:34:34 413813496 114.211595 30.466412 114.212182 30.466985 5.1 226.8
2016-10-22 17:37:43 413813496 114.208373 30.46261 114.211595 30.466412 4.8 222.9
2016-10-22 17:38:26 413813496 114.207838 30.462183 114.208373 30.46261 4.9 227.7
2016-10-22 17:38:46 413813496 114.207303 30.461702 114.207838 30.462183 4.8 225.3
2016-10-22 17:39:55 413813496 114.20622 30.460775 114.207303 30.461702 4.6 223.2
2016-10-22 17:40:41 413813496 114.205158 30.459902 114.20622 30.460775 4.5 224.3
2016-10-22 17:41:41 413813496 114.20412 30.45908 114.205158 30.459902 4.6 227.5
2016-10-22 17:42:46 413813496 114.203145 30.458127 114.20412 30.45908 4.8 218.8
2016-10-22 17:44:51 413813496 114.20102 30.456077 114.203145 30.458127 5.3 223.6
2016-10-22 17:45:20 413813496 114.200435 30.455595 114.20102 30.456077 5.3 222.5
2016-10-22 17:46:53 413813496 114.19874 30.45397 114.200435 30.455595 5.4 224.3
2016-10-22 17:49:47 413813496 114.195315 30.450555 114.19874 30.45397 5.6 218.0
