2016-10-19 0:00:42 413827073 114.307477 30.578582 114.307477 30.578582 0.0 68.3 68.0
2016-10-19 0:02:37 413827073 114.307478 30.5786 114.307477 30.578582 0.0 68.3 68.0
2016-10-19 0:05:46 413827073 114.307478 30.578598 114.307478 30.5786 0.0 308.7 308.0
2016-10-19 0:06:51 413827073 114.307478 30.578598 114.307478 30.578598 0.0 308.7 308.0
2016-10-19 0:08:39 413827073 114.307463 30.578598 114.307478 30.578598 0.0 308.7 308.0
2016-10-19 0:11:44 413827073 114.307468 30.578587 114.307463 30.578598 0.0 308.7 308.0
2016-10-19 0:12:30 413827073 114.307468 30.578587 114.307468 30.578587 0.0 308.7 308.0
2016-10-19 0:14:38 413827073 114.307457 30.578595 114.307468 30.578587 0.0 308.7 308.0
2016-10-19 0:17:45 413827073 114.307462 30.578592 114.307457 30.578595 0.0 308.7 308.0
2016-10-19 0:18:28 413827073 114.307462 30.578592 114.307462 30.578592 0.0 308.7 308.0
2016-10-19 0:20:45 413827073 114.307463 30.578595 114.307462 30.578592 0.0 308.7 308.0
2016-10-19 0:23:37 413827073 114.307495 30.578617 114.307463 30.578595 0.0 308.7 308.0
2016-10-19 0:24:34 413827073 114.307495 30.578617 114.307495 30.578617 0.0 308.7 308.0
2016-10-19 0:26:48 413827073 114.30748 30.57861 114.307495 30.578617 0.0 308.7 308.0
2016-10-19 0:29:48 413827073 114.307485 30.5786 114.30748 30.57861 0.0 308.7 308.0
2016-10-19 0:30:27 413827073 114.307485 30.5786 114.307485 30.5786 0.0 308.7 308.0
2016-10-19 0:30:41 413827073 114.307485 30.5786 114.307485 30.5786 0.0 308.7 308.0
2016-10-19 0:32:48 413827073 114.307482 30.578582 114.307485 30.5786 0.0 308.7 308.0
2016-10-19 0:35:40 413827073 114.307457 30.578538 114.307482 30.578582 0.0 308.7 308.0
2016-10-19 0:36:37 413827073 114.307457 30.578538 114.307457 30.578538 0.0 308.7 308.0
2016-10-19 0:38:46 413827073 114.307447 30.578557 114.307457 30.578538 0.0 308.7 308.0
2016-10-19 0:41:43 413827073 114.307483 30.57859 114.307447 30.578557 0.0 308.7 308.0
2016-10-19 0:42:25 413827073 114.307483 30.57859 114.307483 30.57859 0.0 308.7 308.0
2016-10-19 0:42:38 413827073 114.307483 30.57859 114.307483 30.57859 0.0 308.7 308.0
2016-10-19 0:44:44 413827073 114.30746 30.578565 114.307483 30.57859 0.0 308.7 308.0
2016-10-19 0:47:44 413827073 114.307438 30.578547 114.30746 30.578565 0.0 308.7 308.0
2016-10-19 0:48:39 413827073 114.307438 30.578547 114.307438 30.578547 0.0 308.7 308.0
2016-10-19 0:50:41 413827073 114.307482 30.578585 114.307438 30.578547 0.0 308.7 308.0
2016-10-19 0:53:46 413827073 114.307517 30.578593 114.307482 30.578585 0.0 308.7 308.0
2016-10-19 0:54:40 413827073 114.307517 30.578593 114.307517 30.578593 0.0 308.7 308.0
2016-10-19 0:56:44 413827073 114.307467 30.578582 114.307517 30.578593 0.0 308.7 308.0
2016-10-19 0:59:40 413827073 114.307497 30.57861 114.307467 30.578582 0.0 308.7 308.0
2016-10-19 1:00:24 413827073 114.307497 30.57861 114.307497 30.57861 0.0 308.7 308.0
2016-10-19 1:00:38 413827073 114.307497 30.57861 114.307497 30.57861 0.0 308.7 308.0
2016-10-19 1:02:44 413827073 114.307482 30.578625 114.307497 30.57861 0.0 308.7 308.0
2016-10-19 1:05:46 413827073 114.307438 30.57862 114.307482 30.578625 0.0 308.7 308.0
2016-10-19 1:06:29 413827073 114.307438 30.57862 114.307438 30.57862 0.0 308.7 308.0
2016-10-19 1:08:51 413827073 114.307463 30.578618 114.307438 30.57862 0.0 308.7 308.0
2016-10-19 1:12:40 413827073 114.307463 30.578618 114.307463 30.578618 0.0 308.7 308.0
2016-10-19 01:18:40 413827073 114.3074580276243 30.57861302762431     
2016-10-19 1:18:42 413827073 114.307458 30.578613 114.307458 30.578613 0.0 308.7 308.0
2016-10-19 1:20:47 413827073 114.307468 30.578625 114.307458 30.578613 0.0 308.7 308.0
2016-10-19 1:23:46 413827073 114.30748 30.578605 114.307468 30.578625 0.0 308.7 308.0
2016-10-19 1:24:42 413827073 114.30748 30.578605 114.30748 30.578605 0.0 308.7 308.0
2016-10-19 1:26:59 413827073 114.307497 30.578607 114.30748 30.578605 0.0 308.7 308.0
2016-10-19 1:29:49 413827073 114.307478 30.578618 114.307497 30.578607 0.0 308.7 308.0
2016-10-19 1:30:44 413827073 114.307478 30.578618 114.307478 30.578618 0.0 308.7 308.0
2016-10-19 1:32:51 413827073 114.307495 30.578615 114.307478 30.578618 0.0 308.7 308.0
2016-10-19 1:35:50 413827073 114.30748 30.578603 114.307495 30.578615 0.0 87.6 87.0
2016-10-19 1:36:56 413827073 114.30748 30.578603 114.30748 30.578603 0.0 87.6 87.0
2016-10-19 1:38:50 413827073 114.30747 30.57859 114.30748 30.578603 0.0 87.6 87.0
2016-10-19 1:41:53 413827073 114.307472 30.57861 114.30747 30.57859 0.0 87.6 87.0
2016-10-19 1:42:33 413827073 114.307472 30.57861 114.307472 30.57861 0.0 87.6 87.0
2016-10-19 1:44:51 413827073 114.307485 30.578607 114.307472 30.57861 0.0 87.6 87.0
2016-10-19 1:47:53 413827073 114.307468 30.578608 114.307485 30.578607 0.0 87.6 87.0
2016-10-19 1:48:45 413827073 114.307468 30.578608 114.307468 30.578608 0.0 87.6 87.0
2016-10-19 1:50:54 413827073 114.307448 30.578597 114.307468 30.578608 0.0 87.6 87.0
2016-10-19 1:53:49 413827073 114.307445 30.578602 114.307448 30.578597 0.0 87.6 87.0
2016-10-19 1:54:35 413827073 114.307445 30.578602 114.307445 30.578602 0.0 87.6 87.0
2016-10-19 1:56:54 413827073 114.30745 30.578587 114.307445 30.578602 0.0 87.6 87.0
2016-10-19 1:59:59 413827073 114.307432 30.578568 114.30745 30.578587 0.0 87.6 87.0
2016-10-19 2:00:45 413827073 114.307432 30.578568 114.307432 30.578568 0.0 87.6 87.0
2016-10-19 2:02:43 413827073 114.307442 30.57858 114.307432 30.578568 0.0 87.6 87.0
2016-10-19 2:05:50 413827073 114.307447 30.57857 114.307442 30.57858 0.0 87.6 87.0
2016-10-19 2:06:36 413827073 114.307447 30.57857 114.307447 30.57857 0.0 87.6 87.0
2016-10-19 2:08:53 413827073 114.307442 30.578565 114.307447 30.57857 0.0 87.6 87.0
2016-10-19 2:11:59 413827073 114.30745 30.578573 114.307442 30.578565 0.0 87.6 87.0
2016-10-19 2:12:49 413827073 114.30745 30.578573 114.30745 30.578573 0.0 87.6 87.0
2016-10-19 2:14:51 413827073 114.30743 30.578565 114.30745 30.578573 0.0 87.6 87.0
2016-10-19 2:17:51 413827073 114.307442 30.578595 114.30743 30.578565 0.0 87.6 87.0
2016-10-19 2:18:38 413827073 114.307442 30.578595 114.307442 30.578595 0.0 87.6 87.0
2016-10-19 2:21:03 413827073 114.30746 30.578595 114.307442 30.578595 0.0 87.6 87.0
2016-10-19 2:23:52 413827073 114.307483 30.578572 114.30746 30.578595 0.0 87.6 87.0
2016-10-19 2:24:45 413827073 114.307483 30.578572 114.307483 30.578572 0.0 87.6 87.0
2016-10-19 2:26:54 413827073 114.307475 30.578588 114.307483 30.578572 0.0 87.6 87.0
2016-10-19 2:30:00 413827073 114.307462 30.578592 114.307475 30.578588 0.0 87.6 87.0
2016-10-19 2:30:49 413827073 114.307462 30.578592 114.307462 30.578592 0.0 87.6 87.0
2016-10-19 2:32:58 413827073 114.307452 30.57859 114.307462 30.578592 0.0 87.6 87.0
2016-10-19 2:35:52 413827073 114.30746 30.57859 114.307452 30.57859 0.0 87.6 87.0
2016-10-19 2:36:39 413827073 114.30746 30.57859 114.30746 30.57859 0.0 87.6 87.0
2016-10-19 2:38:44 413827073 114.307462 30.578592 114.30746 30.57859 0.0 87.6 87.0
2016-10-19 2:41:49 413827073 114.307457 30.57859 114.307462 30.578592 0.0 87.6 87.0
2016-10-19 2:42:34 413827073 114.307457 30.57859 114.307457 30.57859 0.0 87.6 87.0
2016-10-19 2:42:50 413827073 114.307457 30.57859 114.307457 30.57859 0.0 87.6 87.0
2016-10-19 2:44:56 413827073 114.307455 30.57859 114.307457 30.57859 0.0 87.6 87.0
2016-10-19 2:48:00 413827073 114.30741 30.578585 114.307455 30.57859 0.0 87.6 87.0
2016-10-19 2:48:44 413827073 114.30741 30.578585 114.30741 30.578585 0.0 87.6 87.0
2016-10-19 2:50:58 413827073 114.30744 30.578563 114.30741 30.578585 0.0 87.6 87.0
2016-10-19 2:53:50 413827073 114.307467 30.578557 114.30744 30.578563 0.0 87.6 87.0
2016-10-19 2:54:34 413827073 114.307467 30.578557 114.307467 30.578557 0.0 87.6 87.0
2016-10-19 2:56:50 413827073 114.307448 30.578567 114.307467 30.578557 0.0 87.6 87.0
2016-10-19 2:59:55 413827073 114.307463 30.578567 114.307448 30.578567 0.0 87.6 87.0
2016-10-19 3:00:47 413827073 114.307463 30.578567 114.307463 30.578567 0.0 87.6 87.0
2016-10-19 3:02:47 413827073 114.30748 30.578558 114.307463 30.578567 0.0 87.6 87.0
2016-10-19 3:05:56 413827073 114.30747 30.57857 114.30748 30.578558 0.0 87.6 87.0
2016-10-19 3:06:44 413827073 114.30747 30.57857 114.30747 30.57857 0.0 87.6 87.0
2016-10-19 3:08:47 413827073 114.307465 30.578567 114.30747 30.57857 0.0 87.6 87.0
2016-10-19 3:11:49 413827073 114.307478 30.578557 114.307465 30.578567 0.0 87.6 87.0
2016-10-19 3:12:38 413827073 114.307478 30.578557 114.307478 30.578557 0.0 87.6 87.0
2016-10-19 3:15:03 413827073 114.307468 30.578582 114.307478 30.578557 0.0 87.6 87.0
2016-10-19 3:17:47 413827073 114.30747 30.578612 114.307468 30.578582 0.0 87.6 87.0
2016-10-19 3:18:39 413827073 114.30747 30.578612 114.30747 30.578612 0.0 87.6 87.0
2016-10-19 3:20:54 413827073 114.30746 30.578633 114.30747 30.578612 0.0 87.6 87.0
2016-10-19 3:24:46 413827073 114.30746 30.578633 114.30746 30.578633 0.0 87.6 87.0
2016-10-19 3:27:01 413827073 114.307473 30.578608 114.30746 30.578633 0.0 87.6 87.0
2016-10-19 3:30:00 413827073 114.30746 30.57863 114.307473 30.578608 0.0 87.6 87.0
2016-10-19 3:30:45 413827073 114.30746 30.57863 114.30746 30.57863 0.0 87.6 87.0
2016-10-19 3:32:59 413827073 114.307472 30.578618 114.30746 30.57863 0.0 87.6 87.0
2016-10-19 3:35:52 413827073 114.307475 30.578603 114.307472 30.578618 0.0 87.6 87.0
2016-10-19 3:36:39 413827073 114.307475 30.578603 114.307475 30.578603 0.0 87.6 87.0
2016-10-19 3:38:53 413827073 114.307463 30.578622 114.307475 30.578603 0.0 87.6 87.0
2016-10-19 3:41:47 413827073 114.3075 30.578558 114.307463 30.578622 0.0 87.6 87.0
2016-10-19 3:42:38 413827073 114.3075 30.578558 114.3075 30.578558 0.0 87.6 87.0
2016-10-19 3:44:52 413827073 114.307485 30.578572 114.3075 30.578558 0.0 87.6 87.0
2016-10-19 3:48:47 413827073 114.307485 30.578572 114.307485 30.578572 0.0 87.6 87.0
2016-10-19 3:50:55 413827073 114.307473 30.578558 114.307485 30.578572 0.0 87.6 87.0
2016-10-19 3:53:56 413827073 114.307427 30.57859 114.307473 30.578558 0.0 87.6 87.0
2016-10-19 3:54:43 413827073 114.307427 30.57859 114.307427 30.57859 0.0 87.6 87.0
2016-10-19 3:56:55 413827073 114.307422 30.578605 114.307427 30.57859 0.0 87.6 87.0
2016-10-19 4:00:35 413827073 114.307422 30.578605 114.307422 30.578605 0.0 87.6 87.0
2016-10-19 4:00:51 413827073 114.307422 30.578605 114.307422 30.578605 0.0 87.6 87.0
2016-10-19 4:02:54 413827073 114.30745 30.578603 114.307422 30.578605 0.0 87.6 87.0
2016-10-19 4:05:58 413827073 114.307447 30.578607 114.30745 30.578603 0.0 87.6 87.0
2016-10-19 4:06:47 413827073 114.307447 30.578607 114.307447 30.578607 0.0 87.6 87.0
2016-10-19 04:12:47 413827073 114.3074393867069 30.57861950755287     
2016-10-19 4:17:49 413827073 114.307433 30.57863 114.307493 30.578615 0.0 87.6 87.0
2016-10-19 4:18:39 413827073 114.307433 30.57863 114.307433 30.57863 0.0 87.6 87.0
2016-10-19 4:21:05 413827073 114.307452 30.578622 114.307433 30.57863 0.0 87.6 87.0
2016-10-19 4:23:58 413827073 114.30746 30.578592 114.307452 30.578622 0.0 87.6 87.0
2016-10-19 4:24:39 413827073 114.30746 30.578592 114.30746 30.578592 0.0 87.6 87.0
2016-10-19 4:24:53 413827073 114.30746 30.578592 114.30746 30.578592 0.0 87.6 87.0
2016-10-19 4:26:55 413827073 114.30745 30.57859 114.30746 30.578592 0.0 87.6 87.0
2016-10-19 4:30:00 413827073 114.307447 30.578578 114.30745 30.57859 0.0 87.6 87.0
2016-10-19 4:30:45 413827073 114.307447 30.578578 114.307447 30.578578 0.0 87.6 87.0
2016-10-19 4:33:00 413827073 114.307455 30.578623 114.307447 30.578578 0.0 87.6 87.0
2016-10-19 4:35:59 413827073 114.307448 30.578627 114.307455 30.578623 0.0 87.6 87.0
2016-10-19 4:36:46 413827073 114.307448 30.578627 114.307448 30.578627 0.0 87.6 87.0
2016-10-19 4:39:00 413827073 114.307447 30.578618 114.307448 30.578627 0.0 87.6 87.0
2016-10-19 4:42:01 413827073 114.307448 30.578597 114.307447 30.578618 0.0 87.6 87.0
2016-10-19 4:42:55 413827073 114.307448 30.578597 114.307448 30.578597 0.0 87.6 87.0
2016-10-19 4:45:04 413827073 114.307458 30.578593 114.307448 30.578597 0.0 87.6 87.0
2016-10-19 4:48:06 413827073 114.30747 30.578578 114.307458 30.578593 0.0 87.6 87.0
2016-10-19 4:48:51 413827073 114.30747 30.578578 114.30747 30.578578 0.0 87.6 87.0
2016-10-19 4:51:04 413827073 114.30745 30.578592 114.30747 30.578578 0.0 87.6 87.0
2016-10-19 4:53:55 413827073 114.307457 30.578603 114.30745 30.578592 0.0 87.6 87.0
2016-10-19 4:54:46 413827073 114.307457 30.578603 114.307457 30.578603 0.0 87.6 87.0
2016-10-19 4:56:53 413827073 114.307452 30.578613 114.307457 30.578603 0.0 87.6 87.0
2016-10-19 5:00:02 413827073 114.307373 30.57856 114.307452 30.578613 0.0 87.6 87.0
2016-10-19 5:00:51 413827073 114.307373 30.57856 114.307373 30.57856 0.0 87.6 87.0
2016-10-19 5:02:53 413827073 114.307398 30.578565 114.307373 30.57856 0.0 87.6 87.0
2016-10-19 5:06:09 413827073 114.307437 30.578577 114.307398 30.578565 0.0 87.6 87.0
2016-10-19 5:07:02 413827073 114.307437 30.578577 114.307437 30.578577 0.0 87.6 87.0
2016-10-19 5:09:03 413827073 114.307423 30.578597 114.307437 30.578577 0.0 87.6 87.0
2016-10-19 5:12:06 413827073 114.307425 30.57858 114.307423 30.578597 0.0 87.6 87.0
2016-10-19 5:13:03 413827073 114.307425 30.57858 114.307425 30.57858 0.0 87.6 87.0
2016-10-19 5:15:07 413827073 114.307442 30.578587 114.307425 30.57858 0.0 87.6 87.0
2016-10-19 5:18:07 413827073 114.307413 30.57857 114.307442 30.578587 0.0 87.6 87.0
2016-10-19 5:18:58 413827073 114.307413 30.57857 114.307413 30.57857 0.0 87.6 87.0
2016-10-19 5:21:01 413827073 114.307427 30.57856 114.307413 30.57857 0.0 87.6 87.0
2016-10-19 5:24:21 413827073 114.307425 30.578592 114.307427 30.57856 0.0 87.6 87.0
2016-10-19 5:24:56 413827073 114.307425 30.578592 114.307425 30.578592 0.0 87.6 87.0
2016-10-19 5:27:04 413827073 114.30744 30.578593 114.307425 30.578592 0.0 87.6 87.0
2016-10-19 5:30:03 413827073 114.307433 30.57857 114.30744 30.578593 0.0 87.6 87.0
2016-10-19 5:31:04 413827073 114.307433 30.57857 114.307433 30.57857 0.0 87.6 87.0
2016-10-19 5:33:17 413827073 114.307457 30.578598 114.307433 30.57857 0.0 87.6 87.0
2016-10-19 5:36:00 413827073 114.307452 30.578585 114.307457 30.578598 0.0 87.6 87.0
2016-10-19 5:37:02 413827073 114.307452 30.578585 114.307452 30.578585 0.0 87.6 87.0
2016-10-19 5:39:11 413827073 114.30746 30.57858 114.307452 30.578585 0.0 87.6 87.0
2016-10-19 5:42:09 413827073 114.307457 30.578577 114.30746 30.57858 0.0 87.6 87.0
2016-10-19 5:43:04 413827073 114.307457 30.578577 114.307457 30.578577 0.0 87.6 87.0
2016-10-19 5:45:12 413827073 114.30746 30.578568 114.307457 30.578577 0.0 87.6 87.0
2016-10-19 5:48:18 413827073 114.307468 30.57858 114.30746 30.578568 0.0 87.6 87.0
2016-10-19 5:48:56 413827073 114.307468 30.57858 114.307468 30.57858 0.0 87.6 87.0
2016-10-19 5:51:15 413827073 114.307485 30.578567 114.307468 30.57858 0.0 87.6 87.0
2016-10-19 5:54:08 413827073 114.307492 30.578563 114.307485 30.578567 0.0 87.6 87.0
2016-10-19 5:55:05 413827073 114.307492 30.578563 114.307492 30.578563 0.0 87.6 87.0
2016-10-19 5:57:02 413827073 114.307428 30.578557 114.307492 30.578563 0.0 87.6 87.0
2016-10-19 6:00:20 413827073 114.307432 30.578532 114.307428 30.578557 0.0 87.6 87.0
2016-10-19 6:00:56 413827073 114.307432 30.578532 114.307432 30.578532 0.0 87.6 87.0
2016-10-19 6:03:11 413827073 114.307473 30.578553 114.307432 30.578532 0.0 87.6 87.0
2016-10-19 6:06:18 413827073 114.307463 30.578563 114.307473 30.578553 0.0 87.6 87.0
2016-10-19 6:06:56 413827073 114.307463 30.578563 114.307463 30.578563 0.0 87.6 87.0
2016-10-19 6:09:15 413827073 114.307463 30.578555 114.307463 30.578563 0.0 352.0 352.0
2016-10-19 6:12:07 413827073 114.307482 30.578578 114.307463 30.578555 0.0 352.0 352.0
2016-10-19 6:13:06 413827073 114.307482 30.578578 114.307482 30.578578 0.0 352.0 352.0
2016-10-19 6:15:17 413827073 114.307467 30.578573 114.307482 30.578578 0.0 352.0 352.0
2016-10-19 6:18:12 413827073 114.307438 30.578613 114.307467 30.578573 0.0 352.0 352.0
2016-10-19 6:19:11 413827073 114.307438 30.578613 114.307438 30.578613 0.0 352.0 352.0
2016-10-19 6:21:20 413827073 114.307465 30.57859 114.307438 30.578613 0.0 352.0 352.0
2016-10-19 6:24:09 413827073 114.307447 30.578623 114.307465 30.57859 0.0 352.0 352.0
2016-10-19 6:25:06 413827073 114.307447 30.578623 114.307447 30.578623 0.0 352.0 352.0
2016-10-19 06:31:06 413827073 114.3074618760331 30.57861209090909     
2016-10-19 6:31:09 413827073 114.307462 30.578612 114.307462 30.578612 0.0 352.0 352.0
2016-10-19 6:33:05 413827073 114.307458 30.57861 114.307462 30.578612 0.0 352.0 352.0
2016-10-19 6:36:16 413827073 114.307438 30.578587 114.307458 30.57861 0.0 352.0 352.0
2016-10-19 6:37:23 413827073 114.307438 30.578587 114.307438 30.578587 0.0 352.0 352.0
2016-10-19 6:39:06 413827073 114.307442 30.578558 114.307438 30.578587 0.0 352.0 352.0
2016-10-19 6:42:31 413827073 114.30745 30.578582 114.307442 30.578558 0.0 352.0 352.0
2016-10-19 6:43:06 413827073 114.30745 30.578582 114.30745 30.578582 0.0 352.0 352.0
2016-10-19 6:45:06 413827073 114.307437 30.578578 114.30745 30.578582 0.0 352.0 352.0
2016-10-19 6:48:12 413827073 114.307452 30.578597 114.307437 30.578578 0.0 352.0 352.0
2016-10-19 6:49:22 413827073 114.307452 30.578597 114.307452 30.578597 0.0 352.0 352.0
2016-10-19 6:51:23 413827073 114.307455 30.578583 114.307452 30.578597 0.0 352.0 352.0
2016-10-19 6:54:24 413827073 114.307488 30.578598 114.307455 30.578583 0.0 352.0 352.0
2016-10-19 6:55:07 413827073 114.307488 30.578598 114.307488 30.578598 0.0 352.0 352.0
2016-10-19 6:57:10 413827073 114.307457 30.578593 114.307488 30.578598 0.0 352.0 352.0
2016-10-19 7:01:08 413827073 114.307457 30.578593 114.307457 30.578593 0.0 352.0 352.0
2016-10-19 07:07:08 413827073 114.3074623045187 30.57859901178782     
2016-10-19 07:13:08 413827073 114.3074676090373 30.57860502357564     
2016-10-19 7:18:06 413827073 114.307472 30.57861 114.30747 30.578622 0.0 352.0 352.0
2016-10-19 7:19:14 413827073 114.307472 30.57861 114.307472 30.57861 0.0 352.0 352.0
2016-10-19 7:24:27 413827073 114.307457 30.578597 114.307472 30.57861 0.0 352.0 352.0
2016-10-19 7:25:05 413827073 114.307457 30.578597 114.307457 30.578597 0.0 352.0 352.0
2016-10-19 07:31:05 413827073 114.3074624320988 30.57861230864197     
2016-10-19 07:37:05 413827073 114.3074678641975 30.57862761728395     
2016-10-19 7:37:14 413827073 114.307468 30.578628 114.307468 30.578628 0.0 352.0 352.0
2016-10-19 7:39:26 413827073 114.307462 30.578617 114.307468 30.578628 0.0 352.0 352.0
2016-10-19 7:42:23 413827073 114.307462 30.578598 114.307462 30.578617 0.0 352.0 352.0
2016-10-19 7:43:14 413827073 114.307462 30.578598 114.307462 30.578598 0.0 352.0 352.0
2016-10-19 7:45:24 413827073 114.307453 30.578585 114.307462 30.578598 0.0 352.0 352.0
2016-10-19 7:48:24 413827073 114.307462 30.5786 114.307453 30.578585 0.0 352.0 352.0
2016-10-19 7:49:26 413827073 114.307462 30.5786 114.307462 30.5786 0.0 352.0 352.0
2016-10-19 7:51:41 413827073 114.307462 30.57859 114.307462 30.5786 0.0 352.0 352.0
2016-10-19 7:54:21 413827073 114.307468 30.578583 114.307462 30.57859 0.0 352.0 352.0
2016-10-19 7:55:16 413827073 114.307468 30.578583 114.307468 30.578583 0.0 352.0 352.0
2016-10-19 7:57:20 413827073 114.307467 30.578585 114.307468 30.578583 0.0 352.0 352.0
2016-10-19 8:00:32 413827073 114.307462 30.578622 114.307467 30.578585 0.0 352.0 352.0
2016-10-19 8:01:50 413827073 114.307462 30.578622 114.307462 30.578622 0.0 352.0 352.0
2016-10-19 8:03:29 413827073 114.307482 30.578617 114.307462 30.578622 0.0 352.0 352.0
2016-10-19 8:06:21 413827073 114.307462 30.578597 114.307482 30.578617 0.0 352.0 352.0
2016-10-19 8:07:23 413827073 114.307462 30.578597 114.307462 30.578597 0.0 352.0 352.0
2016-10-19 8:09:37 413827073 114.307475 30.578602 114.307462 30.578597 0.0 352.0 352.0
2016-10-19 8:12:30 413827073 114.307462 30.578595 114.307475 30.578602 0.0 352.0 352.0
2016-10-19 8:13:22 413827073 114.307462 30.578595 114.307462 30.578595 0.0 352.0 352.0
2016-10-19 8:15:22 413827073 114.307472 30.578595 114.307462 30.578595 0.0 352.0 352.0
2016-10-19 8:19:30 413827073 114.307472 30.578595 114.307472 30.578595 0.0 352.0 352.0
2016-10-19 8:24:37 413827073 114.30747 30.578605 114.307472 30.578595 0.0 352.0 352.0
2016-10-19 08:30:37 413827073 114.30742599022 30.5786032396088     
2016-10-19 8:31:26 413827073 114.30742 30.578603 114.30742 30.578603 0.0 352.0 352.0
2016-10-19 8:33:28 413827073 114.307467 30.578595 114.30742 30.578603 0.0 352.0 352.0
2016-10-19 8:36:46 413827073 114.30748 30.578592 114.307467 30.578595 0.0 352.0 352.0
2016-10-19 8:37:30 413827073 114.30748 30.578592 114.30748 30.578592 0.0 352.0 352.0
2016-10-19 8:39:25 413827073 114.307483 30.578623 114.30748 30.578592 0.0 352.0 352.0
2016-10-19 8:42:49 413827073 114.307448 30.578625 114.307483 30.578623 0.0 352.0 352.0
2016-10-19 8:43:17 413827073 114.307448 30.578625 114.307448 30.578625 0.0 352.0 352.0
2016-10-19 8:45:28 413827073 114.307455 30.57862 114.307448 30.578625 0.0 352.0 352.0
2016-10-19 8:48:41 413827073 114.30746 30.5786 114.307455 30.57862 0.0 352.0 352.0
2016-10-19 8:51:36 413827073 114.307478 30.5786 114.30746 30.5786 0.0 352.0 352.0
2016-10-19 8:54:45 413827073 114.307487 30.5786 114.307478 30.5786 0.0 352.0 352.0
2016-10-19 8:55:21 413827073 114.307487 30.5786 114.307487 30.5786 0.0 352.0 352.0
2016-10-19 8:57:44 413827073 114.30749 30.578597 114.307487 30.5786 0.0 352.0 352.0
2016-10-19 9:00:39 413827073 114.307498 30.57859 114.30749 30.578597 0.0 352.0 352.0
2016-10-19 9:01:40 413827073 114.307498 30.57859 114.307498 30.57859 0.0 352.0 352.0
2016-10-19 9:03:32 413827073 114.307478 30.578578 114.307498 30.57859 0.0 352.0 352.0
2016-10-19 9:06:35 413827073 114.3075 30.578592 114.307478 30.578578 0.0 352.0 352.0
2016-10-19 9:07:35 413827073 114.3075 30.578592 114.3075 30.578592 0.0 352.0 352.0
2016-10-19 9:09:47 413827073 114.307498 30.5786 114.3075 30.578592 0.0 352.0 352.0
2016-10-19 9:12:45 413827073 114.307492 30.578593 114.307498 30.5786 0.0 352.0 352.0
2016-10-19 9:13:45 413827073 114.307492 30.578593 114.307492 30.578593 0.0 352.0 352.0
2016-10-19 9:15:44 413827073 114.307463 30.578598 114.307492 30.578593 0.0 352.0 352.0
2016-10-19 9:18:49 413827073 114.307472 30.578578 114.307463 30.578598 0.0 352.0 352.0
2016-10-19 9:19:42 413827073 114.307472 30.578578 114.307472 30.578578 0.0 352.0 352.0
2016-10-19 9:21:30 413827073 114.307473 30.578595 114.307472 30.578578 0.0 352.0 352.0
2016-10-19 9:24:36 413827073 114.307448 30.578602 114.307473 30.578595 0.0 352.0 352.0
2016-10-19 9:25:32 413827073 114.307448 30.578602 114.307448 30.578602 0.0 352.0 352.0
2016-10-19 9:27:51 413827073 114.30746 30.578602 114.307448 30.578602 0.0 352.0 352.0
2016-10-19 9:30:59 413827073 114.307485 30.578612 114.30746 30.578602 0.0 352.0 352.0
2016-10-19 9:31:25 413827073 114.307485 30.578612 114.307485 30.578612 0.0 352.0 352.0
2016-10-19 9:33:35 413827073 114.307475 30.578603 114.307485 30.578612 0.0 352.0 352.0
2016-10-19 9:37:46 413827073 114.307475 30.578603 114.307475 30.578603 0.0 352.0 352.0
2016-10-19 09:43:46 413827073 114.3073890660823 30.57849825286581     
2016-10-19 09:49:46 413827073 114.3073031321645 30.57839350573163     
2016-10-19 09:55:46 413827073 114.3072171982468 30.57828875859744     
2016-10-19 10:01:46 413827073 114.3071312643291 30.57818401146325     
2016-10-19 10:07:46 413827073 114.3070453304113 30.57807926432906     
2016-10-19 10:13:46 413827073 114.3069593964936 30.57797451719487     
2016-10-19 10:19:46 413827073 114.3068734625759 30.57786977006069     
2016-10-19 10:25:46 413827073 114.3067875286581 30.5777650229265     
2016-10-19 10:27:12 413827073 114.306767 30.57774 114.306777 30.577768 0.0 0.0 0.0
2016-10-19 10:30:11 413827073 114.306757 30.577753 114.306767 30.57774 0.0 26.7 26.0
2016-10-19 10:32:52 413827073 114.306757 30.577753 114.306757 30.577753 0.0 26.7 26.0
2016-10-19 10:33:33 413827073 114.30679 30.577735 114.306757 30.577753 0.0 26.7 26.0
2016-10-19 10:36:18 413827073 114.306763 30.577728 114.30679 30.577735 0.0 26.7 26.0
2016-10-19 10:39:09 413827073 114.306763 30.577728 114.306763 30.577728 0.0 26.7 26.0
2016-10-19 10:42:33 413827073 114.30676 30.577713 114.306763 30.577728 0.0 26.7 26.0
2016-10-19 10:45:07 413827073 114.30676 30.577713 114.30676 30.577713 0.0 26.7 26.0
2016-10-19 10:48:36 413827073 114.306745 30.577718 114.30676 30.577713 0.0 26.7 26.0
2016-10-19 10:51:11 413827073 114.306745 30.577718 114.306745 30.577718 0.0 26.7 26.0
2016-10-19 10:54:26 413827073 114.306757 30.577703 114.306745 30.577718 0.0 26.7 26.0
2016-10-19 10:57:01 413827073 114.306757 30.577703 114.306757 30.577703 0.0 26.7 26.0
2016-10-19 11:00:58 413827073 114.306782 30.577675 114.306757 30.577703 0.0 26.7 26.0
2016-10-19 11:02:52 413827073 114.306782 30.577675 114.306782 30.577675 0.0 26.7 26.0
2016-10-19 11:03:17 413827073 114.306717 30.577663 114.306782 30.577675 0.0 26.7 26.0
2016-10-19 11:09:17 413827073 114.3067368223801 30.57765980284192     
2016-10-19 11:12:40 413827073 114.306748 30.577658 114.306753 30.57768 0.0 26.7 26.0
2016-10-19 11:15:08 413827073 114.306748 30.577658 114.306748 30.577658 0.0 26.7 26.0
2016-10-19 11:21:08 413827073 114.3067352340426 30.57768161702128     
2016-10-19 11:24:32 413827073 114.306728 30.577695 114.306735 30.577692 0.0 26.7 26.0
2016-10-19 11:27:16 413827073 114.306728 30.577695 114.306728 30.577695 0.0 26.7 26.0
2016-10-19 11:33:16 413827073 114.3067431048951 30.577695     
2016-10-19 11:36:48 413827073 114.306752 30.577695 114.306748 30.577698 0.0 26.7 26.0
2016-10-19 11:38:57 413827073 114.306752 30.577695 114.306752 30.577695 0.0 26.7 26.0
2016-10-19 11:39:28 413827073 114.30674 30.577717 114.306752 30.577695 0.0 26.7 26.0
2016-10-19 11:42:42 413827073 114.306732 30.577707 114.30674 30.577717 0.0 26.7 26.0
2016-10-19 11:45:08 413827073 114.306732 30.577707 114.306732 30.577707 0.0 26.7 26.0
2016-10-19 11:48:15 413827073 114.306753 30.577722 114.306732 30.577707 0.0 26.7 26.0
2016-10-19 11:51:25 413827073 114.306743 30.577707 114.306753 30.577722 0.0 26.7 26.0
2016-10-19 11:54:37 413827073 114.306735 30.577705 114.306743 30.577707 0.0 26.7 26.0
2016-10-19 11:57:11 413827073 114.306735 30.577705 114.306735 30.577705 0.0 26.7 26.0
2016-10-19 12:01:22 413827073 114.306777 30.577705 114.306735 30.577705 0.0 0.0 0.0
2016-10-19 12:07:22 413827073 114.3067715066124 30.57771085961343     
2016-10-19 12:13:22 413827073 114.3067660132248 30.57771671922686     
2016-10-19 12:19:22 413827073 114.3067605198372 30.57772257884028     
2016-10-19 12:25:22 413827073 114.3067550264497 30.57772843845371     
2016-10-19 12:31:22 413827073 114.3067495330621 30.57773429806714     
2016-10-19 12:34:08 413827073 114.306747 30.577737 114.306765 30.577718 0.0 90.5 90.0
2016-10-19 12:37:34 413827073 114.306732 30.577723 114.306747 30.577737 0.0 90.5 90.0
2016-10-19 12:40:08 413827073 114.30675 30.577735 114.306732 30.577723 0.0 90.5 90.0
2016-10-19 12:43:16 413827073 114.30675 30.577735 114.30675 30.577735 0.0 90.5 90.0
2016-10-19 12:46:18 413827073 114.306723 30.577685 114.30675 30.577735 0.0 90.5 90.0
2016-10-19 12:49:16 413827073 114.306723 30.577685 114.306723 30.577685 0.0 90.5 90.0
2016-10-19 12:52:19 413827073 114.30675 30.577712 114.306723 30.577685 0.0 90.5 90.0
2016-10-19 12:55:32 413827073 114.306743 30.577715 114.30675 30.577712 0.0 90.5 90.0
2016-10-19 13:01:32 413827073 114.3067579433962 30.57770820754717     
2016-10-19 13:04:22 413827073 114.306765 30.577705 114.306765 30.577708 0.0 90.5 90.0
2016-10-19 13:07:15 413827073 114.306757 30.577703 114.306765 30.577705 0.0 90.5 90.0
2016-10-19 13:10:21 413827073 114.306753 30.577708 114.306757 30.577703 0.0 90.5 90.0
2016-10-19 13:13:45 413827073 114.306735 30.577755 114.306753 30.577708 0.0 90.5 90.0
2016-10-19 13:16:14 413827073 114.306747 30.577703 114.306735 30.577755 0.0 90.5 90.0
2016-10-19 13:19:35 413827073 114.306747 30.577703 114.306747 30.577703 0.0 90.5 90.0
2016-10-19 13:22:13 413827073 114.30678 30.577707 114.306747 30.577703 0.0 90.5 90.0
2016-10-19 13:25:32 413827073 114.30677 30.577717 114.30678 30.577707 0.0 90.5 90.0
2016-10-19 13:31:32 413827073 114.3067535457064 30.5777110166205     
2016-10-19 13:37:32 413827073 114.3067370914127 30.577705033241     
2016-10-19 13:37:34 413827073 114.306737 30.577705 114.306742 30.577708 0.0 90.5 90.0
2016-10-19 13:40:44 413827073 114.306742 30.577722 114.306737 30.577705 0.0 90.5 90.0
2016-10-19 13:43:45 413827073 114.306708 30.577713 114.306742 30.577722 0.0 90.5 90.0
2016-10-19 13:46:27 413827073 114.30671 30.577708 114.306708 30.577713 0.0 90.5 90.0
2016-10-19 13:49:29 413827073 114.306722 30.577692 114.30671 30.577708 0.0 90.5 90.0
2016-10-19 13:52:19 413827073 114.306752 30.577712 114.306722 30.577692 0.0 90.5 90.0
2016-10-19 13:55:34 413827073 114.306748 30.577712 114.306752 30.577712 0.0 90.5 90.0
2016-10-19 13:58:18 413827073 114.306705 30.577682 114.306748 30.577712 0.0 90.5 90.0
2016-10-19 14:01:24 413827073 114.306725 30.577677 114.306705 30.577682 0.0 90.5 90.0
2016-10-19 14:04:21 413827073 114.306708 30.577685 114.306725 30.577677 0.0 90.5 90.0
2016-10-19 14:07:48 413827073 114.30673 30.577718 114.306708 30.577685 0.0 90.5 90.0
2016-10-19 14:10:43 413827073 114.306722 30.57771 114.30673 30.577718 0.0 90.5 90.0
2016-10-19 14:13:37 413827073 114.306725 30.577717 114.306722 30.57771 0.0 90.5 90.0
2016-10-19 14:16:20 413827073 114.306732 30.577713 114.306725 30.577717 0.0 90.5 90.0
2016-10-19 14:19:23 413827073 114.306742 30.577705 114.306732 30.577713 0.0 90.5 90.0
2016-10-19 14:22:23 413827073 114.306745 30.577732 114.306742 30.577705 0.0 90.5 90.0
2016-10-19 14:25:33 413827073 114.306748 30.577717 114.306745 30.577732 0.0 90.5 90.0
2016-10-19 14:28:28 413827073 114.306743 30.577707 114.306748 30.577717 0.0 90.5 90.0
2016-10-19 14:31:33 413827073 114.30674 30.577707 114.306743 30.577707 0.0 90.5 90.0
2016-10-19 14:34:23 413827073 114.306732 30.577717 114.30674 30.577707 0.0 90.5 90.0
2016-10-19 14:37:23 413827073 114.306765 30.577727 114.306732 30.577717 0.0 90.5 90.0
2016-10-19 14:40:26 413827073 114.306753 30.577725 114.306765 30.577727 0.0 90.5 90.0
2016-10-19 14:43:40 413827073 114.306753 30.57771 114.306753 30.577725 0.0 90.5 90.0
2016-10-19 14:46:42 413827073 114.306757 30.5777 114.306753 30.57771 0.0 90.5 90.0
2016-10-19 14:49:28 413827073 114.306753 30.577702 114.306757 30.5777 0.0 90.5 90.0
2016-10-19 14:52:41 413827073 114.30673 30.577693 114.306753 30.577702 0.0 90.5 90.0
2016-10-19 14:55:37 413827073 114.306727 30.5777 114.30673 30.577693 0.0 90.5 90.0
2016-10-19 14:58:27 413827073 114.306727 30.577713 114.306727 30.5777 0.0 90.5 90.0
2016-10-19 15:01:36 413827073 114.306737 30.577703 114.306727 30.577713 0.0 90.5 90.0
2016-10-19 15:04:35 413827073 114.306725 30.577717 114.306737 30.577703 0.0 90.5 90.0
2016-10-19 15:07:51 413827073 114.306737 30.577718 114.306725 30.577717 0.0 90.5 90.0
2016-10-19 15:10:40 413827073 114.306765 30.57772 114.306737 30.577718 0.0 90.5 90.0
2016-10-19 15:13:42 413827073 114.306767 30.577713 114.306765 30.57772 0.0 90.5 90.0
2016-10-19 15:16:49 413827073 114.306772 30.577733 114.306767 30.577713 0.0 90.5 90.0
2016-10-19 15:19:55 413827073 114.306775 30.577732 114.306772 30.577733 0.0 90.5 90.0
2016-10-19 15:22:39 413827073 114.306757 30.577748 114.306775 30.577732 0.0 90.5 90.0
2016-10-19 15:25:38 413827073 114.306735 30.577717 114.306757 30.577748 0.0 90.5 90.0
2016-10-19 15:28:34 413827073 114.306727 30.57773 114.306735 30.577717 0.0 90.5 90.0
2016-10-19 15:31:53 413827073 114.306742 30.577743 114.306727 30.57773 0.0 90.5 90.0
2016-10-19 15:34:42 413827073 114.306732 30.57773 114.306742 30.577743 0.0 90.5 90.0
2016-10-19 15:37:52 413827073 114.306742 30.577717 114.306732 30.57773 0.0 90.5 90.0
2016-10-19 15:43:52 413827073 114.30673578119 30.57769834357006     
2016-10-19 15:46:33 413827073 114.306733 30.57769 114.306742 30.577718 0.0 90.5 90.0
2016-10-19 15:49:31 413827073 114.306713 30.577693 114.306733 30.57769 0.0 90.5 90.0
2016-10-19 15:52:39 413827073 114.306705 30.577708 114.306713 30.577693 0.0 90.5 90.0
2016-10-19 15:55:39 413827073 114.306712 30.57771 114.306705 30.577708 0.0 90.5 90.0
2016-10-19 15:58:50 413827073 114.306728 30.577717 114.306712 30.57771 0.0 90.5 90.0
2016-10-19 16:02:02 413827073 114.306728 30.577717 114.306728 30.577717 0.0 90.5 90.0
2016-10-19 16:04:50 413827073 114.306723 30.577707 114.306728 30.577717 0.0 90.5 90.0
2016-10-19 16:07:31 413827073 114.306732 30.577702 114.306723 30.577707 0.0 90.5 90.0
2016-10-19 16:10:25 413827073 114.306722 30.577708 114.306732 30.577702 0.0 90.5 90.0
2016-10-19 16:13:35 413827073 114.306725 30.577733 114.306722 30.577708 0.0 90.5 90.0
2016-10-19 16:16:30 413827073 114.306708 30.577712 114.306725 30.577733 0.0 90.5 90.0
2016-10-19 16:19:52 413827073 114.306677 30.577715 114.306708 30.577712 0.0 90.5 90.0
2016-10-19 16:22:38 413827073 114.306738 30.577725 114.306677 30.577715 0.0 90.5 90.0
2016-10-19 16:25:55 413827073 114.306758 30.57775 114.306738 30.577725 0.0 90.5 90.0
2016-10-19 16:31:55 413827073 114.3066668 30.57771928     
2016-10-19 16:32:10 413827073 114.306663 30.577718 114.306663 30.577718 0.0 90.5 90.0
2016-10-19 16:34:31 413827073 114.306735 30.577702 114.306663 30.577718 0.0 90.5 90.0
2016-10-19 16:37:31 413827073 114.30673 30.577712 114.306735 30.577702 0.0 90.5 90.0
2016-10-19 16:40:43 413827073 114.30674 30.57771 114.30673 30.577712 0.0 90.5 90.0
2016-10-19 16:43:36 413827073 114.306722 30.577723 114.30674 30.57771 0.0 90.5 90.0
2016-10-19 16:46:49 413827073 114.306723 30.577748 114.306722 30.577723 0.0 90.5 90.0
2016-10-19 16:49:43 413827073 114.306768 30.577718 114.306723 30.577748 0.0 90.5 90.0
2016-10-19 16:52:59 413827073 114.306747 30.577717 114.306768 30.577718 0.0 90.5 90.0
2016-10-19 16:55:39 413827073 114.306737 30.577712 114.306747 30.577717 0.0 90.5 90.0
2016-10-19 16:58:44 413827073 114.306733 30.577725 114.306737 30.577712 0.0 90.5 90.0
2016-10-19 17:01:47 413827073 114.306727 30.577702 114.306733 30.577725 0.0 90.5 90.0
2016-10-19 17:04:45 413827073 114.306695 30.5777 114.306727 30.577702 0.0 90.5 90.0
2016-10-19 17:07:43 413827073 114.306705 30.577687 114.306695 30.5777 0.0 90.5 90.0
2016-10-19 17:10:47 413827073 114.306723 30.577698 114.306705 30.577687 0.0 90.5 90.0
2016-10-19 17:13:44 413827073 114.306727 30.577712 114.306723 30.577698 0.0 90.5 90.0
2016-10-19 17:16:39 413827073 114.306727 30.577703 114.306727 30.577712 0.0 90.5 90.0
2016-10-19 17:19:38 413827073 114.30674 30.577703 114.306727 30.577703 0.0 90.5 90.0
2016-10-19 17:22:55 413827073 114.306752 30.5777 114.30674 30.577703 0.0 90.5 90.0
2016-10-19 17:25:58 413827073 114.306758 30.577715 114.306752 30.5777 0.0 90.5 90.0
2016-10-19 17:28:42 413827073 114.306747 30.577713 114.306758 30.577715 0.0 90.5 90.0
2016-10-19 17:31:37 413827073 114.30677 30.577732 114.306747 30.577713 0.0 90.5 90.0
2016-10-19 17:34:47 413827073 114.306748 30.577732 114.30677 30.577732 0.0 90.5 90.0
2016-10-19 17:37:44 413827073 114.306732 30.577748 114.306748 30.577732 0.0 90.5 90.0
2016-10-19 17:43:44 413827073 114.306732 30.577748     
2016-10-19 17:46:55 413827073 114.306732 30.577748 114.306723 30.577745 0.0 90.5 90.0
2016-10-19 17:49:39 413827073 114.306737 30.577755 114.306732 30.577748 0.0 90.5 90.0
2016-10-19 17:52:33 413827073 114.306742 30.577745 114.306737 30.577755 0.0 90.5 90.0
2016-10-19 17:55:46 413827073 114.306735 30.577727 114.306742 30.577745 0.0 90.5 90.0
2016-10-19 17:58:43 413827073 114.306725 30.57769 114.306735 30.577727 0.0 90.5 90.0
2016-10-19 18:01:42 413827073 114.306737 30.577687 114.306725 30.57769 0.0 90.5 90.0
2016-10-19 18:04:45 413827073 114.306692 30.577672 114.306737 30.577687 0.0 90.5 90.0
2016-10-19 18:07:50 413827073 114.306728 30.57769 114.306692 30.577672 0.0 90.5 90.0
2016-10-19 18:10:46 413827073 114.306735 30.577675 114.306728 30.57769 0.0 90.5 90.0
2016-10-19 18:13:44 413827073 114.306738 30.577698 114.306735 30.577675 0.0 90.5 90.0
2016-10-19 18:16:47 413827073 114.306737 30.577697 114.306738 30.577698 0.0 90.5 90.0
2016-10-19 18:19:39 413827073 114.306708 30.577697 114.306737 30.577697 0.0 90.5 90.0
2016-10-19 18:22:52 413827073 114.306727 30.577703 114.306708 30.577697 0.0 90.5 90.0
2016-10-19 18:25:48 413827073 114.30671 30.577715 114.306727 30.577703 0.0 90.5 90.0
2016-10-19 18:28:40 413827073 114.306732 30.577705 114.30671 30.577715 0.0 90.5 90.0
2016-10-19 18:31:49 413827073 114.306713 30.57772 114.306732 30.577705 0.1 90.5 90.0
2016-10-19 18:34:43 413827073 114.306675 30.577703 114.306713 30.57772 0.0 90.5 90.0
2016-10-19 18:37:55 413827073 114.306663 30.577688 114.306675 30.577703 0.0 90.5 90.0
2016-10-19 18:40:51 413827073 114.306665 30.577668 114.306663 30.577688 0.0 90.5 90.0
2016-10-19 18:43:46 413827073 114.306705 30.577688 114.306665 30.577668 0.0 90.5 90.0
2016-10-19 18:46:50 413827073 114.30668 30.577682 114.306705 30.577688 0.0 90.5 90.0
2016-10-19 18:49:41 413827073 114.306693 30.577705 114.30668 30.577682 0.0 293.4 293.0
2016-10-19 18:49:59 413827073 114.306693 30.577705 114.306693 30.577705 0.0 293.4 293.0
2016-10-19 18:52:43 413827073 114.306715 30.577713 114.306693 30.577705 0.0 293.4 293.0
2016-10-19 18:55:47 413827073 114.306715 30.577713 114.306715 30.577713 0.0 293.4 293.0
2016-10-19 18:58:52 413827073 114.306665 30.577672 114.306715 30.577713 0.0 293.4 293.0
2016-10-19 19:01:42 413827073 114.306695 30.577673 114.306665 30.577672 0.0 293.4 293.0
2016-10-19 19:02:00 413827073 114.306695 30.577673 114.306695 30.577673 0.0 293.4 293.0
2016-10-19 19:04:58 413827073 114.306735 30.577695 114.306695 30.577673 0.0 293.4 293.0
2016-10-19 19:07:53 413827073 114.306735 30.5777 114.306735 30.577695 0.0 293.4 293.0
2016-10-19 19:10:49 413827073 114.30676 30.577693 114.306735 30.5777 0.0 293.4 293.0
2016-10-19 19:13:48 413827073 114.30676 30.5777 114.30676 30.577693 0.0 293.4 293.0
2016-10-19 19:16:47 413827073 114.306692 30.577695 114.30676 30.5777 0.0 293.4 293.0
2016-10-19 19:19:38 413827073 114.306687 30.577668 114.306692 30.577695 0.0 293.4 293.0
2016-10-19 19:20:03 413827073 114.306687 30.577668 114.306687 30.577668 0.0 293.4 293.0
2016-10-19 19:22:46 413827073 114.306712 30.57768 114.306687 30.577668 0.0 293.4 293.0
2016-10-19 19:25:53 413827073 114.306707 30.577692 114.306712 30.57768 0.0 293.4 293.0
2016-10-19 19:28:38 413827073 114.30669 30.577687 114.306707 30.577692 0.0 293.4 293.0
2016-10-19 19:31:53 413827073 114.306722 30.577705 114.30669 30.577687 0.0 293.4 293.0
2016-10-19 19:34:46 413827073 114.30672 30.577677 114.306722 30.577705 0.0 293.4 293.0
2016-10-19 19:37:54 413827073 114.306673 30.57766 114.30672 30.577677 0.0 293.4 293.0
2016-10-19 19:40:41 413827073 114.306713 30.57768 114.306673 30.57766 0.0 293.4 293.0
2016-10-19 19:43:40 413827073 114.306717 30.577655 114.306713 30.57768 0.0 293.4 293.0
2016-10-19 19:43:54 413827073 114.306717 30.577655 114.306717 30.577655 0.0 293.4 293.0
2016-10-19 19:46:47 413827073 114.306742 30.577702 114.306717 30.577655 0.0 293.4 293.0
2016-10-19 19:49:41 413827073 114.306748 30.577667 114.306742 30.577702 0.0 293.4 293.0
2016-10-19 19:49:56 413827073 114.306748 30.577667 114.306748 30.577667 0.0 293.4 293.0
2016-10-19 19:52:50 413827073 114.30674 30.577687 114.306748 30.577667 0.0 293.4 293.0
2016-10-19 19:55:53 413827073 114.306733 30.577688 114.30674 30.577687 0.0 293.4 293.0
2016-10-19 19:58:56 413827073 114.306753 30.577682 114.306733 30.577688 0.0 293.4 293.0
2016-10-19 20:01:47 413827073 114.30674 30.577693 114.306753 30.577682 0.0 293.4 293.0
2016-10-19 20:02:05 413827073 114.30674 30.577693 114.30674 30.577693 0.0 293.4 293.0
2016-10-19 20:04:59 413827073 114.306743 30.577685 114.30674 30.577693 0.0 293.4 293.0
2016-10-19 20:07:55 413827073 114.306738 30.577688 114.306743 30.577685 0.0 293.4 293.0
2016-10-19 20:10:50 413827073 114.306738 30.577703 114.306738 30.577688 0.0 293.4 293.0
2016-10-19 20:13:49 413827073 114.306738 30.577703 114.306738 30.577703 0.0 293.4 293.0
2016-10-19 20:14:05 413827073 114.306738 30.577703 114.306738 30.577703 0.0 293.4 293.0
2016-10-19 20:16:49 413827073 114.306743 30.57771 114.306738 30.577703 0.0 293.4 293.0
2016-10-19 20:19:46 413827073 114.30673 30.577688 114.306743 30.57771 0.0 293.4 293.0
2016-10-19 20:20:01 413827073 114.30673 30.577688 114.30673 30.577688 0.0 293.4 293.0
2016-10-19 20:22:56 413827073 114.30675 30.577707 114.30673 30.577688 0.0 293.4 293.0
2016-10-19 20:25:55 413827073 114.306742 30.577698 114.30675 30.577707 0.0 293.4 293.0
2016-10-19 20:29:02 413827073 114.306762 30.5777 114.306742 30.577698 0.0 163.5 163.0
2016-10-19 20:31:48 413827073 114.30674 30.577707 114.306762 30.5777 0.0 215.7 215.0
2016-10-19 20:32:04 413827073 114.30674 30.577707 114.30674 30.577707 0.0 215.7 215.0
2016-10-19 20:34:52 413827073 114.306758 30.57771 114.30674 30.577707 0.0 215.7 215.0
2016-10-19 20:37:57 413827073 114.306732 30.577723 114.306758 30.57771 0.0 215.7 215.0
2016-10-19 20:41:00 413827073 114.306723 30.57774 114.306732 30.577723 0.0 215.7 215.0
2016-10-19 20:43:50 413827073 114.30673 30.577708 114.306723 30.57774 0.0 215.7 215.0
2016-10-19 20:44:06 413827073 114.30673 30.577708 114.30673 30.577708 0.0 215.7 215.0
2016-10-19 20:46:49 413827073 114.306732 30.577707 114.30673 30.577708 0.0 215.7 215.0
2016-10-19 20:49:56 413827073 114.30673 30.577702 114.306732 30.577707 0.0 215.7 215.0
2016-10-19 20:52:59 413827073 114.306728 30.577703 114.30673 30.577702 0.0 215.7 215.0
2016-10-19 20:55:50 413827073 114.306693 30.577682 114.306728 30.577703 0.0 215.7 215.0
2016-10-19 20:56:10 413827073 114.306693 30.577682 114.306693 30.577682 0.0 215.7 215.0
2016-10-19 20:58:54 413827073 114.306708 30.577673 114.306693 30.577682 0.0 215.7 215.0
2016-10-19 21:01:58 413827073 114.306723 30.577697 114.306708 30.577673 0.0 215.7 215.0
2016-10-19 21:04:54 413827073 114.306703 30.577682 114.306723 30.577697 0.0 215.7 215.0
2016-10-19 21:08:00 413827073 114.306745 30.577688 114.306703 30.577682 0.0 215.7 215.0
2016-10-19 21:10:59 413827073 114.306733 30.57769 114.306745 30.577688 0.0 215.7 215.0
2016-10-19 21:13:56 413827073 114.306738 30.577687 114.306733 30.57769 0.0 215.7 215.0
2016-10-19 21:16:48 413827073 114.306722 30.577678 114.306738 30.577687 0.0 215.7 215.0
2016-10-19 21:19:51 413827073 114.306715 30.577672 114.306722 30.577678 0.0 215.7 215.0
2016-10-19 21:20:09 413827073 114.306715 30.577672 114.306715 30.577672 0.0 215.7 215.0
2016-10-19 21:22:46 413827073 114.306763 30.577703 114.306715 30.577672 0.0 215.7 215.0
2016-10-19 21:25:47 413827073 114.306742 30.577685 114.306763 30.577703 0.0 215.7 215.0
2016-10-19 21:26:19 413827073 114.306742 30.577685 114.306742 30.577685 0.0 215.7 215.0
2016-10-19 21:28:46 413827073 114.306762 30.577718 114.306742 30.577685 0.0 215.7 215.0
2016-10-19 21:31:54 413827073 114.306722 30.577672 114.306762 30.577718 0.0 215.7 215.0
2016-10-19 21:32:07 413827073 114.306722 30.577672 114.306722 30.577672 0.0 215.7 215.0
2016-10-19 21:34:53 413827073 114.306772 30.57767 114.306722 30.577672 0.0 215.7 215.0
2016-10-19 21:38:02 413827073 114.306777 30.577697 114.306772 30.57767 0.0 215.7 215.0
2016-10-19 21:40:53 413827073 114.30677 30.577697 114.306777 30.577697 0.0 215.7 215.0
2016-10-19 21:43:57 413827073 114.30677 30.577693 114.30677 30.577697 0.0 215.7 215.0
2016-10-19 21:47:03 413827073 114.306757 30.577692 114.30677 30.577693 0.0 215.7 215.0
2016-10-19 21:50:08 413827073 114.306763 30.577707 114.306757 30.577692 0.0 215.7 215.0
2016-10-19 21:52:51 413827073 114.306782 30.577698 114.306763 30.577707 0.0 215.7 215.0
2016-10-19 21:55:50 413827073 114.306787 30.577697 114.306782 30.577698 0.0 215.7 215.0
2016-10-19 21:56:04 413827073 114.306787 30.577697 114.306787 30.577697 0.0 215.7 215.0
2016-10-19 21:58:47 413827073 114.3068 30.577695 114.306787 30.577697 0.0 215.7 215.0
2016-10-19 22:01:56 413827073 114.306792 30.5777 114.3068 30.577695 0.0 215.7 215.0
2016-10-19 22:02:14 413827073 114.306792 30.5777 114.306792 30.5777 0.0 215.7 215.0
2016-10-19 22:04:55 413827073 114.30676 30.577713 114.306792 30.5777 0.0 215.7 215.0
2016-10-19 22:07:54 413827073 114.306782 30.577702 114.30676 30.577713 0.0 215.7 215.0
2016-10-19 22:08:09 413827073 114.306782 30.577702 114.306782 30.577702 0.0 215.7 215.0
2016-10-19 22:10:55 413827073 114.306792 30.577693 114.306782 30.577702 0.0 272.7 272.0
2016-10-19 22:13:50 413827073 114.306795 30.577688 114.306792 30.577693 0.0 272.7 272.0
2016-10-19 22:14:19 413827073 114.306795 30.577688 114.306795 30.577688 0.0 272.7 272.0
2016-10-19 22:16:59 413827073 114.306768 30.577703 114.306795 30.577688 0.0 272.7 272.0
2016-10-19 22:19:51 413827073 114.30675 30.57771 114.306768 30.577703 0.0 272.7 272.0
2016-10-19 22:20:19 413827073 114.30675 30.57771 114.30675 30.57771 0.0 272.7 272.0
2016-10-19 22:22:54 413827073 114.306763 30.577687 114.30675 30.57771 0.0 272.7 272.0
2016-10-19 22:25:59 413827073 114.306752 30.577708 114.306763 30.577687 0.0 272.7 272.0
2016-10-19 22:26:17 413827073 114.306752 30.577708 114.306752 30.577708 0.0 272.7 272.0
2016-10-19 22:28:55 413827073 114.306757 30.577703 114.306752 30.577708 0.0 272.7 272.0
2016-10-19 22:32:02 413827073 114.30677 30.5777 114.306757 30.577703 0.0 272.7 272.0
2016-10-19 22:34:56 413827073 114.306747 30.577707 114.30677 30.5777 0.0 272.7 272.0
2016-10-19 22:37:54 413827073 114.306752 30.577715 114.306747 30.577707 0.0 272.7 272.0
2016-10-19 22:38:32 413827073 114.306752 30.577715 114.306752 30.577715 0.0 272.7 272.0
2016-10-19 22:40:56 413827073 114.306757 30.577712 114.306752 30.577715 0.0 272.7 272.0
2016-10-19 22:43:58 413827073 114.306737 30.57769 114.306757 30.577712 0.0 256.5 256.0
2016-10-19 22:44:12 413827073 114.306737 30.57769 114.306737 30.57769 0.0 256.5 256.0
2016-10-19 22:46:57 413827073 114.30676 30.577683 114.306737 30.57769 0.0 256.5 256.0
2016-10-19 22:49:52 413827073 114.306758 30.577687 114.30676 30.577683 0.0 230.9 230.0
2016-10-19 22:50:22 413827073 114.306758 30.577687 114.306758 30.577687 0.0 230.9 230.0
2016-10-19 22:52:57 413827073 114.30674 30.577678 114.306758 30.577687 0.0 230.9 230.0
2016-10-19 22:56:04 413827073 114.306768 30.577687 114.30674 30.577678 0.0 230.9 230.0
2016-10-19 22:58:47 413827073 114.306762 30.57768 114.306768 30.577687 0.0 230.9 230.0
2016-10-19 23:02:01 413827073 114.306797 30.57769 114.306762 30.57768 0.0 230.9 230.0
2016-10-19 23:04:58 413827073 114.306748 30.577695 114.306797 30.57769 0.0 230.9 230.0
2016-10-19 23:07:57 413827073 114.30676 30.577715 114.306748 30.577695 0.0 230.9 230.0
2016-10-19 23:08:09 413827073 114.30676 30.577715 114.30676 30.577715 0.0 230.9 230.0
2016-10-19 23:10:58 413827073 114.30676 30.577722 114.30676 30.577715 0.0 230.9 230.0
2016-10-19 23:13:59 413827073 114.306735 30.577707 114.30676 30.577722 0.0 230.9 230.0
2016-10-19 23:14:15 413827073 114.306735 30.577707 114.306735 30.577707 0.0 230.9 230.0
2016-10-19 23:16:54 413827073 114.306745 30.577713 114.306735 30.577707 0.0 230.9 230.0
2016-10-19 23:19:59 413827073 114.30675 30.57772 114.306745 30.577713 0.0 230.9 230.0
2016-10-19 23:20:18 413827073 114.30675 30.57772 114.30675 30.57772 0.0 230.9 230.0
2016-10-19 23:23:00 413827073 114.306752 30.577705 114.30675 30.57772 0.0 230.9 230.0
2016-10-19 23:25:57 413827073 114.306758 30.577715 114.306752 30.577705 0.0 230.9 230.0
2016-10-19 23:26:12 413827073 114.306758 30.577715 114.306758 30.577715 0.0 230.9 230.0
2016-10-19 23:29:00 413827073 114.30674 30.577713 114.306758 30.577715 0.0 230.9 230.0
2016-10-19 23:32:03 413827073 114.30674 30.57771 114.30674 30.577713 0.0 230.9 230.0
2016-10-19 23:32:23 413827073 114.30674 30.57771 114.30674 30.57771 0.0 230.9 230.0
2016-10-19 23:34:55 413827073 114.306747 30.57772 114.30674 30.57771 0.0 230.9 230.0
2016-10-19 23:37:57 413827073 114.306753 30.577727 114.306747 30.57772 0.0 230.9 230.0
2016-10-19 23:38:15 413827073 114.306753 30.577727 114.306753 30.577727 0.0 230.9 230.0
2016-10-19 23:41:07 413827073 114.306745 30.577725 114.306753 30.577727 0.0 230.9 230.0
2016-10-19 23:44:01 413827073 114.306775 30.57771 114.306745 30.577725 0.0 230.9 230.0
2016-10-19 23:44:16 413827073 114.306775 30.57771 114.306775 30.57771 0.0 230.9 230.0
2016-10-19 23:47:05 413827073 114.306745 30.577715 114.306775 30.57771 0.0 230.9 230.0
2016-10-19 23:49:57 413827073 114.306747 30.577718 114.306745 30.577715 0.0 230.9 230.0
2016-10-19 23:50:11 413827073 114.306747 30.577718 114.306747 30.577718 0.0 230.9 230.0
2016-10-19 23:53:03 413827073 114.30676 30.577692 114.306747 30.577718 0.0 230.9 230.0
2016-10-19 23:56:00 413827073 114.306748 30.577698 114.30676 30.577692 0.0 230.9 230.0
2016-10-19 23:56:15 413827073 114.306748 30.577698 114.306748 30.577698 0.0 230.9 230.0
2016-10-19 23:59:10 413827073 114.30676 30.577687 114.306748 30.577698 0.0 230.9 230.0
