2016-10-17 0:01:01 413861494 114.582827 30.584643 114.582827 30.584643 0.0 0.0 1.0
2016-10-17 0:04:00 413861494 114.582813 30.584617 114.582827 30.584643 0.0 0.0 1.0
2016-10-17 0:05:59 413861494 114.582813 30.584617 114.582813 30.584617 0.0 0.0 1.0
2016-10-17 0:06:57 413861494 114.58284 30.584617 114.582813 30.584617 0.0 0.0 1.0
2016-10-17 00:12:57 413861494 114.5828133480663 30.58462495580111     
2016-10-17 00:18:57 413861494 114.5827866961326 30.58463291160221     
2016-10-17 0:22:02 413861494 114.582773 30.584637 114.582787 30.584653 0.0 0.0 1.0
2016-10-17 0:23:54 413861494 114.582773 30.584637 114.582773 30.584637 0.0 0.0 1.0
2016-10-17 0:25:08 413861494 114.582773 30.584637 114.582773 30.584637 0.0 0.0 1.0
2016-10-17 0:28:00 413861494 114.5828 30.584643 114.582773 30.584637 0.0 0.0 1.0
2016-10-17 0:30:04 413861494 114.5828 30.584643 114.5828 30.584643 0.0 0.0 1.0
2016-10-17 0:30:55 413861494 114.582827 30.584653 114.5828 30.584643 0.0 0.0 1.0
2016-10-17 0:33:54 413861494 114.58284 30.584653 114.582827 30.584653 0.0 0.0 1.0
2016-10-17 0:35:48 413861494 114.58284 30.584653 114.58284 30.584653 0.0 0.0 1.0
2016-10-17 0:37:02 413861494 114.58284 30.584653 114.58284 30.584653 0.0 0.0 1.0
2016-10-17 00:43:02 413861494 114.58284 30.58463254545455     
2016-10-17 0:45:50 413861494 114.58284 30.584623 114.582813 30.584597 0.0 0.0 1.0
2016-10-17 0:48:05 413861494 114.58284 30.584623 114.58284 30.584623 0.0 0.0 1.0
2016-10-17 0:48:57 413861494 114.582827 30.584617 114.58284 30.584623 0.0 0.0 1.0
2016-10-17 0:51:58 413861494 114.582813 30.58462 114.582827 30.584617 0.0 0.0 1.0
2016-10-17 0:53:59 413861494 114.582813 30.58462 114.582813 30.58462 0.0 0.0 1.0
2016-10-17 0:54:58 413861494 114.582773 30.584587 114.582813 30.58462 0.0 0.0 1.0
2016-10-17 1:00:07 413861494 114.582773 30.584587 114.582773 30.584587 0.0 0.0 1.0
2016-10-17 1:00:55 413861494 114.582813 30.584627 114.582773 30.584587 0.0 0.0 1.0
2016-10-17 01:06:55 413861494 114.5828160825688 30.58462479816514     
2016-10-17 01:12:55 413861494 114.5828191651376 30.58462259633028     
2016-10-17 01:18:55 413861494 114.5828222477064 30.58462039449541     
2016-10-17 01:24:55 413861494 114.5828253302752 30.58461819266055     
2016-10-17 1:28:10 413861494 114.582827 30.584617 114.582787 30.584617 0.0 0.0 1.0
2016-10-17 1:29:51 413861494 114.582827 30.584617 114.582827 30.584617 0.0 0.0 1.0
2016-10-17 01:35:51 413861494 114.5828186694215 30.58463068595042     
2016-10-17 1:39:56 413861494 114.582813 30.58464 114.5828 30.584643 0.0 0.0 1.0
2016-10-17 1:42:05 413861494 114.582813 30.58464 114.582813 30.58464 0.0 0.0 1.0
2016-10-17 1:42:57 413861494 114.582813 30.58464 114.582813 30.58464 0.0 0.0 1.0
2016-10-17 01:48:57 413861494 114.5828083937008 30.58463893700787     
2016-10-17 01:54:57 413861494 114.5828037874016 30.58463787401575     
2016-10-17 1:59:53 413861494 114.5828 30.584637 114.5828 30.584637 0.0 0.0 1.0
2016-10-17 2:00:59 413861494 114.582747 30.584607 114.5828 30.584637 0.0 0.0 1.0
2016-10-17 02:06:59 413861494 114.5827659098117 30.5846091407334     
2016-10-17 02:12:59 413861494 114.5827848196234 30.5846112814668     
2016-10-17 2:17:48 413861494 114.5828 30.584613 114.5828 30.584613 0.0 0.0 1.0
2016-10-17 2:18:56 413861494 114.5828 30.584613 114.5828 30.584613 0.0 0.0 1.0
2016-10-17 2:20:08 413861494 114.582827 30.584603 114.5828 30.584613 0.0 0.0 1.0
2016-10-17 2:24:06 413861494 114.582827 30.584603 114.582827 30.584603 0.0 0.0 1.0
2016-10-17 02:30:06 413861494 114.5828318953975 30.58460827196653     
2016-10-17 02:36:06 413861494 114.582836790795 30.58461354393306     
2016-10-17 2:40:02 413861494 114.58284 30.584617 114.582813 30.584623 0.0 0.0 1.0
2016-10-17 2:42:03 413861494 114.58284 30.584617 114.58284 30.584617 0.0 0.0 1.0
2016-10-17 2:42:57 413861494 114.58284 30.584617 114.58284 30.584617 0.0 0.0 1.0
2016-10-17 2:46:04 413861494 114.582813 30.584633 114.58284 30.584617 0.0 0.0 1.0
2016-10-17 2:47:58 413861494 114.582813 30.584633 114.582813 30.584633 0.0 0.0 1.0
2016-10-17 2:48:59 413861494 114.582813 30.584633 114.582813 30.584633 0.0 0.0 1.0
2016-10-17 02:54:59 413861494 114.5828041275416 30.58462634565619     
2016-10-17 03:00:59 413861494 114.5827952550832 30.58461969131239     
2016-10-17 03:06:59 413861494 114.5827863826248 30.58461303696858     
2016-10-17 03:12:59 413861494 114.5827775101664 30.58460638262477     
2016-10-17 3:16:02 413861494 114.582773 30.584603 114.582827 30.58462 0.0 0.0 1.0
2016-10-17 3:19:06 413861494 114.582773 30.584603 114.582773 30.584603 0.0 0.0 1.0
2016-10-17 03:25:06 413861494 114.582787159292 30.58461361946903     
2016-10-17 03:31:06 413861494 114.5828013185841 30.58462423893805     
2016-10-17 3:36:03 413861494 114.582813 30.584633 114.582813 30.584633 0.0 0.0 1.0
2016-10-17 03:42:03 413861494 114.582813 30.58461061658031     
2016-10-17 03:48:03 413861494 114.582813 30.58458823316062     
2016-10-17 3:52:08 413861494 114.582813 30.584573 114.582827 30.5846 0.0 0.0 1.0
2016-10-17 3:53:51 413861494 114.582813 30.584573 114.582813 30.584573 0.0 0.0 1.0
2016-10-17 3:55:11 413861494 114.5828 30.58459 114.582813 30.584573 0.0 0.0 1.0
2016-10-17 3:58:12 413861494 114.582813 30.584597 114.5828 30.58459 0.0 0.0 1.0
2016-10-17 4:00:00 413861494 114.582813 30.584597 114.582813 30.584597 0.0 0.0 1.0
2016-10-17 4:00:53 413861494 114.582813 30.584597 114.582813 30.584597 0.0 0.0 1.0
2016-10-17 04:06:53 413861494 114.5828027029703 30.5846072970297     
2016-10-17 04:12:53 413861494 114.5827924059406 30.58461759405941     
2016-10-17 4:16:02 413861494 114.582787 30.584623 114.5828 30.584627 0.0 0.0 1.0
2016-10-17 4:17:57 413861494 114.582787 30.584623 114.582787 30.584623 0.0 0.0 1.0
2016-10-17 4:18:53 413861494 114.582787 30.584623 114.582787 30.584623 0.0 0.0 1.0
2016-10-17 04:24:53 413861494 114.5827957965791 30.58462234025657     
2016-10-17 04:30:53 413861494 114.5828045931582 30.58462168051313     
2016-10-17 04:36:53 413861494 114.5828133897373 30.5846210207697     
2016-10-17 04:42:53 413861494 114.5828221863164 30.58462036102627     
2016-10-17 4:46:10 413861494 114.582827 30.58462 114.582813 30.584623 0.0 0.0 1.0
2016-10-17 4:48:03 413861494 114.582827 30.58462 114.582827 30.58462 0.0 0.0 1.0
2016-10-17 4:48:59 413861494 114.582827 30.58462 114.582827 30.58462 0.0 0.0 1.0
2016-10-17 4:52:08 413861494 114.582787 30.584627 114.582827 30.58462 0.0 0.0 1.0
2016-10-17 4:53:58 413861494 114.582787 30.584627 114.582787 30.584627 0.0 0.0 1.0
2016-10-17 4:54:54 413861494 114.582787 30.584627 114.582787 30.584627 0.0 0.0 1.0
2016-10-17 4:58:10 413861494 114.582787 30.584627 114.582787 30.584627 0.0 0.0 1.0
2016-10-17 4:59:52 413861494 114.582787 30.584627 114.582787 30.584627 0.0 0.0 1.0
2016-10-17 5:01:09 413861494 114.582787 30.584633 114.582787 30.584627 0.0 0.0 1.0
2016-10-17 5:06:09 413861494 114.582787 30.584633 114.582787 30.584633 0.0 0.0 1.0
2016-10-17 5:07:08 413861494 114.5828 30.58462 114.582787 30.584633 0.0 0.0 1.0
2016-10-17 05:13:08 413861494 114.5827889901904 30.58462353144836     
2016-10-17 05:19:08 413861494 114.5827779803808 30.58462706289671     
2016-10-17 05:25:08 413861494 114.5827669705713 30.58463059434507     
2016-10-17 05:31:08 413861494 114.5827559607617 30.58463412579342     
2016-10-17 5:36:01 413861494 114.582747 30.584637 114.582747 30.584637 0.0 0.0 1.0
2016-10-17 5:37:03 413861494 114.58276 30.584617 114.582747 30.584637 0.0 0.0 1.0
2016-10-17 5:41:50 413861494 114.58276 30.584617 114.58276 30.584617 0.0 0.0 1.0
2016-10-17 5:43:06 413861494 114.58276 30.584617 114.58276 30.584617 0.0 0.0 1.0
2016-10-17 5:46:17 413861494 114.5828 30.584593 114.58276 30.584617 0.0 0.0 1.0
2016-10-17 5:49:08 413861494 114.582813 30.584617 114.5828 30.584593 0.0 0.0 1.0
2016-10-17 5:52:13 413861494 114.582827 30.584623 114.582813 30.584617 0.0 0.0 1.0
2016-10-17 5:54:01 413861494 114.582827 30.584623 114.582827 30.584623 0.0 0.0 1.0
2016-10-17 5:55:05 413861494 114.582827 30.584603 114.582827 30.584623 0.0 0.0 1.0
2016-10-17 06:01:05 413861494 114.5828194550898 30.58461216167665     
2016-10-17 6:06:13 413861494 114.582813 30.58462 114.582813 30.58462 0.0 0.0 1.0
2016-10-17 6:07:11 413861494 114.582787 30.584603 114.582813 30.58462 0.0 0.0 1.0
2016-10-17 6:10:03 413861494 114.582787 30.584617 114.582787 30.584603 0.0 0.0 1.0
2016-10-17 6:12:00 413861494 114.582787 30.584617 114.582787 30.584617 0.0 0.0 1.0
2016-10-17 6:13:02 413861494 114.582787 30.584617 114.582787 30.584617 0.0 0.0 1.0
2016-10-17 06:19:02 413861494 114.582787 30.584617     
2016-10-17 06:25:02 413861494 114.582787 30.584617     
2016-10-17 06:31:02 413861494 114.582787 30.584617     
2016-10-17 6:34:23 413861494 114.582787 30.584617 114.582813 30.584613 0.0 0.0 1.0
2016-10-17 6:36:20 413861494 114.582787 30.584617 114.582787 30.584617 0.0 0.0 1.0
2016-10-17 6:37:05 413861494 114.582787 30.584617 114.582787 30.584617 0.0 0.0 1.0
2016-10-17 06:43:05 413861494 114.5827945295975 30.58461927308603     
2016-10-17 06:49:05 413861494 114.5828020591949 30.58462154617206     
2016-10-17 06:55:05 413861494 114.5828095887924 30.58462381925809     
2016-10-17 07:01:05 413861494 114.5828171183899 30.58462609234412     
2016-10-17 07:07:05 413861494 114.5828246479874 30.58462836543015     
2016-10-17 07:13:05 413861494 114.5828321775848 30.58463063851618     
2016-10-17 07:19:05 413861494 114.5828397071823 30.58463291160221     
2016-10-17 7:19:19 413861494 114.58284 30.584633 114.58284 30.584633 0.0 0.0 1.0
2016-10-17 07:25:19 413861494 114.5828251376147 30.58463685321101     
2016-10-17 7:30:13 413861494 114.582813 30.58464 114.582813 30.58464 0.0 0.0 1.0
2016-10-17 7:31:15 413861494 114.582813 30.58464 114.582813 30.58464 0.0 0.0 1.0
2016-10-17 7:34:26 413861494 114.582827 30.58462 114.582813 30.58464 0.0 0.0 1.0
2016-10-17 7:36:10 413861494 114.582827 30.58462 114.582827 30.58462 0.0 0.0 1.0
2016-10-17 7:37:08 413861494 114.582827 30.584627 114.582827 30.58462 0.0 0.0 1.0
2016-10-17 07:43:08 413861494 114.5828113307943 30.58461368117519     
2016-10-17 07:49:08 413861494 114.5827956615887 30.58460036235038     
2016-10-17 7:52:27 413861494 114.582787 30.584593 114.582787 30.584583 0.0 0.0 1.0
2016-10-17 7:55:14 413861494 114.582787 30.584593 114.582787 30.584593 0.0 0.0 1.0
2016-10-17 7:58:18 413861494 114.5828 30.584593 114.582787 30.584593 0.0 0.0 1.0
2016-10-17 8:01:06 413861494 114.5828 30.584593 114.5828 30.584593 0.0 0.0 1.0
2016-10-17 8:06:12 413861494 114.5828 30.584593 114.5828 30.584593 0.0 0.0 1.0
2016-10-17 08:12:12 413861494 114.5827527785614 30.58462346544429     
2016-10-17 8:18:01 413861494 114.582707 30.584653 114.582707 30.584653 0.1 0.0 1.0
2016-10-17 8:19:29 413861494 114.582707 30.584653 114.582707 30.584653 0.1 0.0 1.0
2016-10-17 8:24:18 413861494 114.582707 30.584653 114.582707 30.584653 0.1 0.0 1.0
2016-10-17 8:25:18 413861494 114.582813 30.584677 114.582707 30.584653 0.1 0.0 1.0
2016-10-17 8:30:23 413861494 114.582813 30.584677 114.582813 30.584677 0.1 0.0 1.0
2016-10-17 8:31:18 413861494 114.582813 30.584677 114.582813 30.584677 0.1 0.0 1.0
2016-10-17 8:34:30 413861494 114.58292 30.584733 114.582813 30.584677 0.0 0.0 1.0
2016-10-17 8:37:02 413861494 114.58292 30.584733 114.58292 30.584733 0.0 0.0 1.0
2016-10-17 08:43:02 413861494 114.5828953635586 30.58470651582549     
2016-10-17 08:49:02 413861494 114.5828707271172 30.58468003165098     
2016-10-17 08:55:02 413861494 114.5828460906758 30.58465354747647     
2016-10-17 8:56:31 413861494 114.58284 30.584647 114.58292 30.584733 0.0 0.0 1.0
2016-10-17 09:02:31 413861494 114.582826073501 30.58463864410058     
2016-10-17 09:08:31 413861494 114.5828121470019 30.58463028820116     
2016-10-17 9:13:45 413861494 114.5828 30.584623 114.58284 30.584647 0.0 0.0 1.0
2016-10-17 9:18:28 413861494 114.5828 30.584623 114.5828 30.584623 0.0 0.0 1.0
2016-10-17 9:19:21 413861494 114.5828 30.584623 114.5828 30.584623 0.0 0.0 1.0
2016-10-17 9:24:04 413861494 114.5828 30.584623 114.5828 30.584623 0.0 0.0 1.0
2016-10-17 9:25:21 413861494 114.58284 30.584633 114.5828 30.584623 0.0 0.0 1.0
2016-10-17 9:28:14 413861494 114.582827 30.58464 114.58284 30.584633 0.0 0.0 1.0
2016-10-17 9:29:59 413861494 114.582827 30.58464 114.582827 30.58464 0.0 0.0 1.0
2016-10-17 9:31:15 413861494 114.582827 30.58464 114.582827 30.58464 0.0 0.0 1.0
2016-10-17 09:37:15 413861494 114.5828176319703 30.58462460966543     
2016-10-17 9:40:13 413861494 114.582813 30.584617 114.582813 30.584617 0.0 0.0 1.0
2016-10-17 9:41:57 413861494 114.582813 30.584617 114.582813 30.584617 0.0 0.0 1.0
2016-10-17 9:46:15 413861494 114.582813 30.58461 114.582813 30.584617 0.0 0.0 1.0
2016-10-17 9:47:55 413861494 114.582813 30.58461 114.582813 30.58461 0.0 0.0 1.0
2016-10-17 9:49:12 413861494 114.582813 30.58461 114.582813 30.58461 0.0 0.0 1.0
2016-10-17 09:55:12 413861494 114.5828215350319 30.5846147133758     
2016-10-17 10:01:12 413861494 114.5828300700637 30.58461942675159     
2016-10-17 10:07:12 413861494 114.5828386050955 30.58462414012739     
2016-10-17 10:13:12 413861494 114.5828471401274 30.58462885350319     
2016-10-17 10:19:12 413861494 114.5828556751592 30.58463356687898     
2016-10-17 10:25:12 413861494 114.5828642101911 30.58463828025478     
2016-10-17 10:31:12 413861494 114.5828727452229 30.58464299363057     
2016-10-17 10:36:18 413861494 114.58288 30.584647 114.58288 30.584647 0.0 0.0 1.0
2016-10-17 10:37:09 413861494 114.582893 30.58463 114.58288 30.584647 0.0 0.0 1.0
2016-10-17 10:40:05 413861494 114.582893 30.584647 114.582893 30.58463 0.0 0.0 1.0
2016-10-17 10:41:57 413861494 114.582893 30.584647 114.582893 30.584647 0.0 0.0 1.0
2016-10-17 10:43:12 413861494 114.582907 30.584657 114.582893 30.584647 0.0 0.0 1.0
2016-10-17 10:49:12 413861494 114.5828975440901 30.58463200938087     
2016-10-17 10:52:05 413861494 114.582893 30.58462 114.58292 30.584643 0.0 0.0 1.0
2016-10-17 10:54:11 413861494 114.582893 30.58462 114.582893 30.58462 0.0 0.0 1.0
2016-10-17 10:55:06 413861494 114.58292 30.58462 114.582893 30.58462 0.0 0.0 1.0
2016-10-17 11:01:06 413861494 114.5829154064272 30.58462799621928     
2016-10-17 11:07:06 413861494 114.5829108128544 30.58463599243856     
2016-10-17 11:13:06 413861494 114.5829062192817 30.58464398865785     
2016-10-17 11:19:06 413861494 114.5829016257089 30.58465198487713     
2016-10-17 11:25:06 413861494 114.5828970321361 30.58465998109641     
2016-10-17 11:30:22 413861494 114.582893 30.584667 114.582893 30.584667 0.0 0.0 1.0
2016-10-17 11:31:13 413861494 114.582893 30.584643 114.582893 30.584667 0.0 0.0 1.0
2016-10-17 11:37:13 413861494 114.5828878627881 30.58463904829857     
2016-10-17 11:43:13 413861494 114.5828827255763 30.58463509659715     
2016-10-17 11:46:24 413861494 114.58288 30.584633 114.582893 30.584627 0.0 0.0 1.0
2016-10-17 11:47:57 413861494 114.58288 30.584633 114.58288 30.584633 0.0 0.0 1.0
2016-10-17 11:49:06 413861494 114.582893 30.58461 114.58288 30.584633 0.0 0.0 1.0
2016-10-17 11:54:08 413861494 114.582893 30.58461 114.582893 30.58461 0.0 0.0 1.0
2016-10-17 12:00:08 413861494 114.5828967837838 30.58462     
2016-10-17 12:06:08 413861494 114.5829005675676 30.58463     
2016-10-17 12:12:08 413861494 114.5829043513514 30.58464     
2016-10-17 12:16:20 413861494 114.582907 30.584647 114.58292 30.584647 0.0 0.0 1.0
2016-10-17 12:22:20 413861494 114.582907 30.58465131654676     
2016-10-17 12:28:20 413861494 114.582907 30.58465563309353     
2016-10-17 12:30:14 413861494 114.582907 30.584657 114.582907 30.584657 0.0 0.0 1.0
2016-10-17 12:31:04 413861494 114.582907 30.584657 114.582907 30.584657 0.0 0.0 1.0
2016-10-17 12:36:18 413861494 114.582893 30.58465 114.582907 30.584657 0.0 0.0 1.0
2016-10-17 12:37:16 413861494 114.582907 30.58467 114.582893 30.58465 0.0 0.0 1.0
2016-10-17 12:42:02 413861494 114.582907 30.58467 114.582907 30.58467 0.0 0.0 1.0
2016-10-17 12:43:07 413861494 114.58288 30.584653 114.582907 30.58467 0.0 0.0 1.0
2016-10-17 12:46:17 413861494 114.58288 30.584647 114.58288 30.584653 0.0 0.0 1.0
2016-10-17 12:48:13 413861494 114.58288 30.584647 114.58288 30.584647 0.0 0.0 1.0
2016-10-17 12:49:06 413861494 114.58288 30.584647 114.58288 30.584647 0.0 0.0 1.0
2016-10-17 12:55:06 413861494 114.5828871559633 30.58463929357798     
2016-10-17 13:00:00 413861494 114.582893 30.584633 114.582893 30.584633 0.0 0.0 1.0
2016-10-17 13:01:00 413861494 114.582893 30.584633 114.582893 30.584633 0.0 0.0 1.0
2016-10-17 13:04:26 413861494 114.582907 30.584663 114.582893 30.584633 0.0 0.0 1.0
2016-10-17 13:06:10 413861494 114.582907 30.584663 114.582907 30.584663 0.0 0.0 1.0
2016-10-17 13:06:59 413861494 114.582907 30.584663 114.582907 30.584663 0.0 0.0 1.0
2016-10-17 13:12:59 413861494 114.5828994437781 30.58468135082459     
2016-10-17 13:18:06 413861494 114.582893 30.584697 114.582893 30.584697 0.0 0.0 1.0
2016-10-17 13:19:05 413861494 114.582893 30.584697 114.582893 30.584697 0.0 0.0 1.0
2016-10-17 13:25:05 413861494 114.5829037581627 30.58469221859436     
2016-10-17 13:31:05 413861494 114.5829145163254 30.58468743718871     
2016-10-17 13:37:05 413861494 114.5829252744881 30.58468265578307     
2016-10-17 13:43:05 413861494 114.5829360326508 30.58467787437742     
2016-10-17 13:49:05 413861494 114.5829467908135 30.58467309297178     
2016-10-17 13:49:12 413861494 114.582947 30.584673 114.582907 30.584667 0.0 0.0 1.0
2016-10-17 13:54:09 413861494 114.582947 30.584673 114.582947 30.584673 0.0 0.0 1.0
2016-10-17 13:55:06 413861494 114.582933 30.58469 114.582947 30.584673 0.0 0.0 1.0
2016-10-17 13:58:23 413861494 114.58292 30.5847 114.582933 30.58469 0.0 0.0 1.0
2016-10-17 14:01:13 413861494 114.58292 30.5847 114.58292 30.5847 0.0 0.0 1.0
2016-10-17 14:04:22 413861494 114.582893 30.584713 114.58292 30.5847 0.0 0.0 1.0
2016-10-17 14:06:11 413861494 114.582893 30.584713 114.582893 30.584713 0.0 0.0 1.0
2016-10-17 14:06:58 413861494 114.582893 30.584713 114.582893 30.584713 0.0 0.0 1.0
2016-10-17 14:12:01 413861494 114.582907 30.584697 114.582893 30.584713 0.0 0.0 1.0
2016-10-17 14:13:05 413861494 114.582907 30.584697 114.582907 30.584697 0.0 0.0 1.0
2016-10-17 14:16:16 413861494 114.58296 30.584683 114.582907 30.584697 0.0 0.0 1.0
2016-10-17 14:18:09 413861494 114.58296 30.584683 114.58296 30.584683 0.0 0.0 1.0
2016-10-17 14:19:08 413861494 114.582933 30.584683 114.58296 30.584683 0.0 0.0 1.0
2016-10-17 14:25:08 413861494 114.5829145116279 30.58467741860465     
2016-10-17 14:31:08 413861494 114.5828960232558 30.5846718372093     
2016-10-17 14:36:20 413861494 114.58288 30.584667 114.58288 30.584667 0.0 0.0 1.0
2016-10-17 14:37:12 413861494 114.582893 30.58465 114.58288 30.584667 0.0 0.0 1.0
2016-10-17 14:40:38 413861494 114.58292 30.58466 114.582893 30.58465 0.0 0.0 1.0
2016-10-17 14:42:56 413861494 114.58292 30.58466 114.58292 30.58466 0.0 0.0 1.0
2016-10-17 14:46:34 413861494 114.58288 30.58463 114.58292 30.58466 0.0 0.0 1.0
2016-10-17 14:49:25 413861494 114.58288 30.58463 114.58288 30.58463 0.0 0.0 1.0
2016-10-17 14:55:25 413861494 114.5828852 30.5846408     
2016-10-17 15:01:25 413861494 114.5828904 30.5846516     
2016-10-17 15:04:25 413861494 114.582893 30.584657 114.582907 30.58467 0.0 0.0 1.0
2016-10-17 15:06:27 413861494 114.582893 30.584657 114.582893 30.584657 0.0 0.0 1.0
2016-10-17 15:07:25 413861494 114.58288 30.58465 114.582893 30.584657 0.0 0.0 1.0
2016-10-17 15:10:35 413861494 114.582867 30.584633 114.58288 30.58465 0.0 0.0 1.0
2016-10-17 15:12:04 413861494 114.582867 30.584633 114.582867 30.584633 0.0 0.0 1.0
2016-10-17 15:13:07 413861494 114.582867 30.584633 114.582867 30.584633 0.0 0.0 1.0
2016-10-17 15:18:11 413861494 114.582893 30.584637 114.582867 30.584633 0.0 0.0 1.0
2016-10-17 15:19:17 413861494 114.582867 30.584667 114.582893 30.584637 0.0 0.0 1.0
2016-10-17 15:22:10 413861494 114.582867 30.584657 114.582867 30.584667 0.0 0.0 1.0
2016-10-17 15:25:15 413861494 114.582867 30.584643 114.582867 30.584657 0.0 0.0 1.0
2016-10-17 15:30:19 413861494 114.582867 30.584643 114.582867 30.584643 0.0 0.0 1.0
2016-10-17 15:31:25 413861494 114.582907 30.58467 114.582867 30.584643 0.0 0.0 1.0
2016-10-17 15:37:25 413861494 114.5828845700935 30.58466607476635     
2016-10-17 15:42:07 413861494 114.582867 30.584663 114.582867 30.584663 0.0 0.0 1.0
2016-10-17 15:43:11 413861494 114.582867 30.584663 114.582867 30.584663 0.0 0.0 1.0
2016-10-17 15:48:01 413861494 114.582867 30.584663 114.582867 30.584663 0.0 0.0 1.0
2016-10-17 15:49:02 413861494 114.582867 30.584663 114.582867 30.584663 0.0 0.0 1.0
2016-10-17 15:55:02 413861494 114.5828750689655 30.58465493103448     
2016-10-17 15:58:42 413861494 114.58288 30.58465 114.582867 30.584647 0.0 0.0 1.0
2016-10-17 16:00:23 413861494 114.58288 30.58465 114.58288 30.58465 0.0 0.0 1.0
2016-10-17 16:01:26 413861494 114.58288 30.584637 114.58288 30.58465 0.0 0.0 1.0
2016-10-17 16:06:29 413861494 114.58288 30.584637 114.58288 30.584637 0.0 0.0 1.0
2016-10-17 16:12:29 413861494 114.5828868067227 30.58464103361345     
2016-10-17 16:18:29 413861494 114.5828936134454 30.58464506722689     
2016-10-17 16:24:29 413861494 114.5829004201681 30.58464910084034     
2016-10-17 16:30:17 413861494 114.582907 30.584653 114.582907 30.584653 0.0 0.0 1.0
2016-10-17 16:31:15 413861494 114.582907 30.584653 114.582907 30.584653 0.0 0.0 1.0
2016-10-17 16:34:42 413861494 114.582907 30.58467 114.582907 30.584653 0.0 0.0 1.0
2016-10-17 16:36:20 413861494 114.582907 30.58467 114.582907 30.58467 0.0 0.0 1.0
2016-10-17 16:37:26 413861494 114.582907 30.58465 114.582907 30.58467 0.0 0.0 1.0
2016-10-17 16:40:34 413861494 114.582867 30.584657 114.582907 30.58465 0.0 0.0 1.0
2016-10-17 16:42:13 413861494 114.582867 30.584657 114.582867 30.584657 0.0 0.0 1.0
2016-10-17 16:43:28 413861494 114.582867 30.584657 114.582867 30.584657 0.0 0.0 1.0
2016-10-17 16:48:10 413861494 114.582867 30.584657 114.582867 30.584657 0.0 0.0 1.0
2016-10-17 16:49:45 413861494 114.582947 30.584663 114.582867 30.584657 0.0 0.0 1.0
2016-10-17 16:52:35 413861494 114.58292 30.584637 114.582947 30.584663 0.0 0.0 1.0
2016-10-17 16:54:03 413861494 114.58292 30.584637 114.58292 30.584637 0.0 0.0 1.0
2016-10-17 16:55:32 413861494 114.582893 30.584637 114.58292 30.584637 0.0 0.0 1.0
2016-10-17 17:00:23 413861494 114.582893 30.584637 114.582893 30.584637 0.0 0.0 1.0
2016-10-17 17:01:27 413861494 114.58288 30.584647 114.582893 30.584637 0.0 0.0 1.0
2016-10-17 17:06:06 413861494 114.58288 30.584647 114.58288 30.584647 0.0 0.0 1.0
2016-10-17 17:07:04 413861494 114.58288 30.584647 114.58288 30.584647 0.0 0.0 1.0
2016-10-17 17:10:25 413861494 114.582907 30.58464 114.58288 30.584647 0.0 0.0 1.0
2016-10-17 17:13:20 413861494 114.582907 30.58464 114.582907 30.58464 0.0 0.0 1.0
2016-10-17 17:19:20 413861494 114.5829175726872 30.58464792951542     
2016-10-17 17:25:20 413861494 114.5829281453745 30.58465585903084     
2016-10-17 17:31:20 413861494 114.5829387180617 30.58466378854625     
2016-10-17 17:36:02 413861494 114.582947 30.58467 114.582947 30.58467 0.0 0.0 1.0
2016-10-17 17:37:11 413861494 114.582947 30.58466 114.582947 30.58467 0.0 0.0 1.0
2016-10-17 17:43:11 413861494 114.5829294231465 30.58466650994575     
2016-10-17 17:46:24 413861494 114.58292 30.58467 114.582893 30.584683 0.0 0.0 1.0
2016-10-17 17:48:05 413861494 114.58292 30.58467 114.58292 30.58467 0.0 0.0 1.0
2016-10-17 17:49:14 413861494 114.582893 30.584693 114.58292 30.58467 0.0 0.0 1.0
2016-10-17 17:52:13 413861494 114.582893 30.58467 114.582893 30.584693 0.0 0.0 1.0
2016-10-17 17:53:55 413861494 114.582893 30.58467 114.582893 30.58467 0.0 0.0 1.0
2016-10-17 17:55:11 413861494 114.582867 30.584677 114.582893 30.58467 0.0 0.0 1.0
2016-10-17 18:01:11 413861494 114.5828635217391 30.5846670621118     
2016-10-17 18:07:11 413861494 114.5828600434783 30.5846571242236     
2016-10-17 18:13:11 413861494 114.5828565652174 30.5846471863354     
2016-10-17 18:19:11 413861494 114.5828530869565 30.5846372484472     
2016-10-17 18:19:20 413861494 114.582853 30.584637 114.582867 30.584623 0.0 0.0 1.0
2016-10-17 18:25:20 413861494 114.5828575146307 30.58464034417092     
2016-10-17 18:31:20 413861494 114.5828620292615 30.58464368834185     
2016-10-17 18:37:20 413861494 114.5828665438923 30.58464703251277     
2016-10-17 18:43:20 413861494 114.582871058523 30.5846503766837     
2016-10-17 18:49:20 413861494 114.5828755731537 30.58465372085462     
2016-10-17 18:55:13 413861494 114.58288 30.584657 114.58288 30.584657 0.0 0.0 1.0
2016-10-17 19:01:13 413861494 114.5828819914894 30.584657     
2016-10-17 19:07:13 413861494 114.5828839829787 30.584657     
2016-10-17 19:13:13 413861494 114.5828859744681 30.584657     
2016-10-17 19:19:13 413861494 114.5828879659575 30.584657     
2016-10-17 19:25:13 413861494 114.5828899574468 30.584657     
2016-10-17 19:31:13 413861494 114.5828919489362 30.584657     
2016-10-17 19:34:23 413861494 114.582893 30.584657 114.582933 30.584673 0.0 0.0 1.0
2016-10-17 19:37:07 413861494 114.582893 30.584657 114.582893 30.584657 0.0 0.0 1.0
