2016-10-20 11:07:08 808664168 114.499433 30.687643 114.500085 30.687662 3.9 272.7 272.0
2016-10-20 11:07:46 808664168 114.498507 30.687658 114.499433 30.687643 3.9 267.5 267.0
2016-10-20 11:08:46 808664168 114.496908 30.68753 114.498507 30.687658 3.8 265.1 265.0
2016-10-20 11:09:21 808664168 114.496245 30.687498 114.496908 30.68753 4.0 267.9 267.0
2016-10-20 11:10:21 808664168 114.494978 30.68731 114.496245 30.687498 4.1 254.3 254.0
2016-10-20 11:11:31 808664168 114.493613 30.687078 114.494978 30.68731 4.0 257.2 257.0
2016-10-20 11:13:39 808664168 114.490912 30.686622 114.493613 30.687078 3.3 259.0 259.0
2016-10-20 11:14:10 808664168 114.49063 30.68656 114.490912 30.686622 3.2 252.7 252.0
2016-10-20 11:14:35 808664168 114.490102 30.686392 114.49063 30.68656 3.3 248.3 248.0
2016-10-20 11:15:32 808664168 114.488903 30.685888 114.490102 30.686392 3.8 238.0 238.0
2016-10-20 11:16:30 808664168 114.487995 30.685403 114.488903 30.685888 4.3 239.2 239.0
2016-10-20 11:18:09 808664168 114.485573 30.684682 114.487995 30.685403 4.5 252.0 252.0
2016-10-20 11:18:36 808664168 114.484872 30.68447 114.485573 30.684682 4.5 250.3 250.0
2016-10-20 11:19:37 808664168 114.483835 30.684138 114.484872 30.68447 4.7 247.8 247.0
2016-10-20 11:25:37 808664168 114.4660774725716 30.67416839871555     
2016-10-20 11:31:37 808664168 114.4483199451432 30.66419879743109     
2016-10-20 11:37:37 808664168 114.4305624177147 30.65422919614664     
2016-10-20 11:43:37 808664168 114.4128048902863 30.64425959486219     
2016-10-20 11:49:37 808664168 114.3950473628579 30.63428999357774     
2016-10-20 11:55:37 808664168 114.3772898354295 30.62432039229328     
2016-10-20 12:01:37 808664168 114.3595323080011 30.61435079100883     
2016-10-20 12:07:37 808664168 114.3417747805726 30.60438118972438     
2016-10-20 12:13:37 808664168 114.3240172531442 30.59441158843993     
2016-10-20 12:19:37 808664168 114.3062597257158 30.58444198715547     
2016-10-20 12:21:54 808664168 114.299502 30.580648 114.301717 30.583763 3.1 211.1 211.0
2016-10-20 12:27:54 808664168 114.3122088485419 30.59231955221072     
2016-10-20 12:33:54 808664168 114.3249156970837 30.60399110442145     
2016-10-20 12:39:54 808664168 114.3376225456256 30.61566265663217     
2016-10-20 12:45:54 808664168 114.3503293941675 30.6273342088429     
2016-10-20 12:51:54 808664168 114.3630362427093 30.63900576105362     
2016-10-20 12:57:20 808664168 114.374543 30.649575 114.375143 30.649872 4.1 238.8 238.0
2016-10-20 12:57:51 808664168 114.373965 30.649297 114.374543 30.649575 4.1 244.3 244.0
2016-10-20 12:59:09 808664168 114.372483 30.648625 114.373965 30.649297 4.2 238.1 238.0
2016-10-20 12:59:40 808664168 114.37219 30.648467 114.372483 30.648625 4.1 236.7 236.0
2016-10-20 13:00:06 808664168 114.371567 30.648157 114.37219 30.648467 4.2 243.9 243.0
2016-10-20 13:00:27 808664168 114.370953 30.647877 114.371567 30.648157 4.1 238.9 238.0
2016-10-20 13:00:51 808664168 114.370348 30.647537 114.370953 30.647877 4.2 235.1 235.0
2016-10-20 13:01:22 808664168 114.369797 30.647247 114.370348 30.647537 4.1 241.9 241.0
2016-10-20 13:01:49 808664168 114.369192 30.646957 114.369797 30.647247 4.2 235.0 235.0
2016-10-20 13:02:35 808664168 114.368317 30.646523 114.369192 30.646957 4.1 248.9 248.0
2016-10-20 13:04:23 808664168 114.366305 30.645455 114.368317 30.646523 4.2 234.5 234.0
2016-10-20 13:06:35 808664168 114.364263 30.644273 114.357205 30.639537 4.1 230.5 230.0
2016-10-20 13:12:08 808664168 114.351443 30.633995 114.353027 30.635405 3.9 224.7 224.0
2016-10-20 13:12:37 808664168 114.350978 30.633607 114.351443 30.633995 3.8 225.8 225.0
2016-10-20 13:12:59 808664168 114.350753 30.633425 114.350978 30.633607 3.8 226.1 226.0
2016-10-20 13:13:22 808664168 114.350533 30.633242 114.350753 30.633425 3.7 224.3 224.0
2016-10-20 13:13:55 808664168 114.349893 30.632668 114.350533 30.633242 3.7 219.6 219.0
2016-10-20 13:14:24 808664168 114.34948 30.632278 114.349893 30.632668 3.6 224.4 224.0
2016-10-20 13:14:44 808664168 114.349293 30.632103 114.34948 30.632278 3.6 220.8 220.0
2016-10-20 13:15:39 808664168 114.348867 30.631733 114.349293 30.632103 3.6 226.9 226.0
2016-10-20 13:16:14 808664168 114.348295 30.631232 114.348867 30.631733 3.6 222.1 222.0
2016-10-20 13:16:40 808664168 114.347895 30.630863 114.348295 30.631232 3.6 225.6 225.0
2016-10-20 13:17:03 808664168 114.347473 30.630512 114.347895 30.630863 3.6 226.3 226.0
2016-10-20 13:17:33 808664168 114.347028 30.630177 114.347473 30.630512 3.6 228.8 228.0
2016-10-20 13:18:21 808664168 114.346142 30.629537 114.347028 30.630177 3.6 231.2 231.0
2016-10-20 13:18:43 808664168 114.34591 30.629377 114.346142 30.629537 3.6 231.1 231.0
2016-10-20 13:19:10 808664168 114.345663 30.629207 114.34591 30.629377 3.6 231.3 231.0
2016-10-20 13:19:36 808664168 114.345193 30.628862 114.345663 30.629207 3.7 228.3 228.0
2016-10-20 13:21:12 808664168 114.343693 30.627618 114.345193 30.628862 3.6 227.5 227.0
2016-10-20 13:21:35 808664168 114.343473 30.627448 114.343693 30.627618 3.6 231.3 231.0
2016-10-20 13:22:01 808664168 114.343027 30.62717 114.343473 30.627448 3.5 234.2 234.0
2016-10-20 13:22:29 808664168 114.342548 30.626905 114.343027 30.62717 3.4 243.5 243.0
2016-10-20 13:22:57 808664168 114.342262 30.62678 114.342548 30.626905 3.5 247.2 247.0
2016-10-20 13:23:22 808664168 114.34168 30.62656 114.342262 30.62678 3.5 244.9 244.0
2016-10-20 13:24:11 808664168 114.340912 30.626252 114.34168 30.62656 3.4 241.3 241.0
2016-10-20 13:25:49 808664168 114.339207 30.625537 114.340912 30.626252 3.3 247.1 247.0
2016-10-20 13:26:16 808664168 114.338698 30.625377 114.339207 30.625537 3.3 252.8 252.0
2016-10-20 13:26:38 808664168 114.338195 30.625238 114.338698 30.625377 3.3 250.4 250.0
2016-10-20 13:26:56 808664168 114.337943 30.625148 114.338195 30.625238 3.3 244.9 244.0
2016-10-20 13:27:26 808664168 114.337445 30.624927 114.337943 30.625148 3.3 238.8 238.0
2016-10-20 13:27:52 808664168 114.337217 30.624803 114.337445 30.624927 3.3 237.1 237.0
2016-10-20 13:28:34 808664168 114.33655 30.624402 114.337217 30.624803 3.3 235.7 235.0
2016-10-20 13:29:28 808664168 114.335632 30.623798 114.33655 30.624402 3.4 231.5 231.0
2016-10-20 13:29:50 808664168 114.335427 30.62366 114.335632 30.623798 3.4 232.6 232.0
2016-10-20 13:30:10 808664168 114.334972 30.623353 114.335427 30.62366 3.4 230.5 230.0
2016-10-20 13:30:43 808664168 114.334758 30.623198 114.334972 30.623353 3.4 228.5 228.0
2016-10-20 13:31:14 808664168 114.334312 30.62287 114.334758 30.623198 3.5 231.8 231.0
2016-10-20 13:31:38 808664168 114.333883 30.622512 114.334312 30.62287 3.4 223.1 223.0
2016-10-20 13:32:03 808664168 114.333517 30.622168 114.333883 30.622512 3.4 223.0 223.0
2016-10-20 13:32:34 808664168 114.333305 30.621987 114.333517 30.622168 3.4 226.6 226.0
2016-10-20 13:32:58 808664168 114.332642 30.621498 114.333305 30.621987 3.4 228.1 228.0
2016-10-20 13:33:21 808664168 114.332445 30.621345 114.332642 30.621498 3.4 227.2 227.0
2016-10-20 13:34:16 808664168 114.331713 30.620725 114.332445 30.621345 3.5 221.6 221.0
2016-10-20 13:34:41 808664168 114.33134 30.620375 114.331713 30.620725 3.4 223.9 223.0
2016-10-20 13:35:05 808664168 114.331115 30.620197 114.33134 30.620375 3.5 230.4 230.0
2016-10-20 13:35:29 808664168 114.330682 30.619868 114.331115 30.620197 3.5 226.5 226.0
2016-10-20 13:36:31 808664168 114.329937 30.619108 114.330682 30.619868 3.6 217.2 217.0
2016-10-20 13:36:54 808664168 114.329562 30.618677 114.329937 30.619108 3.7 216.6 216.0
2016-10-20 13:38:12 808664168 114.328633 30.61768 114.33751 30.624238 3.7 219.0 219.0
2016-10-20 13:38:35 808664168 114.328237 30.61728 114.328633 30.61768 3.7 222.1 222.0
2016-10-20 13:40:19 808664168 114.326915 30.615882 114.335423 30.622658 3.7 217.6 217.0
2016-10-20 13:40:44 808664168 114.326743 30.615685 114.326915 30.615882 3.7 216.2 216.0
2016-10-20 13:41:45 808664168 114.326173 30.615022 114.334447 30.621793 3.8 218.4 218.0
2016-10-20 13:42:08 808664168 114.325565 30.614353 114.326173 30.615022 3.9 216.6 216.0
2016-10-20 13:43:51 808664168 114.324118 30.612783 114.332802 30.620075 4.0 224.6 224.0
2016-10-20 13:44:12 808664168 114.32387 30.612565 114.324118 30.612783 4.0 225.0 225.0
2016-10-20 13:46:30 808664168 114.322212 30.610743 114.331093 30.618467 4.0 215.0 215.0
2016-10-20 13:47:25 808664168 114.321283 30.609497 114.33005 30.617617 4.0 213.7 213.0
2016-10-20 13:47:46 808664168 114.3211 30.609257 114.321283 30.609497 4.0 210.3 210.0
2016-10-20 13:48:13 808664168 114.32076 30.608747 114.3211 30.609257 4.0 212.8 212.0
2016-10-20 13:48:37 808664168 114.320583 30.608507 114.32076 30.608747 4.0 211.4 211.0
2016-10-20 13:49:00 808664168 114.320263 30.608048 114.320583 30.608507 4.0 210.4 210.0
2016-10-20 13:49:22 808664168 114.320108 30.607797 114.320263 30.608048 4.0 205.9 205.0
2016-10-20 13:49:52 808664168 114.31996 30.607542 114.320108 30.607797 4.0 207.7 207.0
2016-10-20 13:51:00 808664168 114.3191 30.606003 114.327412 30.614937 3.9 209.1 209.0
2016-10-20 13:51:34 808664168 114.31876 30.605547 114.3191 30.606003 4.0 219.2 219.0
2016-10-20 13:52:29 808664168 114.317913 30.604642 114.326322 30.613783 3.9 220.1 220.0
2016-10-20 13:52:56 808664168 114.317483 30.60425 114.317913 30.604642 3.9 226.5 226.0
2016-10-20 13:53:25 808664168 114.31704 30.603847 114.317483 30.60425 3.8 216.9 216.0
2016-10-20 13:55:05 808664168 114.315813 30.602585 114.32439 30.611717 3.8 215.4 215.0
2016-10-20 13:56:38 808664168 114.314348 30.601525 114.322892 30.610192 3.9 237.6 237.0
2016-10-20 13:57:46 808664168 114.313278 30.60088 114.322132 30.60935 3.8 226.1 226.0
2016-10-20 13:58:15 808664168 114.312905 30.600538 114.313278 30.60088 3.8 223.6 223.0
2016-10-20 13:58:44 808664168 114.312202 30.599932 114.312905 30.600538 3.9 223.0 223.0
2016-10-20 13:59:09 808664168 114.31176 30.59951 114.312202 30.599932 4.0 222.7 222.0
2016-10-20 14:00:48 808664168 114.310485 30.59821 114.319832 30.606487 4.1 223.8 223.0
2016-10-20 14:01:09 808664168 114.31006 30.597785 114.310485 30.59821 4.0 218.5 218.0
2016-10-20 14:02:55 808664168 114.308663 30.596045 114.318463 30.604962 4.2 211.1 211.0
2016-10-20 14:03:24 808664168 114.30848 30.595788 114.308663 30.596045 4.2 211.9 211.0
2016-10-20 14:03:50 808664168 114.308117 30.595245 114.30848 30.595788 4.3 207.1 207.0
2016-10-20 14:04:33 808664168 114.307715 30.594437 114.31689 30.603298 4.2 201.0 201.0
2016-10-20 14:06:13 808664168 114.306765 30.592845 114.315942 30.602287 4.1 209.0 209.0
2016-10-20 14:09:34 808664168 114.30434 30.589365 114.313043 30.599167 4.1 215.8 215.0
2016-10-20 14:10:30 808664168 114.303497 30.588422 114.312438 30.59852 4.1 217.1 217.0
2016-10-20 14:13:54 808664168 114.300733 30.585267 114.309892 30.595873 4.3 215.0 215.0
2016-10-20 14:14:20 808664168 114.300325 30.584757 114.300733 30.585267 4.3 212.3 212.0
2016-10-20 14:14:41 808664168 114.300135 30.584495 114.300325 30.584757 4.3 212.2 212.0
2016-10-20 14:16:56 808664168 114.298508 30.582062 114.307517 30.593268 4.2 210.8 210.0
2016-10-20 14:19:36 808664168 114.296558 30.579148 114.305717 30.59042 4.1 214.7 214.0
2016-10-20 14:21:09 808664168 114.295447 30.577683 114.304872 30.588952 4.1 213.6 213.0
2016-10-20 14:22:02 808664168 114.294872 30.576975 114.304387 30.588223 4.1 212.4 212.0
2016-10-20 14:23:16 808664168 114.29382 30.575528 114.294872 30.576975 4.2 213.3 213.0
2016-10-20 14:25:23 808664168 114.292283 30.573525 114.29382 30.575528 4.2 210.5 210.0
2016-10-20 14:26:16 808664168 114.291537 30.57252 114.292283 30.573525 4.2 214.1 214.0
2016-10-20 14:27:02 808664168 114.2912 30.572087 114.291537 30.57252 4.2 211.5 211.0
2016-10-20 14:27:25 808664168 114.290658 30.571305 114.2912 30.572087 4.3 212.0 212.0
2016-10-20 14:27:48 808664168 114.290462 30.571052 114.290658 30.571305 4.2 214.3 214.0
2016-10-20 14:28:35 808664168 114.290032 30.570547 114.290462 30.571052 4.2 217.6 217.0
2016-10-20 17:28:22 808664168 114.583858 30.585328 114.583862 30.585335 0.0 133.3 133.0
