2016-10-22 21:23:18 412380850 114.199988 30.451205 114.196375 30.446872 12.6 38.8 39.0
2016-10-22 21:29:18 412380850 114.2166949822485 30.46767269230769     
2016-10-22 21:31:45 412380850 114.223517 30.474397 114.219312 30.47016 13.2 40.7 41.0
2016-10-22 21:33:37 412380850 114.228622 30.479778 114.223517 30.474397 13.0 40.1 41.0
2016-10-22 21:38:55 412380850 114.241415 30.494173 114.241195 30.493892 12.0 33.3 31.0
2016-10-22 21:39:36 412380850 114.243142 30.496687 114.241415 30.494173 10.7 29.8 28.0
2016-10-22 21:40:53 412380850 114.244947 30.499402 114.243142 30.496687 9.7 33.7 36.0
2016-10-22 21:41:30 412380850 114.246437 30.501362 114.244947 30.499402 8.9 31.2 33.0
2016-10-22 21:42:25 412380850 114.247772 30.503358 114.246437 30.501362 7.6 27.7 27.0
2016-10-22 21:42:52 412380850 114.248308 30.504273 114.247772 30.503358 7.1 26.3 24.0
2016-10-22 21:43:31 412380850 114.248795 30.505128 114.248308 30.504273 6.6 25.5 23.0
2016-10-22 21:44:29 412380850 114.24952 30.506705 114.248795 30.505128 5.0 11.8 5.0
2016-10-22 21:44:48 412380850 114.249537 30.506773 114.24952 30.506705 4.7 9.1 357.0
2016-10-22 21:45:01 412380850 114.249585 30.50724 114.249537 30.506773 3.6 1.2 343.0
2016-10-22 21:45:14 412380850 114.249587 30.507325 114.249585 30.50724 3.5 0.0 336.0
2016-10-22 21:45:37 412380850 114.249568 30.507697 114.249587 30.507325 2.9 355.9 327.0
2016-10-22 21:45:56 412380850 114.249508 30.50808 114.249568 30.507697 2.7 350.3 318.0
2016-10-22 21:46:45 412380850 114.249413 30.508493 114.249508 30.50808 2.0 346.7 305.0
2016-10-22 21:47:33 412380850 114.249267 30.508962 114.249413 30.508493 1.7 337.8 295.0
2016-10-22 21:47:53 412380850 114.249167 30.509165 114.249267 30.508962 1.3 337.7 285.0
2016-10-22 21:48:07 412380850 114.24916 30.509177 114.249167 30.509165 1.3 337.2 282.0
2016-10-22 21:48:24 412380850 114.249098 30.509302 114.24916 30.509177 1.2 333.1 277.0
2016-10-22 21:48:38 412380850 114.249068 30.509345 114.249098 30.509302 1.3 330.8 276.0
2016-10-22 21:48:57 412380850 114.248967 30.509497 114.249068 30.509345 1.6 327.4 280.0
2016-10-22 21:49:25 412380850 114.248807 30.509653 114.248967 30.509497 1.4 314.5 278.0
2016-10-22 21:50:02 412380850 114.248652 30.509785 114.248807 30.509653 1.2 315.0 274.0
2016-10-22 21:50:42 412380850 114.248478 30.509908 114.248652 30.509785 1.2 297.4 269.0
2016-10-22 21:50:58 412380850 114.248327 30.509945 114.248478 30.509908 0.7 264.5 261.0
2016-10-22 21:51:18 412380850 114.248248 30.509922 114.248327 30.509945 0.4 252.3 250.0
2016-10-22 21:51:37 412380850 114.248237 30.509918 114.248248 30.509922 0.4 246.9 245.0
2016-10-22 21:51:54 412380850 114.248183 30.509893 114.248237 30.509918 0.3 243.0 241.0
2016-10-22 21:52:12 412380850 114.248137 30.509872 114.248183 30.509893 0.3 245.8 239.0
2016-10-22 21:52:35 412380850 114.248125 30.509867 114.248137 30.509872 0.3 247.9 238.0
2016-10-22 21:52:51 412380850 114.248082 30.50985 114.248125 30.509867 0.3 254.8 238.0
2016-10-22 21:53:06 412380850 114.248068 30.509847 114.248082 30.50985 0.3 258.8 239.0
2016-10-22 21:53:23 412380850 114.248022 30.509845 114.248068 30.509847 0.3 282.4 239.0
2016-10-22 21:53:45 412380850 114.247988 30.509872 114.248022 30.509845 0.4 8.2 241.0
2016-10-22 21:54:04 412380850 114.247997 30.509887 114.247988 30.509872 0.6 29.2 244.0
2016-10-22 21:54:22 412380850 114.248075 30.50996 114.247997 30.509887 1.1 45.8 245.0
2016-10-22 21:54:58 412380850 114.24821 30.510082 114.248075 30.50996 1.3 39.5 248.0
2016-10-22 21:55:15 412380850 114.248338 30.51023 114.24821 30.510082 1.1 32.7 259.0
2016-10-22 21:55:31 412380850 114.248357 30.510257 114.248338 30.51023 1.0 34.2 262.0
2016-10-22 21:56:28 412380850 114.248257 30.510337 114.248357 30.510257 0.8 265.7 248.0
2016-10-22 21:57:04 412380850 114.248123 30.510328 114.248257 30.510337 0.7 285.9 239.0
2016-10-22 21:58:16 412380850 114.247875 30.510412 114.248123 30.510328 0.2 298.0 242.0
2016-10-22 21:58:38 412380850 114.247873 30.510413 114.247875 30.510412 0.2 298.0 240.0
2016-10-22 21:59:53 412380850 114.247813 30.510457 114.247873 30.510413 0.4 246.6 234.0
2016-10-22 22:01:08 412380850 114.247752 30.510443 114.247813 30.510457 0.1 244.9 228.0
2016-10-22 22:03:03 412380850 114.24773 30.510455 114.247752 30.510443 0.1 244.9 229.0
2016-10-22 22:03:17 412380850 114.247728 30.510447 114.24773 30.510455 0.0 244.9 228.0
2016-10-22 22:03:53 412380850 114.247717 30.510437 114.247728 30.510447 0.0 244.9 224.0
2016-10-22 22:05:34 412380850 114.247765 30.510465 114.247717 30.510437 0.1 55.0 213.0
2016-10-22 22:05:56 412380850 114.247785 30.510475 114.247765 30.510465 0.1 55.0 213.0
2016-10-22 22:06:31 412380850 114.247795 30.510493 114.247785 30.510475 0.0 55.0 212.0
2016-10-22 22:06:47 412380850 114.247785 30.510495 114.247795 30.510493 0.2 323.4 213.0
2016-10-22 22:07:40 412380850 114.247718 30.510478 114.247785 30.510495 0.0 249.8 218.0
2016-10-22 22:07:53 412380850 114.247717 30.510478 114.247718 30.510478 0.1 249.8 219.0
2016-10-22 22:13:53 412380850 114.2477146435045 30.51046319637462     
2016-10-22 22:19:53 412380850 114.2477122870091 30.51044839274924     
2016-10-22 22:25:53 412380850 114.2477099305136 30.51043358912387     
2016-10-22 22:31:53 412380850 114.2477075740181 30.51041878549849     
2016-10-22 22:37:53 412380850 114.2477052175227 30.51040398187311     
2016-10-22 22:43:53 412380850 114.2477028610272 30.51038917824773     
2016-10-22 22:49:53 412380850 114.2477005045317 30.51037437462236     
2016-10-22 22:55:53 412380850 114.2476981480362 30.51035957099698     
2016-10-22 23:01:53 412380850 114.2476957915408 30.5103447673716     
2016-10-22 23:07:53 412380850 114.2476934350453 30.51032996374622     
2016-10-22 23:13:53 412380850 114.2476910785498 30.51031516012085     
2016-10-22 23:19:53 412380850 114.2476887220544 30.51030035649547     
2016-10-22 23:25:53 412380850 114.2476863655589 30.51028555287009     
2016-10-22 23:31:53 412380850 114.2476840090634 30.51027074924471     
2016-10-22 23:37:53 412380850 114.247681652568 30.51025594561933     
2016-10-22 23:43:53 412380850 114.2476792960725 30.51024114199396     
2016-10-22 23:47:11 412380850 114.247678 30.510233 114.247715 30.510375 2.1 200.1 211.0
2016-10-22 23:47:46 412380850 114.24746 30.509725 114.247648 30.51016 4.6 198.3 205.0
2016-10-22 23:48:04 412380850 114.247198 30.509125 114.24746 30.509725 5.9 201.3 206.0
2016-10-22 23:48:37 412380850 114.24687 30.508263 114.247117 30.508938 7.0 196.3 203.0
2016-10-22 23:49:04 412380850 114.246718 30.507298 114.24687 30.508263 7.4 183.5 187.0
2016-10-22 23:49:27 412380850 114.246705 30.50702 114.246718 30.507298 7.6 183.2 185.0
2016-10-22 23:49:46 412380850 114.24667 30.505988 114.246705 30.50702 8.0 181.9 186.0
2016-10-22 23:50:02 412380850 114.246627 30.50505 114.24667 30.505988 8.1 183.7 187.0
2016-10-22 23:50:26 412380850 114.246607 30.504788 114.246627 30.50505 8.2 183.2 189.0
2016-10-22 23:50:43 412380850 114.246523 30.503808 114.246607 30.504788 8.0 184.1 189.0
2016-10-22 23:51:16 412380850 114.246427 30.502735 114.246523 30.503808 7.3 185.0 192.0
2016-10-22 23:52:00 412380850 114.246297 30.501735 114.246325 30.501942 6.0 186.3 193.0
2016-10-22 23:52:18 412380850 114.246198 30.500997 114.246297 30.501735 5.8 187.3 195.0
2016-10-22 23:53:35 412380850 114.245828 30.499115 114.246198 30.500997 4.5 190.9 201.0
2016-10-22 23:54:15 412380850 114.245683 30.498515 114.245828 30.499115 4.2 192.1 201.0
2016-10-22 23:54:34 412380850 114.245507 30.497928 114.245683 30.498515 3.8 197.5 209.0
2016-10-22 23:54:50 412380850 114.24549 30.497878 114.245507 30.497928 3.9 197.7 209.0
2016-10-22 23:57:14 412380850 114.244657 30.495663 114.245295 30.497372 2.6 196.1 207.0
2016-10-22 23:58:24 412380850 114.244278 30.494902 114.244657 30.495663 1.9 206.0 220.0
2016-10-22 23:58:42 412380850 114.244258 30.49487 114.244278 30.494902 1.9 206.7 220.0
