2016-10-25 11:03:30 413824998 114.528015 30.678995 114.532205 30.675715 3.9 307.6 307.0
2016-10-25 11:04:07 413824998 114.526963 30.679667 114.528015 30.678995 3.9 305.7 305.0
2016-10-25 11:04:39 413824998 114.526433 30.679977 114.526963 30.679667 4.1 303.0 303.0
2016-10-25 11:06:13 413824998 114.524797 30.680928 114.526433 30.679977 3.9 299.6 299.0
2016-10-25 11:08:32 413824998 114.522693 30.6821 114.524797 30.680928 3.8 307.9 307.0
2016-10-25 11:11:06 413824998 114.520522 30.683173 114.522693 30.6821 3.5 299.1 299.0
2016-10-25 11:17:06 413824998 114.5133890212766 30.68517534042553     
2016-10-25 11:20:30 413824998 114.509347 30.68631 114.510455 30.686032 3.5 285.1 285.0
2016-10-25 11:22:02 413824998 114.507678 30.6866 114.509347 30.68631 3.5 281.2 281.0
2016-10-25 11:23:10 413824998 114.506535 30.686777 114.507678 30.6866 3.5 277.3 277.0
2016-10-25 11:25:06 413824998 114.504257 30.686995 114.506535 30.686777 3.5 267.9 267.0
2016-10-25 11:26:14 413824998 114.503178 30.687115 114.504257 30.686995 3.4 281.4 281.0
2016-10-25 11:27:07 413824998 114.502055 30.687305 114.503178 30.687115 3.4 281.7 281.0
2016-10-25 11:27:45 413824998 114.501483 30.687392 114.502055 30.687305 3.4 278.6 278.0
2016-10-25 11:30:24 413824998 114.498538 30.687478 114.501483 30.687392 3.2 263.1 263.0
2016-10-25 11:31:34 413824998 114.497505 30.687322 114.498538 30.687478 3.2 260.3 260.0
2016-10-25 11:32:32 413824998 114.496518 30.687207 114.497505 30.687322 3.1 257.9 257.0
2016-10-25 11:34:09 413824998 114.494495 30.686903 114.496518 30.687207 3.2 264.7 264.0
2016-10-25 11:35:01 413824998 114.493973 30.686832 114.494495 30.686903 3.1 256.3 256.0
2016-10-25 11:35:40 413824998 114.493035 30.68664 114.493973 30.686832 3.1 259.6 259.0
2016-10-25 11:39:49 413824998 114.489 30.685712 114.493035 30.68664 3.1 254.7 254.0
2016-10-25 11:40:58 413824998 114.487992 30.685535 114.489 30.685712 3.1 254.6 254.0
2016-10-25 11:41:37 413824998 114.48751 30.685402 114.487992 30.685535 3.1 250.4 250.0
2016-10-25 11:42:32 413824998 114.486553 30.685203 114.48751 30.685402 2.9 261.6 261.0
2016-10-25 11:44:43 413824998 114.484662 30.684822 114.486553 30.685203 2.9 251.1 251.0
2016-10-25 11:46:14 413824998 114.483785 30.684577 114.484662 30.684822 2.9 249.1 249.0
2016-10-25 11:47:24 413824998 114.48198 30.68402 114.483785 30.684577 2.7 257.6 257.0
2016-10-25 11:47:55 413824998 114.481563 30.683928 114.48198 30.68402 2.6 252.4 252.0
2016-10-25 11:49:43 413824998 114.480117 30.683475 114.481563 30.683928 3.0 253.1 253.0
2016-10-25 11:50:49 413824998 114.479152 30.683272 114.480117 30.683475 3.0 254.8 254.0
2016-10-25 11:53:13 413824998 114.476933 30.68241 114.479152 30.683272 3.1 241.2 241.0
2016-10-25 11:54:43 413824998 114.475612 30.68185 114.476933 30.68241 2.8 253.3 253.0
2016-10-25 11:57:34 413824998 114.4735 30.68119 114.475612 30.68185 2.9 236.7 236.0
2016-10-25 12:03:17 413824998 114.468602 30.678302 114.4735 30.68119 3.1 228.0 228.0
2016-10-25 12:03:46 413824998 114.468217 30.678017 114.468602 30.678302 3.1 234.6 234.0
2016-10-25 12:09:46 413824998 114.4620293910939 30.67608143368829     
2016-10-25 12:15:46 413824998 114.4558417821878 30.67414586737657     
2016-10-25 12:20:59 413824998 114.450462 30.672463 114.451633 30.672937 3.9 244.0 244.0
2016-10-25 12:21:55 413824998 114.448732 30.671902 114.450462 30.672463 3.7 254.9 254.0
2016-10-25 12:23:33 413824998 114.446975 30.671633 114.448732 30.671902 3.7 269.9 269.0
2016-10-25 12:25:44 413824998 114.444512 30.671753 114.446975 30.671633 3.7 280.8 280.0
2016-10-25 12:29:39 413824998 114.439153 30.67233 114.444512 30.671753 4.2 270.3 270.0
2016-10-25 12:30:34 413824998 114.438483 30.672335 114.439153 30.67233 4.2 270.5 270.0
2016-10-25 12:31:41 413824998 114.436505 30.672308 114.438483 30.672335 4.0 269.0 269.0
2016-10-25 12:32:11 413824998 114.435865 30.672292 114.436505 30.672308 3.9 266.0 266.0
2016-10-25 12:33:28 413824998 114.433935 30.672055 114.435865 30.672292 4.2 259.2 259.0
2016-10-25 12:34:30 413824998 114.43327 30.671925 114.433935 30.672055 4.2 255.7 255.0
2016-10-25 12:35:21 413824998 114.431902 30.671575 114.43327 30.671925 4.4 252.4 252.0
2016-10-25 12:38:10 413824998 114.428507 30.670552 114.431902 30.671575 4.3 248.0 248.0
2016-10-25 12:38:50 413824998 114.427025 30.66992 114.428507 30.670552 4.2 240.7 240.0
2016-10-25 12:39:24 413824998 114.426457 30.66963 114.427025 30.66992 4.1 237.7 237.0
2016-10-25 12:40:59 413824998 114.424812 30.66864 114.426457 30.66963 3.9 236.3 236.0
2016-10-25 12:42:18 413824998 114.423123 30.667852 114.424812 30.66864 3.8 244.4 244.0
2016-10-25 12:42:50 413824998 114.422582 30.667633 114.423123 30.667852 3.8 244.9 244.0
2016-10-25 12:43:52 413824998 114.421498 30.667162 114.422582 30.667633 3.7 243.2 243.0
2016-10-25 12:44:33 413824998 114.42097 30.666952 114.421498 30.667162 3.7 246.7 246.0
2016-10-25 12:45:25 413824998 114.419857 30.666537 114.42097 30.666952 3.7 246.4 246.0
2016-10-25 12:46:21 413824998 114.418745 30.666127 114.419857 30.666537 3.7 246.3 246.0
2016-10-25 12:48:02 413824998 114.417088 30.665603 114.418745 30.666127 3.6 252.0 252.0
2016-10-25 12:49:05 413824998 114.415702 30.66529 114.417088 30.665603 3.6 258.5 258.0
2016-10-25 12:50:28 413824998 114.414548 30.665022 114.415702 30.66529 3.6 251.7 251.0
2016-10-25 12:51:04 413824998 114.413477 30.664645 114.414548 30.665022 3.6 248.5 248.0
2016-10-25 12:52:54 413824998 114.4113 30.663875 114.413477 30.664645 3.6 246.4 246.0
2016-10-25 12:54:32 413824998 114.409652 30.663223 114.4113 30.663875 3.6 244.8 244.0
2016-10-25 12:55:07 413824998 114.40911 30.663027 114.409652 30.663223 3.6 249.5 249.0
2016-10-25 12:57:11 413824998 114.40694 30.662202 114.40911 30.663027 3.7 242.2 242.0
2016-10-25 12:58:13 413824998 114.405872 30.661662 114.40694 30.662202 3.8 236.5 236.0
2016-10-25 12:58:42 413824998 114.405212 30.661232 114.405872 30.661662 3.8 232.2 232.0
2016-10-25 12:59:29 413824998 114.404733 30.660898 114.405212 30.661232 3.7 227.5 227.0
2016-10-25 13:00:34 413824998 114.403323 30.659965 114.404733 30.660898 3.5 242.0 242.0
2016-10-25 13:02:08 413824998 114.402322 30.659583 114.403323 30.659965 3.3 250.3 250.0
2016-10-25 13:02:46 413824998 114.401307 30.659303 114.402322 30.659583 3.3 252.8 252.0
2016-10-25 13:03:50 413824998 114.400325 30.659007 114.401307 30.659303 3.2 253.5 253.0
2016-10-25 13:04:48 413824998 114.399342 30.658713 114.400325 30.659007 3.1 249.5 249.0
2016-10-25 13:06:02 413824998 114.398395 30.658437 114.399342 30.658713 3.0 251.5 251.0
2016-10-25 13:07:22 413824998 114.396967 30.657988 114.398395 30.658437 3.1 250.2 250.0
2016-10-25 13:08:59 413824998 114.395368 30.657553 114.396967 30.657988 3.2 257.8 257.0
2016-10-25 13:09:54 413824998 114.39432 30.657482 114.395368 30.657553 3.2 269.0 269.0
2016-10-25 13:10:27 413824998 114.393795 30.657483 114.39432 30.657482 3.3 273.3 273.0
2016-10-25 13:12:21 413824998 114.39165 30.657572 114.393795 30.657483 3.3 268.9 268.0
2016-10-25 13:13:32 413824998 114.390577 30.657447 114.39165 30.657572 3.3 256.1 256.0
2016-10-25 13:15:06 413824998 114.389058 30.656963 114.390577 30.657447 3.4 244.2 244.0
2016-10-25 13:16:16 413824998 114.38753 30.656342 114.389058 30.656963 3.5 246.0 246.0
2016-10-25 13:16:45 413824998 114.386987 30.656138 114.38753 30.656342 3.6 246.9 246.0
2016-10-25 13:17:40 413824998 114.386452 30.655945 114.386987 30.656138 3.6 246.5 246.0
2016-10-25 13:18:48 413824998 114.385908 30.655742 114.386452 30.655945 3.7 247.2 247.0
2016-10-25 13:20:20 413824998 114.383503 30.654718 114.385908 30.655742 3.9 242.4 242.0
2016-10-25 13:21:51 413824998 114.381808 30.653948 114.383503 30.654718 4.0 239.0 239.0
2016-10-25 13:22:46 413824998 114.380478 30.653258 114.381808 30.653948 4.1 238.1 238.0
2016-10-25 13:23:21 413824998 114.379908 30.652927 114.380478 30.653258 4.2 233.7 233.0
2016-10-25 13:24:15 413824998 114.37892 30.65222 114.379908 30.652927 4.3 229.1 229.0
2016-10-25 13:25:05 413824998 114.378363 30.651815 114.37892 30.65222 4.3 230.9 230.0
2016-10-25 13:25:42 413824998 114.377242 30.651057 114.378363 30.651815 4.4 233.6 233.0
2016-10-25 13:26:11 413824998 114.37668 30.650712 114.377242 30.651057 4.4 236.0 236.0
2016-10-25 13:27:26 413824998 114.375443 30.650073 114.37668 30.650712 4.4 240.6 240.0
2016-10-25 13:28:23 413824998 114.374168 30.649527 114.375443 30.650073 4.3 247.6 247.0
2016-10-25 13:29:42 413824998 114.372205 30.648782 114.374168 30.649527 4.3 244.2 244.0
2016-10-25 13:31:23 413824998 114.370318 30.647915 114.372205 30.648782 4.4 238.3 238.0
2016-10-25 13:32:14 413824998 114.369128 30.647227 114.370318 30.647915 4.4 236.8 236.0
2016-10-25 13:32:51 413824998 114.368328 30.646753 114.369128 30.647227 4.3 235.5 235.0
2016-10-25 13:33:49 413824998 114.367178 30.64608 114.368328 30.646753 4.3 235.6 235.0
2016-10-25 13:34:37 413824998 114.36659 30.64571 114.367178 30.64608 4.3 233.4 233.0
2016-10-25 13:35:41 413824998 114.365482 30.644998 114.36659 30.64571 4.2 234.4 234.0
2016-10-25 13:37:25 413824998 114.36339 30.643602 114.365482 30.644998 4.0 229.0 229.0
2016-10-25 13:37:52 413824998 114.362927 30.6432 114.36339 30.643602 3.9 224.4 224.0
2016-10-25 13:38:17 413824998 114.36248 30.642818 114.362927 30.6432 3.9 225.8 225.0
2016-10-25 13:39:03 413824998 114.36202 30.642442 114.36248 30.642818 3.9 225.7 225.0
2016-10-25 13:40:00 413824998 114.36109 30.641718 114.36202 30.642442 4.0 230.7 230.0
2016-10-25 13:41:39 413824998 114.359663 30.64071 114.36109 30.641718 3.7 231.5 231.0
2016-10-25 13:42:47 413824998 114.3587 30.640018 114.359663 30.64071 3.8 227.9 227.0
2016-10-25 13:44:05 413824998 114.357587 30.639185 114.3587 30.640018 3.8 228.2 228.0
2016-10-25 13:44:41 413824998 114.35668 30.638482 114.357587 30.639185 3.8 228.9 228.0
2016-10-25 13:46:30 413824998 114.354885 30.637015 114.35668 30.638482 3.7 223.6 223.0
2016-10-25 13:47:36 413824998 114.354068 30.636243 114.354885 30.637015 3.7 222.9 222.0
2016-10-25 13:48:06 413824998 114.353663 30.63587 114.354068 30.636243 3.6 224.1 224.0
2016-10-25 13:48:57 413824998 114.353243 30.635498 114.353663 30.63587 3.6 224.3 224.0
2016-10-25 13:49:29 413824998 114.352425 30.634765 114.353243 30.635498 3.6 224.0 224.0
2016-10-25 13:51:30 413824998 114.3512 30.633745 114.352425 30.634765 3.4 225.9 225.0
2016-10-25 13:52:35 413824998 114.350025 30.632802 114.3512 30.633745 3.2 224.8 224.0
2016-10-25 13:55:04 413824998 114.348422 30.631445 114.350025 30.632802 3.1 229.2 229.0
2016-10-25 13:56:04 413824998 114.347673 30.630887 114.348422 30.631445 3.1 227.4 227.0
2016-10-25 13:57:14 413824998 114.346632 30.629942 114.347673 30.630887 3.1 226.7 226.0
2016-10-25 13:57:45 413824998 114.346258 30.629663 114.346632 30.629942 3.1 228.0 228.0
2016-10-25 13:58:33 413824998 114.345883 30.629355 114.346258 30.629663 3.1 225.4 225.0
2016-10-25 13:59:15 413824998 114.34519 30.628743 114.345883 30.629355 3.1 223.2 223.0
2016-10-25 13:59:48 413824998 114.344848 30.628435 114.34519 30.628743 3.1 224.0 224.0
2016-10-25 14:00:17 413824998 114.344472 30.628117 114.344848 30.628435 3.0 226.9 226.0
2016-10-25 14:01:17 413824998 114.343803 30.627527 114.344472 30.628117 3.0 225.1 225.0
2016-10-25 14:01:54 413824998 114.343452 30.627242 114.343803 30.627527 3.0 226.8 226.0
2016-10-25 14:02:54 413824998 114.342737 30.62667 114.343452 30.627242 2.9 230.4 230.0
2016-10-25 14:03:52 413824998 114.342297 30.626278 114.342737 30.62667 2.9 226.6 226.0
2016-10-25 14:04:57 413824998 114.341267 30.625397 114.342297 30.626278 2.9 227.2 227.0
2016-10-25 14:06:13 413824998 114.340543 30.624902 114.341267 30.625397 2.8 233.2 233.0
2016-10-25 14:07:08 413824998 114.339782 30.624458 114.340543 30.624902 2.8 236.8 236.0
2016-10-25 14:08:28 413824998 114.33862 30.623835 114.339782 30.624458 2.8 235.5 235.0
2016-10-25 14:08:59 413824998 114.338242 30.62362 114.33862 30.623835 2.7 237.2 237.0
2016-10-25 14:09:29 413824998 114.337857 30.623403 114.338242 30.62362 2.8 238.5 238.0
2016-10-25 14:10:01 413824998 114.337475 30.62321 114.337857 30.623403 2.8 239.7 239.0
2016-10-25 14:10:47 413824998 114.337083 30.62301 114.337475 30.62321 2.8 238.9 238.0
2016-10-25 14:11:41 413824998 114.336283 30.622587 114.337083 30.62301 2.8 241.0 241.0
2016-10-25 14:13:00 413824998 114.335522 30.622198 114.336283 30.622587 2.7 237.5 237.0
2016-10-25 14:15:48 413824998 114.333145 30.620733 114.335522 30.622198 2.7 226.2 226.0
2016-10-25 14:16:41 413824998 114.332498 30.620178 114.333145 30.620733 2.9 226.4 226.0
2016-10-25 14:17:32 413824998 114.332175 30.619898 114.332498 30.620178 2.8 224.8 224.0
2016-10-25 14:18:04 413824998 114.331518 30.619347 114.332175 30.619898 2.9 228.6 228.0
2016-10-25 14:19:03 413824998 114.331167 30.61907 114.331518 30.619347 2.9 226.5 226.0
2016-10-25 14:19:54 413824998 114.330452 30.618495 114.331167 30.61907 3.0 226.7 226.0
2016-10-25 14:20:59 413824998 114.329782 30.617835 114.330452 30.618495 3.0 217.9 217.0
2016-10-25 14:22:13 413824998 114.328813 30.616862 114.329782 30.617835 3.1 223.4 223.0
2016-10-25 14:22:47 413824998 114.328488 30.616538 114.328813 30.616862 3.1 218.6 218.0
2016-10-25 14:23:42 413824998 114.328162 30.616213 114.328488 30.616538 3.1 220.7 220.0
2016-10-25 14:25:02 413824998 114.327102 30.615067 114.328162 30.616213 3.2 217.1 217.0
2016-10-25 14:25:58 413824998 114.326475 30.614345 114.327102 30.615067 3.3 216.6 216.0
2016-10-25 14:26:48 413824998 114.326127 30.613943 114.326475 30.614345 3.4 218.1 218.0
2016-10-25 14:27:22 413824998 114.32545 30.613187 114.326127 30.613943 3.4 219.6 219.0
2016-10-25 14:27:54 413824998 114.325108 30.612823 114.32545 30.613187 3.5 218.5 218.0
2016-10-25 14:28:26 413824998 114.324657 30.612337 114.325108 30.612823 3.5 218.8 218.0
2016-10-25 14:29:21 413824998 114.32429 30.611935 114.324657 30.612337 3.5 218.1 218.0
2016-10-25 14:30:30 413824998 114.323498 30.610993 114.32429 30.611935 3.5 213.4 213.0
2016-10-25 14:31:53 413824998 114.32285 30.61019 114.323498 30.610993 3.6 214.5 214.0
2016-10-25 14:33:24 413824998 114.321537 30.608492 114.32285 30.61019 3.6 212.3 212.0
2016-10-25 14:34:49 413824998 114.320533 30.607277 114.321537 30.608492 3.5 216.0 216.0
2016-10-25 14:35:52 413824998 114.319832 30.60646 114.320533 30.607277 3.6 218.3 218.0
2016-10-25 14:36:45 413824998 114.319107 30.6057 114.319832 30.60646 3.5 223.9 223.0
2016-10-25 14:37:16 413824998 114.3187 30.605318 114.319107 30.6057 3.6 225.0 225.0
2016-10-25 14:38:19 413824998 114.317915 30.604528 114.3187 30.605318 3.6 219.1 219.0
2016-10-25 14:40:05 413824998 114.316738 30.603198 114.317915 30.604528 3.5 215.9 215.0
2016-10-25 14:41:27 413824998 114.31564 30.602068 114.316738 30.603198 3.5 216.6 216.0
2016-10-25 14:42:02 413824998 114.315298 30.60168 114.31564 30.602068 3.7 219.5 219.0
2016-10-25 14:42:56 413824998 114.31461 30.600925 114.315298 30.60168 3.5 213.7 213.0
2016-10-25 14:43:47 413824998 114.314262 30.60049 114.31461 30.600925 3.5 216.1 216.0
2016-10-25 14:44:26 413824998 114.313593 30.599692 114.314262 30.60049 3.6 216.1 216.0
2016-10-25 14:44:56 413824998 114.313245 30.599292 114.313593 30.599692 3.5 215.2 215.0
2016-10-25 14:45:23 413824998 114.312922 30.59888 114.313245 30.599292 3.5 215.8 215.0
2016-10-25 14:46:14 413824998 114.312588 30.598475 114.312922 30.59888 3.5 218.1 218.0
2016-10-25 14:46:46 413824998 114.311942 30.59767 114.312588 30.598475 3.3 215.4 215.0
2016-10-25 14:47:16 413824998 114.311583 30.597265 114.311942 30.59767 3.4 218.3 218.0
2016-10-25 14:47:46 413824998 114.311237 30.596892 114.311583 30.597265 3.5 218.6 218.0
2016-10-25 14:48:39 413824998 114.31085 30.596495 114.311237 30.596892 3.5 223.0 223.0
2016-10-25 14:49:12 413824998 114.310352 30.596005 114.31085 30.596495 3.4 221.6 221.0
2016-10-25 14:50:18 413824998 114.309525 30.595287 114.310352 30.596005 3.6 226.3 226.0
2016-10-25 14:51:03 413824998 114.308658 30.594587 114.309525 30.595287 3.5 230.1 230.0
2016-10-25 14:51:58 413824998 114.307733 30.593938 114.308658 30.594587 3.6 230.4 230.0
2016-10-25 14:53:05 413824998 114.307295 30.593603 114.307733 30.593938 3.6 230.3 230.0
2016-10-25 14:53:39 413824998 114.30644 30.592983 114.307295 30.593603 3.5 225.7 225.0
2016-10-25 14:54:36 413824998 114.305683 30.59226 114.30644 30.592983 3.4 218.4 218.0
2016-10-25 14:55:18 413824998 114.305352 30.59188 114.305683 30.59226 3.5 215.4 215.0
2016-10-25 14:56:18 413824998 114.30475 30.591062 114.305352 30.59188 4.4 210.4 210.0
2016-10-25 14:57:42 413824998 114.303902 30.589777 114.30475 30.591062 3.4 210.7 210.0
2016-10-25 14:59:09 413824998 114.302873 30.58836 114.303902 30.589777 3.7 210.6 210.0
2016-10-25 14:59:57 413824998 114.302578 30.587955 114.302873 30.58836 3.6 211.6 211.0
2016-10-25 15:00:57 413824998 114.301963 30.587057 114.302578 30.587955 3.6 208.5 208.0
2016-10-25 15:02:19 413824998 114.30116 30.58566 114.301963 30.587057 3.8 207.5 207.0
2016-10-25 15:02:50 413824998 114.300867 30.585218 114.30116 30.58566 3.8 210.3 210.0
2016-10-25 15:03:19 413824998 114.300577 30.584767 114.300867 30.585218 3.8 209.9 209.0
2016-10-25 15:03:53 413824998 114.300265 30.584312 114.300577 30.584767 3.8 209.8 209.0
2016-10-25 15:05:17 413824998 114.299628 30.58337 114.300265 30.584312 3.8 210.3 210.0
2016-10-25 15:06:17 413824998 114.298698 30.582012 114.299628 30.58337 3.6 211.1 211.0
2016-10-25 15:07:05 413824998 114.298392 30.58153 114.298698 30.582012 3.7 207.9 207.0
2016-10-25 15:09:10 413824998 114.297193 30.579762 114.298392 30.58153 3.6 210.4 210.0
2016-10-25 15:09:57 413824998 114.296465 30.57873 114.297193 30.579762 3.6 216.6 216.0
2016-10-25 15:12:04 413824998 114.295027 30.57713 114.296465 30.57873 3.5 220.9 220.0
2016-10-25 15:13:18 413824998 114.294322 30.576352 114.295027 30.57713 3.6 214.5 214.0
2016-10-25 15:14:16 413824998 114.29364 30.575498 114.294322 30.576352 3.5 208.1 208.0
2016-10-25 15:16:55 413824998 114.292008 30.572802 114.29364 30.575498 3.6 208.4 208.0
2016-10-25 15:20:49 413824998 114.290013 30.569287 114.292008 30.572802 3.7 207.5 207.0
2016-10-25 15:21:39 413824998 114.289457 30.568348 114.290013 30.569287 3.8 207.2 207.0
2016-10-25 15:22:26 413824998 114.289172 30.567887 114.289457 30.568348 3.7 209.5 209.0
2016-10-25 15:23:58 413824998 114.288192 30.566535 114.289172 30.567887 3.8 213.8 213.0
2016-10-25 15:25:28 413824998 114.287135 30.565193 114.288192 30.566535 3.8 214.5 214.0
2016-10-25 15:26:28 413824998 114.286472 30.564278 114.287135 30.565193 3.8 209.0 209.0
2016-10-25 15:27:13 413824998 114.285895 30.563342 114.286472 30.564278 3.7 206.5 206.0
2016-10-25 15:30:11 413824998 114.284295 30.560328 114.285895 30.563342 3.7 204.3 204.0
2016-10-25 15:31:05 413824998 114.284067 30.559833 114.284295 30.560328 3.7 202.0 202.0
2016-10-25 15:31:54 413824998 114.283615 30.558835 114.284067 30.559833 3.8 200.1 200.0
2016-10-25 15:32:30 413824998 114.283408 30.558327 114.283615 30.558835 3.8 198.9 198.0
2016-10-25 15:33:21 413824998 114.283017 30.557308 114.283408 30.558327 3.9 198.6 198.0
2016-10-25 15:34:53 413824998 114.282442 30.555735 114.283017 30.557308 3.8 197.4 197.0
2016-10-25 15:36:34 413824998 114.281783 30.55404 114.282442 30.555735 3.7 202.9 202.0
2016-10-25 15:42:34 413824998 114.2790953809524 30.54873206349206     
2016-10-25 15:46:01 413824998 114.27755 30.54568 114.277953 30.546545 3.3 200.7 200.0
2016-10-25 15:49:47 413824998 114.275897 30.54264 114.27755 30.54568 3.2 208.8 208.0
