2016-10-17 12:36:40 413998132 114.611868 30.557772 114.613903 30.557102 4.6 289.2
2016-10-17 12:39:46 413998132 114.607223 30.559012 114.611868 30.557772 5.1 293.3
2016-10-17 12:45:46 413998132 114.6016791762007 30.56730884918935    
2016-10-17 12:51:46 413998132 114.5961353524013 30.57560569837871    
2016-10-17 12:57:46 413998132 114.590591528602 30.58390254756806    
2016-10-17 13:03:46 413998132 114.5850477048027 30.59219939675742    
2016-10-17 13:09:46 413998132 114.5795038810034 30.60049624594677    
2016-10-17 13:15:46 413998132 114.573960057204 30.60879309513613    
2016-10-17 13:21:46 413998132 114.5684162334047 30.61708994432548    
2016-10-17 13:27:46 413998132 114.5628724096054 30.62538679351483    
2016-10-17 13:33:46 413998132 114.5573285858061 30.63368364270419    
2016-10-17 13:34:15 413998132 114.556882 30.634352 114.558292 30.63129 5.9 337.5
2016-10-17 13:35:36 413998132 114.55591 30.636688 114.556882 30.634352 6.0 340.3
2016-10-17 13:36:57 413998132 114.554852 30.639072 114.55591 30.636688 5.9 342.8
2016-10-17 13:38:21 413998132 114.554117 30.6411 114.554852 30.639072 5.7 341.3
2016-10-17 13:40:38 413998132 114.552467 30.644587 114.554117 30.6411 5.6 336.3
2016-10-17 13:42:01 413998132 114.551467 30.646517 114.552467 30.644587 5.5 335.0
2016-10-17 13:48:01 413998132 114.5476316359584 30.65385233432392    
2016-10-17 13:53:14 413998132 114.544297 30.66023 114.551467 30.646517 4.4 342.3
2016-10-17 13:54:37 413998132 114.543882 30.661477 114.544297 30.66023 4.5 344.2
2016-10-17 13:56:53 413998132 114.543693 30.664593 114.543882 30.661477 4.5 7.9
2016-10-17 13:57:19 413998132 114.543783 30.665217 114.543693 30.664593 4.2 10.5
2016-10-17 13:58:45 413998132 114.543972 30.666578 114.543783 30.665217 2.8 354.8
2016-10-17 14:00:44 413998132 114.543602 30.668003 114.543972 30.666578 2.6 345.2
2016-10-17 14:01:33 413998132 114.543387 30.668733 114.543602 30.668003 2.7 342.3
2016-10-17 14:02:02 413998132 114.5433 30.6689 114.543387 30.668733 2.7 342.5
2016-10-17 14:02:50 413998132 114.543103 30.669458 114.5433 30.6689 2.6 345.0
2016-10-17 14:05:05 413998132 114.54266 30.670732 114.543103 30.669458 1.5 341.6
2016-10-17 14:05:42 413998132 114.542577 30.670927 114.54266 30.670732 1.4 343.1
2016-10-17 14:06:07 413998132 114.542573 30.671138 114.542577 30.670927 1.3 342.1
2016-10-17 14:07:48 413998132 114.542573 30.671138 114.542573 30.671138 1.3 342.1
2016-10-17 14:13:48 413998132 114.5425430810811 30.67130559459459    
2016-10-17 14:19:48 413998132 114.5425131621622 30.67147318918919    
2016-10-17 14:25:48 413998132 114.5424832432432 30.67164078378378    
2016-10-17 14:31:48 413998132 114.5424533243243 30.67180837837838    
2016-10-17 14:32:28 413998132 114.54245 30.671827 114.54245 30.671817 0.0 342.4
2016-10-17 14:36:16 413998132 114.54245 30.671817 114.54245 30.671827 0.0 342.4
2016-10-17 14:37:09 413998132 114.54245 30.671817 114.54245 30.671817 0.0 342.4
2016-10-17 14:37:57 413998132 114.542447 30.671838 114.54245 30.671817 0.0 342.4
2016-10-17 14:38:28 413998132 114.542448 30.671838 114.542447 30.671838 0.0 342.4
2016-10-17 14:38:59 413998132 114.542448 30.671838 114.542448 30.671838 0.0 342.4
2016-10-17 14:39:27 413998132 114.54245 30.671833 114.542448 30.671838 0.0 342.4
2016-10-17 14:39:56 413998132 114.54245 30.671833 114.54245 30.671833 0.0 342.4
2016-10-17 14:41:01 413998132 114.542453 30.671838 114.54245 30.671833 0.0 342.4
2016-10-17 14:41:56 413998132 114.542453 30.67184 114.542453 30.671838 0.0 342.4
2016-10-17 14:42:53 413998132 114.542453 30.67184 114.542453 30.67184 0.0 342.4
2016-10-17 14:43:41 413998132 114.542455 30.671842 114.542453 30.67184 0.0 342.4
2016-10-17 14:49:41 413998132 114.5424620473083 30.67184376182708    
2016-10-17 14:53:54 413998132 114.542467 30.671845 114.542467 30.671847 0.0 342.4
2016-10-17 14:59:54 413998132 114.542467 30.67184638355112    
2016-10-17 15:05:54 413998132 114.542467 30.67184776710223    
2016-10-17 15:11:54 413998132 114.542467 30.67184915065334    
2016-10-17 15:15:35 413998132 114.542467 30.67185 114.542467 30.67185 0.0 342.4
2016-10-17 15:17:39 413998132 114.542477 30.671857 114.542467 30.67185 0.0 342.4
2016-10-17 15:20:45 413998132 114.542467 30.67185 114.542477 30.671857 0.0 342.4
2016-10-17 15:21:43 413998132 114.542467 30.67185 114.542467 30.67185 0.0 342.4
2016-10-17 15:22:37 413998132 114.542467 30.67185 114.542467 30.67185 0.0 342.4
2016-10-17 15:23:38 413998132 114.542475 30.671862 114.542467 30.67185 0.0 342.4
2016-10-17 15:24:40 413998132 114.542475 30.671862 114.542475 30.671862 0.0 342.4
2016-10-17 15:27:16 413998132 114.542472 30.67186 114.542475 30.671862 0.0 342.4
2016-10-17 15:33:16 413998132 114.5424713846154 30.67186092307692    
2016-10-17 15:39:16 413998132 114.5424707692308 30.67186184615385    
2016-10-17 15:45:16 413998132 114.5424701538462 30.67186276923077    
2016-10-17 15:46:46 413998132 114.54247 30.671863 114.542473 30.671863 0.0 342.4
2016-10-17 15:52:46 413998132 114.5424706515837 30.67186462895927    
2016-10-17 15:58:46 413998132 114.5424713031674 30.67186625791855    
2016-10-17 16:04:46 413998132 114.5424719547511 30.67186788687783    
2016-10-17 16:05:11 413998132 114.542472 30.671868 114.542472 30.671868 0.0 342.4
2016-10-17 16:05:43 413998132 114.542472 30.671868 114.542472 30.671868 0.0 342.4
2016-10-17 16:06:53 413998132 114.542472 30.671868 114.542472 30.671868 0.0 342.4
2016-10-17 16:07:50 413998132 114.542473 30.671865 114.542472 30.671868 0.0 342.4
2016-10-17 16:13:50 413998132 114.5424686626506 30.67186381708653    
2016-10-17 16:19:50 413998132 114.5424643253012 30.67186263417306    
2016-10-17 16:23:03 413998132 114.542462 30.671862 114.542462 30.671863 0.0 342.4
2016-10-17 16:23:36 413998132 114.54246 30.671862 114.542462 30.671862 0.0 342.4
2016-10-17 16:25:47 413998132 114.54246 30.671862 114.54246 30.671862 0.0 342.4
2016-10-17 16:27:25 413998132 114.54246 30.67186 114.54246 30.671862 0.0 342.4
2016-10-17 16:28:33 413998132 114.542462 30.671862 114.54246 30.67186 0.0 342.4
2016-10-17 16:33:55 413998132 114.542462 30.671862 114.542462 30.671862 0.0 342.4
2016-10-17 16:39:55 413998132 114.5424653842538 30.67186538425382    
2016-10-17 16:45:55 413998132 114.5424687685076 30.67186876850764    
2016-10-17 16:48:06 413998132 114.54247 30.67187 114.54247 30.67187 0.0 342.4
2016-10-17 16:49:04 413998132 114.54247 30.671868 114.54247 30.67187 0.0 342.4
2016-10-17 16:50:09 413998132 114.542472 30.671868 114.54247 30.671868 0.0 342.4
2016-10-17 16:54:27 413998132 114.542467 30.67185 114.542472 30.671868 0.0 342.4
2016-10-17 16:56:55 413998132 114.542485 30.671865 114.542467 30.67185 0.0 342.4
2016-10-17 16:58:51 413998132 114.542488 30.671865 114.542485 30.671865 0.0 342.4
2016-10-17 17:02:42 413998132 114.542488 30.671865 114.542488 30.671865 0.0 342.4
2016-10-17 17:03:15 413998132 114.542483 30.67185 114.542488 30.671865 0.0 342.4
2016-10-17 17:04:30 413998132 114.542483 30.67185 114.542483 30.67185 0.0 342.4
2016-10-17 17:10:30 413998132 114.5424645933413 30.67182346016647    
2016-10-17 17:16:30 413998132 114.5424461866825 30.67179692033294    
2016-10-17 17:18:31 413998132 114.54244 30.671788 114.542503 30.671865 0.4 207.4
2016-10-17 17:20:14 413998132 114.542283 30.671733 114.54244 30.671788 0.3 271.0
2016-10-17 17:22:38 413998132 114.542283 30.671733 114.542283 30.671733 0.3 271.0
2016-10-17 17:23:00 413998132 114.542043 30.671688 114.542283 30.671733 0.2 198.0
2016-10-17 17:24:28 413998132 114.542173 30.671417 114.542043 30.671688 1.3 154.1
2016-10-17 17:24:55 413998132 114.542267 30.671238 114.542173 30.671417 1.3 154.4
2016-10-17 17:25:21 413998132 114.542267 30.671238 114.542267 30.671238 1.3 154.4
2016-10-17 17:27:10 413998132 114.542483 30.670733 114.542267 30.671238 0.4 167.2
2016-10-17 17:28:30 413998132 114.542483 30.670733 114.542483 30.670733 0.4 167.2
2016-10-17 17:29:28 413998132 114.542373 30.671248 114.542483 30.670733 1.1 2.6
2016-10-17 17:29:55 413998132 114.5424 30.671393 114.542373 30.671248 1.1 6.7
2016-10-17 17:32:11 413998132 114.542233 30.67205 114.5424 30.671393 1.2 341.1
2016-10-17 17:33:11 413998132 114.542162 30.672262 114.542233 30.67205 1.0 342.3
2016-10-17 17:34:19 413998132 114.5421 30.672517 114.542162 30.672262 0.6 346.0
2016-10-17 17:36:48 413998132 114.542033 30.67265 114.5421 30.672517 0.0 350.1
2016-10-17 17:39:49 413998132 114.542135 30.672555 114.542033 30.67265 0.7 162.7
2016-10-17 17:40:57 413998132 114.542328 30.672097 114.542135 30.672555 0.8 155.9
2016-10-17 17:41:26 413998132 114.542402 30.672015 114.542328 30.672097 0.6 146.3
2016-10-17 17:41:54 413998132 114.542417 30.67195 114.542402 30.672015 0.6 147.2
2016-10-17 17:43:47 413998132 114.542643 30.671325 114.542417 30.67195 1.8 160.3
2016-10-17 17:45:51 413998132 114.542643 30.671325 114.542643 30.671325 1.8 160.3
2016-10-17 17:48:01 413998132 114.5434 30.669567 114.542643 30.671325 0.9 173.2
2016-10-17 17:48:48 413998132 114.5434 30.669567 114.5434 30.669567 0.9 173.2
2016-10-17 17:49:10 413998132 114.543557 30.669512 114.5434 30.669567 0.3 95.0
2016-10-17 17:49:42 413998132 114.543598 30.669533 114.543557 30.669512 0.4 46.2
2016-10-17 17:52:08 413998132 114.543598 30.669533 114.543598 30.669533 0.4 46.2
2016-10-17 17:53:51 413998132 114.54375 30.6698 114.543598 30.669533 0.0 7.0
2016-10-17 17:55:09 413998132 114.54375 30.6698 114.54375 30.6698 0.0 7.0
2016-10-17 17:55:46 413998132 114.54375 30.6698 114.54375 30.6698 0.0 7.0
2016-10-17 17:56:15 413998132 114.54375 30.6698 114.54375 30.6698 0.0 7.0
2016-10-17 17:57:20 413998132 114.54375 30.6698 114.54375 30.6698 0.0 7.0
2016-10-17 17:57:51 413998132 114.543733 30.6698 114.54375 30.6698 0.0 7.0
2016-10-17 17:58:16 413998132 114.543733 30.6698 114.543733 30.6698 0.0 7.0
2016-10-17 17:59:55 413998132 114.543745 30.669815 114.543733 30.6698 0.0 7.0
2016-10-17 18:00:16 413998132 114.543733 30.6698 114.543745 30.669815 0.0 7.0
2016-10-17 18:01:31 413998132 114.543733 30.669817 114.543733 30.6698 0.0 7.0
2016-10-17 18:03:11 413998132 114.543745 30.669818 114.543733 30.669817 0.0 7.0
2016-10-17 18:06:19 413998132 114.543745 30.669818 114.543745 30.669818 0.0 7.0
2016-10-17 18:07:02 413998132 114.543745 30.669822 114.543745 30.669818 0.0 7.0
2016-10-17 18:13:02 413998132 114.543745 30.66982280178174    
2016-10-17 18:14:31 413998132 114.543745 30.669823 114.543745 30.669823 0.0 7.0
2016-10-17 18:15:44 413998132 114.543733 30.669817 114.543745 30.669823 0.0 7.0
2016-10-17 18:18:02 413998132 114.543745 30.669825 114.543733 30.669817 0.0 7.0
2016-10-17 18:18:54 413998132 114.543745 30.669825 114.543745 30.669825 0.0 7.0
2016-10-17 18:20:04 413998132 114.543733 30.669817 114.543745 30.669825 0.0 7.0
2016-10-17 18:20:34 413998132 114.543747 30.669825 114.543733 30.669817 0.0 7.0
2016-10-17 18:23:04 413998132 114.543747 30.669823 114.543747 30.669825 0.0 7.0
2016-10-17 18:23:36 413998132 114.543747 30.669822 114.543747 30.669823 0.0 7.0
2016-10-17 18:24:20 413998132 114.543747 30.669822 114.543747 30.669822 0.0 7.0
2016-10-17 18:26:58 413998132 114.543747 30.669818 114.543747 30.669822 0.0 7.0
2016-10-17 18:27:21 413998132 114.543747 30.669818 114.543747 30.669818 0.0 7.0
2016-10-17 18:29:19 413998132 114.543747 30.669818 114.543747 30.669818 0.0 7.0
2016-10-17 18:30:18 413998132 114.543747 30.669818 114.543747 30.669818 0.0 7.0
2016-10-17 18:33:42 413998132 114.543748 30.669808 114.543747 30.669818 0.0 7.0
2016-10-17 18:39:23 413998132 114.543748 30.669808 114.543748 30.669808 0.0 7.0
2016-10-17 18:41:22 413998132 114.543733 30.669783 114.543748 30.669808 0.0 7.0
2016-10-17 18:42:12 413998132 114.543733 30.669783 114.543733 30.669783 0.0 7.0
2016-10-17 18:43:30 413998132 114.543747 30.669795 114.543733 30.669783 0.0 7.0
2016-10-17 18:44:21 413998132 114.543747 30.669795 114.543747 30.669795 0.0 7.0
2016-10-17 18:46:13 413998132 114.543747 30.669795 114.543747 30.669795 0.0 7.0
2016-10-17 18:48:39 413998132 114.543742 30.66979 114.543747 30.669795 0.0 7.0
2016-10-17 18:49:01 413998132 114.543733 30.669783 114.543742 30.66979 0.0 7.0
2016-10-17 18:51:59 413998132 114.543738 30.669787 114.543733 30.669783 0.0 7.0
2016-10-17 18:57:25 413998132 114.543737 30.669782 114.543733 30.669767 0.0 7.0
2016-10-17 19:00:25 413998132 114.543733 30.669767 114.543737 30.669782 0.0 7.0
2016-10-17 19:00:53 413998132 114.543733 30.669767 114.543733 30.669767 0.0 7.0
2016-10-17 19:01:54 413998132 114.543737 30.669777 114.543733 30.669767 0.0 7.0
2016-10-17 19:03:06 413998132 114.543737 30.669775 114.543737 30.669777 0.0 7.0
2016-10-17 19:05:00 413998132 114.543737 30.669775 114.543737 30.669775 0.0 7.0
2016-10-17 19:05:47 413998132 114.543737 30.669775 114.543737 30.669775 0.0 7.0
2016-10-17 19:06:34 413998132 114.543735 30.669773 114.543737 30.669775 0.0 7.0
2016-10-17 19:07:01 413998132 114.543735 30.669773 114.543735 30.669773 0.0 7.0
2016-10-17 19:08:01 413998132 114.543735 30.669773 114.543735 30.669773 0.0 7.0
2016-10-17 19:09:34 413998132 114.543733 30.669773 114.543735 30.669773 0.0 7.0
2016-10-17 19:09:58 413998132 114.543733 30.669773 114.543733 30.669773 0.0 7.0
2016-10-17 19:10:59 413998132 114.543717 30.669767 114.543733 30.669773 0.0 7.0
2016-10-17 19:12:27 413998132 114.543733 30.669767 114.543717 30.669767 0.0 7.0
2016-10-17 19:12:52 413998132 114.543733 30.669772 114.543733 30.669767 0.0 7.0
2016-10-17 19:13:13 413998132 114.543733 30.669767 114.543733 30.669772 0.0 7.0
2016-10-17 19:13:51 413998132 114.543733 30.669767 114.543733 30.669767 0.0 7.0
2016-10-17 19:14:17 413998132 114.543733 30.669772 114.543733 30.669767 0.0 7.0
2016-10-17 19:15:58 413998132 114.543733 30.669772 114.543733 30.669772 0.0 7.0
2016-10-17 19:16:16 413998132 114.543717 30.669767 114.543733 30.669772 0.0 7.0
2016-10-17 19:17:04 413998132 114.543717 30.669767 114.543717 30.669767 0.0 7.0
2016-10-17 19:17:46 413998132 114.543717 30.669767 114.543717 30.669767 0.0 7.0
2016-10-17 19:18:58 413998132 114.543733 30.669767 114.543717 30.669767 0.0 7.0
2016-10-17 19:20:57 413998132 114.543717 30.669767 114.543733 30.669767 0.0 7.0
2016-10-17 19:22:00 413998132 114.543717 30.669767 114.543717 30.669767 0.0 7.0
2016-10-17 19:22:22 413998132 114.543717 30.669767 114.543717 30.669767 0.0 7.0
2016-10-17 19:22:47 413998132 114.543717 30.669767 114.543717 30.669767 0.0 7.0
2016-10-17 19:23:29 413998132 114.54373 30.669773 114.543717 30.669767 0.0 7.0
2016-10-17 19:24:42 413998132 114.54373 30.669773 114.54373 30.669773 0.0 7.0
2016-10-17 19:25:45 413998132 114.543732 30.669773 114.54373 30.669773 0.0 7.0
2016-10-17 19:26:07 413998132 114.543717 30.669767 114.543732 30.669773 0.0 7.0
2016-10-17 19:26:30 413998132 114.543732 30.669772 114.543717 30.669767 0.0 7.0
2016-10-17 19:28:19 413998132 114.543732 30.669772 114.543732 30.669772 0.0 7.0
2016-10-17 19:29:24 413998132 114.54373 30.669772 114.543732 30.669772 0.0 7.0
2016-10-17 19:30:10 413998132 114.54373 30.669772 114.54373 30.669772 0.0 7.0
2016-10-17 19:30:31 413998132 114.543732 30.66977 114.54373 30.669772 0.0 7.0
2016-10-17 19:31:14 413998132 114.543732 30.66977 114.543732 30.66977 0.0 7.0
2016-10-17 19:31:42 413998132 114.543732 30.66977 114.543732 30.66977 0.0 7.0
2016-10-17 19:32:03 413998132 114.543732 30.66977 114.543732 30.66977 0.0 7.0
2016-10-17 19:32:44 413998132 114.543717 30.669767 114.543732 30.66977 0.0 7.0
2016-10-17 19:33:35 413998132 114.543717 30.669767 114.543717 30.669767 0.0 7.0
2016-10-17 19:34:46 413998132 114.543717 30.669767 114.543717 30.669767 0.0 7.0
2016-10-17 19:35:33 413998132 114.543717 30.669767 114.543717 30.669767 0.0 7.0
2016-10-17 19:36:18 413998132 114.543732 30.669767 114.543717 30.669767 0.0 7.0
2016-10-17 19:36:42 413998132 114.543717 30.669767 114.543732 30.669767 0.0 7.0
2016-10-17 19:37:23 413998132 114.54373 30.669767 114.543717 30.669767 0.0 7.0
2016-10-17 19:38:37 413998132 114.543732 30.669768 114.54373 30.669767 0.0 7.0
2016-10-17 19:40:36 413998132 114.543732 30.669768 114.543732 30.669768 0.0 7.0
2016-10-17 19:41:04 413998132 114.543717 30.669767 114.543732 30.669768 0.0 7.0
2016-10-17 19:41:27 413998132 114.543717 30.669767 114.543717 30.669767 0.0 7.0
2016-10-17 19:41:49 413998132 114.543732 30.66977 114.543717 30.669767 0.0 7.0
2016-10-17 19:42:40 413998132 114.543732 30.66977 114.543732 30.66977 0.0 7.0
2016-10-17 19:43:24 413998132 114.543733 30.669768 114.543732 30.66977 0.0 7.0
2016-10-17 19:45:49 413998132 114.543735 30.669768 114.543733 30.669768 0.0 7.0
2016-10-17 19:46:26 413998132 114.543735 30.669768 114.543735 30.669768 0.0 7.0
2016-10-17 19:46:50 413998132 114.543737 30.669768 114.543735 30.669768 0.0 7.0
2016-10-17 19:47:30 413998132 114.543737 30.669768 114.543737 30.669768 0.0 7.0
2016-10-17 19:48:39 413998132 114.54375 30.66975 114.543737 30.669768 0.2 118.2
2016-10-17 19:49:49 413998132 114.543817 30.669617 114.54375 30.66975 0.2 176.7
2016-10-17 19:50:25 413998132 114.54384 30.669565 114.543817 30.669617 0.6 160.1
2016-10-17 19:50:48 413998132 114.543877 30.669443 114.54384 30.669565 0.8 158.3
2016-10-17 19:51:46 413998132 114.543877 30.669443 114.543877 30.669443 0.8 158.3
2016-10-17 19:52:30 413998132 114.544083 30.66895 114.543877 30.669443 1.1 157.4
2016-10-17 19:52:47 413998132 114.544107 30.668892 114.544083 30.66895 0.6 167.4
