2016-10-17 14:51:22 413833233 114.627517 30.5563 114.631257 30.560302 3.7 263.8 263.0
2016-10-17 14:52:23 413833233 114.626233 30.556345 114.627517 30.5563 4.0 274.4 274.0
2016-10-17 14:56:24 413833233 114.620387 30.557027 114.626233 30.556345 4.8 278.9 278.0
2016-10-17 15:00:39 413833233 114.613968 30.557758 114.620387 30.557027 4.4 273.8 273.0
2016-10-17 15:02:11 413833233 114.612245 30.55784 114.613968 30.557758 4.1 271.3 271.0
2016-10-17 15:03:44 413833233 114.610007 30.557925 114.612245 30.55784 3.9 273.3 273.0
2016-10-17 15:06:53 413833233 114.606203 30.558337 114.610007 30.557925 3.6 285.4 285.0
2016-10-17 15:11:02 413833233 114.602083 30.559807 114.606203 30.558337 3.7 295.0 295.0
2016-10-17 15:12:38 413833233 114.599735 30.560185 114.602083 30.559807 3.8 271.8 271.0
2016-10-17 15:18:38 413833233 114.5937109340659 30.56441532967033     
2016-10-17 15:24:38 413833233 114.5876868681319 30.56864565934066     
2016-10-17 15:30:38 413833233 114.5816628021978 30.57287598901099     
2016-10-17 15:30:50 413833233 114.581462 30.573017 114.581748 30.572448 4.6 336.4 336.0
2016-10-17 15:34:57 413833233 114.578567 30.577547 114.581462 30.573017 4.8 329.6 329.0
2016-10-17 15:40:57 413833233 114.5752030368165 30.58584434704927     
2016-10-17 15:46:57 413833233 114.5718390736329 30.59414169409854     
2016-10-17 15:52:57 413833233 114.5684751104494 30.60243904114781     
2016-10-17 15:58:57 413833233 114.5651111472658 30.61073638819708     
2016-10-17 16:04:57 413833233 114.5617471840823 30.61903373524635     
2016-10-17 16:05:44 413833233 114.561308 30.620117 114.564102 30.612232 5.5 345.1 345.0
2016-10-17 16:08:59 413833233 114.560178 30.624335 114.561308 30.620117 5.3 350.4 350.0
2016-10-17 16:11:09 413833233 114.559082 30.627927 114.560178 30.624335 5.0 339.5 339.0
2016-10-17 16:17:09 413833233 114.5552811773779 30.63550273264782     
2016-10-17 16:17:38 413833233 114.554975 30.636113 114.559082 30.627927 4.9 340.4 340.0
2016-10-17 16:19:53 413833233 114.553855 30.639092 114.554975 30.636113 4.9 345.5 345.0
2016-10-17 16:20:55 413833233 114.553397 30.640393 114.553855 30.639092 4.8 343.9 343.0
2016-10-17 16:23:04 413833233 114.552227 30.643162 114.553397 30.640393 4.7 340.8 340.0
2016-10-17 16:24:37 413833233 114.551522 30.644752 114.552227 30.643162 4.8 338.2 338.0
2016-10-17 16:25:49 413833233 114.550803 30.646163 114.551522 30.644752 4.7 335.6 335.0
2016-10-17 16:26:22 413833233 114.550307 30.64708 114.550803 30.646163 4.8 334.7 334.0
2016-10-17 16:28:01 413833233 114.5492 30.648915 114.550307 30.64708 4.8 331.8 331.0
2016-10-17 16:31:11 413833233 114.546667 30.652663 114.5492 30.648915 4.9 330.7 330.0
2016-10-17 16:32:22 413833233 114.546132 30.653587 114.546667 30.652663 4.9 335.0 335.0
2016-10-17 16:32:54 413833233 114.545505 30.654872 114.546132 30.653587 4.9 338.5 338.0
2016-10-17 16:33:26 413833233 114.545228 30.655497 114.545505 30.654872 4.8 339.3 339.0
2016-10-17 16:34:38 413833233 114.544882 30.656437 114.545228 30.655497 4.6 343.4 343.0
2016-10-17 16:36:16 413833233 114.544062 30.658757 114.544882 30.656437 4.4 342.0 342.0
2016-10-17 16:39:02 413833233 114.542735 30.662002 114.544062 30.658757 4.3 340.6 340.0
2016-10-17 16:40:30 413833233 114.542633 30.662265 114.542735 30.662002 4.3 341.5 341.0
2016-10-17 16:43:23 413833233 114.540898 30.66661 114.542633 30.662265 4.2 339.6 339.0
2016-10-17 16:43:54 413833233 114.540633 30.667177 114.540898 30.66661 4.1 337.9 337.0
2016-10-17 16:44:52 413833233 114.539992 30.668428 114.540633 30.667177 4.2 333.1 333.0
2016-10-17 16:46:02 413833233 114.539335 30.669523 114.539992 30.668428 4.5 331.1 331.0
2016-10-17 16:46:57 413833233 114.538412 30.670647 114.539335 30.669523 4.9 321.0 321.0
2016-10-17 16:48:37 413833233 114.536937 30.672352 114.538412 30.670647 5.2 322.7 322.0
2016-10-17 16:49:41 413833233 114.535892 30.673492 114.536937 30.672352 5.1 320.3 320.0
2016-10-17 16:50:11 413833233 114.535058 30.674328 114.535892 30.673492 5.2 318.7 318.0
2016-10-17 16:51:05 413833233 114.534465 30.674873 114.535058 30.674328 5.2 316.8 316.0
2016-10-17 16:52:58 413833233 114.531777 30.677257 114.534465 30.674873 5.1 312.7 312.0
2016-10-17 16:53:32 413833233 114.531165 30.677733 114.531777 30.677257 5.1 312.1 312.0
2016-10-17 16:54:28 413833233 114.530207 30.678472 114.531165 30.677733 5.2 311.8 311.0
2016-10-17 16:55:56 413833233 114.528258 30.679932 114.530207 30.678472 5.2 311.7 311.0
2016-10-17 16:57:31 413833233 114.52664 30.681032 114.528258 30.679932 5.0 304.9 304.0
2016-10-17 16:58:28 413833233 114.525152 30.68182 114.52664 30.681032 5.0 298.9 298.0
2016-10-17 17:00:20 413833233 114.522785 30.682667 114.525152 30.68182 5.2 290.1 290.0
2016-10-17 17:00:47 413833233 114.521145 30.683232 114.522785 30.682667 5.3 292.3 292.0
2016-10-17 17:02:13 413833233 114.518908 30.684028 114.521145 30.683232 5.4 293.2 293.0
2016-10-17 17:03:16 413833233 114.517638 30.684435 114.518908 30.684028 5.4 288.4 288.0
2016-10-17 17:04:30 413833233 114.515545 30.685005 114.517638 30.684435 5.3 285.0 285.0
2016-10-17 17:05:08 413833233 114.514015 30.685318 114.515545 30.685005 5.3 283.4 283.0
2016-10-17 17:05:39 413833233 114.5136 30.685405 114.514015 30.685318 5.3 283.6 283.0
2016-10-17 17:07:00 413833233 114.511415 30.685858 114.5136 30.685405 5.5 284.0 284.0
2016-10-17 17:09:02 413833233 114.507867 30.686557 114.511415 30.685858 4.6 279.0 279.0
2016-10-17 17:09:29 413833233 114.507482 30.686622 114.507867 30.686557 4.6 280.8 280.0
2016-10-17 17:10:57 413833233 114.505227 30.686938 114.507482 30.686622 4.5 278.5 278.0
2016-10-17 17:12:19 413833233 114.502853 30.68725 114.505227 30.686938 4.5 281.2 281.0
2016-10-17 17:12:49 413833233 114.502128 30.6874 114.502853 30.68725 4.5 283.8 283.0
2016-10-17 17:13:17 413833233 114.501747 30.68748 114.502128 30.6874 4.5 283.8 283.0
2016-10-17 17:13:45 413833233 114.501392 30.687565 114.501747 30.68748 4.6 285.2 285.0
2016-10-17 17:14:46 413833233 114.499868 30.687808 114.501392 30.687565 4.7 277.3 277.0
2016-10-17 17:15:14 413833233 114.49917 30.687872 114.499868 30.687808 4.6 276.2 276.0
2016-10-17 17:16:04 413833233 114.498462 30.687908 114.49917 30.687872 4.6 272.6 272.0
2016-10-17 17:16:37 413833233 114.49692 30.687892 114.498462 30.687908 4.6 267.6 267.0
2016-10-17 17:17:24 413833233 114.495447 30.687775 114.49692 30.687892 4.4 263.1 263.0
2016-10-17 17:17:55 413833233 114.49476 30.687702 114.495447 30.687775 4.1 262.6 262.0
2016-10-17 17:19:20 413833233 114.492967 30.687447 114.49476 30.687702 3.8 259.0 259.0
2016-10-17 17:20:15 413833233 114.492048 30.687312 114.492967 30.687447 3.7 261.6 261.0
2016-10-17 17:21:12 413833233 114.490755 30.687098 114.492048 30.687312 4.2 259.8 259.0
2016-10-17 17:22:11 413833233 114.489475 30.686912 114.490755 30.687098 4.4 259.7 259.0
2016-10-17 17:22:39 413833233 114.488737 30.686792 114.489475 30.686912 4.6 259.5 259.0
2016-10-17 17:24:03 413833233 114.486852 30.686375 114.488737 30.686792 4.7 252.0 252.0
2016-10-17 17:24:30 413833233 114.486488 30.686267 114.486852 30.686375 4.8 251.4 251.0
2016-10-17 17:25:22 413833233 114.484803 30.68574 114.486488 30.686267 4.9 248.7 248.0
2016-10-17 17:25:58 413833233 114.484035 30.685475 114.484803 30.68574 5.0 248.0 248.0
2016-10-17 17:26:23 413833233 114.483358 30.685233 114.484035 30.685475 4.8 247.4 247.0
2016-10-17 17:26:46 413833233 114.48257 30.684953 114.483358 30.685233 4.8 247.8 247.0
2016-10-17 17:27:40 413833233 114.481497 30.684568 114.48257 30.684953 4.7 248.0 248.0
2016-10-17 17:28:56 413833233 114.479532 30.68386 114.481497 30.684568 4.8 245.3 245.0
2016-10-17 17:29:28 413833233 114.4788 30.68356 114.479532 30.68386 4.9 244.2 244.0
2016-10-17 17:30:18 413833233 114.477712 30.6831 114.4788 30.68356 4.9 243.3 243.0
2016-10-17 17:30:45 413833233 114.476992 30.682778 114.477712 30.6831 4.9 242.8 242.0
2016-10-17 17:32:38 413833233 114.474372 30.681573 114.476992 30.682778 4.9 241.4 241.0
2016-10-17 17:33:12 413833233 114.47368 30.68126 114.474372 30.681573 4.8 242.9 242.0
2016-10-17 17:33:57 413833233 114.473298 30.6811 114.47368 30.68126 4.9 243.7 243.0
2016-10-17 17:34:51 413833233 114.471492 30.680285 114.473298 30.6811 5.0 241.3 241.0
2016-10-17 17:35:15 413833233 114.470888 30.680005 114.471492 30.680285 4.6 241.6 241.0
2016-10-17 17:36:00 413833233 114.469942 30.67954 114.470888 30.680005 4.5 240.3 240.0
2016-10-17 17:36:26 413833233 114.46933 30.679225 114.469942 30.67954 4.4 239.3 239.0
2016-10-17 17:37:31 413833233 114.46901 30.679057 114.46933 30.679225 4.4 238.5 238.0
2016-10-17 17:38:04 413833233 114.467417 30.678198 114.46901 30.679057 4.5 238.4 238.0
2016-10-17 17:39:50 413833233 114.465493 30.677222 114.467417 30.678198 4.6 241.5 241.0
2016-10-17 17:42:38 413833233 114.46116 30.67558 114.465493 30.677222 4.8 249.3 249.0
2016-10-17 17:43:48 413833233 114.459658 30.675105 114.46116 30.67558 4.8 249.9 249.0
2016-10-17 17:45:04 413833233 114.45781 30.674505 114.459658 30.675105 4.8 249.3 249.0
2016-10-17 17:48:26 413833233 114.452727 30.673208 114.45781 30.674505 4.6 269.0 269.0
2016-10-17 17:49:11 413833233 114.45165 30.673352 114.452727 30.673208 4.6 283.0 283.0
2016-10-17 17:50:06 413833233 114.450153 30.673863 114.45165 30.673352 4.9 295.0 295.0
2016-10-17 17:50:54 413833233 114.449413 30.674173 114.450153 30.673863 5.0 295.7 295.0
2016-10-17 17:51:23 413833233 114.448668 30.674497 114.449413 30.674173 4.9 296.2 296.0
2016-10-17 17:51:46 413833233 114.447925 30.674785 114.448668 30.674497 4.9 294.3 294.0
2016-10-17 17:52:31 413833233 114.447185 30.675053 114.447925 30.674785 4.8 292.1 292.0
2016-10-17 17:53:02 413833233 114.446012 30.675342 114.447185 30.675053 4.7 283.4 283.0
2016-10-17 17:53:52 413833233 114.444898 30.675473 114.446012 30.675342 4.5 276.7 276.0
2016-10-17 17:55:09 413833233 114.44294 30.675485 114.444898 30.675473 4.4 268.1 268.0
2016-10-17 17:56:16 413833233 114.441467 30.675375 114.44294 30.675485 4.6 263.8 263.0
2016-10-17 17:57:00 413833233 114.44026 30.675205 114.441467 30.675375 4.8 259.1 259.0
2016-10-17 17:58:38 413833233 114.437717 30.674562 114.44026 30.675205 5.0 248.8 248.0
2016-10-17 17:59:32 413833233 114.436993 30.674297 114.437717 30.674562 5.0 246.8 246.0
2016-10-17 17:59:56 413833233 114.435867 30.673848 114.436993 30.674297 5.0 244.0 244.0
2016-10-17 18:01:32 413833233 114.433672 30.672872 114.435867 30.673848 5.0 242.8 242.0
2016-10-17 18:01:55 413833233 114.432922 30.672533 114.433672 30.672872 5.1 242.8 242.0
2016-10-17 18:02:20 413833233 114.432532 30.672362 114.432922 30.672533 5.1 242.9 242.0
2016-10-17 18:02:48 413833233 114.431773 30.672018 114.432532 30.672362 5.1 242.6 242.0
2016-10-17 18:03:33 413833233 114.430635 30.67151 114.431773 30.672018 5.1 242.3 242.0
2016-10-17 18:04:25 413833233 114.429537 30.67101 114.430635 30.67151 5.0 242.2 242.0
2016-10-17 18:05:09 413833233 114.428433 30.670498 114.429537 30.67101 5.0 241.3 241.0
2016-10-17 18:06:41 413833233 114.4263 30.669385 114.428433 30.670498 5.0 237.7 237.0
2016-10-17 18:07:35 413833233 114.42527 30.66876 114.4263 30.669385 5.0 233.2 233.0
2016-10-17 18:08:44 413833233 114.423615 30.667588 114.42527 30.66876 5.1 230.2 230.0
2016-10-17 18:09:17 413833233 114.423285 30.667375 114.423615 30.667588 5.1 232.7 232.0
2016-10-17 18:09:40 413833233 114.422253 30.66678 114.423285 30.667375 4.9 237.6 237.0
2016-10-17 18:09:59 413833233 114.421912 30.666615 114.422253 30.66678 4.9 240.4 240.0
2016-10-17 18:10:47 413833233 114.421548 30.666445 114.421912 30.666615 4.8 241.2 241.0
2016-10-17 18:12:27 413833233 114.418627 30.665182 114.421548 30.666445 5.2 244.3 244.0
2016-10-17 18:13:32 413833233 114.41695 30.664468 114.418627 30.665182 5.6 243.5 243.0
2016-10-17 18:15:45 413833233 114.413092 30.662983 114.41695 30.664468 5.6 247.3 247.0
2016-10-17 18:16:08 413833233 114.412225 30.662655 114.413092 30.662983 5.7 246.4 246.0
2016-10-17 18:17:18 413833233 114.410585 30.66206 114.412225 30.662655 5.4 248.1 248.0
2016-10-17 18:18:55 413833233 114.408173 30.661255 114.410585 30.66206 5.3 250.2 250.0
2016-10-17 18:19:40 413833233 114.406455 30.66079 114.408173 30.661255 5.5 252.7 252.0
2016-10-17 18:21:18 413833233 114.404717 30.660247 114.406455 30.66079 5.4 248.7 248.0
2016-10-17 18:22:03 413833233 114.402748 30.659587 114.404717 30.660247 4.6 246.8 246.0
2016-10-17 18:22:22 413833233 114.402388 30.659458 114.402748 30.659587 4.5 247.5 247.0
2016-10-17 18:23:36 413833233 114.401032 30.658965 114.402388 30.659458 4.4 244.5 244.0
2016-10-17 18:24:01 413833233 114.400403 30.65872 114.401032 30.658965 4.4 245.5 245.0
2016-10-17 18:25:11 413833233 114.398668 30.658172 114.400403 30.65872 4.5 250.3 250.0
2016-10-17 18:25:52 413833233 114.3983 30.658065 114.398668 30.658172 4.5 251.3 251.0
2016-10-17 18:27:22 413833233 114.395792 30.657428 114.3983 30.658065 4.5 256.6 256.0
2016-10-17 18:27:42 413833233 114.39546 30.657355 114.395792 30.657428 4.5 255.9 255.0
2016-10-17 18:28:33 413833233 114.39395 30.657043 114.39546 30.657355 4.7 256.5 256.0
2016-10-17 18:29:20 413833233 114.393212 30.656907 114.39395 30.657043 4.7 257.7 257.0
2016-10-17 18:29:53 413833233 114.392075 30.65668 114.393212 30.656907 4.6 256.2 256.0
2016-10-17 18:31:48 413833233 114.389457 30.655878 114.392075 30.65668 4.6 249.5 249.0
2016-10-17 18:32:12 413833233 114.388755 30.655653 114.389457 30.655878 4.6 249.5 249.0
2016-10-17 18:32:58 413833233 114.387673 30.655313 114.388755 30.655653 4.6 248.9 248.0
2016-10-17 18:33:43 413833233 114.386933 30.655085 114.387673 30.655313 4.7 250.9 250.0
2016-10-17 18:34:04 413833233 114.386313 30.654885 114.386933 30.655085 4.8 248.6 248.0
2016-10-17 18:34:54 413833233 114.384865 30.654365 114.386313 30.654885 4.8 246.4 246.0
2016-10-17 18:35:37 413833233 114.383757 30.65391 114.384865 30.654365 5.0 244.0 244.0
2016-10-17 18:38:31 413833233 114.379733 30.651993 114.383757 30.65391 5.0 238.2 238.0
2016-10-17 18:40:30 413833233 114.376967 30.650415 114.379733 30.651993 5.2 236.2 236.0
2016-10-17 18:40:56 413833233 114.376253 30.650058 114.376967 30.650415 5.1 239.9 239.0
2016-10-17 18:41:22 413833233 114.375885 30.649873 114.376253 30.650058 5.0 239.6 239.0
2016-10-17 18:41:47 413833233 114.375203 30.649498 114.375885 30.649873 5.0 237.5 237.0
2016-10-17 18:42:41 413833233 114.374143 30.648902 114.375203 30.649498 5.0 237.5 237.0
2016-10-17 18:43:31 413833233 114.37294 30.648252 114.374143 30.648902 5.1 237.2 237.0
2016-10-17 18:43:55 413833233 114.372232 30.647857 114.37294 30.648252 5.1 237.0 237.0
2016-10-17 18:44:22 413833233 114.37154 30.647465 114.372232 30.647857 5.0 236.8 236.0
2016-10-17 18:46:52 413833233 114.368587 30.645768 114.37154 30.647465 4.7 235.9 235.0
2016-10-17 18:47:14 413833233 114.368272 30.64559 114.368587 30.645768 4.7 236.7 236.0
2016-10-17 18:49:02 413833233 114.365905 30.644092 114.368272 30.64559 4.5 231.8 231.0
2016-10-17 18:49:42 413833233 114.365305 30.643697 114.365905 30.644092 4.5 232.7 232.0
2016-10-17 18:50:09 413833233 114.364728 30.643312 114.365305 30.643697 4.5 231.9 231.0
2016-10-17 18:50:32 413833233 114.364123 30.642962 114.364728 30.643312 4.5 236.3 236.0
2016-10-17 18:51:12 413833233 114.363202 30.642283 114.364123 30.642962 4.9 227.3 227.0
2016-10-17 18:51:35 413833233 114.362888 30.642028 114.363202 30.642283 5.0 226.9 226.0
2016-10-17 18:52:21 413833233 114.362235 30.641492 114.362888 30.642028 5.1 225.1 225.0
2016-10-17 18:53:12 413833233 114.36141 30.640692 114.362235 30.641492 5.0 221.2 221.0
2016-10-17 18:53:55 413833233 114.36031 30.639667 114.36141 30.640692 4.8 223.1 223.0
2016-10-17 18:54:49 413833233 114.35972 30.639192 114.36031 30.639667 4.9 227.1 227.0
2016-10-17 18:55:50 413833233 114.358185 30.638055 114.35972 30.639192 4.4 230.2 230.0
2016-10-17 18:56:20 413833233 114.357598 30.637653 114.358185 30.638055 4.3 231.7 231.0
2016-10-17 18:57:25 413833233 114.356512 30.63695 114.357598 30.637653 4.3 233.3 233.0
2016-10-17 18:57:52 413833233 114.355938 30.636557 114.356512 30.63695 4.2 231.7 231.0
2016-10-17 18:59:20 413833233 114.35473 30.635713 114.355938 30.636557 4.2 229.8 229.0
2016-10-17 19:00:27 413833233 114.35344 30.634735 114.35473 30.635713 4.2 227.4 227.0
2016-10-17 19:00:54 413833233 114.352923 30.634318 114.35344 30.634735 4.3 226.5 226.0
2016-10-17 19:02:23 413833233 114.351627 30.633255 114.352923 30.634318 4.3 225.5 225.0
2016-10-17 19:03:28 413833233 114.350145 30.632037 114.351627 30.633255 4.2 227.9 227.0
2016-10-17 19:03:55 413833233 114.349917 30.631848 114.350145 30.632037 4.2 226.6 226.0
2016-10-17 19:04:19 413833233 114.349413 30.631445 114.349917 30.631848 4.2 226.6 226.0
2016-10-17 19:05:01 413833233 114.348912 30.631052 114.349413 30.631445 4.2 228.3 228.0
2016-10-17 19:05:48 413833233 114.347873 30.630273 114.348912 30.631052 4.1 228.9 228.0
2016-10-17 19:06:13 413833233 114.347645 30.63011 114.347873 30.630273 4.0 229.8 229.0
2016-10-17 19:07:42 413833233 114.345973 30.628957 114.347645 30.63011 3.9 234.0 234.0
2016-10-17 19:09:14 413833233 114.344327 30.627957 114.345973 30.628957 4.1 234.8 234.0
2016-10-17 19:09:59 413833233 114.343565 30.627457 114.344327 30.627957 4.1 231.5 231.0
2016-10-17 19:10:22 413833233 114.343292 30.62727 114.343565 30.627457 4.0 231.5 231.0
2016-10-17 19:10:41 413833233 114.343042 30.627092 114.343292 30.62727 4.0 230.3 230.0
2016-10-17 19:11:00 413833233 114.342525 30.626717 114.343042 30.627092 4.1 229.2 229.0
2016-10-17 19:11:25 413833233 114.342282 30.626523 114.342525 30.626717 4.1 227.5 227.0
2016-10-17 19:11:45 413833233 114.34179 30.626133 114.342282 30.626523 4.1 227.8 227.0
2016-10-17 19:12:28 413833233 114.341083 30.625562 114.34179 30.626133 4.2 226.8 226.0
2016-10-17 19:13:14 413833233 114.340322 30.624957 114.341083 30.625562 4.2 227.9 227.0
2016-10-17 19:13:52 413833233 114.339783 30.624567 114.340322 30.624957 4.2 230.6 230.0
2016-10-17 19:14:18 413833233 114.339228 30.624227 114.339783 30.624567 4.2 234.6 234.0
2016-10-17 19:14:56 413833233 114.33869 30.623898 114.339228 30.624227 4.2 234.9 234.0
2016-10-17 19:15:59 413833233 114.337307 30.623022 114.33869 30.623898 4.3 232.7 232.0
2016-10-17 19:17:47 413833233 114.336723 30.622667 114.337307 30.623022 4.3 235.4 235.0
2016-10-17 19:18:37 413833233 114.335047 30.621695 114.336723 30.622667 4.2 237.4 237.0
2016-10-17 19:19:18 413833233 114.333637 30.620828 114.333922 30.621018 4.2 232.6 232.0
2016-10-17 19:20:18 413833233 114.332708 30.620188 114.333637 30.620828 4.2 229.9 229.0
2016-10-17 19:20:38 413833233 114.332455 30.619995 114.332708 30.620188 4.2 228.6 228.0
2016-10-17 19:20:58 413833233 114.331937 30.619593 114.332455 30.619995 4.2 227.6 227.0
2016-10-17 19:21:22 413833233 114.33169 30.619397 114.331937 30.619593 4.2 227.4 227.0
2016-10-17 19:22:48 413833233 114.330167 30.618032 114.33169 30.619397 4.2 222.5 222.0
2016-10-17 19:23:30 413833233 114.32973 30.617583 114.330167 30.618032 4.2 220.0 220.0
2016-10-17 19:24:21 413833233 114.329052 30.616893 114.32973 30.617583 4.3 219.9 219.0
2016-10-17 19:25:04 413833233 114.3282 30.615992 114.329052 30.616893 4.3 218.8 218.0
2016-10-17 19:25:46 413833233 114.327758 30.615533 114.3282 30.615992 4.3 220.0 220.0
2016-10-17 19:26:31 413833233 114.326902 30.614567 114.327758 30.615533 4.3 216.4 216.0
2016-10-17 19:28:00 413833233 114.325663 30.613205 114.326902 30.614567 4.4 219.2 219.0
2016-10-17 19:28:47 413833233 114.32499 30.612477 114.325663 30.613205 4.5 217.7 217.0
2016-10-17 19:29:25 413833233 114.324347 30.611718 114.32499 30.612477 4.4 215.6 215.0
2016-10-17 19:31:15 413833233 114.323013 30.609975 114.324347 30.611718 4.5 213.1 213.0
2016-10-17 19:31:43 413833233 114.32263 30.60947 114.323013 30.609975 4.5 213.0 213.0
2016-10-17 19:32:24 413833233 114.322045 30.608693 114.32263 30.60947 4.5 213.7 213.0
2016-10-17 19:34:21 413833233 114.320535 30.606842 114.322045 30.608693 4.5 216.8 216.0
2016-10-17 19:34:47 413833233 114.320097 30.606342 114.320535 30.606842 4.5 217.5 217.0
2016-10-17 19:36:18 413833233 114.318678 30.60483 114.320097 30.606342 4.5 218.9 218.0
2016-10-17 19:37:05 413833233 114.318468 30.6046 114.318678 30.60483 4.5 218.3 218.0
2016-10-17 19:37:53 413833233 114.317247 30.60342 114.318468 30.6046 4.4 221.7 221.0
2016-10-17 19:38:17 413833233 114.317058 30.603233 114.317247 30.60342 4.4 221.2 221.0
2016-10-17 19:39:00 413833233 114.316305 30.602548 114.317058 30.603233 4.4 224.0 224.0
2016-10-17 19:39:53 413833233 114.315257 30.601687 114.316305 30.602548 4.4 227.9 227.0
2016-10-17 19:40:15 413833233 114.314728 30.601298 114.315257 30.601687 4.5 229.7 229.0
2016-10-17 19:40:37 413833233 114.314465 30.60112 114.314728 30.601298 4.4 231.7 231.0
2016-10-17 19:41:05 413833233 114.313905 30.600722 114.314465 30.60112 4.5 229.2 229.0
2016-10-17 19:42:41 413833233 114.312203 30.599445 114.313905 30.600722 4.6 225.9 225.0
2016-10-17 19:43:05 413833233 114.31171 30.599 114.312203 30.599445 4.6 223.4 223.0
2016-10-17 19:43:45 413833233 114.311222 30.598517 114.31171 30.599 4.6 221.0 221.0
2016-10-17 19:44:30 413833233 114.310305 30.59751 114.311222 30.598517 4.6 216.8 216.0
2016-10-17 19:44:49 413833233 114.310068 30.597235 114.310305 30.59751 4.6 216.5 216.0
2016-10-17 19:45:31 413833233 114.309862 30.596995 114.310068 30.597235 4.6 216.7 216.0
2016-10-17 19:46:27 413833233 114.3092 30.596195 114.309862 30.596995 4.7 215.0 215.0
2016-10-17 19:47:09 413833233 114.308055 30.594817 114.3092 30.596195 4.8 216.2 216.0
2016-10-17 19:47:31 413833233 114.307595 30.594278 114.308055 30.594817 4.8 216.4 216.0
2016-10-17 19:48:40 413833233 114.306637 30.593262 114.307595 30.594278 4.7 220.4 220.0
2016-10-17 19:49:00 413833233 114.306148 30.592768 114.306637 30.593262 4.8 220.5 220.0
2016-10-17 19:50:09 413833233 114.305153 30.591745 114.306148 30.592768 4.8 218.8 218.0
2016-10-17 19:50:49 413833233 114.304408 30.5909 114.305153 30.591745 4.8 215.6 215.0
2016-10-17 19:51:27 413833233 114.304192 30.590623 114.304408 30.5909 4.8 214.2 214.0
2016-10-17 19:52:12 413833233 114.303363 30.58942 114.304192 30.590623 5.0 210.0 210.0
2016-10-17 19:52:31 413833233 114.302992 30.588833 114.303363 30.58942 5.0 208.0 208.0
2016-10-17 19:53:04 413833233 114.302635 30.588237 114.302992 30.588833 5.0 207.4 207.0
2016-10-17 19:54:51 413833233 114.301225 30.58606 114.302635 30.588237 5.2 209.6 209.0
