2016-10-18 9:33:47 413977484 114.308177 30.580377 114.298352 30.565265 0.0 229.6 226.0
2016-10-18 9:34:33 413977484 114.308178 30.580378 114.308177 30.580377 0.0 30.9 30.0
2016-10-18 9:36:40 413977484 114.308178 30.580378 114.308178 30.580378 0.0 160.8 160.0
2016-10-18 09:42:40 413977484 114.3084670640394 30.58037504433497     
2016-10-18 9:46:49 413977484 114.308667 30.580373 114.308665 30.580375 0.0 277.3 163.0
2016-10-18 9:48:19 413977484 114.308667 30.580373 114.308667 30.580373 0.0 127.1 340.0
2016-10-18 9:51:14 413977484 114.308665 30.580373 114.308667 30.580373 0.0 348.9 191.0
2016-10-18 9:52:37 413977484 114.308667 30.580373 114.308665 30.580373 0.0 87.8 303.0
2016-10-18 9:54:10 413977484 114.308667 30.580373 114.308667 30.580373 0.0 225.3 225.0
2016-10-18 9:58:35 413977484 114.308668 30.580373 114.308667 30.580373 0.0 149.6 303.0
2016-10-18 10:00:34 413977484 114.30867 30.580375 114.308668 30.580373 0.0 137.0 350.0
2016-10-18 10:03:36 413977484 114.308672 30.580375 114.30867 30.580375 0.0 267.3 267.0
2016-10-18 10:05:02 413977484 114.308672 30.580375 114.308672 30.580375 0.0 117.8 178.0
2016-10-18 10:06:25 413977484 114.308672 30.580377 114.308672 30.580375 0.0 303.6 303.0
2016-10-18 10:09:34 413977484 114.30867 30.58038 114.308672 30.580377 0.1 151.3 151.0
2016-10-18 10:10:57 413977484 114.308672 30.58038 114.30867 30.58038 0.0 80.3 306.0
2016-10-18 10:15:16 413977484 114.308675 30.580382 114.308672 30.58038 0.0 194.5 298.0
2016-10-18 10:21:16 413977484 114.308675 30.58038044155844     
2016-10-18 10:22:58 413977484 114.308675 30.58038 114.308675 30.580382 0.0 301.8 328.0
2016-10-18 10:24:23 413977484 114.308733 30.58049 114.308675 30.58038 0.6 20.7 19.0
2016-10-18 10:28:51 413977484 114.30884 30.58093 114.308733 30.58049 0.5 168.1 169.0
2016-10-18 10:30:16 413977484 114.30896 30.580705 114.30884 30.58093 0.8 187.6 187.0
2016-10-18 10:36:16 413977484 114.3080188191882 30.58169134686347     
2016-10-18 10:39:18 413977484 114.307543 30.58219 114.308883 30.580588 6.0 339.0 338.0
2016-10-18 10:40:18 413977484 114.307318 30.58411 114.307543 30.58219 7.7 7.0 6.0
2016-10-18 10:41:04 413977484 114.30754 30.585282 114.307318 30.58411 8.0 11.1 10.0
2016-10-18 10:42:09 413977484 114.308233 30.587523 114.30754 30.585282 8.3 20.4 20.0
2016-10-18 10:43:37 413977484 114.309983 30.590685 114.308233 30.587523 8.0 26.4 26.0
2016-10-18 10:44:33 413977484 114.311057 30.59249 114.309983 30.590685 6.2 30.1 30.0
2016-10-18 10:45:01 413977484 114.311548 30.593185 114.311057 30.59249 6.0 30.9 30.0
2016-10-18 10:46:37 413977484 114.313128 30.595333 114.311548 30.593185 5.7 33.0 32.0
2016-10-18 10:47:06 413977484 114.313582 30.595938 114.313128 30.595333 5.7 32.5 32.0
2016-10-18 10:47:42 413977484 114.314117 30.596708 114.313582 30.595938 5.7 30.8 30.0
2016-10-18 10:48:13 413977484 114.3146 30.597398 114.314117 30.596708 6.0 31.0 31.0
2016-10-18 10:49:03 413977484 114.315707 30.59893 114.3146 30.597398 6.6 31.8 31.0
2016-10-18 10:49:33 413977484 114.316327 30.599757 114.315707 30.59893 7.2 33.1 33.0
2016-10-18 10:50:42 413977484 114.317693 30.601537 114.316327 30.599757 7.7 34.6 34.0
2016-10-18 10:51:13 413977484 114.318413 30.602418 114.317693 30.601537 7.7 35.3 35.0
2016-10-18 10:51:43 413977484 114.319137 30.603288 114.318413 30.602418 7.7 35.6 35.0
2016-10-18 10:52:40 413977484 114.320438 30.604838 114.319137 30.603288 6.2 36.0 36.0
2016-10-18 10:53:15 413977484 114.321058 30.605547 114.320438 30.604838 5.9 35.0 35.0
2016-10-18 10:53:47 413977484 114.321605 30.606232 114.321058 30.605547 5.9 34.6 34.0
2016-10-18 10:54:19 413977484 114.322162 30.606888 114.321605 30.606232 5.8 36.8 36.0
2016-10-18 10:54:47 413977484 114.322715 30.607525 114.322162 30.606888 5.7 38.3 38.0
2016-10-18 10:55:19 413977484 114.323238 30.608105 114.322715 30.607525 4.8 38.9 38.0
2016-10-18 10:55:48 413977484 114.323685 30.608555 114.323238 30.608105 4.3 38.7 38.0
2016-10-18 10:56:15 413977484 114.324123 30.609018 114.323685 30.608555 3.8 39.6 39.0
2016-10-18 10:57:44 413977484 114.32517 30.610138 114.324123 30.609018 3.1 36.6 36.0
2016-10-18 10:58:14 413977484 114.325442 30.610527 114.32517 30.610138 2.9 34.9 34.0
2016-10-18 10:58:41 413977484 114.325692 30.610857 114.325442 30.610527 2.8 34.2 34.0
2016-10-18 10:59:19 413977484 114.325973 30.611177 114.325692 30.610857 2.8 36.9 36.0
2016-10-18 10:59:53 413977484 114.326237 30.611488 114.325973 30.611177 2.7 34.6 35.0
2016-10-18 11:00:23 413977484 114.326455 30.61176 114.326237 30.611488 2.2 36.0 37.0
2016-10-18 11:00:51 413977484 114.326657 30.611998 114.326455 30.61176 1.9 38.0 38.0
2016-10-18 11:01:25 413977484 114.326893 30.612165 114.326657 30.611998 1.8 67.5 67.0
2016-10-18 11:04:09 413977484 114.32828 30.613257 114.326893 30.612165 1.5 37.9 38.0
2016-10-18 11:05:04 413977484 114.328382 30.61358 114.32828 30.613257 1.8 335.8 340.0
2016-10-18 11:07:42 413977484 114.325882 30.614918 114.328382 30.61358 3.8 280.2 279.0
2016-10-18 11:08:11 413977484 114.325263 30.614978 114.325882 30.614918 3.9 278.9 279.0
2016-10-18 11:08:41 413977484 114.32463 30.615092 114.325263 30.614978 3.8 275.9 275.0
2016-10-18 11:09:10 413977484 114.324042 30.615137 114.32463 30.615092 3.7 274.0 273.0
2016-10-18 11:10:06 413977484 114.323498 30.615113 114.324042 30.615137 3.1 262.2 264.0
2016-10-18 11:11:03 413977484 114.322503 30.615008 114.323498 30.615113 2.9 265.4 264.0
2016-10-18 11:11:40 413977484 114.322052 30.614953 114.322503 30.615008 2.6 260.9 260.0
2016-10-18 11:12:12 413977484 114.32167 30.614862 114.322052 30.614953 2.1 252.3 248.0
2016-10-18 11:12:43 413977484 114.321198 30.614747 114.32167 30.614862 1.0 265.8 265.0
2016-10-18 11:15:44 413977484 114.320347 30.614427 114.321198 30.614747 0.8 237.0 237.0
2016-10-18 11:18:51 413977484 114.31997 30.614082 114.320347 30.614427 0.2 214.0 214.0
2016-10-18 11:21:50 413977484 114.319867 30.613948 114.31997 30.614082 0.1 31.9 27.0
2016-10-18 11:23:17 413977484 114.319817 30.613887 114.319867 30.613948 0.5 218.9 218.0
2016-10-18 11:24:47 413977484 114.31964 30.613745 114.319817 30.613887 0.6 224.5 225.0
2016-10-18 11:28:06 413977484 114.31925 30.613172 114.31964 30.613745 0.4 239.7 239.0
2016-10-18 11:29:37 413977484 114.319113 30.61315 114.31925 30.613172 0.5 254.3 253.0
2016-10-18 11:31:10 413977484 114.318955 30.613188 114.319113 30.61315 0.2 325.8 326.0
2016-10-18 11:34:05 413977484 114.31876 30.613302 114.318955 30.613188 0.2 294.9 294.0
2016-10-18 11:35:38 413977484 114.318693 30.613373 114.31876 30.613302 0.1 355.7 4.0
2016-10-18 11:41:15 413977484 114.31869 30.613427 114.318692 30.613427 0.0 171.3 171.0
2016-10-18 11:42:47 413977484 114.31869 30.613427 114.31869 30.613427 0.0 78.8 132.0
2016-10-18 11:46:09 413977484 114.31869 30.613428 114.31869 30.613427 0.0 46.2 46.0
2016-10-18 11:49:09 413977484 114.31869 30.613428 114.31869 30.613428 0.0 303.2 303.0
2016-10-18 11:52:08 413977484 114.318692 30.613428 114.31869 30.613428 0.0 125.3 125.0
2016-10-18 11:53:41 413977484 114.31869 30.613428 114.318692 30.613428 0.0 98.8 358.0
2016-10-18 11:55:08 413977484 114.318688 30.613427 114.31869 30.613428 0.0 277.4 5.0
2016-10-18 11:58:07 413977484 114.318687 30.613427 114.318688 30.613427 0.0 165.4 165.0
2016-10-18 11:59:33 413977484 114.318687 30.613425 114.318687 30.613427 0.0 243.7 243.0
2016-10-18 12:01:05 413977484 114.318685 30.613425 114.318687 30.613425 0.0 208.2 208.0
2016-10-18 12:04:18 413977484 114.318797 30.613415 114.318685 30.613425 0.3 95.6 95.0
2016-10-18 12:05:52 413977484 114.319215 30.6131 114.318797 30.613415 1.9 126.3 126.0
2016-10-18 12:07:27 413977484 114.32052 30.611978 114.319215 30.6131 3.3 152.9 152.0
2016-10-18 12:07:58 413977484 114.32072 30.611445 114.32052 30.611978 3.8 170.4 170.0
2016-10-18 12:09:22 413977484 114.320685 30.610278 114.32072 30.611445 4.3 186.2 186.0
2016-10-18 12:09:55 413977484 114.320597 30.609658 114.320685 30.610278 4.5 186.5 186.0
2016-10-18 12:10:27 413977484 114.32047 30.609013 114.320597 30.609658 4.7 189.4 189.0
2016-10-18 12:10:54 413977484 114.320335 30.60835 114.32047 30.609013 4.8 189.6 189.0
2016-10-18 12:11:24 413977484 114.320195 30.607663 114.320335 30.60835 4.6 195.7 195.0
2016-10-18 12:12:02 413977484 114.319697 30.606565 114.320195 30.607663 4.7 206.8 206.0
2016-10-18 12:12:36 413977484 114.319293 30.605947 114.319697 30.606565 4.7 215.0 215.0
2016-10-18 12:13:06 413977484 114.318827 30.605395 114.319293 30.605947 4.6 213.8 215.0
2016-10-18 12:13:36 413977484 114.318385 30.604883 114.318827 30.605395 4.6 215.9 215.0
2016-10-18 12:14:11 413977484 114.317963 30.604373 114.318385 30.604883 4.5 215.5 215.0
2016-10-18 12:14:42 413977484 114.31756 30.603832 114.317963 30.604373 4.5 214.3 213.0
2016-10-18 12:15:10 413977484 114.317142 30.603357 114.31756 30.603832 4.5 215.2 215.0
2016-10-18 12:15:39 413977484 114.316713 30.602825 114.317142 30.603357 4.5 215.4 215.0
2016-10-18 12:16:11 413977484 114.316332 30.602322 114.316713 30.602825 4.3 207.3 207.0
2016-10-18 12:16:44 413977484 114.316123 30.601783 114.316332 30.602322 4.2 193.0 193.0
2016-10-18 12:17:41 413977484 114.316088 30.600433 114.316123 30.601783 4.7 176.1 175.0
2016-10-18 12:18:14 413977484 114.316108 30.59977 114.316088 30.600433 4.8 177.5 177.0
2016-10-18 12:18:48 413977484 114.316128 30.599115 114.316108 30.59977 4.9 176.7 176.0
2016-10-18 12:19:16 413977484 114.316192 30.598403 114.316128 30.599115 4.8 179.1 179.0
2016-10-18 12:19:45 413977484 114.316182 30.597703 114.316192 30.598403 4.7 181.2 181.0
2016-10-18 12:20:18 413977484 114.316083 30.597033 114.316182 30.597703 4.7 193.1 191.0
2016-10-18 12:20:48 413977484 114.31591 30.596418 114.316083 30.597033 4.6 195.3 195.0
2016-10-18 12:21:16 413977484 114.315682 30.595743 114.31591 30.596418 4.5 195.8 195.0
2016-10-18 12:21:43 413977484 114.315493 30.595218 114.315682 30.595743 4.4 196.4 196.0
2016-10-18 12:22:52 413977484 114.315102 30.593982 114.315493 30.595218 4.4 195.9 195.0
2016-10-18 12:23:24 413977484 114.31489 30.59342 114.315102 30.593982 4.5 196.4 196.0
2016-10-18 12:23:54 413977484 114.31463 30.592782 114.31489 30.59342 4.5 202.0 202.0
2016-10-18 12:24:31 413977484 114.314328 30.592168 114.31463 30.592782 4.5 207.7 207.0
2016-10-18 12:25:02 413977484 114.313978 30.591633 114.314328 30.592168 4.4 208.0 208.0
2016-10-18 12:25:30 413977484 114.313607 30.591055 114.313978 30.591633 4.4 208.2 208.0
2016-10-18 12:27:21 413977484 114.312372 30.588772 114.313607 30.591055 4.3 206.7 206.0
2016-10-18 12:28:24 413977484 114.31174 30.587723 114.312372 30.588772 4.4 206.8 206.0
2016-10-18 12:28:56 413977484 114.311415 30.587142 114.31174 30.587723 4.5 204.3 204.0
2016-10-18 12:29:29 413977484 114.311092 30.586567 114.311415 30.587142 4.5 207.6 207.0
2016-10-18 12:33:04 413977484 114.309253 30.582742 114.311092 30.586567 2.2 196.3 196.0
2016-10-18 12:33:33 413977484 114.309173 30.582495 114.309253 30.582742 1.8 193.8 193.0
2016-10-18 12:36:09 413977484 114.308795 30.581168 114.309173 30.582495 1.3 192.3 192.0
2016-10-18 12:36:45 413977484 114.308773 30.581018 114.308795 30.581168 0.8 185.9 185.0
2016-10-18 12:39:43 413977484 114.308745 30.580587 114.308773 30.581018 0.2 165.5 165.0
2016-10-18 12:45:43 413977484 114.3087825903614 30.58054073493976     
2016-10-18 12:48:01 413977484 114.308797 30.580523 114.308797 30.58052 0.0 102.9 39.0
2016-10-18 12:51:40 413977484 114.308797 30.580527 114.308797 30.580523 0.0 141.8 141.0
2016-10-18 12:54:14 413977484 114.308798 30.580528 114.308797 30.580527 0.0 202.6 202.0
2016-10-18 13:00:14 413977484 114.3059965454545 30.57828851948052     
2016-10-18 13:00:39 413977484 114.305802 30.578133 114.306277 30.578795 5.6 214.2 213.0
2016-10-18 13:02:36 413977484 114.303992 30.575435 114.305802 30.578133 5.7 209.3 209.0
2016-10-18 13:03:37 413977484 114.303102 30.574023 114.303992 30.575435 5.6 206.2 206.0
2016-10-18 13:04:05 413977484 114.30272 30.573352 114.303102 30.574023 5.7 206.7 206.0
2016-10-18 13:05:02 413977484 114.301808 30.571863 114.30272 30.573352 5.6 206.0 204.0
2016-10-18 13:05:35 413977484 114.301425 30.571185 114.301808 30.571863 5.7 206.4 207.0
2016-10-18 13:06:10 413977484 114.300997 30.57045 114.301425 30.571185 5.7 207.5 206.0
2016-10-18 13:06:44 413977484 114.300567 30.569695 114.300997 30.57045 5.7 203.6 202.0
2016-10-18 13:07:52 413977484 114.299758 30.568188 114.300567 30.569695 5.9 202.8 202.0
2016-10-18 13:09:55 413977484 114.298705 30.566017 114.299758 30.568188 1.9 191.9 191.0
2016-10-18 13:10:29 413977484 114.298613 30.565803 114.298705 30.566017 1.2 192.9 192.0
2016-10-18 13:12:40 413977484 114.298595 30.565617 114.298613 30.565803 0.0 24.8 24.0
2016-10-18 13:18:40 413977484 114.2986051265823 30.56561953164557     
2016-10-18 13:24:31 413977484 114.298615 30.565622 114.298612 30.565623 0.0 151.5 151.0
2016-10-18 13:30:31 413977484 114.298620995458 30.56562336260409     
2016-10-18 13:36:31 413977484 114.298626990916 30.56562472520817     
2016-10-18 13:42:31 413977484 114.298632986374 30.56562608781226     
2016-10-18 13:46:32 413977484 114.298637 30.565627 114.298635 30.565623 0.0 230.2 74.0
2016-10-18 13:48:30 413977484 114.29864 30.565628 114.298637 30.565627 0.0 265.5 265.0
2016-10-18 13:49:50 413977484 114.298642 30.565628 114.29864 30.565628 0.0 245.2 154.0
2016-10-18 13:52:35 413977484 114.298642 30.56563 114.298642 30.565628 0.0 191.9 302.0
2016-10-18 13:54:38 413977484 114.298645 30.56563 114.298642 30.56563 0.0 227.5 49.0
2016-10-18 14:00:38 413977484 114.2986525313808 30.5656330125523     
2016-10-18 14:06:38 413977484 114.2986600627615 30.5656360251046     
2016-10-18 14:10:34 413977484 114.298665 30.565638 114.29866 30.565638 0.0 48.6 48.0
2016-10-18 14:12:30 413977484 114.298667 30.565637 114.298665 30.565638 0.0 82.0 82.0
2016-10-18 14:16:58 413977484 114.298675 30.565633 114.298667 30.565637 0.0 123.4 123.0
2016-10-18 14:22:58 413977484 114.2986778668942 30.56562767576792     
2016-10-18 14:28:58 413977484 114.2986807337884 30.56562235153584     
2016-10-18 14:31:37 413977484 114.298682 30.56562 114.298683 30.56562 0.0 299.9 299.0
2016-10-18 14:34:35 413977484 114.29868 30.565618 114.298682 30.56562 0.0 149.7 345.0
2016-10-18 14:36:47 413977484 114.298678 30.565622 114.29868 30.565618 0.2 291.2 124.0
2016-10-18 14:41:04 413977484 114.29868 30.565623 114.298678 30.565622 0.0 299.7 129.0
2016-10-18 14:47:04 413977484 114.2986820111732 30.565623     
2016-10-18 14:50:01 413977484 114.298683 30.565623 360.0 30.552442 0.0 98.9 187.0
2016-10-18 14:56:01 413977484 114.2986756299213 30.56560939370079     
2016-10-18 15:02:01 413977484 114.2986682598425 30.56559578740157     
2016-10-18 15:08:01 413977484 114.2986608897638 30.56558218110236     
2016-10-18 15:11:11 413977484 114.298657 30.565575 114.298638 30.565575 0.0 128.7 86.0
2016-10-18 15:14:10 413977484 114.298673 30.565582 114.298657 30.565575 0.0 124.0 124.0
2016-10-18 15:17:16 413977484 114.298672 30.565585 114.298673 30.565582 0.0 0.0 292.0
2016-10-18 15:20:13 413977484 114.29868 30.565602 114.298672 30.565585 0.1 121.9 121.0
2016-10-18 15:23:15 413977484 114.29867 30.565587 114.29868 30.565602 0.1 128.8 128.0
2016-10-18 15:26:09 413977484 114.298675 30.565605 114.29867 30.565587 0.0 291.3 291.0
2016-10-18 15:29:24 413977484 114.298677 30.565605 114.298675 30.565605 0.0 124.6 124.0
2016-10-18 15:32:19 413977484 114.298678 30.565603 114.298677 30.565605 0.0 224.9 224.0
2016-10-18 15:38:19 413977484 114.2986710902111 30.56560230902111     
2016-10-18 15:41:00 413977484 114.298668 30.565602 114.298668 30.5656 0.0 64.2 104.0
2016-10-18 15:44:16 413977484 114.298672 30.565593 114.298668 30.565602 0.0 293.0 184.0
2016-10-18 15:47:11 413977484 114.298678 30.565592 114.298672 30.565593 0.0 246.1 246.0
2016-10-18 15:50:04 413977484 114.298688 30.565593 114.298678 30.565592 0.0 142.3 316.0
2016-10-18 15:53:09 413977484 114.298692 30.56559 114.298688 30.565593 0.0 321.6 59.0
2016-10-18 15:56:02 413977484 114.29869 30.565595 114.298692 30.56559 0.0 240.3 286.0
2016-10-18 15:59:21 413977484 114.29869 30.565595 114.29869 30.565595 0.0 132.0 302.0
2016-10-18 16:02:00 413977484 114.298688 30.565593 114.29869 30.565595 0.0 93.0 93.0
2016-10-18 16:02:27 413977484 114.298688 30.565593 114.298688 30.565593 0.1 137.4 137.0
2016-10-18 16:05:15 413977484 114.298683 30.565593 114.298688 30.565593 0.0 240.9 44.0
2016-10-18 16:08:21 413977484 114.298675 30.565583 114.298683 30.565593 0.0 114.8 339.0
2016-10-18 16:11:23 413977484 114.298675 30.565583 114.298675 30.565583 0.0 29.2 96.0
2016-10-18 16:14:01 413977484 114.298662 30.565603 114.298675 30.565583 0.0 138.4 138.0
2016-10-18 16:14:25 413977484 114.298662 30.565603 114.298662 30.565603 0.0 285.3 285.0
2016-10-18 16:17:13 413977484 114.298665 30.565605 114.298662 30.565603 0.0 183.3 77.0
2016-10-18 16:20:16 413977484 114.298662 30.565607 114.298665 30.565605 0.1 295.5 295.0
2016-10-18 16:26:16 413977484 114.2986660358744 30.56560740358745     
2016-10-18 16:32:16 413977484 114.2986700717489 30.56560780717489     
2016-10-18 16:35:08 413977484 114.298672 30.565608 114.298683 30.565628 0.0 243.1 114.0
2016-10-18 16:38:21 413977484 114.298663 30.565597 114.298672 30.565608 0.1 313.2 313.0
2016-10-18 16:41:18 413977484 114.298665 30.565598 114.298663 30.565597 0.0 152.6 346.0
2016-10-18 16:44:16 413977484 114.298663 30.565598 114.298665 30.565598 0.0 189.3 74.0
2016-10-18 16:50:16 413977484 114.2986383034301 30.56561414775726     
2016-10-18 16:50:35 413977484 114.298637 30.565615 114.298637 30.565615 0.0 42.4 42.0
2016-10-18 16:56:35 413977484 114.2986406400404 30.56561081395349     
2016-10-18 17:02:35 413977484 114.2986442800809 30.56560662790698     
2016-10-18 17:08:35 413977484 114.2986479201213 30.56560244186047     
2016-10-18 17:14:35 413977484 114.2986515601618 30.56559825581395     
2016-10-18 17:20:35 413977484 114.2986552002022 30.56559406976744     
2016-10-18 17:23:33 413977484 114.298657 30.565592 114.298667 30.565607 0.2 325.6 53.0
2016-10-18 17:26:36 413977484 114.298667 30.565597 114.298657 30.565592 0.0 288.8 288.0
2016-10-18 17:29:34 413977484 114.29868 30.565623 114.298667 30.565597 0.0 275.7 89.0
2016-10-18 17:32:28 413977484 114.29867 30.565618 114.29868 30.565623 0.0 283.2 239.0
2016-10-18 17:35:24 413977484 114.298675 30.565655 114.29867 30.565618 0.0 92.2 286.0
2016-10-18 17:38:19 413977484 114.298663 30.565633 114.298675 30.565655 0.0 108.5 108.0
2016-10-18 17:41:36 413977484 114.29866 30.565628 114.298663 30.565633 0.0 152.2 297.0
2016-10-18 17:44:30 413977484 114.298657 30.56562 114.29866 30.565628 0.0 221.1 221.0
2016-10-18 17:50:30 413977484 114.2986576593407 30.56561538461538     
2016-10-18 17:53:36 413977484 114.298658 30.565613 114.298657 30.565615 0.0 255.6 179.0
2016-10-18 17:56:29 413977484 114.298655 30.565613 114.298658 30.565613 0.0 112.1 271.0
2016-10-18 17:59:21 413977484 114.298645 30.565608 114.298655 30.565613 0.0 30.0 247.0
2016-10-18 18:02:30 413977484 114.298648 30.565608 114.298645 30.565608 0.0 62.0 114.0
2016-10-18 18:05:23 413977484 114.29865 30.565612 114.298648 30.565608 0.0 96.7 271.0
2016-10-18 18:08:37 413977484 114.298647 30.565643 114.29865 30.565612 0.0 324.8 203.0
2016-10-18 18:14:37 413977484 114.2986514295302 30.56563051677853     
2016-10-18 18:20:37 413977484 114.2986558590604 30.56561803355705     
2016-10-18 18:23:31 413977484 114.298658 30.565612 114.298647 30.565608 0.0 352.1 352.0
2016-10-18 18:26:24 413977484 114.298658 30.565612 114.298658 30.565612 0.0 68.5 73.0
2016-10-18 18:29:42 413977484 114.29866 30.565608 114.298658 30.565612 0.0 54.0 54.0
2016-10-18 18:32:31 413977484 114.298653 30.565597 114.29866 30.565608 0.0 212.4 278.0
2016-10-18 18:35:41 413977484 114.29866 30.565583 114.298653 30.565597 0.0 306.5 311.0
2016-10-18 18:38:38 413977484 114.29866 30.565603 114.29866 30.565583 0.0 265.3 265.0
2016-10-18 18:41:43 413977484 114.298678 30.565593 114.29866 30.565603 0.0 127.1 127.0
2016-10-18 18:44:41 413977484 114.29866 30.565588 114.298678 30.565593 0.0 302.2 306.0
2016-10-18 18:50:41 413977484 114.2986765745856 30.56557739226519     
2016-10-18 18:53:44 413977484 114.298685 30.565572 114.298673 30.565573 0.0 212.8 0.0
2016-10-18 18:56:41 413977484 114.298673 30.565565 114.298685 30.565572 0.0 279.4 279.0
2016-10-18 19:02:41 413977484 114.2986696850829 30.5655703038674     
2016-10-18 19:05:44 413977484 114.298668 30.565573 114.298678 30.56558 0.0 252.3 208.0
2016-10-18 19:08:38 413977484 114.298665 30.56557 114.298668 30.565573 0.0 91.9 91.0
2016-10-18 19:11:37 413977484 114.298667 30.565567 114.298665 30.56557 0.0 197.4 197.0
2016-10-18 19:14:48 413977484 114.29866 30.565558 114.298667 30.565567 0.0 243.1 310.0
2016-10-18 19:20:48 413977484 114.298660806271 30.56556283762598     
2016-10-18 19:26:48 413977484 114.298661612542 30.56556767525196     
2016-10-18 19:29:41 413977484 114.298662 30.56557 114.29867 30.565558 0.0 117.2 117.0
2016-10-18 19:32:49 413977484 114.298662 30.56557 114.298662 30.56557 0.0 67.0 67.0
2016-10-18 19:35:49 413977484 114.298662 30.565568 114.298662 30.56557 0.0 69.0 166.0
2016-10-18 19:38:50 413977484 114.298663 30.565568 114.298662 30.565568 0.0 167.1 59.0
2016-10-18 19:44:50 413977484 114.2986542195122 30.5655646228893     
2016-10-18 19:47:43 413977484 114.29865 30.565563 114.298652 30.565565 0.0 177.8 279.0
2016-10-18 19:50:50 413977484 114.298653 30.565562 114.29865 30.565563 0.0 354.9 173.0
2016-10-18 19:56:50 413977484 114.298651526603 30.56556249113233     
2016-10-18 20:02:50 413977484 114.298650053206 30.56556298226467     
2016-10-18 20:03:03 413977484 114.29865 30.565563 114.29865 30.565563 0.0 34.0 106.0
2016-10-18 20:05:51 413977484 114.298647 30.565562 114.29865 30.565563 0.0 168.5 112.0
2016-10-18 20:08:47 413977484 114.298645 30.56556 114.298647 30.565562 0.0 71.4 71.0
2016-10-18 20:14:47 413977484 114.298645 30.56555537614679     
2016-10-18 20:17:52 413977484 114.298645 30.565553 114.298642 30.56556 0.0 47.4 47.0
2016-10-18 20:21:04 413977484 114.298643 30.565557 114.298645 30.565553 0.0 167.0 307.0
2016-10-18 20:27:01 413977484 114.298645 30.565543 114.298645 30.565543 0.0 251.0 161.0
2016-10-18 20:29:53 413977484 114.298628 30.565533 114.298645 30.565543 0.0 82.8 335.0
2016-10-18 20:35:53 413977484 114.2986405966851 30.5655409558011     
2016-10-18 20:38:56 413977484 114.298647 30.565545 114.29867 30.56555 0.0 146.3 101.0
2016-10-18 20:41:54 413977484 114.298645 30.565538 114.298647 30.565545 0.0 11.6 55.0
2016-10-18 20:44:53 413977484 114.29864 30.565557 114.298645 30.565538 0.0 157.9 22.0
2016-10-18 20:50:53 413977484 114.2986532 30.565569     
2016-10-18 20:56:53 413977484 114.2986664 30.565581     
2016-10-18 20:59:53 413977484 114.298673 30.565587 114.298672 30.56559 0.0 306.7 81.0
2016-10-18 21:03:05 413977484 114.298668 30.565587 114.298673 30.565587 0.0 192.8 128.0
2016-10-18 21:05:53 413977484 114.298665 30.565585 114.298668 30.565587 0.0 235.2 138.0
2016-10-18 21:09:01 413977484 114.298667 30.565583 114.298665 30.565585 0.0 262.1 268.0
2016-10-18 21:11:54 413977484 114.298647 30.565577 114.298667 30.565583 0.0 211.8 352.0
2016-10-18 21:14:52 413977484 114.298637 30.565575 114.298647 30.565577 0.0 141.6 141.0
2016-10-18 21:15:11 413977484 114.298637 30.565575 114.298637 30.565575 0.0 183.0 183.0
2016-10-18 21:21:11 413977484 114.2986512372881 30.565575     
2016-10-18 21:24:02 413977484 114.298658 30.565575 114.298642 30.56559 0.0 304.5 217.0
2016-10-18 21:27:00 413977484 114.298547 30.565567 114.298658 30.565575 0.0 331.0 160.0
2016-10-18 21:33:00 413977484 114.2985658764045 30.56556093258427     
2016-10-18 21:35:54 413977484 114.298575 30.565558 114.29857 30.565558 0.0 292.7 265.0
2016-10-18 21:38:53 413977484 114.298592 30.565567 114.298575 30.565558 0.0 200.5 200.0
2016-10-18 21:39:10 413977484 114.298592 30.565567 114.298592 30.565567 0.0 325.8 325.0
2016-10-18 21:42:07 413977484 114.29859 30.565583 114.298592 30.565567 0.0 202.3 319.0
2016-10-18 21:44:59 413977484 114.298617 30.565572 114.29859 30.565583 0.0 325.7 199.0
2016-10-18 21:50:59 413977484 114.2986537741935 30.56558651612903     
2016-10-18 21:51:11 413977484 114.298655 30.565587 114.298655 30.565587 0.0 319.8 79.0
2016-10-18 21:54:05 413977484 114.298655 30.565587 114.298655 30.565587 0.0 279.2 279.0
2016-10-18 21:56:56 413977484 114.298653 30.565573 114.298655 30.565587 0.0 207.1 269.0
2016-10-18 21:57:10 413977484 114.298652 30.565572 114.298653 30.565573 0.0 227.3 227.0
2016-10-18 22:03:10 413977484 114.298652 30.56557267542214     
2016-10-18 22:06:03 413977484 114.298652 30.565573 114.298597 30.565573 0.0 201.3 338.0
2016-10-18 22:08:54 413977484 114.29864 30.565575 114.298652 30.565573 0.0 73.1 33.0
2016-10-18 22:09:07 413977484 114.29864 30.565575 114.29864 30.565575 0.0 60.4 60.0
2016-10-18 22:12:00 413977484 114.298647 30.565582 114.29864 30.565575 0.0 186.8 12.0
2016-10-18 22:14:56 413977484 114.298657 30.565582 114.298647 30.565582 0.0 171.2 224.0
2016-10-18 22:15:09 413977484 114.298657 30.565582 114.298657 30.565582 0.0 189.3 189.0
2016-10-18 22:18:05 413977484 114.298655 30.56558 114.298657 30.565582 0.0 145.3 293.0
2016-10-18 22:21:03 413977484 114.298653 30.56558 114.298655 30.56558 0.0 151.8 24.0
2016-10-18 22:24:01 413977484 114.298652 30.565582 114.298653 30.56558 0.0 148.8 269.0
2016-10-18 22:27:05 413977484 114.298652 30.565582 114.298652 30.565582 0.0 37.9 352.0
2016-10-18 22:29:59 413977484 114.29865 30.565583 114.298652 30.565582 0.0 0.6 0.0
2016-10-18 22:33:12 413977484 114.298648 30.565583 114.29865 30.565583 0.0 19.8 19.0
2016-10-18 22:39:12 413977484 114.2986463440662 30.565583     
2016-10-18 22:45:12 413977484 114.2986446881325 30.565583     
2016-10-18 22:51:12 413977484 114.2986430321987 30.565583     
2016-10-18 22:51:19 413977484 114.298643 30.565583 114.298643 30.565583 0.0 220.1 220.0
2016-10-18 22:54:08 413977484 114.298662 30.565568 114.298643 30.565583 0.0 209.8 209.0
2016-10-18 22:57:11 413977484 114.298662 30.56557 114.298662 30.565568 0.0 256.9 256.0
2016-10-18 23:00:09 413977484 114.298662 30.565575 114.298662 30.56557 0.0 185.9 185.0
2016-10-18 23:03:08 413977484 114.298657 30.565575 114.298662 30.565575 0.0 305.4 305.0
2016-10-18 23:03:22 413977484 114.298657 30.565575 114.298657 30.565575 0.0 348.1 348.0
2016-10-18 23:06:06 413977484 114.298675 30.56558 114.298657 30.565575 0.0 64.5 64.0
2016-10-18 23:09:10 413977484 114.298657 30.565582 114.298675 30.56558 0.0 225.7 112.0
2016-10-18 23:09:26 413977484 114.298657 30.565582 114.298657 30.565582 0.0 358.3 258.0
2016-10-18 23:12:09 413977484 114.29865 30.56558 114.298657 30.565582 0.0 207.5 207.0
2016-10-18 23:18:09 413977484 114.2986514754098 30.56557901639344     
2016-10-18 23:24:09 413977484 114.2986529508197 30.56557803278688     
2016-10-18 23:24:21 413977484 114.298653 30.565578 114.298652 30.565578 0.0 242.4 242.0
2016-10-18 23:27:20 413977484 114.298653 30.565577 114.298653 30.565578 0.0 86.2 51.0
2016-10-18 23:30:19 413977484 114.298653 30.565577 114.298653 30.565577 0.0 62.8 62.0
2016-10-18 23:33:26 413977484 114.298635 30.565563 114.298653 30.565577 0.0 52.3 245.0
2016-10-18 23:36:29 413977484 114.29864 30.56556 114.298635 30.565563 0.0 342.7 342.0
2016-10-18 23:39:27 413977484 114.29864 30.56556 114.29864 30.56556 0.0 219.5 219.0
2016-10-18 23:42:20 413977484 114.298642 30.565565 114.29864 30.56556 0.0 77.3 77.0
2016-10-18 23:45:19 413977484 114.298645 30.565573 114.298642 30.565565 0.0 245.0 67.0
2016-10-18 23:48:17 413977484 114.298645 30.565573 114.298645 30.565573 0.0 224.0 177.0
2016-10-18 23:51:24 413977484 114.298642 30.565572 114.298645 30.565573 0.0 15.5 240.0
2016-10-18 23:54:23 413977484 114.298642 30.56557 114.298642 30.565572 0.0 267.7 267.0
