2016-10-23 5:04:45 413832166 114.635853 30.56403 114.637427 30.565653 5.6 216.7 11.0
2016-10-23 5:06:26 413832166 114.63404 30.561557 114.635853 30.56403 5.4 210.6 11.0
2016-10-23 5:11:10 413832166 114.62872 30.55694 114.63404 30.561557 4.4 225.8 11.0
2016-10-23 5:13:00 413832166 114.62664 30.55662 114.62872 30.55694 3.6 269.1 11.0
2016-10-23 5:15:13 413832166 114.624547 30.556547 114.62664 30.55662 3.6 265.5 11.0
2016-10-23 5:15:55 413832166 114.623533 30.55648 114.624547 30.556547 3.8 263.8 11.0
2016-10-23 5:16:15 413832166 114.62296 30.55641 114.623533 30.55648 3.8 261.7 11.0
2016-10-23 5:16:46 413832166 114.622347 30.55637 114.62296 30.55641 3.8 268.8 11.0
2016-10-23 5:18:26 413832166 114.620453 30.556263 114.622347 30.55637 3.9 265.8 11.0
2016-10-23 5:19:57 413832166 114.61836 30.55617 114.620453 30.556263 3.9 273.4 11.0
2016-10-23 5:20:18 413832166 114.617933 30.556193 114.61836 30.55617 3.9 273.3 11.0
2016-10-23 5:20:38 413832166 114.617453 30.5562 114.617933 30.556193 3.9 268.8 11.0
2016-10-23 5:21:31 413832166 114.6164 30.55623 114.617453 30.5562 4.0 275.5 11.0
2016-10-23 5:22:05 413832166 114.61576 30.5563 114.6164 30.55623 4.0 277.0 11.0
2016-10-23 5:22:49 413832166 114.614933 30.556383 114.61576 30.5563 4.0 278.7 11.0
2016-10-23 5:23:46 413832166 114.61364 30.556593 114.614933 30.556383 4.0 278.5 11.0
2016-10-23 5:25:01 413832166 114.61172 30.556927 114.61364 30.556593 4.0 285.7 11.0
2016-10-23 5:25:21 413832166 114.611467 30.556983 114.61172 30.556927 4.0 284.4 11.0
2016-10-23 5:25:54 413832166 114.611027 30.557077 114.611467 30.556983 4.0 283.7 11.0
2016-10-23 5:26:18 413832166 114.610227 30.557263 114.611027 30.557077 4.0 285.8 11.0
2016-10-23 5:27:31 413832166 114.608773 30.557723 114.610227 30.557263 4.1 292.8 11.0
2016-10-23 5:27:52 413832166 114.6084 30.557867 114.608773 30.557723 4.1 291.5 11.0
2016-10-23 5:28:11 413832166 114.60792 30.558033 114.6084 30.557867 4.1 291.1 11.0
2016-10-23 5:29:02 413832166 114.607133 30.55827 114.60792 30.558033 4.1 290.7 11.0
2016-10-23 5:29:38 413832166 114.606107 30.558683 114.607133 30.55827 4.2 295.3 11.0
2016-10-23 5:30:52 413832166 114.604627 30.55938 114.606107 30.558683 4.3 298.7 11.0
2016-10-23 5:31:09 413832166 114.60424 30.559553 114.604627 30.55938 4.2 294.6 11.0
2016-10-23 5:31:30 413832166 114.603787 30.559717 114.60424 30.559553 4.3 292.5 11.0
2016-10-23 5:34:37 413832166 114.599613 30.560423 114.603787 30.559717 4.4 276.1 11.0
2016-10-23 5:35:32 413832166 114.598427 30.560553 114.599613 30.560423 4.3 279.5 11.0
2016-10-23 5:36:15 413832166 114.59724 30.56075 114.598427 30.560553 4.3 281.8 11.0
2016-10-23 5:36:46 413832166 114.596533 30.560903 114.59724 30.56075 4.2 286.5 11.0
2016-10-23 5:37:06 413832166 114.596133 30.56102 114.596533 30.560903 4.2 289.9 11.0
2016-10-23 5:37:44 413832166 114.595253 30.561287 114.596133 30.56102 4.2 293.6 11.0
2016-10-23 5:38:15 413832166 114.59488 30.561443 114.595253 30.561287 4.2 295.7 11.0
2016-10-23 5:39:01 413832166 114.593627 30.562047 114.59488 30.561443 4.3 301.9 11.0
2016-10-23 5:42:08 413832166 114.590653 30.563863 114.593627 30.562047 4.1 307.7 11.0
2016-10-23 5:45:09 413832166 114.587373 30.56639 114.590653 30.563863 4.0 314.1 11.0
2016-10-23 5:49:27 413832166 114.58396 30.570067 114.587373 30.56639 4.1 324.8 11.0
2016-10-23 5:50:37 413832166 114.58292 30.571317 114.58396 30.570067 4.2 326.6 11.0
2016-10-23 5:51:16 413832166 114.58232 30.572137 114.58292 30.571317 4.2 325.3 11.0
2016-10-23 5:52:01 413832166 114.58188 30.572673 114.58232 30.572137 4.2 324.9 11.0
2016-10-23 5:52:42 413832166 114.581387 30.573283 114.58188 30.572673 4.2 325.8 11.0
2016-10-23 5:53:02 413832166 114.581013 30.573783 114.581387 30.573283 4.3 327.9 11.0
2016-10-23 5:53:31 413832166 114.580773 30.574123 114.581013 30.573783 4.3 328.7 11.0
2016-10-23 5:53:53 413832166 114.5804 30.57463 114.580773 30.574123 4.3 326.8 11.0
2016-10-23 5:55:36 413832166 114.57916 30.576403 114.5804 30.57463 4.3 332.9 11.0
2016-10-23 06:01:36 413832166 114.5757372164948 30.5835742371134     
2016-10-23 06:07:36 413832166 114.5723144329897 30.5907454742268     
2016-10-23 06:13:36 413832166 114.5688916494845 30.5979167113402     
2016-10-23 6:15:00 413832166 114.568093 30.59959 114.568347 30.598903 5.0 341.6 11.0
2016-10-23 6:15:42 413832166 114.567547 30.600963 114.568093 30.59959 4.9 339.6 11.0
2016-10-23 6:18:07 413832166 114.566413 30.604067 114.567547 30.600963 5.1 345.7 11.0
2016-10-23 6:20:16 413832166 114.5656 30.607077 114.566413 30.604067 5.1 347.6 11.0
2016-10-23 6:22:12 413832166 114.565 30.609187 114.5656 30.607077 5.0 343.5 11.0
2016-10-23 6:22:56 413832166 114.564547 30.610563 114.565 30.609187 5.1 345.3 11.0
2016-10-23 6:25:23 413832166 114.56368 30.613577 114.564547 30.610563 5.0 345.8 11.0
2016-10-23 6:26:18 413832166 114.563187 30.615113 114.56368 30.613577 4.9 343.6 11.0
2016-10-23 6:27:21 413832166 114.562773 30.616477 114.563187 30.615113 5.0 346.4 11.0
2016-10-23 6:29:16 413832166 114.56204 30.61931 114.562773 30.616477 5.2 349.4 11.0
2016-10-23 6:30:11 413832166 114.561733 30.620493 114.56204 30.61931 5.1 342.7 11.0
2016-10-23 6:31:14 413832166 114.56124 30.62208 114.561733 30.620493 5.1 346.6 11.0
2016-10-23 6:31:47 413832166 114.56104 30.62282 114.56124 30.62208 5.1 345.0 11.0
2016-10-23 6:34:06 413832166 114.55972 30.62593 114.56104 30.62282 5.0 338.0 11.0
2016-10-23 6:35:07 413832166 114.559293 30.6268 114.55972 30.62593 4.9 336.1 11.0
2016-10-23 6:36:17 413832166 114.55856 30.628257 114.559293 30.6268 4.9 338.9 11.0
2016-10-23 6:36:54 413832166 114.558093 30.629303 114.55856 30.628257 4.9 338.2 11.0
2016-10-23 6:38:01 413832166 114.557547 30.630633 114.558093 30.629303 4.8 340.3 11.0
2016-10-23 6:38:32 413832166 114.55728 30.631287 114.557547 30.630633 4.8 340.9 11.0
2016-10-23 6:38:55 413832166 114.556973 30.632153 114.55728 30.631287 4.8 344.0 11.0
2016-10-23 6:39:36 413832166 114.556773 30.63273 114.556973 30.632153 4.8 343.4 11.0
2016-10-23 6:40:39 413832166 114.55624 30.634073 114.556773 30.63273 4.6 338.7 11.0
2016-10-23 6:42:02 413832166 114.55552 30.635813 114.55624 30.634073 4.6 339.1 11.0
2016-10-23 6:42:30 413832166 114.555227 30.636447 114.55552 30.635813 4.6 338.0 11.0
2016-10-23 6:42:53 413832166 114.555027 30.63687 114.555227 30.636447 4.8 339.9 11.0
2016-10-23 6:43:42 413832166 114.554747 30.637507 114.555027 30.63687 4.6 338.4 11.0
2016-10-23 6:44:03 413832166 114.554347 30.638327 114.554747 30.637507 4.5 338.9 11.0
2016-10-23 6:44:46 413832166 114.554027 30.639113 114.554347 30.638327 4.5 340.6 11.0
2016-10-23 6:45:19 413832166 114.553733 30.639863 114.554027 30.639113 4.5 340.9 11.0
2016-10-23 6:45:44 413832166 114.553547 30.64031 114.553733 30.639863 4.6 340.6 11.0
2016-10-23 6:47:25 413832166 114.55272 30.642343 114.553547 30.64031 4.5 342.5 11.0
2016-10-23 6:48:41 413832166 114.552307 30.643493 114.55272 30.642343 4.4 340.6 11.0
2016-10-23 6:49:22 413832166 114.55184 30.644697 114.552307 30.643493 4.5 342.6 11.0
2016-10-23 6:50:37 413832166 114.551347 30.645903 114.55184 30.644697 4.4 340.6 11.0
2016-10-23 6:51:16 413832166 114.55104 30.64666 114.551347 30.645903 4.3 339.7 11.0
2016-10-23 6:53:09 413832166 114.550133 30.648723 114.55104 30.64666 4.2 339.3 11.0
2016-10-23 6:53:32 413832166 114.5498 30.649503 114.550133 30.648723 4.2 338.7 11.0
2016-10-23 6:54:12 413832166 114.54956 30.650047 114.5498 30.649503 4.2 338.2 11.0
2016-10-23 6:55:27 413832166 114.548933 30.6513 114.54956 30.650047 4.0 336.1 11.0
2016-10-23 6:56:39 413832166 114.548227 30.652663 114.548933 30.6513 4.0 335.1 11.0
2016-10-23 6:57:17 413832166 114.54796 30.653187 114.548227 30.652663 3.9 337.6 11.0
2016-10-23 6:57:46 413832166 114.547613 30.65389 114.54796 30.653187 3.9 338.0 11.0
2016-10-23 6:58:32 413832166 114.5474 30.654343 114.547613 30.65389 3.9 335.1 11.0
2016-10-23 6:59:21 413832166 114.546787 30.655337 114.5474 30.654343 3.8 328.6 11.0
2016-10-23 6:59:47 413832166 114.54648 30.655797 114.546787 30.655337 3.8 332.1 11.0
2016-10-23 7:00:56 413832166 114.54584 30.656903 114.54648 30.655797 3.7 334.8 11.0
2016-10-23 7:02:28 413832166 114.545053 30.658327 114.54584 30.656903 3.7 333.8 11.0
2016-10-23 7:04:12 413832166 114.544213 30.659733 114.545053 30.658327 3.7 330.5 11.0
2016-10-23 7:06:34 413832166 114.542533 30.662193 114.544213 30.659733 3.7 334.3 11.0
2016-10-23 7:07:20 413832166 114.5422 30.662883 114.542533 30.662193 3.6 338.7 11.0
2016-10-23 7:08:48 413832166 114.541787 30.66397 114.5422 30.662883 3.7 343.7 11.0
2016-10-23 7:09:31 413832166 114.541413 30.665047 114.541787 30.66397 3.8 343.0 11.0
2016-10-23 7:10:26 413832166 114.541227 30.665547 114.541413 30.665047 3.8 343.7 11.0
2016-10-23 7:10:50 413832166 114.541013 30.666263 114.541227 30.665547 3.7 345.3 11.0
2016-10-23 7:12:15 413832166 114.540587 30.667427 114.541013 30.666263 3.7 336.9 11.0
2016-10-23 7:12:41 413832166 114.5402 30.668177 114.540587 30.667427 3.6 333.8 11.0
2016-10-23 7:13:04 413832166 114.540013 30.668497 114.5402 30.668177 3.7 330.2 11.0
2016-10-23 7:13:56 413832166 114.53948 30.66924 114.540013 30.668497 3.7 327.7 11.0
2016-10-23 7:15:30 413832166 114.538587 30.670583 114.53948 30.66924 3.7 330.6 11.0
2016-10-23 7:16:28 413832166 114.537907 30.671527 114.538587 30.670583 3.8 327.4 11.0
2016-10-23 7:17:18 413832166 114.53748 30.672087 114.537907 30.671527 3.8 324.4 11.0
2016-10-23 7:17:39 413832166 114.537053 30.672557 114.53748 30.672087 3.8 320.8 11.0
2016-10-23 7:18:02 413832166 114.536787 30.672833 114.537053 30.672557 3.8 321.3 11.0
2016-10-23 7:18:38 413832166 114.536413 30.67327 114.536787 30.672833 3.7 323.0 11.0
2016-10-23 7:19:46 413832166 114.53528 30.674303 114.536413 30.67327 3.8 316.1 11.0
2016-10-23 7:20:20 413832166 114.53516 30.674403 114.53528 30.674303 3.8 316.6 11.0
2016-10-23 7:20:41 413832166 114.534547 30.675037 114.53516 30.674403 3.7 319.8 11.0
2016-10-23 7:21:03 413832166 114.534373 30.675187 114.534547 30.675037 3.7 314.0 11.0
2016-10-23 7:21:23 413832166 114.533947 30.6755 114.534373 30.675187 3.7 310.7 11.0
2016-10-23 7:21:55 413832166 114.533733 30.67566 114.533947 30.6755 3.7 311.0 11.0
2016-10-23 7:22:20 413832166 114.53312 30.67612 114.533733 30.67566 3.7 313.2 11.0
2016-10-23 7:23:06 413832166 114.5324 30.67672 114.53312 30.67612 3.7 313.9 11.0
2016-10-23 7:23:39 413832166 114.531947 30.677087 114.5324 30.67672 3.6 311.0 11.0
2016-10-23 7:24:27 413832166 114.53124 30.677637 114.531947 30.677087 3.5 315.2 11.0
2016-10-23 7:25:18 413832166 114.53068 30.678077 114.53124 30.677637 3.4 308.2 11.0
2016-10-23 7:25:38 413832166 114.530213 30.678387 114.53068 30.678077 3.5 308.3 11.0
2016-10-23 7:26:03 413832166 114.52992 30.678577 114.530213 30.678387 3.6 305.0 11.0
2016-10-23 7:26:25 413832166 114.529387 30.678843 114.52992 30.678577 3.8 296.4 11.0
2016-10-23 7:27:03 413832166 114.528853 30.679083 114.529387 30.678843 3.9 298.7 11.0
2016-10-23 7:27:51 413832166 114.527893 30.679533 114.528853 30.679083 4.0 298.9 11.0
2016-10-23 7:28:11 413832166 114.52752 30.679717 114.527893 30.679533 4.0 299.3 11.0
2016-10-23 7:28:48 413832166 114.526987 30.68 114.52752 30.679717 4.1 301.4 11.0
2016-10-23 7:29:11 413832166 114.5264 30.680347 114.526987 30.68 4.2 305.8 11.0
2016-10-23 7:29:56 413832166 114.52548 30.680877 114.5264 30.680347 4.2 303.5 11.0
2016-10-23 7:30:25 413832166 114.525067 30.681123 114.52548 30.680877 4.2 306.4 11.0
2016-10-23 7:30:50 413832166 114.52452 30.68146 114.525067 30.681123 4.2 303.6 11.0
2016-10-23 7:31:27 413832166 114.523787 30.681883 114.52452 30.68146 4.2 302.0 11.0
2016-10-23 7:32:01 413832166 114.5232 30.682167 114.523787 30.681883 4.2 297.4 11.0
2016-10-23 7:32:46 413832166 114.5222 30.682627 114.5232 30.682167 4.2 299.5 11.0
2016-10-23 7:33:06 413832166 114.521827 30.682803 114.5222 30.682627 4.1 297.2 11.0
2016-10-23 7:33:40 413832166 114.521573 30.682913 114.521827 30.682803 4.1 295.6 11.0
2016-10-23 7:34:03 413832166 114.520813 30.683233 114.521573 30.682913 4.1 297.6 11.0
2016-10-23 7:34:27 413832166 114.520387 30.68343 114.520813 30.683233 4.2 298.9 11.0
2016-10-23 7:34:54 413832166 114.519733 30.683693 114.520387 30.68343 4.1 294.2 11.0
2016-10-23 7:36:36 413832166 114.517707 30.684423 114.519733 30.683693 4.1 293.1 11.0
2016-10-23 7:37:06 413832166 114.517067 30.68466 114.517707 30.684423 4.1 292.8 11.0
2016-10-23 7:37:29 413832166 114.516707 30.684787 114.517067 30.68466 4.1 290.8 11.0
2016-10-23 7:37:50 413832166 114.516053 30.684997 114.516707 30.684787 4.2 290.4 11.0
2016-10-23 7:38:11 413832166 114.515573 30.68514 114.516053 30.684997 4.2 289.7 11.0
2016-10-23 7:38:43 413832166 114.515187 30.68526 114.515573 30.68514 4.2 291.4 11.0
2016-10-23 7:39:08 413832166 114.514547 30.685463 114.515187 30.68526 4.2 289.0 11.0
2016-10-23 7:39:31 413832166 114.51408 30.685607 114.514547 30.685463 4.2 288.8 11.0
2016-10-23 7:39:54 413832166 114.513427 30.685803 114.51408 30.685607 4.2 289.4 11.0
2016-10-23 7:40:36 413832166 114.512773 30.685983 114.513427 30.685803 4.3 287.5 11.0
2016-10-23 7:41:02 413832166 114.511907 30.6862 114.512773 30.685983 4.3 285.4 11.0
2016-10-23 7:41:48 413832166 114.51104 30.686433 114.511907 30.6862 4.3 288.9 11.0
2016-10-23 7:42:28 413832166 114.510067 30.686667 114.51104 30.686433 4.4 283.6 11.0
2016-10-23 7:43:16 413832166 114.508893 30.68691 114.510067 30.686667 4.4 285.7 11.0
2016-10-23 7:43:38 413832166 114.50844 30.687027 114.508893 30.68691 4.4 287.4 11.0
2016-10-23 7:44:10 413832166 114.50796 30.687147 114.50844 30.687027 4.4 285.4 11.0
2016-10-23 7:45:00 413832166 114.506787 30.68738 114.50796 30.687147 4.4 282.7 11.0
2016-10-23 7:45:51 413832166 114.505373 30.687663 114.506787 30.68738 4.4 279.0 11.0
2016-10-23 7:46:35 413832166 114.504213 30.687767 114.505373 30.687663 4.4 277.5 11.0
2016-10-23 7:46:57 413832166 114.503693 30.687837 114.504213 30.687767 4.3 276.2 11.0
2016-10-23 7:47:29 413832166 114.502973 30.687893 114.503693 30.687837 4.3 274.4 11.0
2016-10-23 7:47:51 413832166 114.502493 30.68792 114.502973 30.687893 4.3 273.5 11.0
2016-10-23 7:48:09 413832166 114.502027 30.687947 114.502493 30.68792 4.3 273.5 11.0
2016-10-23 7:48:31 413832166 114.501587 30.687967 114.502027 30.687947 4.4 272.2 11.0
2016-10-23 7:49:13 413832166 114.50084 30.687963 114.501587 30.687967 4.3 267.6 11.0
2016-10-23 7:49:38 413832166 114.499947 30.687923 114.50084 30.687963 4.2 267.0 11.0
2016-10-23 7:50:23 413832166 114.49892 30.687893 114.499947 30.687923 4.3 266.6 11.0
2016-10-23 7:51:05 413832166 114.498067 30.687843 114.49892 30.687893 4.3 265.2 11.0
2016-10-23 7:51:29 413832166 114.497387 30.687797 114.498067 30.687843 4.3 264.3 11.0
2016-10-23 7:51:50 413832166 114.496907 30.68775 114.497387 30.687797 4.2 262.4 11.0
2016-10-23 7:52:08 413832166 114.49648 30.687687 114.496907 30.68775 4.2 260.3 11.0
2016-10-23 7:52:44 413832166 114.495933 30.687583 114.49648 30.687687 4.2 255.9 11.0
2016-10-23 7:53:04 413832166 114.495293 30.687443 114.495933 30.687583 4.2 256.7 11.0
2016-10-23 7:53:24 413832166 114.49484 30.687353 114.495293 30.687443 4.2 257.8 11.0
2016-10-23 7:53:44 413832166 114.494413 30.687267 114.49484 30.687353 4.2 256.5 11.0
2016-10-23 7:54:19 413832166 114.493773 30.68714 114.494413 30.687267 4.2 255.8 11.0
2016-10-23 7:54:45 413832166 114.493107 30.68703 114.493773 30.68714 4.2 259.8 11.0
2016-10-23 7:55:32 413832166 114.491933 30.686837 114.493107 30.68703 4.2 256.7 11.0
2016-10-23 7:56:14 413832166 114.4912 30.68669 114.491933 30.686837 4.1 257.0 11.0
2016-10-23 7:56:59 413832166 114.489947 30.686477 114.4912 30.68669 4.0 260.1 11.0
2016-10-23 7:57:20 413832166 114.489547 30.686413 114.489947 30.686477 4.0 258.4 11.0
2016-10-23 7:57:57 413832166 114.489053 30.68632 114.489547 30.686413 4.1 255.6 11.0
2016-10-23 7:58:21 413832166 114.488253 30.68608 114.489053 30.68632 4.1 250.4 11.0
2016-10-23 7:59:01 413832166 114.48744 30.685787 114.488253 30.68608 4.1 248.9 11.0
2016-10-23 7:59:39 413832166 114.486787 30.68558 114.48744 30.685787 4.0 252.3 11.0
2016-10-23 8:00:03 413832166 114.486373 30.685473 114.486787 30.68558 4.0 254.8 11.0
2016-10-23 8:00:27 413832166 114.485733 30.68533 114.486373 30.685473 4.1 255.3 11.0
2016-10-23 8:00:50 413832166 114.485347 30.68523 114.485733 30.68533 4.0 254.4 11.0
2016-10-23 8:01:28 413832166 114.48448 30.685027 114.485347 30.68523 4.0 256.6 11.0
2016-10-23 8:02:13 413832166 114.48344 30.684823 114.48448 30.685027 4.0 252.9 11.0
2016-10-23 8:02:35 413832166 114.483 30.6847 114.48344 30.684823 4.0 251.0 11.0
2016-10-23 8:03:20 413832166 114.482187 30.684453 114.483 30.6847 4.0 251.8 11.0
2016-10-23 8:03:51 413832166 114.481547 30.684293 114.482187 30.684453 4.0 254.2 11.0
2016-10-23 8:04:18 413832166 114.480907 30.684117 114.481547 30.684293 4.0 249.3 11.0
2016-10-23 8:04:45 413832166 114.48048 30.683973 114.480907 30.684117 4.0 248.2 11.0
2016-10-23 8:05:13 413832166 114.479853 30.68377 114.48048 30.683973 4.0 248.5 11.0
2016-10-23 8:05:35 413832166 114.479267 30.683567 114.479853 30.68377 4.1 247.7 11.0
2016-10-23 8:05:57 413832166 114.47884 30.683423 114.479267 30.683567 4.1 248.7 11.0
2016-10-23 8:06:21 413832166 114.478467 30.683283 114.47884 30.683423 4.1 248.7 11.0
2016-10-23 8:06:59 413832166 114.477773 30.68302 114.478467 30.683283 4.1 245.7 11.0
2016-10-23 8:07:24 413832166 114.477213 30.682813 114.477773 30.68302 4.1 246.4 11.0
2016-10-23 8:07:50 413832166 114.476573 30.682573 114.477213 30.682813 4.2 247.5 11.0
2016-10-23 8:08:14 413832166 114.476187 30.682433 114.476573 30.682573 4.2 246.3 11.0
2016-10-23 8:08:52 413832166 114.47536 30.682073 114.476187 30.682433 4.1 241.3 11.0
2016-10-23 8:09:38 413832166 114.47436 30.68163 114.47536 30.682073 4.1 243.6 11.0
2016-10-23 8:09:59 413832166 114.473933 30.681457 114.47436 30.68163 4.0 246.3 11.0
2016-10-23 8:10:34 413832166 114.473333 30.68123 114.473933 30.681457 4.1 246.6 11.0
2016-10-23 8:11:24 413832166 114.47268 30.681007 114.473333 30.68123 4.1 248.2 11.0
2016-10-23 8:11:46 413832166 114.471853 30.680723 114.47268 30.681007 4.1 249.0 11.0
2016-10-23 8:12:31 413832166 114.471 30.680467 114.471853 30.680723 4.1 254.0 11.0
2016-10-23 8:13:23 413832166 114.46976 30.680173 114.471 30.680467 4.1 253.0 11.0
2016-10-23 8:13:48 413832166 114.469333 30.680047 114.46976 30.680173 4.1 249.5 11.0
2016-10-23 8:14:24 413832166 114.468533 30.679747 114.469333 30.680047 4.1 245.8 11.0
2016-10-23 8:14:48 413832166 114.468093 30.67957 114.468533 30.679747 4.1 243.3 11.0
2016-10-23 8:15:29 413832166 114.467453 30.67928 114.468093 30.67957 4.1 240.3 11.0
2016-10-23 8:16:28 413832166 114.466227 30.678513 114.467453 30.67928 4.2 233.2 11.0
2016-10-23 8:17:41 413832166 114.464907 30.677617 114.466227 30.678513 4.2 231.7 11.0
2016-10-23 8:18:05 413832166 114.46436 30.677263 114.464907 30.677617 4.2 236.8 11.0
2016-10-23 8:19:23 413832166 114.462973 30.67659 114.46436 30.677263 4.1 240.5 11.0
2016-10-23 8:19:47 413832166 114.4624 30.67633 114.462973 30.67659 4.1 243.5 11.0
2016-10-23 8:20:31 413832166 114.4616 30.67598 114.4624 30.67633 4.2 240.9 11.0
2016-10-23 8:21:07 413832166 114.460773 30.675647 114.4616 30.67598 4.2 246.1 11.0
2016-10-23 8:22:14 413832166 114.45928 30.67518 114.460773 30.675647 4.3 252.5 11.0
2016-10-23 8:22:51 413832166 114.45876 30.675037 114.45928 30.67518 4.3 250.8 11.0
2016-10-23 8:23:17 413832166 114.45792 30.674763 114.45876 30.675037 4.3 249.6 11.0
2016-10-23 8:24:03 413832166 114.45704 30.67448 114.45792 30.674763 4.3 246.9 11.0
2016-10-23 8:24:40 413832166 114.45616 30.674157 114.45704 30.67448 4.3 246.2 11.0
2016-10-23 8:25:05 413832166 114.455533 30.673927 114.45616 30.674157 4.4 246.8 11.0
2016-10-23 8:25:27 413832166 114.455053 30.673743 114.455533 30.673927 4.4 245.0 11.0
2016-10-23 8:25:52 413832166 114.454627 30.673573 114.455053 30.673743 4.4 245.2 11.0
2016-10-23 8:27:09 413832166 114.45284 30.672903 114.454627 30.673573 4.4 248.3 11.0
2016-10-23 8:27:33 413832166 114.4524 30.672733 114.45284 30.672903 4.4 248.5 11.0
2016-10-23 8:28:14 413832166 114.451493 30.67242 114.4524 30.672733 4.4 248.5 11.0
2016-10-23 8:28:42 413832166 114.45084 30.672187 114.451493 30.67242 4.4 252.5 11.0
2016-10-23 8:29:07 413832166 114.450293 30.67205 114.45084 30.672187 4.4 258.0 11.0
2016-10-23 8:30:04 413832166 114.448933 30.67191 114.450293 30.67205 4.4 266.5 11.0
2016-10-23 8:30:31 413832166 114.44816 30.671897 114.448933 30.67191 4.4 269.7 11.0
2016-10-23 8:30:53 413832166 114.447667 30.671903 114.44816 30.671897 4.4 272.0 11.0
2016-10-23 8:31:55 413832166 114.44624 30.672027 114.447667 30.671903 4.4 279.4 11.0
2016-10-23 8:32:23 413832166 114.445547 30.672123 114.44624 30.672027 4.3 278.5 11.0
2016-10-23 8:33:10 413832166 114.44444 30.672243 114.445547 30.672123 3.9 276.7 11.0
2016-10-23 8:33:52 413832166 114.44384 30.672323 114.44444 30.672243 3.9 279.6 11.0
2016-10-23 8:34:19 413832166 114.4432 30.672423 114.44384 30.672323 3.9 279.8 11.0
2016-10-23 8:34:39 413832166 114.442573 30.672523 114.4432 30.672423 4.0 281.6 11.0
2016-10-23 8:34:59 413832166 114.44212 30.6726 114.442573 30.672523 4.0 280.1 11.0
2016-10-23 8:35:38 413832166 114.44144 30.672697 114.44212 30.6726 4.0 278.8 11.0
2016-10-23 8:36:00 413832166 114.44084 30.67277 114.44144 30.672697 4.1 277.0 11.0
2016-10-23 8:36:22 413832166 114.44036 30.672823 114.44084 30.67277 4.1 277.9 11.0
2016-10-23 8:36:46 413832166 114.43996 30.672863 114.44036 30.672823 4.0 275.5 11.0
2016-10-23 8:37:32 413832166 114.439067 30.672917 114.43996 30.672863 4.1 271.4 11.0
2016-10-23 8:37:54 413832166 114.4384 30.67289 114.439067 30.672917 4.0 264.3 11.0
2016-10-23 8:38:38 413832166 114.43756 30.672763 114.4384 30.67289 4.1 257.8 11.0
2016-10-23 8:39:15 413832166 114.436707 30.67259 114.43756 30.672763 4.1 255.8 11.0
2016-10-23 8:40:00 413832166 114.43576 30.67238 114.436707 30.67259 4.1 255.8 11.0
2016-10-23 8:40:58 413832166 114.434493 30.672103 114.43576 30.67238 4.2 255.7 11.0
2016-10-23 8:41:21 413832166 114.434 30.671993 114.434493 30.672103 4.2 255.0 11.0
2016-10-23 8:41:43 413832166 114.433413 30.67186 114.434 30.671993 4.3 253.5 11.0
2016-10-23 8:42:48 413832166 114.432067 30.671437 114.433413 30.67186 4.3 248.8 11.0
2016-10-23 8:43:17 413832166 114.4314 30.671227 114.432067 30.671437 4.4 249.9 11.0
2016-10-23 8:43:41 413832166 114.430947 30.671073 114.4314 30.671227 4.4 248.2 11.0
2016-10-23 8:44:02 413832166 114.430467 30.6709 114.430947 30.671073 4.4 249.3 11.0
2016-10-23 8:44:32 413832166 114.42976 30.670677 114.430467 30.6709 4.4 246.7 11.0
2016-10-23 8:45:20 413832166 114.428747 30.670197 114.42976 30.670677 4.4 238.7 11.0
2016-10-23 8:45:41 413832166 114.428333 30.669977 114.428747 30.670197 4.4 236.7 11.0
2016-10-23 8:46:16 413832166 114.42776 30.669657 114.428333 30.669977 4.4 240.2 11.0
2016-10-23 8:46:43 413832166 114.427093 30.669347 114.42776 30.669657 4.4 240.8 11.0
2016-10-23 8:47:06 413832166 114.426453 30.669043 114.427093 30.669347 4.4 241.9 11.0
2016-10-23 8:47:30 413832166 114.42604 30.668863 114.426453 30.669043 4.5 243.8 11.0
2016-10-23 8:48:09 413832166 114.425307 30.668557 114.42604 30.668863 4.5 244.5 11.0
2016-10-23 8:48:36 413832166 114.424493 30.668227 114.425307 30.668557 4.5 246.3 11.0
2016-10-23 8:49:19 413832166 114.423573 30.66786 114.424493 30.668227 4.6 245.1 11.0
2016-10-23 8:50:12 413832166 114.4224 30.667407 114.423573 30.66786 4.6 245.3 11.0
2016-10-23 8:50:31 413832166 114.42196 30.667223 114.4224 30.667407 4.6 242.6 11.0
2016-10-23 8:51:29 413832166 114.420827 30.66673 114.42196 30.667223 4.6 243.5 11.0
2016-10-23 8:51:52 413832166 114.42008 30.66641 114.420827 30.66673 4.7 244.6 11.0
2016-10-23 8:52:14 413832166 114.41968 30.666247 114.42008 30.66641 4.6 242.9 11.0
2016-10-23 8:52:37 413832166 114.419147 30.666003 114.41968 30.666247 4.7 243.4 11.0
2016-10-23 8:53:19 413832166 114.418307 30.665647 114.419147 30.666003 4.7 242.8 11.0
2016-10-23 8:53:44 413832166 114.417573 30.665313 114.418307 30.665647 4.7 242.8 11.0
2016-10-23 8:54:07 413832166 114.417173 30.665143 114.417573 30.665313 4.7 243.4 11.0
2016-10-23 8:54:30 413832166 114.41664 30.664913 114.417173 30.665143 4.7 243.5 11.0
2016-10-23 8:55:11 413832166 114.415747 30.664527 114.41664 30.664913 4.7 244.3 11.0
2016-10-23 8:55:35 413832166 114.41504 30.66423 114.415747 30.664527 4.7 245.1 11.0
2016-10-23 8:55:59 413832166 114.414587 30.66405 114.41504 30.66423 4.7 245.2 11.0
2016-10-23 8:56:23 413832166 114.41392 30.663787 114.414587 30.66405 4.6 245.0 11.0
2016-10-23 8:57:01 413832166 114.4132 30.66348 114.41392 30.663787 4.6 245.0 11.0
2016-10-23 8:57:26 413832166 114.412507 30.66321 114.4132 30.66348 4.6 244.9 11.0
2016-10-23 8:58:47 413832166 114.410947 30.662587 114.412507 30.66321 4.5 246.1 11.0
2016-10-23 8:59:35 413832166 114.409813 30.662223 114.410947 30.662587 4.4 249.9 11.0
2016-10-23 8:59:59 413832166 114.409107 30.661997 114.409813 30.662223 4.4 249.8 11.0
2016-10-23 9:00:35 413832166 114.40848 30.66179 114.409107 30.661997 4.4 248.4 11.0
2016-10-23 9:01:24 413832166 114.407373 30.661377 114.40848 30.66179 4.4 247.3 11.0
2016-10-23 9:01:47 413832166 114.406733 30.661137 114.407373 30.661377 4.4 245.6 11.0
2016-10-23 9:02:25 413832166 114.40608 30.660863 114.406733 30.661137 4.4 244.8 11.0
2016-10-23 9:02:49 413832166 114.4054 30.660613 114.40608 30.660863 4.4 246.6 11.0
2016-10-23 9:03:11 413832166 114.404947 30.660443 114.4054 30.660613 4.3 246.2 11.0
2016-10-23 9:03:32 413832166 114.404533 30.660287 114.404947 30.660443 4.3 244.8 11.0
2016-10-23 9:04:11 413832166 114.403653 30.659957 114.404533 30.660287 4.3 248.4 11.0
2016-10-23 9:04:37 413832166 114.403053 30.659757 114.403653 30.659957 4.2 249.4 11.0
2016-10-23 9:05:04 413832166 114.402573 30.659607 114.403053 30.659757 4.2 249.6 11.0
2016-10-23 9:05:28 413832166 114.401987 30.659417 114.402573 30.659607 4.2 250.6 11.0
2016-10-23 9:06:08 413832166 114.401533 30.659267 114.401987 30.659417 4.2 249.5 11.0
2016-10-23 9:06:56 413832166 114.400067 30.65875 114.401533 30.659267 4.1 247.7 11.0
2016-10-23 9:07:46 413832166 114.399227 30.658453 114.400067 30.65875 4.0 248.0 11.0
2016-10-23 9:08:12 413832166 114.3986 30.658247 114.399227 30.658453 4.0 250.1 11.0
2016-10-23 9:08:33 413832166 114.398147 30.658117 114.3986 30.658247 4.0 253.0 11.0
2016-10-23 9:09:24 413832166 114.397333 30.657883 114.398147 30.658117 4.0 250.1 11.0
2016-10-23 9:09:48 413832166 114.396533 30.657643 114.397333 30.657883 4.0 249.8 11.0
2016-10-23 9:10:10 413832166 114.396093 30.657507 114.396533 30.657643 4.0 250.7 11.0
2016-10-23 9:10:33 413832166 114.39568 30.65739 114.396093 30.657507 4.0 252.2 11.0
2016-10-23 9:11:07 413832166 114.395067 30.657217 114.39568 30.65739 4.0 251.9 11.0
2016-10-23 9:11:32 413832166 114.39464 30.657107 114.395067 30.657217 4.0 252.7 11.0
2016-10-23 9:11:53 413832166 114.394027 30.65694 114.39464 30.657107 4.1 252.2 11.0
2016-10-23 9:12:17 413832166 114.39356 30.656807 114.394027 30.65694 4.1 252.6 11.0
2016-10-23 9:12:58 413832166 114.392773 30.656587 114.39356 30.656807 4.1 251.9 11.0
2016-10-23 9:13:24 413832166 114.39212 30.656393 114.392773 30.656587 4.1 251.0 11.0
2016-10-23 9:13:53 413832166 114.391693 30.656267 114.39212 30.656393 4.1 251.9 11.0
2016-10-23 9:14:17 413832166 114.391 30.656087 114.391693 30.656267 4.1 252.7 11.0
2016-10-23 9:14:51 413832166 114.3904 30.655913 114.391 30.656087 4.2 251.2 11.0
2016-10-23 9:15:16 413832166 114.389773 30.655733 114.3904 30.655913 4.2 252.3 11.0
2016-10-23 9:15:38 413832166 114.38932 30.65561 114.389773 30.655733 4.2 252.1 11.0
2016-10-23 9:16:34 413832166 114.387987 30.655227 114.38932 30.65561 4.3 251.0 11.0
2016-10-23 9:17:03 413832166 114.387507 30.655087 114.387987 30.655227 4.3 251.1 11.0
2016-10-23 9:17:24 413832166 114.386853 30.65488 114.387507 30.655087 4.3 250.7 11.0
2016-10-23 9:17:46 413832166 114.38648 30.654757 114.386853 30.65488 4.3 249.9 11.0
2016-10-23 9:18:21 413832166 114.385747 30.654517 114.38648 30.654757 4.3 249.3 11.0
2016-10-23 9:18:47 413832166 114.385093 30.6543 114.385747 30.654517 4.3 247.9 11.0
2016-10-23 9:19:11 413832166 114.384653 30.654127 114.385093 30.6543 4.3 245.0 11.0
2016-10-23 9:19:37 413832166 114.384093 30.65389 114.384653 30.654127 4.3 244.2 11.0
2016-10-23 9:20:15 413832166 114.383387 30.653583 114.384093 30.65389 4.3 242.5 11.0
2016-10-23 9:20:35 413832166 114.3828 30.65333 114.383387 30.653583 4.3 242.7 11.0
2016-10-23 9:20:56 413832166 114.382373 30.653137 114.3828 30.65333 4.4 242.5 11.0
2016-10-23 9:21:17 413832166 114.381947 30.652947 114.382373 30.653137 4.4 243.6 11.0
2016-10-23 9:21:54 413832166 114.381493 30.652747 114.381947 30.652947 4.4 241.7 11.0
2016-10-23 9:22:15 413832166 114.380667 30.652357 114.381493 30.652747 4.4 239.9 11.0
2016-10-23 9:22:40 413832166 114.38028 30.652157 114.380667 30.652357 4.4 239.6 11.0
2016-10-23 9:23:03 413832166 114.37984 30.651937 114.38028 30.652157 4.4 240.2 11.0
2016-10-23 9:23:39 413832166 114.3792 30.65162 114.37984 30.651937 4.4 239.1 11.0
2016-10-23 9:24:03 413832166 114.378413 30.651187 114.3792 30.65162 4.4 236.4 11.0
2016-10-23 9:24:28 413832166 114.37804 30.650967 114.378413 30.651187 4.4 235.7 11.0
2016-10-23 9:24:50 413832166 114.377573 30.650703 114.37804 30.650967 4.4 237.0 11.0
2016-10-23 9:25:47 413832166 114.37636 30.65007 114.377573 30.650703 4.4 240.7 11.0
2016-10-23 9:26:10 413832166 114.375973 30.649887 114.37636 30.65007 4.4 240.5 11.0
2016-10-23 9:26:33 413832166 114.375533 30.649683 114.375973 30.649887 4.4 242.0 11.0
2016-10-23 9:27:06 413832166 114.374853 30.649383 114.375533 30.649683 4.4 243.1 11.0
2016-10-23 9:27:30 413832166 114.3742 30.649083 114.374853 30.649383 4.4 239.9 11.0
2016-10-23 9:27:49 413832166 114.373813 30.648897 114.3742 30.649083 4.4 240.0 11.0
2016-10-23 9:28:10 413832166 114.373387 30.648677 114.373813 30.648897 4.4 239.4 11.0
2016-10-23 9:28:54 413832166 114.37252 30.648243 114.373387 30.648677 4.4 240.3 11.0
2016-10-23 9:29:17 413832166 114.37192 30.647927 114.37252 30.648243 4.4 236.6 11.0
2016-10-23 9:29:39 413832166 114.371507 30.647687 114.37192 30.647927 4.4 237.9 11.0
2016-10-23 9:30:05 413832166 114.371133 30.64749 114.371507 30.647687 4.4 237.0 11.0
2016-10-23 9:31:39 413832166 114.369533 30.646563 114.371133 30.64749 4.4 236.3 11.0
2016-10-23 9:32:00 413832166 114.36868 30.646067 114.369533 30.646563 4.4 236.7 11.0
2016-10-23 9:32:33 413832166 114.36812 30.64574 114.36868 30.646067 4.4 235.2 11.0
2016-10-23 9:32:58 413832166 114.367707 30.64549 114.36812 30.64574 4.4 234.7 11.0
2016-10-23 9:33:19 413832166 114.36716 30.645143 114.367707 30.64549 4.3 234.8 11.0
2016-10-23 9:33:45 413832166 114.366733 30.644893 114.36716 30.645143 4.3 236.1 11.0
2016-10-23 9:34:27 413832166 114.36612 30.64454 114.366733 30.644893 4.3 235.8 11.0
2016-10-23 9:34:53 413832166 114.365413 30.6441 114.36612 30.64454 4.2 232.4 11.0
2016-10-23 9:35:15 413832166 114.364987 30.643827 114.365413 30.6441 4.3 233.5 11.0
2016-10-23 9:35:34 413832166 114.364653 30.643613 114.364987 30.643827 4.2 234.0 11.0
2016-10-23 9:36:08 413832166 114.364093 30.643247 114.364653 30.643613 4.2 231.8 11.0
2016-10-23 9:36:34 413832166 114.36352 30.642863 114.364093 30.643247 4.2 232.1 11.0
2016-10-23 9:36:57 413832166 114.363213 30.642647 114.36352 30.642863 4.2 230.9 11.0
2016-10-23 9:37:19 413832166 114.36268 30.64228 114.363213 30.642647 4.1 231.2 11.0
2016-10-23 9:37:55 413832166 114.362267 30.642003 114.36268 30.64228 4.2 231.8 11.0
2016-10-23 9:38:19 413832166 114.3618 30.64168 114.362267 30.642003 4.2 230.4 11.0
2016-10-23 9:38:43 413832166 114.361253 30.641263 114.3618 30.64168 4.1 229.1 11.0
2016-10-23 9:39:03 413832166 114.36088 30.640997 114.361253 30.641263 4.1 230.8 11.0
2016-10-23 9:39:39 413832166 114.360373 30.640663 114.36088 30.640997 4.1 233.2 11.0
2016-10-23 9:40:01 413832166 114.359867 30.640327 114.360373 30.640663 4.1 232.7 11.0
2016-10-23 9:40:23 413832166 114.35944 30.64005 114.359867 30.640327 4.1 230.6 11.0
2016-10-23 9:40:47 413832166 114.359133 30.639823 114.35944 30.64005 4.2 229.0 11.0
2016-10-23 9:41:23 413832166 114.358627 30.63943 114.359133 30.639823 4.2 227.5 11.0
2016-10-23 9:41:42 413832166 114.358107 30.63898 114.358627 30.63943 4.2 225.2 11.0
2016-10-23 9:42:05 413832166 114.357787 30.638703 114.358107 30.63898 4.2 224.3 11.0
2016-10-23 9:42:28 413832166 114.357493 30.638443 114.357787 30.638703 4.2 226.7 11.0
2016-10-23 9:43:05 413832166 114.35688 30.63793 114.357493 30.638443 4.2 225.0 11.0
2016-10-23 9:43:35 413832166 114.356373 30.637487 114.35688 30.63793 4.2 225.5 11.0
2016-10-23 9:43:59 413832166 114.35604 30.637203 114.356373 30.637487 4.2 223.6 11.0
2016-10-23 9:44:23 413832166 114.355867 30.637043 114.35604 30.637203 4.2 224.4 11.0
2016-10-23 9:45:01 413832166 114.35508 30.636297 114.355867 30.637043 4.2 220.1 11.0
2016-10-23 9:45:36 413832166 114.354653 30.635897 114.35508 30.636297 4.2 224.4 11.0
2016-10-23 9:45:59 413832166 114.354187 30.635477 114.354653 30.635897 4.1 223.8 11.0
2016-10-23 9:46:21 413832166 114.353827 30.635157 114.354187 30.635477 4.1 223.5 11.0
2016-10-23 9:47:02 413832166 114.353227 30.6346 114.353827 30.635157 4.1 223.5 11.0
2016-10-23 9:47:27 413832166 114.352773 30.63419 114.353227 30.6346 4.0 223.4 11.0
2016-10-23 9:47:49 413832166 114.352493 30.633947 114.352773 30.63419 4.0 224.1 11.0
2016-10-23 9:48:08 413832166 114.35216 30.633653 114.352493 30.633947 4.0 226.4 11.0
2016-10-23 9:48:45 413832166 114.351693 30.633257 114.35216 30.633653 4.0 224.1 11.0
2016-10-23 9:49:11 413832166 114.35124 30.632853 114.351693 30.633257 4.0 224.4 11.0
2016-10-23 9:49:35 413832166 114.350933 30.63258 114.35124 30.632853 4.0 223.3 11.0
2016-10-23 9:50:56 413832166 114.34976 30.631533 114.350933 30.63258 3.9 223.4 11.0
2016-10-23 9:51:14 413832166 114.34928 30.63112 114.34976 30.631533 3.9 225.6 11.0
2016-10-23 9:52:13 413832166 114.348467 30.630417 114.34928 30.63112 3.9 226.0 11.0
2016-10-23 9:52:40 413832166 114.348213 30.6302 114.348467 30.630417 3.9 225.9 11.0
2016-10-23 9:53:22 413832166 114.347427 30.62955 114.348213 30.6302 3.8 225.8 11.0
2016-10-23 9:54:01 413832166 114.346827 30.629043 114.347427 30.62955 3.9 225.2 11.0
2016-10-23 9:54:23 413832166 114.346547 30.6288 114.346827 30.629043 3.9 224.7 11.0
2016-10-23 9:54:45 413832166 114.346253 30.62853 114.346547 30.6288 3.8 224.6 11.0
2016-10-23 9:55:01 413832166 114.345933 30.62826 114.346253 30.62853 3.8 225.4 11.0
2016-10-23 9:55:41 413832166 114.34544 30.62786 114.345933 30.62826 3.8 226.3 11.0
2016-10-23 9:56:05 413832166 114.345013 30.627507 114.34544 30.62786 3.8 226.2 11.0
2016-10-23 9:56:29 413832166 114.344747 30.62729 114.345013 30.627507 3.8 227.1 11.0
2016-10-23 9:56:46 413832166 114.3444 30.62701 114.344747 30.62729 3.8 226.5 11.0
2016-10-23 9:57:24 413832166 114.343787 30.626527 114.3444 30.62701 3.8 230.4 11.0
2016-10-23 9:57:47 413832166 114.343507 30.626317 114.343787 30.626527 3.8 229.9 11.0
2016-10-23 9:58:04 413832166 114.343173 30.62608 114.343507 30.626317 3.8 231.7 11.0
2016-10-23 9:58:22 413832166 114.34288 30.625877 114.343173 30.62608 3.7 231.8 11.0
2016-10-23 9:58:56 413832166 114.342347 30.625523 114.34288 30.625877 3.8 231.6 11.0
2016-10-23 9:59:20 413832166 114.342027 30.625307 114.342347 30.625523 3.7 232.1 11.0
2016-10-23 9:59:43 413832166 114.341707 30.625093 114.342027 30.625307 3.8 233.1 11.0
2016-10-23 10:00:07 413832166 114.341227 30.62477 114.341707 30.625093 3.8 231.1 11.0
2016-10-23 10:00:52 413832166 114.340613 30.624343 114.341227 30.62477 3.8 232.3 11.0
2016-10-23 10:01:27 413832166 114.339973 30.623933 114.340613 30.624343 3.7 232.3 11.0
2016-10-23 10:01:56 413832166 114.33948 30.623593 114.339973 30.623933 3.8 232.1 11.0
2016-10-23 10:02:18 413832166 114.339133 30.623373 114.33948 30.623593 3.8 233.0 11.0
2016-10-23 10:02:54 413832166 114.33864 30.623043 114.339133 30.623373 3.8 232.1 11.0
2016-10-23 10:03:17 413832166 114.33816 30.62272 114.33864 30.623043 3.8 233.1 11.0
2016-10-23 10:03:43 413832166 114.337787 30.622473 114.33816 30.62272 3.8 232.9 11.0
2016-10-23 10:04:36 413832166 114.337 30.62195 114.337787 30.622473 3.8 232.5 11.0
2016-10-23 10:05:18 413832166 114.336187 30.621403 114.337 30.62195 3.8 232.4 11.0
2016-10-23 10:05:39 413832166 114.33588 30.621193 114.336187 30.621403 3.8 230.7 11.0
2016-10-23 10:06:17 413832166 114.335387 30.62083 114.33588 30.621193 3.8 228.8 11.0
2016-10-23 10:06:46 413832166 114.33492 30.62048 114.335387 30.62083 3.8 228.8 11.0
2016-10-23 10:07:08 413832166 114.334413 30.62012 114.33492 30.62048 3.8 230.6 11.0
2016-10-23 10:07:28 413832166 114.334133 30.61992 114.334413 30.62012 3.8 230.8 11.0
2016-10-23 10:08:01 413832166 114.33364 30.61958 114.334133 30.61992 3.8 231.0 11.0
2016-10-23 10:08:20 413832166 114.333293 30.619333 114.33364 30.61958 3.9 230.8 11.0
2016-10-23 10:08:39 413832166 114.33296 30.619103 114.333293 30.619333 3.9 231.0 11.0
2016-10-23 10:09:00 413832166 114.332667 30.6189 114.33296 30.619103 3.9 232.0 11.0
2016-10-23 10:09:40 413832166 114.331973 30.61843 114.332667 30.6189 3.9 231.1 11.0
2016-10-23 10:10:03 413832166 114.331667 30.618203 114.331973 30.61843 3.9 230.5 11.0
2016-10-23 10:10:25 413832166 114.3312 30.61785 114.331667 30.618203 3.9 229.5 11.0
2016-10-23 10:10:45 413832166 114.330893 30.61761 114.3312 30.61785 3.9 228.6 11.0
2016-10-23 10:11:17 413832166 114.33056 30.617347 114.330893 30.61761 4.0 227.4 11.0
2016-10-23 10:11:43 413832166 114.33008 30.616937 114.33056 30.617347 3.9 223.9 11.0
2016-10-23 10:12:04 413832166 114.329787 30.616653 114.33008 30.616937 3.9 223.6 11.0
2016-10-23 10:12:24 413832166 114.329467 30.616353 114.329787 30.616653 3.9 222.9 11.0
2016-10-23 10:13:01 413832166 114.328893 30.615853 114.329467 30.616353 4.0 225.6 11.0
2016-10-23 10:13:25 413832166 114.328587 30.615567 114.328893 30.615853 4.0 221.8 11.0
2016-10-23 10:13:43 413832166 114.32828 30.615277 114.328587 30.615567 3.9 220.8 11.0
2016-10-23 10:14:02 413832166 114.327987 30.614977 114.32828 30.615277 4.0 219.2 11.0
2016-10-23 10:14:46 413832166 114.327467 30.61443 114.327987 30.614977 4.0 222.6 11.0
2016-10-23 10:15:10 413832166 114.327173 30.61415 114.327467 30.61443 4.0 221.7 11.0
2016-10-23 10:15:28 413832166 114.326733 30.613707 114.327173 30.61415 4.1 220.6 11.0
2016-10-23 10:15:48 413832166 114.326453 30.613413 114.326733 30.613707 4.1 220.5 11.0
2016-10-23 10:17:13 413832166 114.325267 30.612137 114.326453 30.613413 4.2 217.5 11.0
2016-10-23 10:17:34 413832166 114.325027 30.61186 114.325267 30.612137 4.2 218.1 11.0
2016-10-23 10:18:13 413832166 114.324573 30.611383 114.325027 30.61186 4.2 220.5 11.0
2016-10-23 10:18:42 413832166 114.32416 30.61096 114.324573 30.611383 4.3 219.7 11.0
2016-10-23 10:19:05 413832166 114.32372 30.6105 114.32416 30.61096 4.3 220.6 11.0
2016-10-23 10:20:11 413832166 114.32276 30.60958 114.32372 30.6105 4.3 221.2 11.0
2016-10-23 10:20:38 413832166 114.322267 30.609113 114.32276 30.60958 4.4 221.6 11.0
2016-10-23 10:20:59 413832166 114.321987 30.608817 114.322267 30.609113 4.3 218.9 11.0
2016-10-23 10:21:23 413832166 114.321667 30.608487 114.321987 30.608817 4.4 219.9 11.0
2016-10-23 10:22:02 413832166 114.321093 30.60788 114.321667 30.608487 4.4 219.6 11.0
2016-10-23 10:22:25 413832166 114.320587 30.60733 114.321093 30.60788 4.4 218.1 11.0
2016-10-23 10:22:49 413832166 114.320347 30.607053 114.320587 30.60733 4.4 217.6 11.0
2016-10-23 10:23:48 413832166 114.3194 30.606057 114.320347 30.607053 4.5 221.0 11.0
2016-10-23 10:24:14 413832166 114.318947 30.605623 114.3194 30.606057 4.5 222.0 11.0
2016-10-23 10:24:36 413832166 114.31856 30.605257 114.318947 30.605623 4.5 220.0 11.0
2016-10-23 10:24:56 413832166 114.31832 30.604997 114.31856 30.605257 4.4 218.5 11.0
2016-10-23 10:25:45 413832166 114.317707 30.60427 114.31832 30.604997 4.5 216.8 11.0
2016-10-23 10:26:11 413832166 114.31728 30.603783 114.317707 30.60427 4.5 217.0 11.0
2016-10-23 10:26:33 413832166 114.31696 30.603413 114.31728 30.603783 4.5 216.8 11.0
2016-10-23 10:26:54 413832166 114.31656 30.60295 114.31696 30.603413 4.5 217.3 11.0
2016-10-23 10:27:34 413832166 114.316067 30.602377 114.31656 30.60295 4.5 217.3 11.0
2016-10-23 10:28:02 413832166 114.31564 30.601883 114.316067 30.602377 4.5 214.3 11.0
2016-10-23 10:28:43 413832166 114.314973 30.601027 114.31564 30.601883 4.5 214.7 11.0
2016-10-23 10:29:14 413832166 114.314693 30.60064 114.314973 30.601027 4.5 213.1 11.0
2016-10-23 10:29:39 413832166 114.31428 30.60014 114.314693 30.60064 4.5 214.6 11.0
2016-10-23 10:30:00 413832166 114.314 30.599797 114.31428 30.60014 4.5 214.9 11.0
2016-10-23 10:30:23 413832166 114.313733 30.599453 114.314 30.599797 4.5 213.4 11.0
2016-10-23 10:30:58 413832166 114.31328 30.59888 114.313733 30.599453 4.4 214.6 11.0
2016-10-23 10:31:25 413832166 114.312867 30.59837 114.31328 30.59888 4.5 215.4 11.0
2016-10-23 10:31:46 413832166 114.312467 30.597907 114.312867 30.59837 4.5 218.2 11.0
2016-10-23 10:32:09 413832166 114.31216 30.59758 114.312467 30.597907 4.4 218.1 11.0
2016-10-23 10:32:46 413832166 114.31168 30.597037 114.31216 30.59758 4.5 215.6 11.0
2016-10-23 10:33:09 413832166 114.311267 30.596527 114.31168 30.597037 4.4 215.1 11.0
2016-10-23 10:33:28 413832166 114.310987 30.596187 114.311267 30.596527 4.5 215.1 11.0
2016-10-23 10:33:49 413832166 114.310747 30.5959 114.310987 30.596187 4.4 216.4 11.0
2016-10-23 10:34:28 413832166 114.310307 30.595397 114.310747 30.5959 4.4 217.1 11.0
2016-10-23 10:34:53 413832166 114.309827 30.594847 114.310307 30.595397 4.5 217.3 11.0
2016-10-23 10:35:15 413832166 114.309533 30.594517 114.309827 30.594847 4.5 219.5 11.0
2016-10-23 10:35:35 413832166 114.309213 30.594193 114.309533 30.594517 4.5 218.7 11.0
2016-10-23 10:36:15 413832166 114.30864 30.59355 114.309213 30.594193 4.5 218.4 11.0
2016-10-23 10:36:39 413832166 114.308347 30.593217 114.30864 30.59355 4.4 216.6 11.0
2016-10-23 10:37:23 413832166 114.30764 30.592363 114.308347 30.593217 4.4 214.7 11.0
2016-10-23 10:38:05 413832166 114.307253 30.59187 114.30764 30.592363 4.4 214.5 11.0
2016-10-23 10:38:28 413832166 114.306813 30.591337 114.307253 30.59187 4.4 216.1 11.0
2016-10-23 10:38:51 413832166 114.306413 30.590847 114.306813 30.591337 4.4 215.6 11.0
2016-10-23 10:39:09 413832166 114.306147 30.590503 114.306413 30.590847 4.4 211.3 11.0
2016-10-23 10:39:51 413832166 114.30576 30.58996 114.306147 30.590503 4.4 210.7 11.0
2016-10-23 10:40:18 413832166 114.305373 30.589427 114.30576 30.58996 4.5 212.5 11.0
2016-10-23 10:40:44 413832166 114.304987 30.588893 114.305373 30.589427 4.5 212.2 11.0
2016-10-23 10:41:06 413832166 114.304733 30.588527 114.304987 30.588893 4.5 209.7 11.0
2016-10-23 10:41:44 413832166 114.304293 30.587763 114.304733 30.588527 4.5 207.0 11.0
2016-10-23 10:42:06 413832166 114.304067 30.58739 114.304293 30.587763 4.5 206.5 11.0
2016-10-23 10:42:32 413832166 114.30388 30.587027 114.304067 30.58739 4.5 204.6 11.0
2016-10-23 10:42:54 413832166 114.30356 30.586433 114.30388 30.587027 4.5 203.0 11.0
2016-10-23 10:43:19 413832166 114.303373 30.58605 114.30356 30.586433 4.6 203.9 11.0
2016-10-23 10:44:10 413832166 114.302813 30.585053 114.303373 30.58605 4.6 207.1 11.0
2016-10-23 10:44:28 413832166 114.302613 30.58469 114.302813 30.585053 4.5 205.3 11.0
2016-10-23 10:45:08 413832166 114.30216 30.5839 114.302613 30.58469 4.6 206.4 11.0
2016-10-23 10:45:35 413832166 114.301947 30.583537 114.30216 30.5839 4.6 207.4 11.0
2016-10-23 10:46:02 413832166 114.301573 30.582937 114.301947 30.583537 4.5 207.2 11.0
2016-10-23 10:47:01 413832166 114.30104 30.581997 114.301573 30.582937 4.5 206.3 11.0
2016-10-23 10:48:12 413832166 114.300067 30.580527 114.30104 30.581997 4.4 212.3 11.0
2016-10-23 10:48:42 413832166 114.299693 30.579973 114.300067 30.580527 4.4 210.8 11.0
2016-10-23 10:49:03 413832166 114.299427 30.57962 114.299693 30.579973 4.4 212.1 11.0
2016-10-23 10:49:46 413832166 114.298773 30.5788 114.299427 30.57962 4.5 215.4 11.0
2016-10-23 10:50:19 413832166 114.29848 30.57844 114.298773 30.5788 4.5 215.0 11.0
2016-10-23 10:50:38 413832166 114.298067 30.577913 114.29848 30.57844 4.5 213.9 11.0
2016-10-23 10:50:59 413832166 114.297787 30.577563 114.298067 30.577913 4.5 214.5 11.0
2016-10-23 10:51:23 413832166 114.297467 30.57716 114.297787 30.577563 4.6 215.1 11.0
2016-10-23 10:52:08 413832166 114.296907 30.576447 114.297467 30.57716 4.8 214.3 11.0
2016-10-23 10:52:31 413832166 114.296507 30.57593 114.296907 30.576447 5.0 212.9 11.0
2016-10-23 10:52:57 413832166 114.296133 30.575457 114.296507 30.57593 5.1 213.7 11.0
2016-10-23 10:53:17 413832166 114.295707 30.574867 114.296133 30.575457 5.3 212.7 11.0
2016-10-23 10:54:00 413832166 114.295213 30.574217 114.295707 30.574867 5.4 212.5 11.0
2016-10-23 10:54:26 413832166 114.294747 30.573567 114.295213 30.574217 5.6 210.6 11.0
2016-10-23 10:54:48 413832166 114.29432 30.57289 114.294747 30.573567 5.7 209.1 11.0
2016-10-23 10:55:47 413832166 114.293547 30.57164 114.29432 30.57289 5.8 209.4 11.0
2016-10-23 10:56:15 413832166 114.293147 30.57102 114.293547 30.57164 5.9 208.3 11.0
2016-10-23 10:56:40 413832166 114.2928 30.570463 114.293147 30.57102 5.8 207.6 11.0
2016-10-23 10:57:03 413832166 114.292373 30.569733 114.2928 30.570463 5.8 206.7 11.0
2016-10-23 10:57:38 413832166 114.292 30.569053 114.292373 30.569733 5.7 204.5 11.0
2016-10-23 10:58:04 413832166 114.29156 30.568297 114.292 30.569053 5.7 208.8 11.0
2016-10-23 10:58:29 413832166 114.291293 30.567887 114.29156 30.568297 5.7 210.0 11.0
2016-10-23 10:59:58 413832166 114.289827 30.565833 114.291293 30.567887 5.4 213.1 11.0
2016-10-23 11:00:48 413832166 114.289013 30.56474 114.289827 30.565833 5.2 212.1 11.0
2016-10-23 11:01:23 413832166 114.288493 30.56396 114.289013 30.56474 5.2 208.3 11.0
2016-10-23 11:01:44 413832166 114.2882 30.563473 114.288493 30.56396 5.1 208.4 11.0
2016-10-23 11:02:06 413832166 114.287933 30.563057 114.2882 30.563473 5.0 209.7 11.0
2016-10-23 11:02:26 413832166 114.28768 30.562703 114.287933 30.563057 4.9 213.0 11.0
2016-10-23 11:03:08 413832166 114.28708 30.561893 114.28768 30.562703 4.8 211.3 11.0
2016-10-23 11:03:34 413832166 114.286693 30.561327 114.28708 30.561893 4.8 210.1 11.0
2016-10-23 11:03:58 413832166 114.286453 30.560953 114.286693 30.561327 4.8 210.1 11.0
2016-10-23 11:05:00 413832166 114.285787 30.559927 114.286453 30.560953 4.7 210.0 11.0
2016-10-23 11:05:25 413832166 114.285387 30.559363 114.285787 30.559927 4.7 211.5 11.0
2016-10-23 11:05:45 413832166 114.285013 30.5588 114.285387 30.559363 4.7 210.6 11.0
2016-10-23 11:06:06 413832166 114.284787 30.558477 114.285013 30.5588 4.7 210.1 11.0
2016-10-23 11:06:42 413832166 114.28436 30.557833 114.284787 30.558477 4.7 209.0 11.0
2016-10-23 11:07:04 413832166 114.284013 30.557317 114.28436 30.557833 4.7 211.2 11.0
2016-10-23 11:07:24 413832166 114.283747 30.556923 114.284013 30.557317 4.7 211.8 11.0
2016-10-23 11:07:49 413832166 114.283493 30.556563 114.283747 30.556923 4.7 211.1 11.0
2016-10-23 11:08:20 413832166 114.28308 30.555983 114.283493 30.556563 4.7 213.9 11.0
2016-10-23 11:08:43 413832166 114.2828 30.555613 114.28308 30.555983 4.7 211.7 11.0
2016-10-23 11:09:06 413832166 114.282413 30.55505 114.2828 30.555613 4.7 209.8 11.0
2016-10-23 11:10:07 413832166 114.281827 30.554073 114.282413 30.55505 4.6 207.1 11.0
2016-10-23 11:11:22 413832166 114.281 30.552463 114.281827 30.554073 4.5 200.0 11.0
2016-10-23 11:11:54 413832166 114.28076 30.5519 114.281 30.552463 4.4 201.2 11.0
2016-10-23 11:12:17 413832166 114.280587 30.551497 114.28076 30.5519 4.4 199.8 11.0
2016-10-23 11:12:39 413832166 114.280347 30.550923 114.280587 30.551497 4.3 199.3 11.0
2016-10-23 11:13:32 413832166 114.279947 30.550027 114.280347 30.550923 4.2 202.5 11.0
2016-10-23 11:13:57 413832166 114.27976 30.54962 114.279947 30.550027 4.2 202.0 11.0
2016-10-23 11:14:17 413832166 114.279653 30.549403 114.27976 30.54962 4.2 201.4 11.0
2016-10-23 11:14:38 413832166 114.279333 30.548717 114.279653 30.549403 4.1 202.0 11.0
2016-10-23 11:15:18 413832166 114.279093 30.5482 114.279333 30.548717 4.1 201.9 11.0
2016-10-23 11:15:44 413832166 114.278827 30.547597 114.279093 30.5482 4.0 200.6 11.0
2016-10-23 11:16:23 413832166 114.278573 30.547067 114.278827 30.547597 4.1 204.5 11.0
2016-10-23 11:17:05 413832166 114.27832 30.546583 114.278573 30.547067 4.0 204.6 11.0
2016-10-23 11:17:28 413832166 114.277867 30.54573 114.27832 30.546583 4.1 204.1 11.0
2016-10-23 11:18:43 413832166 114.27736 30.54461 114.277867 30.54573 4.0 201.3 11.0
2016-10-23 11:19:23 413832166 114.276973 30.543727 114.27736 30.54461 4.0 200.2 11.0
2016-10-23 11:20:15 413832166 114.27656 30.542833 114.276973 30.543727 4.0 199.6 11.0
2016-10-23 11:21:20 413832166 114.276093 30.541733 114.27656 30.542833 4.1 202.1 11.0
2016-10-23 11:21:57 413832166 114.27572 30.54103 114.276093 30.541733 4.0 205.8 11.0
2016-10-23 11:22:19 413832166 114.275547 30.54071 114.27572 30.54103 4.0 205.9 11.0
2016-10-23 11:22:38 413832166 114.275293 30.540227 114.275547 30.54071 3.9 205.5 11.0
2016-10-23 11:22:58 413832166 114.275173 30.54005 114.275293 30.540227 3.9 208.2 11.0
2016-10-23 11:25:28 413832166 114.27352 30.537773 114.275173 30.54005 3.7 213.3 11.0
2016-10-23 11:25:52 413832166 114.273227 30.53737 114.27352 30.537773 3.7 213.8 11.0
2016-10-23 11:26:17 413832166 114.272973 30.53706 114.273227 30.53737 3.7 215.7 11.0
2016-10-23 11:27:21 413832166 114.272507 30.536527 114.272973 30.53706 3.7 215.5 11.0
2016-10-23 11:27:49 413832166 114.271813 30.535813 114.272507 30.536527 3.8 220.7 11.0
2016-10-23 11:28:13 413832166 114.27156 30.53555 114.271813 30.535813 3.8 222.0 11.0
2016-10-23 11:28:36 413832166 114.27116 30.5352 114.27156 30.53555 3.7 226.7 11.0
2016-10-23 11:29:15 413832166 114.270733 30.5348 114.27116 30.5352 3.5 218.2 11.0
2016-10-23 11:29:40 413832166 114.270413 30.534433 114.270733 30.5348 3.4 216.2 11.0
2016-10-23 11:30:21 413832166 114.27 30.53393 114.270413 30.534433 3.3 213.5 11.0
2016-10-23 11:30:57 413832166 114.269613 30.533387 114.27 30.53393 3.2 210.7 11.0
2016-10-23 11:31:41 413832166 114.269267 30.53287 114.269613 30.533387 3.1 208.0 11.0
2016-10-23 11:32:48 413832166 114.268867 30.532387 114.269267 30.53287 3.0 219.0 11.0
2016-10-23 11:33:36 413832166 114.268227 30.531737 114.268867 30.532387 3.1 217.1 11.0
2016-10-23 11:34:45 413832166 114.26748 30.530783 114.268227 30.531737 2.9 209.2 11.0
2016-10-23 11:35:58 413832166 114.2668 30.529807 114.26748 30.530783 3.1 211.1 11.0
2016-10-23 11:36:54 413832166 114.266427 30.5293 114.2668 30.529807 3.3 214.2 11.0
2016-10-23 11:37:34 413832166 114.265813 30.528497 114.266427 30.5293 3.6 211.8 11.0
2016-10-23 11:38:03 413832166 114.26556 30.528193 114.265813 30.528497 3.6 215.8 11.0
2016-10-23 11:38:26 413832166 114.26532 30.527903 114.26556 30.528193 3.6 215.3 11.0
2016-10-23 11:39:07 413832166 114.264973 30.527487 114.26532 30.527903 3.7 220.3 11.0
2016-10-23 11:40:34 413832166 114.263867 30.526243 114.264973 30.527487 3.6 220.0 11.0
2016-10-23 11:42:03 413832166 114.262587 30.524967 114.263867 30.526243 3.6 222.2 11.0
2016-10-23 11:42:23 413832166 114.262333 30.52471 114.262587 30.524967 3.6 219.6 11.0
2016-10-23 11:44:30 413832166 114.260933 30.523323 114.262333 30.52471 3.5 215.0 11.0
2016-10-23 11:45:09 413832166 114.260467 30.522743 114.260933 30.523323 3.5 216.5 11.0
2016-10-23 11:46:21 413832166 114.259653 30.521857 114.260467 30.522743 3.4 218.8 11.0
2016-10-23 11:48:41 413832166 114.2582 30.52017 114.259653 30.521857 3.4 213.5 11.0
2016-10-23 11:49:27 413832166 114.257453 30.519247 114.2582 30.52017 3.4 216.0 11.0
2016-10-23 11:51:39 413832166 114.256133 30.517583 114.257453 30.519247 3.3 212.4 11.0
2016-10-23 11:52:19 413832166 114.25572 30.51703 114.256133 30.517583 3.2 212.8 11.0
2016-10-23 11:54:36 413832166 114.254587 30.515457 114.25572 30.51703 3.3 210.5 11.0
2016-10-23 11:55:02 413832166 114.25424 30.514923 114.254587 30.515457 3.3 210.6 11.0
2016-10-23 11:55:49 413832166 114.253987 30.514553 114.25424 30.514923 3.3 210.2 11.0
2016-10-23 11:56:11 413832166 114.2536 30.513997 114.253987 30.514553 3.3 212.2 11.0
2016-10-23 11:56:33 413832166 114.253427 30.51376 114.2536 30.513997 3.3 213.5 11.0
2016-10-23 11:58:38 413832166 114.252173 30.51223 114.253427 30.51376 3.4 221.7 11.0
2016-10-23 11:59:21 413832166 114.25168 30.51172 114.252173 30.51223 3.5 217.7 11.0
2016-10-23 12:00:28 413832166 114.250867 30.510697 114.25168 30.51172 3.7 212.0 11.0
2016-10-23 12:01:29 413832166 114.25012 30.509647 114.250867 30.510697 3.8 210.5 11.0
2016-10-23 12:02:11 413832166 114.249827 30.50919 114.25012 30.509647 3.8 206.1 11.0
2016-10-23 12:02:44 413832166 114.249493 30.508523 114.249827 30.50919 3.8 203.1 11.0
2016-10-23 12:03:57 413832166 114.248907 30.507517 114.249493 30.508523 3.9 207.8 11.0
2016-10-23 12:04:35 413832166 114.248427 30.506723 114.248907 30.507517 3.9 207.2 11.0
2016-10-23 12:05:01 413832166 114.24824 30.506407 114.248427 30.506723 3.9 206.3 11.0
2016-10-23 12:06:19 413832166 114.247427 30.505007 114.24824 30.506407 4.0 207.3 11.0
2016-10-23 12:06:44 413832166 114.24712 30.504497 114.247427 30.505007 4.0 208.5 11.0
2016-10-23 12:08:31 413832166 114.24616 30.503027 114.24712 30.504497 4.1 208.3 11.0
2016-10-23 12:09:54 413832166 114.24528 30.501663 114.24616 30.503027 4.1 208.0 11.0
2016-10-23 12:11:40 413832166 114.24432 30.500143 114.24528 30.501663 4.1 210.4 11.0
2016-10-23 12:13:55 413832166 114.242373 30.497307 114.24432 30.500143 4.0 215.0 11.0
2016-10-23 12:15:08 413832166 114.241493 30.496243 114.242373 30.497307 3.9 215.3 11.0
2016-10-23 12:15:34 413832166 114.241267 30.495957 114.241493 30.496243 3.9 214.0 11.0
2016-10-23 12:17:02 413832166 114.240093 30.49458 114.241267 30.495957 4.0 218.7 11.0
2016-10-23 12:18:59 413832166 114.23848 30.492723 114.240093 30.49458 4.1 214.1 11.0
2016-10-23 12:21:11 413832166 114.236867 30.49061 114.23848 30.492723 4.0 214.4 11.0
2016-10-23 12:22:57 413832166 114.235627 30.48913 114.236867 30.49061 3.9 215.6 11.0
2016-10-23 12:23:53 413832166 114.235 30.48841 114.235627 30.48913 3.8 218.1 11.0
2016-10-23 12:24:11 413832166 114.2346 30.487963 114.235 30.48841 3.8 217.5 11.0
2016-10-23 12:25:05 413832166 114.234107 30.48742 114.2346 30.487963 3.7 219.0 11.0
2016-10-23 12:27:12 413832166 114.232493 30.485463 114.234107 30.48742 3.6 214.1 11.0
2016-10-23 12:31:02 413832166 114.22984 30.48255 114.232493 30.485463 3.5 221.7 11.0
2016-10-23 12:32:02 413832166 114.229067 30.481837 114.22984 30.48255 3.4 223.3 11.0
2016-10-23 12:32:47 413832166 114.228413 30.481243 114.229067 30.481837 3.4 224.4 11.0
2016-10-23 12:34:52 413832166 114.226933 30.479803 114.228413 30.481243 3.4 221.9 11.0
2016-10-23 12:35:33 413832166 114.226547 30.479417 114.226933 30.479803 3.4 221.8 11.0
2016-10-23 12:35:58 413832166 114.226067 30.47894 114.226547 30.479417 3.3 218.1 11.0
2016-10-23 12:36:20 413832166 114.225853 30.47869 114.226067 30.47894 3.3 218.1 11.0
2016-10-23 12:37:37 413832166 114.224893 30.477713 114.225853 30.47869 3.3 224.3 11.0
2016-10-23 12:38:24 413832166 114.224427 30.477277 114.224893 30.477713 3.3 221.6 11.0
2016-10-23 12:38:53 413832166 114.224013 30.47688 114.224427 30.477277 3.3 224.5 11.0
2016-10-23 12:39:37 413832166 114.2234 30.476303 114.224013 30.47688 3.3 221.6 11.0
2016-10-23 12:42:53 413832166 114.22124 30.474293 114.2234 30.476303 3.1 215.7 11.0
2016-10-23 12:44:52 413832166 114.219893 30.472977 114.22124 30.474293 3.0 223.5 11.0
2016-10-23 12:45:50 413832166 114.219173 30.472317 114.219893 30.472977 3.1 221.6 11.0
2016-10-23 12:51:50 413832166 114.214798625 30.468426375     
2016-10-23 12:52:14 413832166 114.214507 30.468167 114.215053 30.468767 3.2 213.2 11.0
2016-10-23 12:56:23 413832166 114.212213 30.465377 114.214507 30.468167 2.9 220.0 11.0
2016-10-23 13:00:51 413832166 114.209027 30.46263 114.212213 30.465377 3.0 229.4 11.0
2016-10-23 13:02:14 413832166 114.208147 30.46197 114.209027 30.46263 2.9 231.7 11.0
2016-10-23 13:08:14 413832166 114.204163194332 30.45845890688259     
2016-10-23 13:14:14 413832166 114.200179388664 30.45494781376518     
2016-10-23 13:14:35 413832166 114.199947 30.454743 114.201413 30.45585 3.3 230.6 11.0
2016-10-23 13:15:37 413832166 114.19928 30.454227 114.199947 30.454743 3.4 226.5 11.0
