2016-10-24 0:01:13 413804727 114.527933 30.677553 114.527932 30.677553 0.0 141.1
2016-10-24 0:04:30 413804727 114.527937 30.677552 114.527933 30.677553 0.0 141.1
2016-10-24 00:10:30 413804727 114.527937 30.67755006451613    
2016-10-24 0:10:42 413804727 114.527937 30.67755 114.527937 30.677553 0.0 141.1
2016-10-24 00:16:42 413804727 114.5279342519084 30.6775486259542    
2016-10-24 0:19:26 413804727 114.527933 30.677548 114.527933 30.677548 0.0 141.1
2016-10-24 0:22:58 413804727 114.527937 30.677548 114.527933 30.677548 0.0 141.1
2016-10-24 00:28:58 413804727 114.5279358693467 30.67754777386935    
2016-10-24 00:34:58 413804727 114.5279347386935 30.67754754773869    
2016-10-24 00:40:58 413804727 114.5279336080402 30.67754732160804    
2016-10-24 00:46:58 413804727 114.5279324773869 30.67754709547739    
2016-10-24 0:49:30 413804727 114.527932 30.677547 114.52793 30.677545 0.0 141.1
2016-10-24 00:55:30 413804727 114.5279286449208 30.67754565796831    
2016-10-24 01:01:30 413804727 114.5279252898416 30.67754431593663    
2016-10-24 1:07:23 413804727 114.527922 30.677543 114.527925 30.677543 0.0 141.1
2016-10-24 1:10:30 413804727 114.527922 30.677542 114.527922 30.677543 0.0 141.1
2016-10-24 1:13:25 413804727 114.527918 30.677543 114.527922 30.677542 0.0 141.1
2016-10-24 1:16:21 413804727 114.52792 30.677545 114.527918 30.677543 0.0 141.1
2016-10-24 1:19:18 413804727 114.52792 30.677545 114.52792 30.677545 0.0 141.1
2016-10-24 1:22:26 413804727 114.527922 30.677548 114.52792 30.677545 0.0 141.1
2016-10-24 01:28:26 413804727 114.5279247341772 30.67755164556962    
2016-10-24 1:29:01 413804727 114.527925 30.677552 114.527927 30.677553 0.0 141.1
2016-10-24 1:34:56 413804727 114.52793 30.677555 114.52793 30.677555 0.0 141.1
2016-10-24 1:37:23 413804727 114.527933 30.677557 114.52793 30.677555 0.0 141.1
2016-10-24 01:43:23 413804727 114.5279355087108 30.6775576271777    
2016-10-24 1:46:57 413804727 114.527937 30.677558 114.527935 30.677558 0.0 141.1
2016-10-24 01:52:57 413804727 114.5279395104602 30.6775590041841    
2016-10-24 1:58:54 413804727 114.527942 30.67756 114.527943 30.677562 0.0 141.1
2016-10-24 2:01:28 413804727 114.527943 30.677562 114.527942 30.67756 0.0 141.1
2016-10-24 2:04:36 413804727 114.527945 30.677562 114.527943 30.677562 0.0 141.1
2016-10-24 02:10:36 413804727 114.5279470044543 30.67756320267261    
2016-10-24 02:16:36 413804727 114.5279490089087 30.67756440534521    
2016-10-24 2:19:34 413804727 114.52795 30.677565 114.527947 30.677565 0.0 141.1
2016-10-24 2:22:20 413804727 114.527952 30.677568 114.52795 30.677565 0.0 141.1
2016-10-24 2:22:58 413804727 114.527953 30.677568 114.527952 30.677568 0.0 141.1
2016-10-24 2:25:36 413804727 114.527955 30.677568 114.527953 30.677568 0.0 141.1
2016-10-24 2:28:23 413804727 114.527957 30.67757 114.527955 30.677568 0.0 141.1
2016-10-24 2:31:35 413804727 114.527958 30.677568 114.527957 30.67757 0.0 141.1
2016-10-24 2:34:28 413804727 114.527958 30.677567 114.527958 30.677568 0.0 141.1
2016-10-24 02:40:28 413804727 114.5279615820896 30.677567    
2016-10-24 2:41:10 413804727 114.527962 30.677567 114.52796 30.677567 0.0 141.1
2016-10-24 2:46:24 413804727 114.527963 30.677568 114.527962 30.677567 0.0 141.1
2016-10-24 2:46:54 413804727 114.527963 30.677567 114.527963 30.677568 0.0 141.1
2016-10-24 02:52:54 413804727 114.5279654896266 30.67756600414938    
2016-10-24 02:58:54 413804727 114.5279679792531 30.67756500829876    
2016-10-24 2:58:57 413804727 114.527968 30.677565 114.527967 30.677565 0.0 141.1
2016-10-24 3:01:38 413804727 114.527968 30.677565 114.527968 30.677565 0.0 141.1
2016-10-24 3:04:29 413804727 114.527968 30.677563 114.527968 30.677565 0.0 141.1
2016-10-24 03:10:29 413804727 114.5279717209302 30.67756486046512    
2016-10-24 3:10:56 413804727 114.527972 30.677565 114.527972 30.677565 0.0 141.1
2016-10-24 3:13:27 413804727 114.527973 30.677565 114.527972 30.677565 0.0 141.1
2016-10-24 3:16:28 413804727 114.527972 30.677565 114.527973 30.677565 0.0 141.1
2016-10-24 3:19:41 413804727 114.527973 30.677563 114.527972 30.677565 0.0 141.1
2016-10-24 3:22:26 413804727 114.527973 30.677567 114.527973 30.677563 0.0 141.1
2016-10-24 3:25:42 413804727 114.52797 30.677567 114.527973 30.677567 0.0 141.1
2016-10-24 3:28:35 413804727 114.52797 30.677565 114.52797 30.677567 0.0 141.1
2016-10-24 3:28:57 413804727 114.527972 30.677563 114.52797 30.677565 0.0 141.1
2016-10-24 3:31:38 413804727 114.527968 30.677565 114.527972 30.677563 0.0 141.1
2016-10-24 3:34:33 413804727 114.527967 30.677563 114.527968 30.677565 0.0 141.1
2016-10-24 03:40:33 413804727 114.527967 30.67756569158879    
2016-10-24 3:43:28 413804727 114.527967 30.677567 114.527965 30.677563 0.0 141.1
2016-10-24 3:46:39 413804727 114.52797 30.677568 114.527967 30.677567 0.0 141.1
2016-10-24 3:47:03 413804727 114.52797 30.677568 114.52797 30.677568 0.0 141.1
2016-10-24 3:49:34 413804727 114.52797 30.67757 114.52797 30.677568 0.0 141.1
2016-10-24 3:52:26 413804727 114.527972 30.67757 114.52797 30.67757 0.0 141.1
2016-10-24 03:58:26 413804727 114.5279693626374 30.67756802197802    
2016-10-24 4:01:32 413804727 114.527968 30.677567 114.52797 30.677568 0.0 141.1
2016-10-24 4:04:29 413804727 114.527968 30.677567 114.527968 30.677567 0.0 141.1
2016-10-24 4:04:56 413804727 114.527968 30.677568 114.527968 30.677567 0.0 141.1
2016-10-24 4:07:44 413804727 114.527968 30.677567 114.527968 30.677568 0.0 141.1
2016-10-24 4:10:28 413804727 114.52797 30.677565 114.527968 30.677567 0.0 141.1
2016-10-24 4:11:10 413804727 114.527968 30.677565 114.52797 30.677565 0.0 141.1
2016-10-24 4:13:41 413804727 114.527967 30.677563 114.527968 30.677565 0.0 141.1
2016-10-24 04:19:41 413804727 114.5279642932331 30.677563    
2016-10-24 4:22:33 413804727 114.527963 30.677563 114.527963 30.677562 0.0 141.1
2016-10-24 4:23:09 413804727 114.527965 30.677563 114.527963 30.677563 0.0 141.1
2016-10-24 04:29:09 413804727 114.5279628528827 30.677563    
2016-10-24 4:31:32 413804727 114.527962 30.677563 114.527963 30.677565 0.0 141.1
2016-10-24 4:35:19 413804727 114.527963 30.677562 114.527962 30.677563 0.0 141.1
2016-10-24 4:37:33 413804727 114.527962 30.677563 114.527963 30.677562 0.0 141.1
2016-10-24 4:40:39 413804727 114.52796 30.677562 114.527962 30.677563 0.0 141.1
2016-10-24 4:43:41 413804727 114.52796 30.677562 114.52796 30.677562 0.0 141.1
2016-10-24 4:46:30 413804727 114.52796 30.677563 114.52796 30.677562 0.0 141.1
2016-10-24 4:47:05 413804727 114.527962 30.677563 114.52796 30.677563 0.0 141.1
2016-10-24 4:49:30 413804727 114.527965 30.677565 114.527962 30.677563 0.0 141.1
2016-10-24 4:52:26 413804727 114.527965 30.677567 114.527965 30.677565 0.0 141.1
2016-10-24 04:58:26 413804727 114.5279603488372 30.67756606976744    
2016-10-24 05:04:26 413804727 114.5279556976744 30.67756513953488    
2016-10-24 5:05:20 413804727 114.527955 30.677565 114.527957 30.677565 0.0 141.1
2016-10-24 5:07:30 413804727 114.527955 30.677565 114.527955 30.677565 0.0 141.1
2016-10-24 5:10:28 413804727 114.527957 30.677567 114.527955 30.677565 0.0 141.1
2016-10-24 5:11:22 413804727 114.527957 30.677567 114.527957 30.677567 0.0 141.1
2016-10-24 05:17:22 413804727 114.5279555123967 30.67756551239669    
2016-10-24 5:19:26 413804727 114.527955 30.677565 114.527957 30.677567 0.0 141.1
2016-10-24 5:23:02 413804727 114.527957 30.677565 114.527955 30.677565 0.0 141.1
2016-10-24 5:25:28 413804727 114.527955 30.677567 114.527957 30.677565 0.0 141.1
2016-10-24 5:28:49 413804727 114.527953 30.677565 114.527955 30.677567 0.0 141.1
2016-10-24 5:31:46 413804727 114.527953 30.677563 114.527953 30.677565 0.0 141.1
2016-10-24 05:37:46 413804727 114.527953 30.67756231428572    
2016-10-24 5:40:31 413804727 114.527953 30.677562 114.527952 30.677562 0.0 141.1
2016-10-24 5:43:26 413804727 114.527952 30.67756 114.527953 30.677562 0.0 141.1
2016-10-24 5:46:30 413804727 114.527952 30.67756 114.527952 30.67756 0.0 141.1
2016-10-24 5:47:15 413804727 114.527952 30.67756 114.527952 30.67756 0.0 141.1
2016-10-24 5:52:40 413804727 114.527952 30.67756 114.527952 30.67756 0.0 141.1
2016-10-24 5:53:05 413804727 114.527953 30.67756 114.527952 30.67756 0.0 141.1
2016-10-24 05:59:05 413804727 114.527953 30.67756276923077    
2016-10-24 5:59:35 413804727 114.527953 30.677563 114.527952 30.677562 0.0 141.1
2016-10-24 6:01:51 413804727 114.527957 30.677565 114.527953 30.677563 0.0 141.1
2016-10-24 6:04:35 413804727 114.527955 30.677562 114.527957 30.677565 0.0 141.1
2016-10-24 6:05:18 413804727 114.527955 30.677563 114.527955 30.677562 0.0 141.1
2016-10-24 06:11:18 413804727 114.5279539237668 30.67756030941704    
2016-10-24 6:16:27 413804727 114.527953 30.677558 114.527953 30.677558 0.0 141.1
2016-10-24 6:19:43 413804727 114.527953 30.677557 114.527953 30.677558 0.0 141.1
2016-10-24 6:22:26 413804727 114.527958 30.67756 114.527953 30.677557 0.0 141.1
2016-10-24 6:23:15 413804727 114.52796 30.677558 114.527958 30.67756 0.0 141.1
2016-10-24 6:29:00 413804727 114.52796 30.677558 114.52796 30.677558 0.0 141.1
2016-10-24 6:31:25 413804727 114.527962 30.67756 114.52796 30.677558 0.0 141.1
2016-10-24 6:34:30 413804727 114.527965 30.677562 114.527962 30.67756 0.0 141.1
2016-10-24 6:37:29 413804727 114.527965 30.677563 114.527965 30.677562 0.0 141.1
2016-10-24 06:43:29 413804727 114.5279702079566 30.67756755696202    
2016-10-24 6:46:42 413804727 114.527973 30.67757 114.527973 30.677567 0.0 141.1
2016-10-24 6:47:12 413804727 114.527975 30.67757 114.527973 30.67757 0.0 141.1
2016-10-24 06:53:12 413804727 114.5279806140351 30.67757140350877    
2016-10-24 6:55:45 413804727 114.527983 30.677572 114.527975 30.677572 0.0 141.1
2016-10-24 6:58:28 413804727 114.527983 30.67757 114.527983 30.677572 0.0 141.1
2016-10-24 6:59:09 413804727 114.527982 30.67757 114.527983 30.67757 0.0 141.1
2016-10-24 7:01:32 413804727 114.527983 30.677568 114.527982 30.67757 0.0 141.1
2016-10-24 7:04:43 413804727 114.527983 30.677567 114.527983 30.677568 0.0 141.1
2016-10-24 7:07:29 413804727 114.52798 30.677562 114.527983 30.677567 0.0 141.1
2016-10-24 7:10:50 413804727 114.527977 30.677558 114.52798 30.677562 0.0 141.1
2016-10-24 7:11:15 413804727 114.527975 30.677558 114.527977 30.677558 0.0 141.1
2016-10-24 7:13:33 413804727 114.527973 30.677557 114.527975 30.677558 0.0 141.1
2016-10-24 7:16:29 413804727 114.527973 30.677555 114.527973 30.677557 0.0 141.1
2016-10-24 07:22:29 413804727 114.527973 30.677555    
2016-10-24 7:25:30 413804727 114.527973 30.677555 114.527972 30.677552 0.0 141.1
2016-10-24 7:28:42 413804727 114.527977 30.677557 114.527973 30.677555 0.0 141.1
2016-10-24 07:34:42 413804727 114.5279756542056 30.67755565420561    
2016-10-24 7:37:37 413804727 114.527975 30.677555 114.527975 30.677555 0.0 141.1
2016-10-24 7:40:56 413804727 114.527975 30.677557 114.527975 30.677555 0.0 141.1
2016-10-24 07:46:56 413804727 114.5279768367347 30.67756159183674    
2016-10-24 7:47:28 413804727 114.527977 30.677562 114.527977 30.677562 0.0 141.1
2016-10-24 7:49:33 413804727 114.527978 30.677563 114.527977 30.677562 0.0 141.1
2016-10-24 7:52:27 413804727 114.527975 30.677565 114.527978 30.677563 0.0 141.1
2016-10-24 7:55:34 413804727 114.527977 30.677563 114.527975 30.677565 0.0 141.1
2016-10-24 7:58:27 413804727 114.527973 30.677563 114.527977 30.677563 0.0 141.1
2016-10-24 7:59:32 413804727 114.527973 30.677565 114.527973 30.677563 0.0 141.1
2016-10-24 8:01:42 413804727 114.527973 30.677565 114.527973 30.677565 0.0 141.1
2016-10-24 8:04:40 413804727 114.52797 30.677563 114.527973 30.677565 0.0 141.1
2016-10-24 08:10:40 413804727 114.52797 30.67756664556962    
2016-10-24 8:11:15 413804727 114.52797 30.677567 114.52797 30.677565 0.0 141.1
2016-10-24 08:17:15 413804727 114.5279667272727 30.67756822727273    
2016-10-24 08:23:15 413804727 114.5279634545455 30.67756945454546    
2016-10-24 8:25:55 413804727 114.527962 30.67757 114.527962 30.677565 0.0 141.1
2016-10-24 08:31:55 413804727 114.5279613314763 30.6775708356546    
2016-10-24 08:37:55 413804727 114.5279606629527 30.67757167130919    
2016-10-24 08:43:55 413804727 114.527959994429 30.67757250696379    
2016-10-24 08:49:55 413804727 114.5279593259053 30.67757334261838    
2016-10-24 08:55:55 413804727 114.5279586573816 30.67757417827298    
2016-10-24 9:01:49 413804727 114.527958 30.677575 114.527958 30.677572 0.0 141.1
2016-10-24 09:07:49 413804727 114.5279613210332 30.67757699261993    
2016-10-24 9:10:51 413804727 114.527963 30.677578 114.527962 30.677577 0.0 141.1
2016-10-24 09:16:51 413804727 114.5279646933208 30.67757867732832    
2016-10-24 09:22:51 413804727 114.5279663866416 30.67757935465663    
2016-10-24 9:28:34 413804727 114.527968 30.67758 114.527968 30.67758 0.0 141.1
2016-10-24 09:34:34 413804727 114.5279639944367 30.67757599443672    
2016-10-24 9:40:33 413804727 114.52796 30.677572 114.527958 30.677573 0.0 141.1
2016-10-24 9:41:30 413804727 114.52796 30.677572 114.52796 30.677572 0.0 141.1
2016-10-24 09:47:30 413804727 114.527952 30.67756453333334    
2016-10-24 9:52:45 413804727 114.527945 30.677558 114.527947 30.67756 0.0 141.1
2016-10-24 09:58:45 413804727 114.5279477763496 30.67755707455013    
2016-10-24 9:59:14 413804727 114.527948 30.677557 114.527948 30.677557 0.0 141.1
2016-10-24 10:05:14 413804727 114.5279529450549 30.67755947252747    
2016-10-24 10:11:14 413804727 114.5279578901099 30.67756194505495    
2016-10-24 10:11:22 413804727 114.527958 30.677562 114.527958 30.677563 0.0 141.1
2016-10-24 10:17:22 413804727 114.5279621049031 30.67756405245154    
2016-10-24 10:23:22 413804727 114.5279662098062 30.67756610490308    
2016-10-24 10:25:59 413804727 114.527968 30.677567 114.527967 30.677565 0.0 141.1
2016-10-24 10:28:51 413804727 114.52797 30.677567 114.527968 30.677567 0.0 141.1
2016-10-24 10:31:38 413804727 114.527972 30.677567 114.52797 30.677567 0.0 141.1
2016-10-24 10:34:34 413804727 114.527973 30.677568 114.527972 30.677567 0.0 141.1
2016-10-24 10:35:22 413804727 114.527973 30.677568 114.527973 30.677568 0.0 141.1
2016-10-24 10:41:22 413804727 114.5279744545455 30.67757527272727    
2016-10-24 10:43:37 413804727 114.527975 30.677578 114.527977 30.677572 0.0 141.1
2016-10-24 10:46:39 413804727 114.527975 30.677575 114.527975 30.677578 0.0 141.1
2016-10-24 10:47:21 413804727 114.527973 30.677575 114.527975 30.677575 0.0 141.1
2016-10-24 10:53:21 413804727 114.527973 30.67757706896552    
2016-10-24 10:56:03 413804727 114.527973 30.677578 114.52797 30.677578 0.0 141.1
2016-10-24 10:58:55 413804727 114.527973 30.67758 114.527973 30.677578 0.0 141.1
2016-10-24 11:01:52 413804727 114.527973 30.67758 114.527973 30.67758 0.0 141.1
2016-10-24 11:04:35 413804727 114.527975 30.677582 114.527973 30.67758 0.0 141.1
2016-10-24 11:10:35 413804727 114.527975 30.67758285918854    
2016-10-24 11:11:34 413804727 114.527975 30.677583 114.527973 30.677583 0.0 141.1
2016-10-24 11:16:39 413804727 114.527975 30.677583 114.527975 30.677583 0.0 141.1
2016-10-24 11:19:54 413804727 114.527975 30.677582 114.527975 30.677583 0.0 141.1
2016-10-24 11:22:44 413804727 114.527977 30.677585 114.527975 30.677582 0.0 141.1
2016-10-24 11:23:50 413804727 114.527977 30.677585 114.527977 30.677585 0.0 141.1
2016-10-24 11:28:44 413804727 114.527977 30.677587 114.527977 30.677585 0.0 141.1
2016-10-24 11:32:05 413804727 114.527975 30.677587 114.527977 30.677587 0.0 141.1
2016-10-24 11:34:49 413804727 114.527977 30.677585 114.527975 30.677587 0.0 141.1
2016-10-24 11:40:49 413804727 114.5279751909548 30.67758319095477    
2016-10-24 11:41:27 413804727 114.527975 30.677583 114.527975 30.677582 0.0 141.1
2016-10-24 11:47:27 413804727 114.5279707322176 30.6775789832636    
2016-10-24 11:53:27 413804727 114.5279664644351 30.6775749665272    
2016-10-24 11:59:27 413804727 114.5279621966527 30.67757094979079    
2016-10-24 12:05:21 413804727 114.527958 30.677567 114.52796 30.677568 0.0 141.1
2016-10-24 12:08:06 413804727 114.527958 30.677567 114.527958 30.677567 0.0 141.1
2016-10-24 12:11:36 413804727 114.527955 30.677565 114.527958 30.677567 0.0 141.1
2016-10-24 12:17:36 413804727 114.5279544786387 30.67756630340333    
2016-10-24 12:23:36 413804727 114.5279539572773 30.67756760680666    
2016-10-24 12:29:36 413804727 114.527953435916 30.67756891020999    
2016-10-24 12:34:37 413804727 114.527953 30.67757 114.52795 30.586127 0.0 141.1
2016-10-24 12:35:41 413804727 114.527953 30.677572 114.527953 30.67757 0.0 141.1
2016-10-24 12:38:00 413804727 114.527957 30.677573 114.527953 30.677572 0.0 141.1
2016-10-24 12:44:00 413804727 114.527957 30.6775757221172    
2016-10-24 12:46:49 413804727 114.527957 30.677577 114.527957 30.677577 0.0 141.1
2016-10-24 12:52:49 413804727 114.527957 30.67758116345412    
2016-10-24 12:58:49 413804727 114.527957 30.67758532690825    
2016-10-24 13:04:49 413804727 114.527957 30.67758949036238    
2016-10-24 13:08:26 413804727 114.527957 30.677592 114.527953 30.677588 0.0 141.1
2016-10-24 13:11:10 413804727 114.527958 30.677595 114.527957 30.677592 0.0 141.1
2016-10-24 13:13:56 413804727 114.527962 30.677598 114.527958 30.677595 0.0 141.1
2016-10-24 13:17:23 413804727 114.527963 30.677598 114.527962 30.677598 0.0 141.1
2016-10-24 13:23:23 413804727 114.5279727560976 30.67760775609756    
2016-10-24 13:23:32 413804727 114.527973 30.677608 114.527972 30.677608 0.0 141.1
2016-10-24 13:25:55 413804727 114.527975 30.677612 114.527973 30.677608 0.0 141.1
2016-10-24 13:29:09 413804727 114.527978 30.677612 114.527975 30.677612 0.0 141.1
2016-10-24 13:29:38 413804727 114.527982 30.677613 114.527978 30.677612 0.0 141.1
2016-10-24 13:31:56 413804727 114.527985 30.677617 114.527982 30.677613 0.0 141.1
2016-10-24 13:34:44 413804727 114.527987 30.67762 114.527985 30.677617 0.0 141.1
2016-10-24 13:35:25 413804727 114.527987 30.67762 114.527987 30.67762 0.0 141.1
2016-10-24 13:38:12 413804727 114.52799 30.677622 114.527987 30.67762 0.0 141.1
2016-10-24 13:40:59 413804727 114.527993 30.677627 114.52799 30.677622 0.0 141.1
2016-10-24 13:46:59 413804727 114.527999805293 30.67763584688091    
2016-10-24 13:49:48 413804727 114.528003 30.67764 114.528 30.677635 0.0 141.1
2016-10-24 13:53:06 413804727 114.528007 30.677642 114.528003 30.67764 0.0 141.1
2016-10-24 13:53:41 413804727 114.528007 30.677643 114.528007 30.677642 0.0 141.1
2016-10-24 13:56:01 413804727 114.52801 30.677647 114.528007 30.677643 0.0 141.1
2016-10-24 13:58:47 413804727 114.528018 30.677648 114.52801 30.677647 0.0 141.1
2016-10-24 13:59:57 413804727 114.52802 30.67765 114.528018 30.677648 0.0 141.1
2016-10-24 14:02:12 413804727 114.52802 30.677652 114.52802 30.67765 0.0 141.1
2016-10-24 14:05:01 413804727 114.528023 30.677653 114.52802 30.677652 0.0 141.1
2016-10-24 14:11:01 413804727 114.5280262846715 30.67765234306569    
2016-10-24 14:14:09 413804727 114.528028 30.677652 114.52803 30.677653 0.0 141.1
2016-10-24 14:20:09 413804727 114.528028 30.67764920930233    
2016-10-24 14:22:45 413804727 114.528028 30.677648 114.528028 30.67765 0.0 141.1
2016-10-24 14:23:36 413804727 114.528028 30.677648 114.528028 30.677648 0.0 141.1
2016-10-24 14:26:17 413804727 114.528027 30.677648 114.528028 30.677648 0.0 141.1
2016-10-24 14:29:00 413804727 114.528025 30.677645 114.528027 30.677648 0.0 141.1
2016-10-24 14:30:06 413804727 114.528023 30.677645 114.528025 30.677645 0.0 141.1
2016-10-24 14:36:06 413804727 114.5280224503817 30.67764335114504    
2016-10-24 14:41:01 413804727 114.528022 30.677642 114.528023 30.677643 0.0 141.1
2016-10-24 14:47:01 413804727 114.5280247480916 30.677642    
2016-10-24 14:47:34 413804727 114.528025 30.677642 114.528023 30.67764 0.0 141.1
2016-10-24 14:53:14 413804727 114.528022 30.67764 114.528025 30.677642 0.0 141.1
2016-10-24 14:56:09 413804727 114.528017 30.677635 114.528022 30.67764 0.0 141.1
2016-10-24 14:59:17 413804727 114.528017 30.677633 114.528017 30.677635 0.0 141.1
2016-10-24 15:05:17 413804727 114.5280120684932 30.67763004109589    
2016-10-24 15:05:22 413804727 114.528012 30.67763 114.528017 30.677633 0.0 141.1
2016-10-24 15:11:04 413804727 114.528008 30.67763 114.528012 30.67763 0.0 141.1
2016-10-24 15:17:04 413804727 114.5280068092613 30.6776292061742    
2016-10-24 15:23:04 413804727 114.5280056185226 30.6776284123484    
2016-10-24 15:26:11 413804727 114.528005 30.677628 114.528008 30.677628 0.0 141.1
2016-10-24 15:28:53 413804727 114.528005 30.677627 114.528005 30.677628 0.0 141.1
2016-10-24 15:32:03 413804727 114.528007 30.677625 114.528005 30.677627 0.0 141.1
2016-10-24 15:35:06 413804727 114.528008 30.677627 114.528007 30.677625 0.0 141.1
2016-10-24 15:37:55 413804727 114.528008 30.677627 114.528008 30.677627 0.0 141.1
2016-10-24 15:40:46 413804727 114.52801 30.677628 114.528008 30.677627 0.0 141.1
2016-10-24 15:46:46 413804727 114.5280084070796 30.67762561061947    
2016-10-24 15:48:18 413804727 114.528008 30.677625 114.528008 30.677623 0.0 141.1
2016-10-24 15:50:23 413804727 114.52801 30.677623 114.528008 30.677625 0.0 141.1
2016-10-24 15:53:07 413804727 114.52801 30.677623 114.52801 30.677623 0.0 141.1
2016-10-24 15:56:25 413804727 114.528012 30.677623 114.52801 30.677623 0.0 141.1
2016-10-24 15:59:44 413804727 114.528013 30.677623 114.528012 30.677623 0.0 141.1
2016-10-24 16:02:20 413804727 114.528012 30.677623 114.528013 30.677623 0.0 141.1
2016-10-24 16:04:58 413804727 114.52801 30.67762 114.528012 30.677623 0.0 141.1
2016-10-24 16:10:58 413804727 114.52801 30.6776186440678    
2016-10-24 16:13:49 413804727 114.52801 30.677618 114.52801 30.67762 0.0 141.1
2016-10-24 16:19:49 413804727 114.5280087412587 30.67761925874126    
2016-10-24 16:23:21 413804727 114.528008 30.67762 114.52801 30.677618 0.0 141.1
2016-10-24 16:29:19 413804727 114.52801 30.677625 114.528008 30.67762 0.0 141.1
2016-10-24 16:31:57 413804727 114.52801 30.677627 114.52801 30.677625 0.0 141.1
2016-10-24 16:37:57 413804727 114.5280183571429 30.67763342857143    
2016-10-24 16:41:17 413804727 114.528023 30.677637 114.52802 30.677633 0.0 141.1
2016-10-24 16:41:45 413804727 114.528023 30.677637 114.528023 30.677637 0.0 141.1
2016-10-24 16:44:06 413804727 114.528027 30.67764 114.528023 30.677637 0.0 141.1
2016-10-24 16:47:17 413804727 114.52803 30.677642 114.528027 30.67764 0.0 141.1
2016-10-24 16:47:47 413804727 114.52803 30.677642 114.52803 30.677642 0.0 141.1
2016-10-24 16:49:54 413804727 114.528032 30.677643 114.52803 30.677642 0.0 141.1
2016-10-24 16:53:12 413804727 114.528033 30.677645 114.528032 30.677643 0.0 141.1
2016-10-24 16:56:03 413804727 114.528035 30.677648 114.528033 30.677645 0.0 141.1
2016-10-24 16:59:04 413804727 114.528037 30.677647 114.528035 30.677648 0.0 141.1
2016-10-24 17:01:55 413804727 114.52804 30.67765 114.528037 30.677647 0.0 141.1
2016-10-24 17:07:55 413804727 114.52804 30.67765141620771    
2016-10-24 17:13:55 413804727 114.52804 30.67765283241542    
2016-10-24 17:19:55 413804727 114.52804 30.67765424862313    
2016-10-24 17:23:06 413804727 114.52804 30.677655 114.52804 30.677655 0.0 141.1
2016-10-24 17:29:06 413804727 114.5280362395543 30.67765374651811    
2016-10-24 17:35:06 413804727 114.5280324791086 30.67765249303621    
2016-10-24 17:41:06 413804727 114.528028718663 30.67765123955432    
2016-10-24 17:47:02 413804727 114.528025 30.67765 114.528025 30.677652 0.0 141.1
2016-10-24 17:48:02 413804727 114.528025 30.67765 114.528025 30.67765 0.0 141.1
2016-10-24 17:50:08 413804727 114.528027 30.677652 114.528025 30.67765 0.0 141.1
2016-10-24 17:56:08 413804727 114.5280276112054 30.67765261120543    
2016-10-24 17:59:57 413804727 114.528028 30.677653 114.528028 30.677653 0.0 141.1
2016-10-24 18:05:57 413804727 114.5280250652174 30.67764810869565    
2016-10-24 18:06:05 413804727 114.528025 30.677648 114.528025 30.677648 0.0 141.1
2016-10-24 18:08:16 413804727 114.528025 30.677648 114.528025 30.677648 0.0 141.1
2016-10-24 18:12:20 413804727 114.528027 30.67765 114.528025 30.677648 0.0 141.1
2016-10-24 18:18:20 413804727 114.5280292929936 30.67765152866242    
2016-10-24 18:20:11 413804727 114.52803 30.677652 114.528027 30.67765 0.0 141.1
2016-10-24 18:23:21 413804727 114.528037 30.677653 114.52803 30.677652 0.0 141.1
2016-10-24 18:24:02 413804727 114.528035 30.677655 114.528037 30.677653 0.0 141.1
2016-10-24 18:26:18 413804727 114.528037 30.677657 114.528035 30.677655 0.0 141.1
2016-10-24 18:29:15 413804727 114.528038 30.677658 114.528037 30.677657 0.0 141.1
2016-10-24 18:32:21 413804727 114.528042 30.677662 114.528038 30.677658 0.0 141.1
2016-10-24 18:38:21 413804727 114.528042 30.67766284309133    
2016-10-24 18:39:28 413804727 114.528042 30.677663 114.528042 30.677662 0.0 141.1
2016-10-24 18:42:24 413804727 114.528043 30.677663 114.528042 30.677663 0.0 141.1
2016-10-24 18:47:23 413804727 114.528047 30.677665 114.528043 30.677663 0.0 141.1
2016-10-24 18:50:12 413804727 114.528047 30.677663 114.528047 30.677665 0.0 141.1
2016-10-24 18:53:17 413804727 114.528048 30.677663 114.528047 30.677663 0.0 141.1
2016-10-24 18:56:16 413804727 114.52805 30.677668 114.528048 30.677663 0.0 141.1
2016-10-24 18:59:28 413804727 114.528053 30.67767 114.52805 30.677668 0.0 141.1
2016-10-24 19:00:07 413804727 114.528053 30.67767 114.528053 30.67767 0.0 141.1
2016-10-24 19:02:20 413804727 114.528053 30.677668 114.528053 30.67767 0.0 141.1
2016-10-24 19:05:37 413804727 114.528055 30.677668 114.528053 30.677668 0.0 141.1
2016-10-24 19:08:30 413804727 114.528055 30.67767 114.528055 30.677668 0.0 141.1
2016-10-24 19:12:12 413804727 114.528058 30.677672 114.528055 30.67767 0.0 141.1
2016-10-24 19:14:44 413804727 114.528058 30.677673 114.528058 30.677672 0.0 141.1
2016-10-24 19:17:27 413804727 114.528058 30.677673 114.528058 30.677673 0.0 141.1
2016-10-24 19:17:58 413804727 114.52806 30.677675 114.528058 30.677673 0.0 141.1
2016-10-24 19:23:58 413804727 114.52806 30.67767204918033    
2016-10-24 19:24:04 413804727 114.52806 30.677672 114.52806 30.677673 0.0 141.1
2016-10-24 19:26:33 413804727 114.528058 30.677672 114.52806 30.677672 0.0 141.1
2016-10-24 19:29:15 413804727 114.528057 30.677672 114.528058 30.677672 0.0 141.1
2016-10-24 19:29:55 413804727 114.528057 30.677672 114.528057 30.677672 0.0 141.1
2016-10-24 19:32:29 413804727 114.528057 30.67767 114.528057 30.677672 0.0 141.1
2016-10-24 19:35:15 413804727 114.528057 30.67767 114.528057 30.67767 0.0 141.1
2016-10-24 19:36:26 413804727 114.528055 30.677667 114.528057 30.67767 0.0 141.1
2016-10-24 19:38:29 413804727 114.528057 30.677665 114.528055 30.677667 0.0 141.1
2016-10-24 19:42:24 413804727 114.528057 30.677667 114.528057 30.677665 0.0 141.1
2016-10-24 19:44:22 413804727 114.528055 30.677667 114.528057 30.677667 0.0 141.1
2016-10-24 19:47:16 413804727 114.528053 30.677668 114.528055 30.677667 0.0 141.1
2016-10-24 19:48:00 413804727 114.528055 30.67767 114.528053 30.677668 0.0 141.1
2016-10-24 19:50:13 413804727 114.528055 30.677672 114.528055 30.67767 0.0 141.1
2016-10-24 19:53:20 413804727 114.528055 30.67767 114.528055 30.677672 0.0 141.1
2016-10-24 19:54:13 413804727 114.528055 30.67767 114.528055 30.67767 0.0 141.1
2016-10-24 19:56:19 413804727 114.528052 30.677668 114.528055 30.67767 0.0 141.1
2016-10-24 19:59:14 413804727 114.528053 30.677668 114.528052 30.677668 0.0 141.1
2016-10-24 20:00:04 413804727 114.528052 30.677667 114.528053 30.677668 0.0 141.1
2016-10-24 20:05:12 413804727 114.528052 30.677668 114.528052 30.677667 0.0 141.1
2016-10-24 20:06:03 413804727 114.528053 30.677668 114.528052 30.677668 0.0 141.1
2016-10-24 20:08:14 413804727 114.528052 30.67767 114.528053 30.677668 0.0 141.1
2016-10-24 20:11:32 413804727 114.528053 30.677668 114.528052 30.67767 0.0 141.1
2016-10-24 20:12:23 413804727 114.52805 30.677665 114.528053 30.677668 0.0 141.1
2016-10-24 20:18:23 413804727 114.5280477263158 30.677665    
2016-10-24 20:20:18 413804727 114.528047 30.677665 114.528048 30.677665 0.0 141.1
2016-10-24 20:23:17 413804727 114.528048 30.677665 114.528047 30.677665 0.0 141.1
2016-10-24 20:24:01 413804727 114.528047 30.677665 114.528048 30.677665 0.0 141.1
2016-10-24 20:26:29 413804727 114.528047 30.677663 114.528047 30.677665 0.0 141.1
2016-10-24 20:29:40 413804727 114.528047 30.677663 114.528047 30.677663 0.0 141.1
2016-10-24 20:30:13 413804727 114.528047 30.677665 114.528047 30.677663 0.0 141.1
2016-10-24 20:32:35 413804727 114.528043 30.677663 114.528047 30.677665 0.0 141.1
2016-10-24 20:35:37 413804727 114.528045 30.677662 114.528043 30.677663 0.0 141.1
2016-10-24 20:36:18 413804727 114.528043 30.677662 114.528045 30.677662 0.0 141.1
2016-10-24 20:38:39 413804727 114.528043 30.677663 114.528043 30.677662 0.0 141.1
2016-10-24 20:41:37 413804727 114.528047 30.677665 114.528043 30.677663 0.0 141.1
2016-10-24 20:42:18 413804727 114.52805 30.677665 114.528047 30.677665 0.0 141.1
2016-10-24 20:44:40 413804727 114.52805 30.677667 114.52805 30.677665 0.0 141.1
2016-10-24 20:47:34 413804727 114.52805 30.677668 114.52805 30.677667 0.0 141.1
2016-10-24 20:48:20 413804727 114.528052 30.677668 114.52805 30.677668 0.0 141.1
2016-10-24 20:50:45 413804727 114.528053 30.67767 114.528052 30.677668 0.0 141.1
2016-10-24 20:53:46 413804727 114.528055 30.677672 114.528053 30.67767 0.0 141.1
2016-10-24 20:56:20 413804727 114.528057 30.677672 114.528055 30.677672 0.0 141.1
2016-10-24 20:59:38 413804727 114.528058 30.677672 114.528057 30.677672 0.0 141.1
2016-10-24 21:00:23 413804727 114.528057 30.677673 114.528058 30.677672 0.0 141.1
2016-10-24 21:02:43 413804727 114.528057 30.677672 114.528057 30.677673 0.0 141.1
2016-10-24 21:05:21 413804727 114.528058 30.677673 114.528057 30.677672 0.0 141.1
2016-10-24 21:06:13 413804727 114.528058 30.677673 114.528058 30.677673 0.0 141.1
2016-10-24 21:08:21 413804727 114.528058 30.677673 114.528058 30.677673 0.0 141.1
2016-10-24 21:11:30 413804727 114.528057 30.677672 114.528058 30.677673 0.0 141.1
2016-10-24 21:17:30 413804727 114.528059 30.677672    
2016-10-24 21:20:30 413804727 114.52806 30.677672 114.528058 30.67767 0.0 141.1
2016-10-24 21:23:23 413804727 114.52806 30.677673 114.52806 30.677672 0.0 141.1
2016-10-24 21:24:28 413804727 114.528063 30.677673 114.52806 30.677673 0.0 141.1
2016-10-24 21:26:26 413804727 114.528063 30.677672 114.528063 30.677673 0.0 141.1
2016-10-24 21:29:19 413804727 114.528063 30.67767 114.528063 30.677672 0.0 141.1
2016-10-24 21:32:33 413804727 114.528062 30.677667 114.528063 30.67767 0.0 141.1
2016-10-24 21:35:31 413804727 114.528058 30.677662 114.528062 30.677667 0.0 141.1
2016-10-24 21:41:31 413804727 114.5280454704786 30.67764768054693    
2016-10-24 21:47:31 413804727 114.5280329409571 30.67763336109385    
2016-10-24 21:53:31 413804727 114.5280204114357 30.67761904164077    
2016-10-24 21:59:31 413804727 114.5280078819142 30.6776047221877    
2016-10-24 22:02:20 413804727 114.528002 30.677598 114.528012 30.677608 0.0 141.1
2016-10-24 22:05:42 413804727 114.527993 30.677592 114.528002 30.677598 0.0 141.1
2016-10-24 22:11:42 413804727 114.5279748232819 30.67757735764376    
2016-10-24 22:17:35 413804727 114.527957 30.677563 114.527965 30.67757 0.0 141.1
2016-10-24 22:23:35 413804727 114.5279415063291 30.67754932911393    
2016-10-24 22:24:10 413804727 114.52794 30.677548 114.527942 30.67755 0.0 141.1
2016-10-24 22:26:31 413804727 114.527938 30.677547 114.52794 30.677548 0.0 141.1
2016-10-24 22:29:36 413804727 114.527935 30.677545 114.527938 30.677547 0.0 141.1
2016-10-24 22:32:23 413804727 114.527932 30.677543 114.527935 30.677545 0.0 141.1
2016-10-24 22:35:41 413804727 114.52793 30.677542 114.527932 30.677543 0.0 141.1
2016-10-24 22:41:41 413804727 114.5279282309582 30.67754023095823    
2016-10-24 22:42:28 413804727 114.527928 30.67754 114.527928 30.677542 0.0 141.1
2016-10-24 22:44:40 413804727 114.527922 30.677533 114.527928 30.67754 0.0 141.1
2016-10-24 22:47:29 413804727 114.52791 30.677527 114.527922 30.677533 0.0 141.1
2016-10-24 22:48:12 413804727 114.52791 30.677523 114.52791 30.677527 0.0 141.1
2016-10-24 22:54:12 413804727 114.5278977216917 30.67751317735334    
2016-10-24 23:00:12 413804727 114.5278854433834 30.67750335470669    
2016-10-24 23:00:25 413804727 114.527885 30.677503 114.52789 30.67751 0.0 141.1
2016-10-24 23:06:25 413804727 114.5278839269747 30.67749763487332    
2016-10-24 23:11:36 413804727 114.527883 30.677493 114.527883 30.677498 0.0 141.1
2016-10-24 23:17:36 413804727 114.527883 30.67749212408759    
2016-10-24 23:18:27 413804727 114.527883 30.677492 114.527883 30.677492 0.0 141.1
2016-10-24 23:20:36 413804727 114.527882 30.677493 114.527883 30.677492 0.0 141.1
2016-10-24 23:23:47 413804727 114.527882 30.677492 114.527882 30.677493 0.0 141.1
2016-10-24 23:29:47 413804727 114.527882 30.67749103355705    
2016-10-24 23:35:47 413804727 114.527882 30.67749006711409    
2016-10-24 23:36:12 413804727 114.527882 30.67749 114.527883 30.677488 0.0 141.1
2016-10-24 23:38:24 413804727 114.52788 30.67749 114.527882 30.67749 0.0 141.1
2016-10-24 23:44:24 413804727 114.5278814438503 30.67749    
2016-10-24 23:50:24 413804727 114.5278828877005 30.67749    
2016-10-24 23:50:52 413804727 114.527883 30.67749 114.527882 30.67749 0.0 141.1
2016-10-24 23:53:52 413804727 114.527883 30.677488 114.527883 30.67749 0.0 141.1
2016-10-24 23:56:48 413804727 114.52788 30.677485 114.527883 30.677488 0.0 141.1
2016-10-24 23:59:43 413804727 114.52788 30.677485 114.52788 30.677485 0.0 141.1
