2016-10-22 0:02:03 413998484 114.357878 30.632898 114.357872 30.632902 0.0 0.0 0.0
2016-10-22 0:05:56 413998484 114.357887 30.632883 114.357878 30.632898 0.0 0.0 0.0
2016-10-22 0:10:08 413998484 114.357902 30.632883 114.357887 30.632883 0.0 0.0 0.0
2016-10-22 0:14:09 413998484 114.357907 30.632898 114.357902 30.632883 0.0 0.0 0.0
2016-10-22 0:18:29 413998484 114.357887 30.632888 114.357907 30.632898 0.0 0.0 0.0
2016-10-22 0:22:24 413998484 114.3579 30.63289 114.357887 30.632888 0.0 0.0 0.0
2016-10-22 0:26:12 413998484 114.3579 30.632892 114.3579 30.63289 0.0 0.0 0.0
2016-10-22 0:30:22 413998484 114.357893 30.632892 114.3579 30.632892 0.0 0.0 0.0
2016-10-22 0:34:26 413998484 114.357877 30.632883 114.357893 30.632892 0.0 0.0 0.0
2016-10-22 0:38:23 413998484 114.357883 30.632878 114.357877 30.632883 0.0 0.0 0.0
2016-10-22 0:42:25 413998484 114.357878 30.63288 114.357883 30.632878 0.0 0.0 0.0
2016-10-22 0:46:45 413998484 114.357892 30.632882 114.357878 30.63288 0.0 0.0 0.0
2016-10-22 0:50:29 413998484 114.357888 30.632888 114.357892 30.632882 0.0 0.0 0.0
2016-10-22 0:54:31 413998484 114.357873 30.63289 114.357888 30.632888 0.0 0.0 0.0
2016-10-22 0:58:38 413998484 114.357875 30.632882 114.357873 30.63289 0.0 0.0 0.0
2016-10-22 1:02:54 413998484 114.357842 30.632875 114.357875 30.632882 0.0 0.0 0.0
2016-10-22 1:06:49 413998484 114.357743 30.632818 114.357842 30.632875 0.6 229.3 229.0
2016-10-22 1:09:52 413998484 114.357298 30.632313 114.357743 30.632818 0.7 191.5 191.0
2016-10-22 1:13:00 413998484 114.357318 30.63221 114.357298 30.632313 0.2 0.0 0.0
2016-10-22 1:15:59 413998484 114.357338 30.632208 114.357318 30.63221 0.0 0.0 0.0
2016-10-22 1:19:07 413998484 114.357342 30.632198 114.357338 30.632208 0.0 0.0 0.0
2016-10-22 1:22:07 413998484 114.357348 30.632215 114.357342 30.632198 0.0 0.0 0.0
2016-10-22 1:25:11 413998484 114.357348 30.632222 114.357348 30.632215 0.0 0.0 0.0
2016-10-22 1:28:17 413998484 114.357337 30.632212 114.357348 30.632222 0.0 0.0 0.0
2016-10-22 1:31:13 413998484 114.357348 30.632207 114.357337 30.632212 0.0 0.0 0.0
2016-10-22 1:34:12 413998484 114.357335 30.632217 114.357348 30.632207 0.0 0.0 0.0
2016-10-22 1:37:25 413998484 114.357335 30.63221 114.357335 30.632217 0.0 0.0 0.0
2016-10-22 1:40:24 413998484 114.357342 30.63222 114.357335 30.63221 0.0 0.0 0.0
2016-10-22 1:43:27 413998484 114.357332 30.632198 114.357342 30.63222 0.0 0.0 0.0
2016-10-22 1:46:23 413998484 114.357337 30.632192 114.357332 30.632198 0.0 0.0 0.0
2016-10-22 1:49:39 413998484 114.357335 30.632183 114.357337 30.632192 0.0 0.0 0.0
2016-10-22 1:52:29 413998484 114.357335 30.63217 114.357335 30.632183 0.0 0.0 0.0
2016-10-22 1:55:40 413998484 114.357337 30.632187 114.357335 30.63217 0.0 0.0 0.0
2016-10-22 1:58:35 413998484 114.357333 30.632188 114.357337 30.632187 0.0 0.0 0.0
2016-10-22 2:01:50 413998484 114.357342 30.632183 114.357333 30.632188 0.0 0.0 0.0
2016-10-22 2:04:53 413998484 114.35734 30.63219 114.357342 30.632183 0.0 0.0 0.0
2016-10-22 2:07:49 413998484 114.357333 30.632195 114.35734 30.63219 0.0 0.0 0.0
2016-10-22 2:11:00 413998484 114.35734 30.632195 114.357333 30.632195 0.0 0.0 0.0
2016-10-22 2:13:59 413998484 114.357342 30.632202 114.35734 30.632195 0.0 0.0 0.0
2016-10-22 2:17:12 413998484 114.357337 30.63222 114.357342 30.632202 0.0 0.0 0.0
2016-10-22 2:20:08 413998484 114.357318 30.632205 114.357337 30.63222 0.0 0.0 0.0
2016-10-22 2:23:02 413998484 114.357315 30.63221 114.357318 30.632205 0.0 0.0 0.0
2016-10-22 2:26:21 413998484 114.357317 30.632217 114.357315 30.63221 0.0 0.0 0.0
2016-10-22 2:29:20 413998484 114.357308 30.632235 114.357317 30.632217 0.0 0.0 0.0
2016-10-22 02:35:20 413998484 114.3573147741936 30.63224467741935     
2016-10-22 2:35:32 413998484 114.357315 30.632245 114.357315 30.632245 0.0 0.0 0.0
2016-10-22 2:38:34 413998484 114.357315 30.632245 114.357315 30.632245 0.0 0.0 0.0
2016-10-22 2:41:30 413998484 114.35731 30.632235 114.357315 30.632245 0.0 0.0 0.0
2016-10-22 2:44:32 413998484 114.357302 30.632245 114.35731 30.632235 0.0 0.0 0.0
2016-10-22 2:47:27 413998484 114.357305 30.632237 114.357302 30.632245 0.0 0.0 0.0
2016-10-22 02:53:27 413998484 114.3573308992806 30.63220009352518     
2016-10-22 2:56:43 413998484 114.357345 30.63218 114.357335 30.632178 0.0 0.0 0.0
2016-10-22 2:59:55 413998484 114.35734 30.632178 114.357345 30.63218 0.0 0.0 0.0
2016-10-22 3:02:58 413998484 114.357342 30.632212 114.35734 30.632178 0.0 0.0 0.0
2016-10-22 3:05:52 413998484 114.357342 30.632225 114.357342 30.632212 0.0 0.0 0.0
2016-10-22 3:09:01 413998484 114.357338 30.632228 114.357342 30.632225 0.0 0.0 0.0
2016-10-22 3:12:08 413998484 114.35734 30.632233 114.357338 30.632228 0.0 0.0 0.0
2016-10-22 03:18:08 413998484 114.3573407783784 30.63223066486486     
2016-10-22 03:24:08 413998484 114.3573415567568 30.63222832972973     
2016-10-22 3:27:33 413998484 114.357342 30.632227 114.357342 30.632232 0.0 0.0 0.0
2016-10-22 3:30:22 413998484 114.357342 30.632223 114.357342 30.632227 0.0 0.0 0.0
2016-10-22 3:33:25 413998484 114.357342 30.632223 114.357342 30.632223 0.0 0.0 0.0
2016-10-22 3:36:31 413998484 114.357327 30.632232 114.357342 30.632223 0.0 0.0 0.0
2016-10-22 3:39:34 413998484 114.357318 30.632237 114.357327 30.632232 0.0 0.0 0.0
2016-10-22 3:42:35 413998484 114.357328 30.632198 114.357318 30.632237 0.0 0.0 0.0
2016-10-22 3:43:45 413998484 114.357332 30.632195 114.357328 30.632198 0.0 0.0 0.0
2016-10-22 3:46:43 413998484 114.357318 30.632198 114.357332 30.632195 0.0 0.0 0.0
2016-10-22 3:49:38 413998484 114.357322 30.63222 114.357318 30.632198 0.0 0.0 0.0
2016-10-22 3:52:45 413998484 114.357317 30.632232 114.357322 30.63222 0.0 0.0 0.0
2016-10-22 3:55:59 413998484 114.357322 30.632235 114.357317 30.632232 0.0 0.0 0.0
2016-10-22 3:59:03 413998484 114.357327 30.632245 114.357322 30.632235 0.0 0.0 0.0
2016-10-22 4:01:52 413998484 114.357323 30.632247 114.357327 30.632245 0.0 0.0 0.0
2016-10-22 4:05:04 413998484 114.357322 30.632227 114.357323 30.632247 0.0 0.0 0.0
2016-10-22 4:08:03 413998484 114.35733 30.632222 114.357322 30.632227 0.0 0.0 0.0
2016-10-22 4:11:01 413998484 114.357323 30.632217 114.35733 30.632222 0.0 0.0 0.0
2016-10-22 04:17:01 413998484 114.3573293716814 30.63221381415929     
2016-10-22 4:20:26 413998484 114.357333 30.632212 114.357335 30.632217 0.0 0.0 0.0
2016-10-22 4:23:21 413998484 114.357325 30.632208 114.357333 30.632212 0.0 0.0 0.0
2016-10-22 4:26:24 413998484 114.35733 30.632215 114.357325 30.632208 0.0 0.0 0.0
2016-10-22 4:29:23 413998484 114.357328 30.632218 114.35733 30.632215 0.0 0.0 0.0
2016-10-22 4:32:25 413998484 114.357343 30.632202 114.357328 30.632218 0.0 0.0 0.0
2016-10-22 4:35:28 413998484 114.357368 30.632193 114.357343 30.632202 0.0 0.0 0.0
2016-10-22 4:38:53 413998484 114.357387 30.632222 114.357368 30.632193 0.0 0.0 0.0
2016-10-22 4:41:35 413998484 114.357338 30.63222 114.357387 30.632222 0.0 0.0 0.0
2016-10-22 04:47:35 413998484 114.3573167857143 30.63219557142857     
2016-10-22 4:50:55 413998484 114.357305 30.632182 114.357297 30.632187 0.0 0.0 0.0
2016-10-22 04:56:55 413998484 114.3572984545454 30.63219181818182     
2016-10-22 5:00:05 413998484 114.357295 30.632197 114.35729 30.632197 0.0 0.0 0.0
2016-10-22 5:03:10 413998484 114.357273 30.632197 114.357295 30.632197 0.0 0.0 0.0
2016-10-22 5:06:20 413998484 114.357282 30.632195 114.357273 30.632197 0.0 0.0 0.0
2016-10-22 5:09:24 413998484 114.357275 30.632178 114.357282 30.632195 0.0 0.0 0.0
2016-10-22 5:12:12 413998484 114.357287 30.632188 114.357275 30.632178 0.0 0.0 0.0
2016-10-22 5:15:12 413998484 114.357275 30.632178 114.357287 30.632188 0.0 0.0 0.0
2016-10-22 5:18:19 413998484 114.357278 30.632162 114.357275 30.632178 0.0 0.0 0.0
2016-10-22 05:24:19 413998484 114.3573165421412 30.63215871981777     
2016-10-22 5:25:38 413998484 114.357325 30.632158 114.357325 30.632158 0.0 0.0 0.0
2016-10-22 5:28:27 413998484 114.357313 30.632167 114.357325 30.632158 0.0 0.0 0.0
2016-10-22 5:31:40 413998484 114.357335 30.632155 114.357313 30.632167 0.0 0.0 0.0
2016-10-22 5:34:31 413998484 114.357327 30.632155 114.357335 30.632155 0.0 0.0 0.0
2016-10-22 5:38:43 413998484 114.357315 30.632152 114.357327 30.632155 0.0 0.0 0.0
2016-10-22 5:42:41 413998484 114.35731 30.632153 114.357315 30.632152 0.0 0.0 0.0
2016-10-22 5:45:54 413998484 114.357307 30.632153 114.35731 30.632153 0.0 0.0 0.0
2016-10-22 5:48:53 413998484 114.357317 30.632137 114.357307 30.632153 0.0 0.0 0.0
2016-10-22 5:51:47 413998484 114.357315 30.632183 114.357317 30.632137 0.0 0.0 0.0
2016-10-22 5:54:52 413998484 114.357315 30.632175 114.357315 30.632183 0.0 0.0 0.0
2016-10-22 5:58:16 413998484 114.357318 30.632158 114.357315 30.632175 0.0 0.0 0.0
2016-10-22 6:01:10 413998484 114.357315 30.632155 114.357318 30.632158 0.0 0.0 0.0
2016-10-22 6:04:09 413998484 114.357315 30.632185 114.357315 30.632155 0.0 0.0 0.0
2016-10-22 6:07:10 413998484 114.357322 30.632197 114.357315 30.632185 0.0 0.0 0.0
2016-10-22 6:10:07 413998484 114.357323 30.632187 114.357322 30.632197 0.0 0.0 0.0
2016-10-22 6:13:34 413998484 114.357312 30.63219 114.357323 30.632187 0.0 0.0 0.0
2016-10-22 6:16:28 413998484 114.357323 30.632188 114.357312 30.63219 0.0 0.0 0.0
2016-10-22 6:19:20 413998484 114.3573 30.632225 114.357323 30.632188 0.0 0.0 0.0
2016-10-22 6:22:34 413998484 114.3573 30.632228 114.3573 30.632225 0.0 0.0 0.0
2016-10-22 6:25:31 413998484 114.357298 30.63221 114.3573 30.632228 0.0 0.0 0.0
2016-10-22 6:28:27 413998484 114.357297 30.63222 114.357298 30.63221 0.0 0.0 0.0
2016-10-22 6:31:38 413998484 114.357288 30.632218 114.357297 30.63222 0.0 0.0 0.0
2016-10-22 6:34:30 413998484 114.35731 30.632223 114.357288 30.632218 0.0 0.0 0.0
2016-10-22 6:37:41 413998484 114.357343 30.632193 114.35731 30.632223 0.0 0.0 0.0
2016-10-22 6:41:58 413998484 114.357357 30.632213 114.357343 30.632193 0.0 0.0 0.0
2016-10-22 6:45:47 413998484 114.35733 30.6322 114.357357 30.632213 0.0 0.0 0.0
2016-10-22 6:49:52 413998484 114.357322 30.632227 114.35733 30.6322 0.0 0.0 0.0
2016-10-22 06:55:52 413998484 114.3573463243243 30.6322342972973     
2016-10-22 07:01:52 413998484 114.3573706486486 30.6322415945946     
2016-10-22 7:02:12 413998484 114.357372 30.632242 114.357332 30.632202 0.0 0.0 0.0
2016-10-22 7:05:56 413998484 114.357367 30.632237 114.357372 30.632242 0.0 0.0 0.0
2016-10-22 7:10:19 413998484 114.357383 30.632237 114.357367 30.632237 0.0 0.0 0.0
2016-10-22 7:14:23 413998484 114.35739 30.63225 114.357383 30.632237 0.0 0.0 0.0
2016-10-22 7:18:23 413998484 114.357382 30.63225 114.35739 30.63225 0.0 0.0 0.0
2016-10-22 7:22:19 413998484 114.357382 30.63225 114.357382 30.63225 0.0 0.0 0.0
2016-10-22 7:26:18 413998484 114.357397 30.63226 114.357382 30.63225 0.0 0.0 0.0
2016-10-22 7:30:30 413998484 114.357397 30.63226 114.357397 30.63226 0.0 0.0 0.0
2016-10-22 7:34:53 413998484 114.357347 30.632245 114.357397 30.63226 0.0 0.0 0.0
2016-10-22 7:38:46 413998484 114.357347 30.632245 114.357347 30.632245 0.0 0.0 0.0
2016-10-22 7:42:30 413998484 114.357375 30.632203 114.357347 30.632245 0.0 0.0 0.0
2016-10-22 7:46:34 413998484 114.357375 30.632205 114.357375 30.632203 0.0 0.0 0.0
2016-10-22 7:51:00 413998484 114.357368 30.632188 114.357375 30.632205 0.0 0.0 0.0
2016-10-22 7:54:39 413998484 114.357373 30.632207 114.357368 30.632188 0.0 0.0 0.0
2016-10-22 7:59:08 413998484 114.357338 30.632257 114.357373 30.632207 0.0 0.0 0.0
2016-10-22 8:02:49 413998484 114.357363 30.632255 114.357338 30.632257 0.0 0.0 0.0
2016-10-22 8:07:19 413998484 114.357395 30.632235 114.357363 30.632255 0.0 0.0 0.0
2016-10-22 8:10:57 413998484 114.357393 30.632243 114.357395 30.632235 0.0 0.0 0.0
2016-10-22 8:12:02 413998484 114.357388 30.632252 114.357393 30.632243 0.0 0.0 0.0
2016-10-22 8:16:09 413998484 114.357397 30.63226 114.357388 30.632252 0.0 0.0 0.0
2016-10-22 8:19:59 413998484 114.357407 30.63228 114.357397 30.63226 0.0 0.0 0.0
2016-10-22 8:24:00 413998484 114.357397 30.632267 114.357407 30.63228 0.0 0.0 0.0
2016-10-22 8:27:52 413998484 114.35738 30.63229 114.357397 30.632267 0.0 0.0 0.0
2016-10-22 8:31:55 413998484 114.357363 30.63227 114.35738 30.63229 0.0 0.0 0.0
2016-10-22 8:36:04 413998484 114.357368 30.63226 114.357363 30.63227 0.0 0.0 0.0
2016-10-22 8:40:30 413998484 114.35737 30.632253 114.357368 30.63226 0.0 0.0 0.0
2016-10-22 8:44:20 413998484 114.357393 30.632215 114.35737 30.632253 0.0 0.0 0.0
2016-10-22 8:48:04 413998484 114.357418 30.632217 114.357393 30.632215 0.0 0.0 0.0
2016-10-22 8:52:17 413998484 114.357415 30.632225 114.357418 30.632217 0.0 0.0 0.0
2016-10-22 8:56:34 413998484 114.357378 30.632228 114.357415 30.632225 0.0 0.0 0.0
2016-10-22 9:00:32 413998484 114.357392 30.632235 114.357378 30.632228 0.0 0.0 0.0
2016-10-22 9:04:34 413998484 114.357387 30.632233 114.357392 30.632235 0.0 0.0 0.0
2016-10-22 9:08:29 413998484 114.357377 30.632253 114.357387 30.632233 0.0 0.0 0.0
2016-10-22 9:12:21 413998484 114.357362 30.63225 114.357377 30.632253 0.0 0.0 0.0
2016-10-22 9:16:28 413998484 114.357367 30.632247 114.357362 30.63225 0.0 0.0 0.0
2016-10-22 9:20:35 413998484 114.357367 30.63226 114.357367 30.632247 0.0 0.0 0.0
2016-10-22 9:24:49 413998484 114.357363 30.632238 114.357367 30.63226 0.0 0.0 0.0
2016-10-22 9:28:44 413998484 114.357378 30.632223 114.357363 30.632238 0.0 0.0 0.0
2016-10-22 9:33:17 413998484 114.35737 30.632232 114.357378 30.632223 0.0 0.0 0.0
2016-10-22 9:37:06 413998484 114.357345 30.632237 114.35737 30.632232 0.0 0.0 0.0
2016-10-22 9:41:05 413998484 114.357343 30.632237 114.357345 30.632237 0.0 0.0 0.0
2016-10-22 9:45:00 413998484 114.357333 30.632238 114.357343 30.632237 0.0 0.0 0.0
2016-10-22 9:49:09 413998484 114.357363 30.632245 114.357333 30.632238 0.0 0.0 0.0
2016-10-22 9:53:24 413998484 114.357378 30.632243 114.357363 30.632245 0.0 0.0 0.0
2016-10-22 9:54:14 413998484 114.357378 30.632243 114.357378 30.632243 0.0 0.0 0.0
2016-10-22 9:58:22 413998484 114.357347 30.632277 114.357378 30.632243 0.0 0.0 0.0
2016-10-22 10:02:15 413998484 114.35734 30.632295 114.357347 30.632277 0.0 0.0 0.0
2016-10-22 10:06:11 413998484 114.357318 30.632285 114.35734 30.632295 0.1 0.0 0.0
2016-10-22 10:10:32 413998484 114.3568 30.632728 114.357318 30.632285 0.7 300.6 300.0
2016-10-22 10:14:30 413998484 114.357217 30.633077 114.3568 30.632728 0.8 62.5 62.0
2016-10-22 10:18:38 413998484 114.357732 30.633225 114.357217 30.633077 0.4 194.7 194.0
2016-10-22 10:24:38 413998484 114.3577075020747 30.63316226141079     
2016-10-22 10:30:38 413998484 114.3576830041494 30.63309952282158     
2016-10-22 10:36:38 413998484 114.3576585062241 30.63303678423237     
2016-10-22 10:38:43 413998484 114.35765 30.633015 114.35765 30.633027 0.0 0.0 0.0
2016-10-22 10:42:47 413998484 114.357653 30.633018 114.35765 30.633015 0.0 0.0 0.0
2016-10-22 10:46:52 413998484 114.357645 30.633022 114.357653 30.633018 0.0 0.0 0.0
2016-10-22 10:51:07 413998484 114.357643 30.63303 114.357645 30.633022 0.0 0.0 0.0
2016-10-22 10:54:58 413998484 114.357653 30.633033 114.357643 30.63303 0.0 0.0 0.0
2016-10-22 10:59:15 413998484 114.35765 30.633018 114.357653 30.633033 0.0 0.0 0.0
2016-10-22 11:03:05 413998484 114.357638 30.633042 114.35765 30.633018 0.0 0.0 0.0
2016-10-22 11:06:00 413998484 114.357665 30.63307 114.357638 30.633042 0.0 0.0 0.0
2016-10-22 11:09:50 413998484 114.357657 30.633055 114.357665 30.63307 0.0 0.0 0.0
2016-10-22 11:14:12 413998484 114.357663 30.63306 114.357657 30.633055 0.0 0.0 0.0
2016-10-22 11:18:14 413998484 114.35765 30.633067 114.357663 30.63306 0.0 0.0 0.0
2016-10-22 11:24:14 413998484 114.357654 30.6330645     
2016-10-22 11:30:14 413998484 114.357658 30.633062     
2016-10-22 11:30:14 413998484 114.357658 30.633062 114.357657 30.633067 0.0 0.0 0.0
2016-10-22 11:34:02 413998484 114.35764 30.633067 114.357658 30.633062 0.0 0.0 0.0
2016-10-22 11:38:28 413998484 114.357643 30.633082 114.35764 30.633067 0.0 0.0 0.0
2016-10-22 11:42:26 413998484 114.357638 30.633087 114.357643 30.633082 0.0 0.0 0.0
2016-10-22 11:46:22 413998484 114.357642 30.633075 114.357638 30.633087 0.0 0.0 0.0
2016-10-22 11:50:23 413998484 114.35765 30.633082 114.357642 30.633075 0.0 0.0 0.0
2016-10-22 11:54:33 413998484 114.357653 30.63309 114.35765 30.633082 0.0 0.0 0.0
2016-10-22 11:58:44 413998484 114.357643 30.63309 114.357653 30.63309 0.0 0.0 0.0
2016-10-22 12:02:48 413998484 114.357643 30.633097 114.357643 30.63309 0.0 0.0 0.0
2016-10-22 12:08:48 413998484 114.3576440619469 30.6330948761062     
2016-10-22 12:14:06 413998484 114.357645 30.633093 114.35763 30.633082 0.0 0.0 0.0
2016-10-22 12:17:59 413998484 114.35766 30.633105 114.357645 30.633093 0.0 0.0 0.0
2016-10-22 12:22:19 413998484 114.357633 30.633103 114.35766 30.633105 0.0 0.0 0.0
2016-10-22 12:26:18 413998484 114.357643 30.633108 114.357633 30.633103 0.0 0.0 0.0
2016-10-22 12:30:31 413998484 114.357642 30.633103 114.357643 30.633108 0.0 0.0 0.0
2016-10-22 12:34:06 413998484 114.357642 30.633103 114.357642 30.633103 0.0 0.0 0.0
2016-10-22 12:40:06 413998484 114.357641010989 30.63309904395604     
2016-10-22 12:46:06 413998484 114.357640021978 30.63309508791209     
2016-10-22 12:46:14 413998484 114.35764 30.633095 114.357645 30.633098 0.0 0.0 0.0
2016-10-22 12:51:02 413998484 114.35764 30.633065 114.35764 30.633095 0.0 0.0 0.0
2016-10-22 12:54:20 413998484 114.357637 30.633087 114.35764 30.633065 0.0 0.0 0.0
2016-10-22 12:58:59 413998484 114.35765 30.63308 114.357637 30.633087 0.0 0.0 0.0
2016-10-22 13:02:33 413998484 114.357633 30.633082 114.35765 30.63308 0.0 0.0 0.0
2016-10-22 13:06:36 413998484 114.357622 30.633058 114.357633 30.633082 0.0 0.0 0.0
2016-10-22 13:10:40 413998484 114.357617 30.633053 114.357622 30.633058 0.0 0.0 0.0
2016-10-22 13:13:22 413998484 114.357615 30.633057 114.357617 30.633053 0.0 0.0 0.0
2016-10-22 13:17:15 413998484 114.357607 30.633063 114.357615 30.633057 0.0 0.0 0.0
2016-10-22 13:20:55 413998484 114.357615 30.633065 114.357607 30.633063 0.0 0.0 0.0
2016-10-22 13:25:01 413998484 114.357613 30.633075 114.357615 30.633065 0.0 0.0 0.0
2016-10-22 13:28:49 413998484 114.357632 30.633063 114.357613 30.633075 0.0 0.0 0.0
2016-10-22 13:32:58 413998484 114.357628 30.633062 114.357632 30.633063 0.0 0.0 0.0
2016-10-22 13:37:24 413998484 114.357635 30.633067 114.357628 30.633062 0.0 0.0 0.0
2016-10-22 13:41:06 413998484 114.35762 30.633068 114.357635 30.633067 0.0 0.0 0.0
2016-10-22 13:45:12 413998484 114.357638 30.633077 114.35762 30.633068 0.0 0.0 0.0
2016-10-22 13:49:15 413998484 114.357653 30.633067 114.357638 30.633077 0.0 0.0 0.0
2016-10-22 13:53:18 413998484 114.357637 30.633065 114.357653 30.633067 0.0 0.0 0.0
2016-10-22 13:57:36 413998484 114.357635 30.633067 114.357637 30.633065 0.0 0.0 0.0
2016-10-22 14:01:22 413998484 114.357635 30.633058 114.357635 30.633067 0.0 0.0 0.0
2016-10-22 14:05:22 413998484 114.357648 30.633058 114.357635 30.633058 0.0 0.0 0.0
2016-10-22 14:09:29 413998484 114.357653 30.633058 114.357648 30.633058 0.0 0.0 0.0
2016-10-22 14:13:27 413998484 114.357648 30.633025 114.357653 30.633058 0.0 0.0 0.0
2016-10-22 14:18:06 413998484 114.357647 30.633053 114.357648 30.633025 0.0 0.0 0.0
2016-10-22 14:21:42 413998484 114.357668 30.63305 114.357647 30.633053 0.0 0.0 0.0
2016-10-22 14:25:08 413998484 114.357673 30.633057 114.357668 30.63305 0.0 0.0 0.0
2016-10-22 14:28:48 413998484 114.357682 30.633063 114.357673 30.633057 0.0 0.0 0.0
2016-10-22 14:32:58 413998484 114.357685 30.633065 114.357682 30.633063 0.0 0.0 0.0
2016-10-22 14:36:52 413998484 114.357648 30.633088 114.357685 30.633065 0.0 0.0 0.0
2016-10-22 14:41:03 413998484 114.357635 30.633097 114.357648 30.633088 0.0 0.0 0.0
2016-10-22 14:44:58 413998484 114.357663 30.633103 114.357635 30.633097 0.0 0.0 0.0
2016-10-22 14:49:12 413998484 114.357645 30.633098 114.357663 30.633103 0.0 0.0 0.0
2016-10-22 14:53:05 413998484 114.35763 30.633098 114.357645 30.633098 0.0 0.0 0.0
2016-10-22 14:57:08 413998484 114.357628 30.633102 114.35763 30.633098 0.0 0.0 0.0
2016-10-22 15:00:50 413998484 114.35763 30.633095 114.357628 30.633102 0.0 0.0 0.0
2016-10-22 15:05:16 413998484 114.357628 30.633097 114.35763 30.633095 0.0 0.0 0.0
2016-10-22 15:08:49 413998484 114.357648 30.633092 114.357628 30.633097 0.0 0.0 0.0
2016-10-22 15:12:59 413998484 114.357633 30.633053 114.357648 30.633092 0.0 0.0 0.0
2016-10-22 15:16:55 413998484 114.357628 30.633085 114.357633 30.633053 0.0 0.0 0.0
2016-10-22 15:22:55 413998484 114.3576277041906 30.63307908381265     
2016-10-22 15:28:55 413998484 114.3576274083813 30.63307316762531     
2016-10-22 15:34:55 413998484 114.3576271125719 30.63306725143796     
2016-10-22 15:37:12 413998484 114.357627 30.633065 114.35763 30.633075 0.0 0.0 0.0
2016-10-22 15:41:15 413998484 114.357618 30.633073 114.357627 30.633065 0.0 0.0 0.0
2016-10-22 15:45:30 413998484 114.357612 30.63308 114.357618 30.633073 0.0 0.0 0.0
2016-10-22 15:49:37 413998484 114.357625 30.633097 114.357612 30.63308 0.0 0.0 0.0
2016-10-22 15:53:27 413998484 114.357625 30.6331 114.357625 30.633097 0.0 0.0 0.0
2016-10-22 15:57:33 413998484 114.357623 30.633107 114.357625 30.6331 0.0 0.0 0.0
2016-10-22 16:03:33 413998484 114.3576249407008 30.63311670350404     
2016-10-22 16:09:33 413998484 114.3576268814016 30.63312640700809     
2016-10-22 16:09:55 413998484 114.357627 30.633127 114.35762 30.633112 0.0 0.0 0.0
2016-10-22 16:13:41 413998484 114.357662 30.633103 114.357627 30.633127 0.0 0.0 0.0
2016-10-22 16:19:41 413998484 114.3576610136986 30.63310004109589     
2016-10-22 16:25:41 413998484 114.3576600273973 30.63309708219178     
2016-10-22 16:25:51 413998484 114.35766 30.633097 114.357655 30.633097 0.0 0.0 0.0
2016-10-22 16:30:17 413998484 114.357657 30.633085 114.35766 30.633097 0.0 0.0 0.0
2016-10-22 16:36:17 413998484 114.3576504437086 30.63308291390729     
2016-10-22 16:42:17 413998484 114.3576438874172 30.63308082781457     
2016-10-22 16:48:17 413998484 114.3576373311258 30.63307874172186     
2016-10-22 16:50:25 413998484 114.357635 30.633078 114.357655 30.633085 0.0 0.0 0.0
2016-10-22 16:54:21 413998484 114.357637 30.633072 114.357635 30.633078 0.0 0.0 0.0
2016-10-22 16:58:19 413998484 114.357638 30.633053 114.357637 30.633072 0.0 0.0 0.0
2016-10-22 17:02:47 413998484 114.357645 30.633048 114.357638 30.633053 0.0 0.0 0.0
2016-10-22 17:06:28 413998484 114.357627 30.63308 114.357645 30.633048 0.0 0.0 0.0
2016-10-22 17:10:43 413998484 114.357628 30.63308 114.357627 30.63308 0.0 0.0 0.0
2016-10-22 17:14:32 413998484 114.357633 30.633085 114.357628 30.63308 0.0 0.0 0.0
2016-10-22 17:18:37 413998484 114.357632 30.633087 114.357633 30.633085 0.0 0.0 0.0
2016-10-22 17:22:32 413998484 114.357627 30.633102 114.357632 30.633087 0.0 0.0 0.0
2016-10-22 17:26:38 413998484 114.357622 30.633117 114.357627 30.633102 0.0 0.0 0.0
2016-10-22 17:30:40 413998484 114.357613 30.63311 114.357622 30.633117 0.0 0.0 0.0
2016-10-22 17:34:44 413998484 114.35763 30.633108 114.357613 30.63311 0.0 0.0 0.0
2016-10-22 17:38:52 413998484 114.357605 30.633087 114.35763 30.633108 0.0 0.0 0.0
2016-10-22 17:42:53 413998484 114.357623 30.633072 114.357605 30.633087 0.0 0.0 0.0
2016-10-22 17:47:04 413998484 114.357608 30.633178 114.357623 30.633072 0.1 0.0 0.0
2016-10-22 17:51:23 413998484 114.357648 30.633013 114.357608 30.633178 0.0 0.0 0.0
2016-10-22 17:55:24 413998484 114.357732 30.632948 114.357648 30.633013 0.0 0.0 0.0
2016-10-22 17:59:11 413998484 114.35773 30.632963 114.357732 30.632948 0.0 0.0 0.0
2016-10-22 18:03:27 413998484 114.357727 30.632973 114.35773 30.632963 0.0 0.0 0.0
2016-10-22 18:08:05 413998484 114.357728 30.632972 114.357727 30.632973 0.0 0.0 0.0
2016-10-22 18:08:42 413998484 114.35773 30.632992 114.357728 30.632972 0.0 0.0 0.0
2016-10-22 18:12:53 413998484 114.357732 30.632973 114.35773 30.632992 0.0 0.0 0.0
2016-10-22 18:16:42 413998484 114.357732 30.632978 114.357732 30.632973 0.0 0.0 0.0
2016-10-22 18:21:02 413998484 114.357738 30.632943 114.357732 30.632978 0.0 0.0 0.0
2016-10-22 18:25:15 413998484 114.357742 30.63296 114.357738 30.632943 0.0 0.0 0.0
2016-10-22 18:28:56 413998484 114.357743 30.632963 114.357742 30.63296 0.0 0.0 0.0
2016-10-22 18:32:51 413998484 114.357757 30.632958 114.357743 30.632963 0.0 0.0 0.0
2016-10-22 18:37:14 413998484 114.35774 30.632975 114.357757 30.632958 0.0 0.0 0.0
2016-10-22 18:41:09 413998484 114.357728 30.632985 114.35774 30.632975 0.0 0.0 0.0
2016-10-22 18:45:23 413998484 114.357732 30.632993 114.357728 30.632985 0.0 0.0 0.0
2016-10-22 18:49:25 413998484 114.357743 30.632978 114.357732 30.632993 0.0 0.0 0.0
2016-10-22 18:55:25 413998484 114.3577439972299 30.63297999445983     
2016-10-22 19:01:25 413998484 114.3577449944598 30.63298198891967     
2016-10-22 19:01:27 413998484 114.357745 30.632982 114.357753 30.632982 0.0 0.0 0.0
2016-10-22 19:05:32 413998484 114.35775 30.632983 114.357745 30.632982 0.0 0.0 0.0
2016-10-22 19:09:24 413998484 114.357738 30.63295 114.35775 30.632983 0.0 0.0 0.0
2016-10-22 19:13:29 413998484 114.357743 30.63297 114.357738 30.63295 0.0 0.0 0.0
2016-10-22 19:17:43 413998484 114.357742 30.632968 114.357743 30.63297 0.0 0.0 0.0
2016-10-22 19:21:48 413998484 114.357748 30.632972 114.357742 30.632968 0.0 0.0 0.0
2016-10-22 19:25:37 413998484 114.357753 30.632968 114.357748 30.632972 0.0 0.0 0.0
2016-10-22 19:29:42 413998484 114.357747 30.632962 114.357753 30.632968 0.0 0.0 0.0
2016-10-22 19:33:58 413998484 114.35775 30.632962 114.357747 30.632962 0.0 0.0 0.0
2016-10-22 19:37:56 413998484 114.357753 30.632965 114.35775 30.632962 0.0 0.0 0.0
2016-10-22 19:42:03 413998484 114.357748 30.632952 114.357753 30.632965 0.0 0.0 0.0
2016-10-22 19:46:15 413998484 114.357743 30.632953 114.357748 30.632952 0.0 0.0 0.0
2016-10-22 19:49:57 413998484 114.357748 30.632965 114.357743 30.632953 0.0 0.0 0.0
2016-10-22 19:53:56 413998484 114.357758 30.632972 114.357748 30.632965 0.0 0.0 0.0
2016-10-22 19:59:56 413998484 114.3577547093236 30.63297397440585     
2016-10-22 20:03:03 413998484 114.357753 30.632975 114.357752 30.632978 0.0 0.0 0.0
2016-10-22 20:06:42 413998484 114.357748 30.632973 114.357753 30.632975 0.0 0.0 0.0
2016-10-22 20:10:48 413998484 114.357752 30.632972 114.357748 30.632973 0.0 0.0 0.0
2016-10-22 20:14:52 413998484 114.357758 30.632973 114.357752 30.632972 0.0 0.0 0.0
2016-10-22 20:15:44 413998484 114.357765 30.632985 114.357758 30.632973 0.0 0.0 0.0
2016-10-22 20:19:39 413998484 114.357762 30.632982 114.357765 30.632985 0.0 0.0 0.0
2016-10-22 20:23:47 413998484 114.35778 30.632988 114.357762 30.632982 0.0 0.0 0.0
2016-10-22 20:27:52 413998484 114.357773 30.632972 114.35778 30.632988 0.0 0.0 0.0
2016-10-22 20:29:31 413998484 114.357765 30.632975 114.357773 30.632972 0.0 0.0 0.0
2016-10-22 20:33:39 413998484 114.357752 30.63295 114.357765 30.632975 0.0 0.0 0.0
2016-10-22 20:37:47 413998484 114.357757 30.632987 114.357752 30.63295 0.0 0.0 0.0
2016-10-22 20:41:40 413998484 114.357777 30.632973 114.357757 30.632987 0.0 0.0 0.0
2016-10-22 20:45:54 413998484 114.357785 30.632967 114.357777 30.632973 0.0 0.0 0.0
2016-10-22 20:49:46 413998484 114.357788 30.632968 114.357785 30.632967 0.0 0.0 0.0
2016-10-22 20:55:46 413998484 114.3577869479836 30.63296631677382     
2016-10-22 21:01:46 413998484 114.3577858959673 30.63296463354763     
2016-10-22 21:07:46 413998484 114.3577848439509 30.63296295032145     
2016-10-22 21:13:46 413998484 114.3577837919345 30.63296126709527     
2016-10-22 21:18:17 413998484 114.357783 30.63296 114.35779 30.63296 0.0 0.0 0.0
2016-10-22 21:22:10 413998484 114.35779 30.632958 114.357783 30.63296 0.0 0.0 0.0
2016-10-22 21:26:23 413998484 114.357788 30.632973 114.35779 30.632958 0.0 0.0 0.0
2016-10-22 21:30:17 413998484 114.357767 30.63297 114.357788 30.632973 0.0 0.0 0.0
2016-10-22 21:36:17 413998484 114.357762579809 30.63297     
2016-10-22 21:42:17 413998484 114.357758159618 30.63297     
2016-10-22 21:42:30 413998484 114.357758 30.63297 114.35776 30.63297 0.0 0.0 0.0
2016-10-22 21:46:30 413998484 114.357758 30.63297 114.357758 30.63297 0.0 0.0 0.0
2016-10-22 21:52:30 413998484 114.3577628846676 30.63297488466757     
2016-10-22 21:58:30 413998484 114.3577677693351 30.63297976933514     
2016-10-22 21:58:47 413998484 114.357768 30.63298 114.357775 30.632982 0.0 0.0 0.0
2016-10-22 22:00:18 413998484 114.357745 30.632977 114.357768 30.63298 0.0 0.0 0.0
2016-10-22 22:03:44 413998484 114.357747 30.632972 114.357745 30.632977 0.0 0.0 0.0
2016-10-22 22:07:45 413998484 114.357757 30.632983 114.357747 30.632972 0.0 0.0 0.0
2016-10-22 22:11:54 413998484 114.357745 30.632977 114.357757 30.632983 0.0 0.0 0.0
2016-10-22 22:15:57 413998484 114.357762 30.632992 114.357745 30.632977 0.0 0.0 0.0
2016-10-22 22:19:53 413998484 114.35777 30.633 114.357762 30.632992 0.0 0.0 0.0
2016-10-22 22:23:51 413998484 114.357753 30.632982 114.35777 30.633 0.0 0.0 0.0
2016-10-22 22:29:51 413998484 114.3577527158643 30.63297859037095     
2016-10-22 22:35:51 413998484 114.3577524317285 30.63297518074191     
2016-10-22 22:41:51 413998484 114.3577521475927 30.63297177111286     
2016-10-22 22:44:58 413998484 114.357752 30.63297 114.35777 30.632958 0.0 0.0 0.0
2016-10-22 22:48:45 413998484 114.357758 30.632973 114.357752 30.63297 0.0 0.0 0.0
2016-10-22 22:54:45 413998484 114.3577684196816 30.63297404196816     
2016-10-22 23:00:16 413998484 114.357778 30.632975 114.35777 30.632983 0.0 0.0 0.0
2016-10-22 23:03:49 413998484 114.357778 30.632975 114.357778 30.632975 0.0 0.0 0.0
2016-10-22 23:09:49 413998484 114.3577762309582 30.63297411547912     
2016-10-22 23:15:49 413998484 114.3577744619165 30.63297323095823     
2016-10-22 23:21:49 413998484 114.3577726928747 30.63297234643735     
2016-10-22 23:24:10 413998484 114.357772 30.632972 114.357773 30.632972 0.0 0.0 0.0
2016-10-22 23:27:57 413998484 114.357772 30.632982 114.357772 30.632972 0.0 0.0 0.0
2016-10-22 23:32:22 413998484 114.357768 30.632983 114.357772 30.632982 0.0 0.0 0.0
2016-10-22 23:36:18 413998484 114.357767 30.632978 114.357768 30.632983 0.0 0.0 0.0
2016-10-22 23:42:18 413998484 114.3577719315068 30.63298736986301     
2016-10-22 23:48:18 413998484 114.3577768630137 30.63299673972603     
2016-10-22 23:48:28 413998484 114.357777 30.632997 114.357763 30.632977 0.0 0.0 0.0
2016-10-22 23:52:28 413998484 114.35777 30.633002 114.357777 30.632997 0.0 0.0 0.0
