2016-10-24 12:02:27 413964127 114.553145 30.640493 114.55535 30.634915 4.0 341.3
2016-10-24 12:04:37 413964127 114.55209 30.643183 114.553145 30.640493 4.1 338.5
2016-10-24 12:10:37 413964127 114.5477487361362 30.64728506860975    
2016-10-24 12:16:37 413964127 114.5434074722724 30.6513871372195    
2016-10-24 12:22:37 413964127 114.5390662084086 30.65548920582925    
2016-10-24 12:28:37 413964127 114.5347249445447 30.659591274439    
2016-10-24 12:34:37 413964127 114.5303836806809 30.66369334304875    
2016-10-24 12:40:37 413964127 114.5260424168171 30.6677954116585    
2016-10-24 12:46:37 413964127 114.5217011529533 30.67189748026825    
2016-10-24 12:52:37 413964127 114.5173598890895 30.675999548878    
2016-10-24 12:58:37 413964127 114.5130186252257 30.68010161748775    
2016-10-24 13:04:37 413964127 114.5086773613619 30.6842036860975    
2016-10-24 13:09:14 413964127 114.505337 30.68736 114.510442 30.686307 3.7 279.7
2016-10-24 13:11:53 413964127 114.501828 30.687705 114.505337 30.68736 3.4 270.8
2016-10-24 13:16:21 413964127 114.497273 30.68754 114.501828 30.687705 3.0 264.9
2016-10-24 13:16:51 413964127 114.496782 30.68749 114.497273 30.68754 2.9 259.9
2016-10-24 13:17:45 413964127 114.49628 30.687417 114.496782 30.68749 2.9 258.3
2016-10-24 13:20:06 413964127 114.493865 30.686857 114.49628 30.687417 3.2 254.6
2016-10-24 13:26:06 413964127 114.4875106285178 30.68537850093809    
2016-10-24 13:28:59 413964127 114.484457 30.684668 114.488095 30.685593 3.3 254.6
2016-10-24 13:33:33 413964127 114.480055 30.683407 114.484457 30.684668 3.2 248.3
2016-10-24 13:39:33 413964127 114.4735012085308 30.68183861137441    
2016-10-24 13:45:33 413964127 114.4669474170616 30.68027022274881    
2016-10-24 13:51:33 413964127 114.4603936255924 30.67870183412322    
2016-10-24 13:57:33 413964127 114.4538398341232 30.67713344549763    
2016-10-24 14:01:41 413964127 114.449325 30.676053 114.451877 30.674978 4.2 290.6
2016-10-24 14:03:08 413964127 114.447565 30.676328 114.449325 30.676053 3.3 271.3
2016-10-24 14:04:48 413964127 114.44599 30.676252 114.447565 30.676328 3.1 268.3
2016-10-24 14:07:30 413964127 114.443108 30.676078 114.44599 30.676252 2.9 257.3
2016-10-24 14:07:53 413964127 114.442658 30.676015 114.443108 30.676078 2.8 261.9
2016-10-24 14:09:54 413964127 114.440798 30.675577 114.442658 30.676015 3.1 248.5
2016-10-24 14:10:20 413964127 114.440295 30.675415 114.440798 30.675577 3.3 250.4
2016-10-24 14:11:10 413964127 114.43978 30.67522 114.440295 30.675415 3.5 245.0
2016-10-24 14:13:31 413964127 114.437182 30.674225 114.43978 30.67522 4.0 242.9
2016-10-24 14:15:41 413964127 114.434957 30.67327 114.437182 30.674225 4.3 242.9
2016-10-24 14:18:01 413964127 114.43184 30.671593 114.434957 30.67327 4.0 235.2
2016-10-24 14:21:15 413964127 114.428617 30.669923 114.43184 30.671593 3.9 241.9
2016-10-24 14:25:27 413964127 114.423895 30.667585 114.428617 30.669923 3.8 243.9
2016-10-24 14:28:27 413964127 114.420522 30.666223 114.423895 30.667585 3.7 245.9
2016-10-24 14:29:36 413964127 114.419268 30.665728 114.420522 30.666223 3.7 244.3
2016-10-24 14:31:20 413964127 114.417208 30.664963 114.419268 30.665728 4.0 239.2
2016-10-24 14:32:24 413964127 114.416652 30.664763 114.417208 30.664963 3.7 263.5
2016-10-24 14:33:33 413964127 114.415055 30.664083 114.416652 30.664763 3.4 244.2
2016-10-24 14:34:12 413964127 114.414232 30.663733 114.415055 30.664083 3.2 248.4
2016-10-24 14:34:37 413964127 114.413738 30.663505 114.414232 30.663733 3.4 243.5
2016-10-24 14:35:03 413964127 114.41342 30.663385 114.413738 30.663505 3.1 255.5
2016-10-24 14:35:31 413964127 114.41294 30.663222 114.41342 30.663385 3.3 249.5
2016-10-24 14:36:26 413964127 114.412263 30.663137 114.41294 30.663222 3.2 265.1
2016-10-24 14:37:19 413964127 114.411235 30.662662 114.412263 30.663137 3.1 246.6
2016-10-24 14:37:47 413964127 114.410927 30.662592 114.411235 30.662662 3.0 249.9
2016-10-24 14:39:26 413964127 114.409477 30.662113 114.410927 30.662592 2.9 244.3
2016-10-24 14:40:28 413964127 114.408703 30.661763 114.409477 30.662113 3.0 233.6
2016-10-24 14:40:51 413964127 114.408113 30.661662 114.408703 30.661763 2.7 252.8
2016-10-24 14:41:42 413964127 114.407522 30.661498 114.408113 30.661662 2.8 253.9
2016-10-24 14:42:45 413964127 114.406638 30.66122 114.407522 30.661498 2.8 247.8
2016-10-24 14:43:17 413964127 114.406105 30.661007 114.406638 30.66122 2.8 243.6
2016-10-24 14:43:45 413964127 114.4057 30.660827 114.406105 30.661007 2.8 243.3
2016-10-24 14:45:04 413964127 114.404893 30.660443 114.4057 30.660827 2.9 245.6
2016-10-24 14:45:33 413964127 114.404288 30.66022 114.404893 30.660443 2.8 249.1
2016-10-24 14:46:01 413964127 114.403857 30.660092 114.404288 30.66022 3.2 252.5
2016-10-24 14:46:29 413964127 114.403457 30.659973 114.403857 30.660092 2.6 252.7
2016-10-24 14:47:23 413964127 114.402752 30.659748 114.403457 30.659973 2.5 248.2
2016-10-24 14:47:52 413964127 114.402333 30.659608 114.402752 30.659748 2.7 250.3
2016-10-24 14:48:18 413964127 114.40194 30.65948 114.402333 30.659608 2.7 248.2
2016-10-24 14:49:30 413964127 114.401117 30.659132 114.40194 30.65948 2.7 247.3
2016-10-24 14:50:43 413964127 114.399802 30.65876 114.401117 30.659132 3.1 253.4
2016-10-24 14:51:32 413964127 114.399015 30.658468 114.399802 30.65876 3.1 251.8
2016-10-24 14:52:24 413964127 114.39812 30.65827 114.399015 30.658468 3.1 251.4
2016-10-24 14:52:47 413964127 114.397585 30.658108 114.39812 30.65827 2.9 252.0
2016-10-24 14:53:36 413964127 114.397195 30.658013 114.397585 30.658108 3.2 255.3
2016-10-24 14:54:27 413964127 114.39628 30.657885 114.397195 30.658013 2.8 261.5
2016-10-24 14:54:51 413964127 114.395765 30.657822 114.39628 30.657885 3.1 265.9
2016-10-24 14:55:33 413964127 114.395222 30.657755 114.395765 30.657822 3.3 264.8
2016-10-24 14:56:22 413964127 114.394132 30.657607 114.395222 30.657755 3.1 259.9
2016-10-24 14:56:45 413964127 114.393725 30.657517 114.394132 30.657607 3.1 254.5
2016-10-24 14:57:32 413964127 114.393098 30.657363 114.393725 30.657517 3.3 249.2
2016-10-24 14:58:23 413964127 114.392282 30.65711 114.393098 30.657363 3.3 252.2
2016-10-24 14:59:38 413964127 114.39109 30.656753 114.392282 30.65711 3.4 252.1
2016-10-24 15:00:09 413964127 114.390368 30.656538 114.39109 30.656753 3.4 249.1
2016-10-24 15:00:32 413964127 114.389882 30.65637 114.390368 30.656538 3.4 245.6
2016-10-24 15:01:40 413964127 114.389008 30.656067 114.389882 30.65637 3.5 238.0
2016-10-24 15:02:34 413964127 114.387812 30.655838 114.389008 30.656067 2.9 276.8
2016-10-24 15:03:36 413964127 114.387092 30.655618 114.387812 30.655838 3.6 250.8
2016-10-24 15:04:06 413964127 114.386078 30.65534 114.387092 30.655618 3.6 252.7
2016-10-24 15:04:56 413964127 114.385147 30.655047 114.386078 30.65534 3.6 245.5
2016-10-24 15:05:42 413964127 114.384647 30.65483 114.385147 30.655047 3.5 240.6
2016-10-24 15:07:10 413964127 114.382897 30.654025 114.384647 30.65483 3.7 242.4
2016-10-24 15:07:53 413964127 114.382268 30.65366 114.382897 30.654025 3.6 234.0
2016-10-24 15:08:45 413964127 114.381435 30.653177 114.382268 30.65366 3.6 238.0
2016-10-24 15:09:13 413964127 114.380802 30.652797 114.381435 30.653177 3.2 237.0
2016-10-24 15:10:02 413964127 114.38028 30.652513 114.380802 30.652797 3.7 237.7
2016-10-24 15:10:32 413964127 114.379603 30.652153 114.38028 30.652513 3.7 236.4
2016-10-24 15:10:57 413964127 114.379085 30.651883 114.379603 30.652153 3.6 241.8
2016-10-24 15:11:56 413964127 114.37806 30.651345 114.379085 30.651883 3.7 239.4
2016-10-24 15:12:27 413964127 114.377577 30.65109 114.37806 30.651345 3.6 243.5
2016-10-24 15:12:51 413964127 114.377058 30.650795 114.377577 30.65109 3.6 239.2
2016-10-24 15:13:14 413964127 114.376725 30.65062 114.377058 30.650795 3.6 241.1
2016-10-24 15:14:02 413964127 114.376043 30.650277 114.376725 30.65062 3.5 242.6
2016-10-24 15:14:30 413964127 114.375522 30.65004 114.376043 30.650277 3.2 247.6
2016-10-24 15:15:21 413964127 114.374535 30.649557 114.375522 30.65004 3.5 241.0
2016-10-24 15:16:19 413964127 114.373867 30.649232 114.374535 30.649557 3.3 240.0
2016-10-24 15:16:48 413964127 114.373157 30.648897 114.373867 30.649232 4.5 239.8
2016-10-24 15:17:14 413964127 114.372613 30.648717 114.373157 30.648897 3.5 248.6
2016-10-24 15:17:40 413964127 114.372157 30.648582 114.372613 30.648717 3.5 248.1
2016-10-24 15:18:22 413964127 114.371873 30.648468 114.372157 30.648582 2.4 250.3
2016-10-24 15:18:49 413964127 114.371178 30.648133 114.371873 30.648468 3.4 243.0
2016-10-24 15:19:37 413964127 114.370395 30.647628 114.371178 30.648133 3.7 233.2
2016-10-24 15:20:37 413964127 114.369527 30.646973 114.370395 30.647628 3.5 232.5
2016-10-24 15:21:01 413964127 114.369065 30.646698 114.369527 30.646973 3.4 236.8
2016-10-24 15:22:18 413964127 114.367942 30.646103 114.369065 30.646698 3.6 241.1
2016-10-24 15:22:43 413964127 114.367467 30.645828 114.367942 30.646103 3.6 238.0
2016-10-24 15:23:10 413964127 114.367025 30.645537 114.367467 30.645828 3.4 230.1
2016-10-24 15:24:33 413964127 114.366168 30.644947 114.367025 30.645537 3.4 231.2
2016-10-24 15:25:23 413964127 114.365177 30.64423 114.366168 30.644947 3.2 235.3
2016-10-24 15:26:31 413964127 114.364435 30.64378 114.365177 30.64423 3.5 237.6
2016-10-24 15:27:19 413964127 114.36335 30.643042 114.364435 30.64378 3.6 226.9
2016-10-24 15:28:24 413964127 114.362493 30.642375 114.36335 30.643042 3.7 228.3
2016-10-24 15:29:07 413964127 114.361887 30.641935 114.362493 30.642375 3.7 231.7
2016-10-24 15:29:30 413964127 114.361435 30.641605 114.361887 30.641935 3.6 228.1
2016-10-24 15:30:21 413964127 114.360968 30.641253 114.361435 30.641605 3.6 228.7
2016-10-24 15:31:15 413964127 114.35989 30.640495 114.360968 30.641253 3.7 231.9
2016-10-24 15:32:22 413964127 114.358963 30.639837 114.35989 30.640495 3.7 230.6
2016-10-24 15:32:49 413964127 114.358503 30.639498 114.358963 30.639837 3.8 229.1
2016-10-24 15:33:33 413964127 114.357805 30.638882 114.358503 30.639498 3.7 228.6
2016-10-24 15:34:09 413964127 114.357373 30.638498 114.357805 30.638882 3.6 220.8
2016-10-24 15:34:56 413964127 114.356688 30.637895 114.357373 30.638498 3.7 232.8
2016-10-24 15:35:20 413964127 114.35627 30.63753 114.356688 30.637895 3.7 223.2
2016-10-24 15:36:44 413964127 114.355175 30.636537 114.35627 30.63753 3.4 229.4
2016-10-24 15:37:33 413964127 114.354487 30.635968 114.355175 30.636537 3.7 223.1
2016-10-24 15:38:38 413964127 114.353725 30.635248 114.354487 30.635968 3.9 212.8
2016-10-24 15:40:08 413964127 114.352563 30.634293 114.353725 30.635248 3.3 226.3
2016-10-24 15:40:36 413964127 114.352187 30.633977 114.352563 30.634293 3.4 226.2
2016-10-24 15:41:01 413964127 114.351803 30.633708 114.352187 30.633977 3.2 230.8
2016-10-24 15:41:26 413964127 114.351542 30.633487 114.351803 30.633708 3.1 223.1
2016-10-24 15:42:05 413964127 114.351052 30.633083 114.351542 30.633487 3.2 237.2
2016-10-24 15:43:05 413964127 114.350318 30.632432 114.351052 30.633083 3.1 232.1
2016-10-24 15:43:33 413964127 114.349925 30.632123 114.350318 30.632432 3.4 226.0
2016-10-24 15:44:19 413964127 114.349383 30.631647 114.349925 30.632123 3.4 225.2
2016-10-24 15:44:45 413964127 114.348993 30.631332 114.349383 30.631647 3.4 221.4
2016-10-24 15:45:31 413964127 114.348312 30.630778 114.348993 30.631332 3.3 222.8
2016-10-24 15:46:24 413964127 114.347775 30.630363 114.348312 30.630778 3.1 230.0
2016-10-24 15:47:19 413964127 114.346962 30.629808 114.347775 30.630363 3.2 235.3
2016-10-24 15:47:44 413964127 114.346553 30.629512 114.346962 30.629808 3.3 223.2
2016-10-24 15:48:40 413964127 114.345885 30.629018 114.346553 30.629512 3.3 235.8
2016-10-24 15:49:08 413964127 114.345448 30.628735 114.345885 30.629018 3.1 236.6
2016-10-24 15:49:35 413964127 114.34506 30.628457 114.345448 30.628735 3.3 228.5
2016-10-24 15:51:33 413964127 114.3436 30.627293 114.34506 30.628457 3.2 207.1
2016-10-24 15:51:57 413964127 114.34331 30.627093 114.3436 30.627293 3.3 209.7
2016-10-24 15:52:34 413964127 114.342692 30.626788 114.34331 30.627093 3.5 238.2
2016-10-24 15:52:57 413964127 114.342325 30.626457 114.342692 30.626788 3.2 230.1
2016-10-24 15:53:48 413964127 114.341632 30.625955 114.342325 30.626457 3.1 235.1
2016-10-24 15:54:42 413964127 114.34093 30.625478 114.341632 30.625955 3.0 227.3
2016-10-24 15:55:13 413964127 114.340513 30.625198 114.34093 30.625478 3.0 232.8
2016-10-24 15:55:37 413964127 114.340115 30.624883 114.340513 30.625198 3.0 236.2
2016-10-24 15:56:00 413964127 114.339843 30.624705 114.340115 30.624883 3.0 233.7
2016-10-24 15:56:46 413964127 114.33931 30.624332 114.339843 30.624705 3.1 229.5
2016-10-24 15:57:16 413964127 114.338888 30.62404 114.33931 30.624332 2.9 227.9
2016-10-24 15:57:44 413964127 114.338468 30.623765 114.338888 30.62404 3.3 224.4
2016-10-24 15:58:11 413964127 114.338043 30.623503 114.338468 30.623765 3.2 240.2
2016-10-24 15:58:45 413964127 114.337643 30.62321 114.338043 30.623503 3.2 240.7
2016-10-24 15:59:09 413964127 114.337247 30.622952 114.337643 30.62321 2.7 239.4
2016-10-24 16:00:01 413964127 114.336605 30.622463 114.337247 30.622952 3.1 232.3
2016-10-24 16:00:44 413964127 114.336128 30.622067 114.336605 30.622463 2.9 234.5
2016-10-24 16:01:09 413964127 114.335768 30.621792 114.336128 30.622067 2.9 233.2
2016-10-24 16:01:57 413964127 114.335147 30.621332 114.335768 30.621792 2.9 230.5
2016-10-24 16:02:40 413964127 114.334622 30.620985 114.335147 30.621332 3.3 225.2
2016-10-24 16:03:09 413964127 114.334263 30.620753 114.334622 30.620985 2.9 230.3
2016-10-24 16:03:38 413964127 114.333898 30.620477 114.334263 30.620753 3.0 232.9
2016-10-24 16:04:10 413964127 114.333537 30.620167 114.333898 30.620477 3.3 218.0
2016-10-24 16:04:49 413964127 114.333042 30.619823 114.333537 30.620167 5.0 200.9
2016-10-24 16:05:35 413964127 114.332473 30.619435 114.333042 30.619823 3.8 206.1
2016-10-24 16:07:12 413964127 114.331467 30.618607 114.332473 30.619435 3.3 223.3
2016-10-24 16:07:37 413964127 114.331108 30.618333 114.331467 30.618607 3.0 225.9
2016-10-24 16:08:04 413964127 114.330768 30.618048 114.331108 30.618333 2.9 225.6
2016-10-24 16:08:47 413964127 114.330262 30.617648 114.330768 30.618048 2.9 228.5
2016-10-24 16:09:17 413964127 114.329888 30.617338 114.330262 30.617648 3.8 220.3
2016-10-24 16:09:45 413964127 114.329528 30.617015 114.329888 30.617338 3.3 224.0
2016-10-24 16:10:57 413964127 114.328752 30.616315 114.329528 30.617015 3.9 230.0
2016-10-24 16:11:30 413964127 114.328275 30.615877 114.328752 30.616315 3.4 223.7
2016-10-24 16:12:01 413964127 114.327895 30.615543 114.328275 30.615877 3.4 226.7
2016-10-24 16:13:12 413964127 114.327028 30.614778 114.327895 30.615543 3.3 222.9
2016-10-24 16:13:40 413964127 114.326655 30.614408 114.327028 30.614778 3.6 222.0
2016-10-24 16:14:29 413964127 114.326065 30.61381 114.326655 30.614408 3.4 221.3
2016-10-24 16:15:13 413964127 114.325538 30.613322 114.326065 30.61381 3.3 222.7
2016-10-24 16:15:38 413964127 114.325162 30.612975 114.325538 30.613322 3.2 223.7
2016-10-24 16:16:02 413964127 114.32479 30.612605 114.325162 30.612975 3.5 220.8
2016-10-24 16:16:25 413964127 114.324553 30.612395 114.32479 30.612605 3.4 221.2
2016-10-24 16:17:11 413964127 114.324042 30.611833 114.324553 30.612395 3.5 219.5
2016-10-24 16:17:40 413964127 114.323692 30.61141 114.324042 30.611833 3.5 215.2
2016-10-24 16:18:09 413964127 114.323367 30.611015 114.323692 30.61141 3.4 213.9
2016-10-24 16:18:38 413964127 114.323015 30.61056 114.323367 30.611015 3.5 211.4
2016-10-24 16:19:25 413964127 114.322607 30.609983 114.323015 30.61056 3.6 212.3
2016-10-24 16:19:52 413964127 114.322332 30.609578 114.322607 30.609983 3.5 212.3
2016-10-24 16:20:47 413964127 114.321705 30.608745 114.322332 30.609578 3.4 214.4
2016-10-24 16:21:31 413964127 114.321265 30.608105 114.321705 30.608745 4.5 209.0
2016-10-24 16:21:57 413964127 114.320957 30.60782 114.321265 30.608105 3.2 215.5
2016-10-24 16:22:23 413964127 114.320605 30.607465 114.320957 30.60782 3.4 222.6
2016-10-24 16:22:50 413964127 114.32039 30.60724 114.320605 30.607465 3.5 223.4
2016-10-24 16:23:43 413964127 114.319923 30.606605 114.32039 30.60724 3.1 216.1
2016-10-24 16:24:12 413964127 114.319575 30.606225 114.319923 30.606605 3.5 226.1
2016-10-24 16:24:39 413964127 114.319132 30.605862 114.319575 30.606225 5.1 242.4
2016-10-24 16:25:03 413964127 114.318752 30.605497 114.319132 30.605862 3.3 227.7
2016-10-24 16:25:44 413964127 114.31846 30.605253 114.318752 30.605497 3.7 226.2
2016-10-24 16:26:06 413964127 114.31794 30.60475 114.31846 30.605253 4.0 220.3
2016-10-24 16:26:47 413964127 114.317405 30.604213 114.31794 30.60475 3.4 233.4
2016-10-24 16:27:30 413964127 114.31693 30.6037 114.317405 30.604213 3.5 232.5
2016-10-24 16:27:57 413964127 114.316525 30.603187 114.31693 30.6037 3.7 220.6
2016-10-24 16:28:23 413964127 114.316202 30.602847 114.316525 30.603187 3.7 218.9
2016-10-24 16:28:47 413964127 114.315943 30.602592 114.316202 30.602847 3.5 224.0
2016-10-24 16:29:39 413964127 114.315307 30.601977 114.315943 30.602592 3.4 229.0
2016-10-24 16:30:07 413964127 114.31494 30.601612 114.315307 30.601977 3.4 224.3
2016-10-24 16:30:31 413964127 114.31455 30.601237 114.31494 30.601612 3.3 226.6
2016-10-24 16:31:00 413964127 114.314283 30.600975 114.31455 30.601237 3.7 219.5
2016-10-24 16:31:46 413964127 114.313803 30.600457 114.314283 30.600975 3.8 215.6
2016-10-24 16:32:35 413964127 114.31336 30.599903 114.313803 30.600457 3.7 213.6
2016-10-24 16:33:37 413964127 114.31265 30.598922 114.31336 30.599903 3.6 211.2
2016-10-24 16:34:04 413964127 114.312257 30.598342 114.31265 30.598922 3.5 207.8
2016-10-24 16:34:31 413964127 114.312052 30.598073 114.312257 30.598342 3.8 209.2
2016-10-24 16:34:57 413964127 114.31173 30.597695 114.312052 30.598073 3.4 214.4
2016-10-24 16:35:45 413964127 114.311247 30.597125 114.31173 30.597695 3.7 218.3
2016-10-24 16:36:15 413964127 114.310773 30.596583 114.311247 30.597125 3.7 217.8
2016-10-24 16:37:03 413964127 114.310173 30.595902 114.310773 30.596583 3.8 218.6
2016-10-24 16:37:39 413964127 114.309783 30.595525 114.310173 30.595902 3.8 223.9
2016-10-24 16:38:23 413964127 114.309048 30.594853 114.309783 30.595525 4.2 222.4
2016-10-24 16:38:45 413964127 114.308772 30.594542 114.309048 30.594853 4.4 218.5
2016-10-24 16:39:38 413964127 114.308157 30.593833 114.308772 30.594542 5.1 216.4
2016-10-24 16:40:34 413964127 114.307057 30.59248 114.308157 30.593833 5.4 214.5
2016-10-24 16:41:35 413964127 114.306168 30.591257 114.307057 30.59248 5.3 208.6
2016-10-24 16:41:59 413964127 114.305872 30.590768 114.306168 30.591257 5.5 207.2
2016-10-24 16:42:27 413964127 114.305478 30.590143 114.305872 30.590768 5.4 209.0
2016-10-24 16:43:28 413964127 114.304658 30.588887 114.305478 30.590143 5.1 212.7
2016-10-24 16:44:20 413964127 114.303888 30.587908 114.304658 30.588887 5.2 216.3
2016-10-24 16:45:30 413964127 114.302775 30.586408 114.303888 30.587908 5.2 214.8
2016-10-24 16:46:26 413964127 114.301905 30.585148 114.302775 30.586408 5.2 209.7
2016-10-24 16:46:52 413964127 114.301518 30.584505 114.301905 30.585148 4.8 207.3
2016-10-24 16:47:34 413964127 114.30129 30.584117 114.301518 30.584505 4.6 208.6
2016-10-24 16:48:36 413964127 114.300497 30.582798 114.30129 30.584117 4.2 213.6
2016-10-24 16:49:04 413964127 114.300052 30.582087 114.300497 30.582798 4.3 207.8
2016-10-24 16:50:09 413964127 114.299377 30.581015 114.300052 30.582087 4.1 214.4
2016-10-24 16:50:32 413964127 114.299025 30.58054 114.299377 30.581015 1.7 244.2
2016-10-24 16:50:52 413964127 114.298823 30.580332 114.299025 30.58054 5.4 212.6
2016-10-24 16:51:34 413964127 114.298297 30.57962 114.298823 30.580332 1.2 228.2
2016-10-24 16:51:55 413964127 114.298047 30.579305 114.298297 30.57962 4.5 214.9
2016-10-24 16:52:42 413964127 114.297422 30.578572 114.298047 30.579305 3.5 215.9
2016-10-24 16:53:31 413964127 114.296877 30.577912 114.297422 30.578572 3.7 219.5
2016-10-24 16:53:55 413964127 114.29649 30.577435 114.296877 30.577912 4.4 215.0
2016-10-24 16:54:42 413964127 114.295865 30.576643 114.29649 30.577435 3.8 212.5
2016-10-24 16:55:25 413964127 114.29549 30.576167 114.295865 30.576643 4.0 210.8
2016-10-24 16:56:39 413964127 114.294307 30.574678 114.29549 30.576167 4.3 215.5
2016-10-24 16:57:21 413964127 114.29391 30.574182 114.294307 30.574678 4.0 215.4
2016-10-24 16:57:47 413964127 114.293545 30.573688 114.29391 30.574182 4.3 212.8
2016-10-24 16:59:22 413964127 114.292413 30.572125 114.293545 30.573688 4.5 210.6
2016-10-24 17:00:09 413964127 114.291898 30.571435 114.292413 30.572125 4.2 215.2
2016-10-24 17:01:15 413964127 114.291257 30.570563 114.291898 30.571435 4.5 209.8
2016-10-24 17:02:32 413964127 114.290103 30.568785 114.291257 30.570563 4.4 206.8
2016-10-24 17:03:39 413964127 114.289443 30.567638 114.290103 30.568785 4.1 207.9
2016-10-24 17:04:25 413964127 114.288917 30.566763 114.289443 30.567638 3.7 212.2
2016-10-24 17:07:16 413964127 114.28694 30.563578 114.288917 30.566763 3.6 213.5
2016-10-24 17:09:01 413964127 114.285912 30.561818 114.28694 30.563578 4.3 211.5
2016-10-24 17:09:50 413964127 114.285492 30.561035 114.285912 30.561818 4.4 211.8
2016-10-24 17:12:44 413964127 114.283602 30.557675 114.285492 30.561035 4.9 236.2
2016-10-24 17:13:09 413964127 114.2834 30.557065 114.283602 30.557675 4.5 202.3
2016-10-24 17:14:30 413964127 114.282757 30.555775 114.2834 30.557065 4.4 204.9
