2016-10-23 11:52:40 413781949 114.541933 30.663233 114.542167 30.662667 3.9 340.8
2016-10-23 11:56:45 413781949 114.5401 30.667467 114.541933 30.663233 3.7 335.5
2016-10-23 12:02:04 413781949 114.536433 30.6725 114.5401 30.667467 3.9 316.6
2016-10-23 12:08:04 413781949 114.5308183318825 30.67641730141458    
2016-10-23 12:14:04 413781949 114.525203663765 30.68033460282916    
2016-10-23 12:17:23 413781949 114.5221 30.6825 114.52275 30.682217 3.7 293.9
2016-10-23 12:17:44 413781949 114.521667 30.682633 114.5221 30.6825 3.6 288.9
2016-10-23 12:18:32 413781949 114.52105 30.682817 114.521667 30.682633 3.6 289.7
2016-10-23 12:18:52 413781949 114.52018 30.683133 114.52105 30.682817 3.6 293.9
2016-10-23 12:21:06 413781949 114.518015 30.683908 114.52018 30.683133 3.6 288.6
2016-10-23 12:23:46 413781949 114.514917 30.684683 114.518015 30.683908 3.6 284.3
2016-10-23 12:24:56 413781949 114.51345 30.685087 114.514917 30.684683 3.7 281.2
2016-10-23 12:25:24 413781949 114.512872 30.685168 114.51345 30.685087 3.2 288.9
2016-10-23 12:26:02 413781949 114.512318 30.685203 114.512872 30.685168 3.8 271.9
2016-10-23 12:27:04 413781949 114.5114 30.685267 114.512318 30.685203 3.7 277.9
2016-10-23 12:29:27 413781949 114.508417 30.685833 114.5114 30.685267 3.7 288.1
2016-10-23 12:30:02 413781949 114.507592 30.68608 114.508417 30.685833 3.9 283.4
2016-10-23 12:30:32 413781949 114.507283 30.686133 114.507592 30.68608 3.7 286.0
2016-10-23 12:32:42 413781949 114.50425 30.6866 114.507283 30.686133 3.8 276.9
2016-10-23 12:33:40 413781949 114.503633 30.68665 114.50425 30.6866 3.8 272.0
2016-10-23 12:34:26 413781949 114.502098 30.686792 114.503633 30.68665 4.2 277.8
2016-10-23 12:34:47 413781949 114.501717 30.686833 114.502098 30.686792 3.9 276.0
2016-10-23 12:35:24 413781949 114.500788 30.686923 114.501717 30.686833 3.9 283.3
2016-10-23 12:35:52 413781949 114.500148 30.686973 114.500788 30.686923 4.1 275.7
2016-10-23 12:36:13 413781949 114.4998 30.687017 114.500148 30.686973 4.0 274.8
2016-10-23 12:37:05 413781949 114.49915 30.687067 114.4998 30.687017 3.9 275.7
2016-10-23 12:37:54 413781949 114.497833 30.687067 114.49915 30.687067 3.8 264.0
2016-10-23 12:38:17 413781949 114.497005 30.686977 114.497833 30.687067 4.2 264.6
2016-10-23 12:38:47 413781949 114.49665 30.687 114.497005 30.686977 3.8 268.5
2016-10-23 12:39:11 413781949 114.496 30.686983 114.49665 30.687 3.7 265.9
2016-10-23 12:39:53 413781949 114.495145 30.686862 114.496 30.686983 3.3 271.0
2016-10-23 12:40:29 413781949 114.49454 30.686832 114.495145 30.686862 3.7 264.7
2016-10-23 12:40:57 413781949 114.494217 30.686833 114.49454 30.686832 3.6 265.0
2016-10-23 12:41:25 413781949 114.493435 30.686693 114.494217 30.686833 3.6 259.1
2016-10-23 12:41:45 413781949 114.49287 30.686637 114.493435 30.686693 4.0 253.3
2016-10-23 12:42:48 413781949 114.491718 30.686417 114.49287 30.686637 3.8 258.2
2016-10-23 12:44:25 413781949 114.49025 30.6861 114.491718 30.686417 3.6 255.0
2016-10-23 12:44:45 413781949 114.48965 30.685967 114.49025 30.6861 3.7 253.5
2016-10-23 12:45:42 413781949 114.489083 30.68585 114.48965 30.685967 3.8 255.5
2016-10-23 12:46:50 413781949 114.487117 30.685367 114.489083 30.68585 4.1 253.3
2016-10-23 12:49:29 413781949 114.483867 30.68455 114.487117 30.685367 4.1 256.4
2016-10-23 12:50:51 413781949 114.481933 30.684083 114.483867 30.68455 4.2 256.2
2016-10-23 12:51:22 413781949 114.481267 30.6839 114.481933 30.684083 4.1 249.9
2016-10-23 12:51:47 413781949 114.480667 30.6837 114.481267 30.6839 4.1 247.1
2016-10-23 12:52:42 413781949 114.48005 30.683467 114.480667 30.6837 4.1 248.1
2016-10-23 12:53:33 413781949 114.478683 30.68305 114.48005 30.683467 4.2 249.0
2016-10-23 12:54:32 413781949 114.477467 30.682667 114.478683 30.68305 4.1 252.4
2016-10-23 12:54:57 413781949 114.476568 30.682388 114.477467 30.682667 4.2 252.0
2016-10-23 12:55:17 413781949 114.475912 30.682182 114.476568 30.682388 4.4 250.1
2016-10-23 12:56:45 413781949 114.474217 30.68175 114.475912 30.682182 4.1 254.6
2016-10-23 12:58:15 413781949 114.472883 30.6814 114.474217 30.68175 4.1 251.9
2016-10-23 13:02:29 413781949 114.46725 30.679417 114.472883 30.6814 4.0 249.9
2016-10-23 13:02:52 413781949 114.46665 30.679183 114.46725 30.679417 4.0 242.6
2016-10-23 13:04:28 413781949 114.464967 30.6782 114.46665 30.679183 4.2 232.5
2016-10-23 13:05:05 413781949 114.46435 30.677817 114.464967 30.6782 4.2 234.7
2016-10-23 13:07:16 413781949 114.461367 30.676317 114.46435 30.677817 4.3 245.0
2016-10-23 13:13:16 413781949 114.4539636666667 30.67466366666667    
2016-10-23 13:14:28 413781949 114.452483 30.674333 114.453183 30.674167 4.1 292.7
2016-10-23 13:14:50 413781949 114.4519 30.674617 114.452483 30.674333 4.4 303.7
2016-10-23 13:15:29 413781949 114.451267 30.674983 114.4519 30.674617 4.4 303.4
2016-10-23 13:16:20 413781949 114.449983 30.675633 114.451267 30.674983 4.5 298.6
2016-10-23 13:17:21 413781949 114.449083 30.67595 114.449983 30.675633 4.5 293.5
2016-10-23 13:18:34 413781949 114.447008 30.676287 114.449083 30.67595 4.0 276.4
2016-10-23 13:19:05 413781949 114.446303 30.676317 114.447008 30.676287 4.4 277.3
2016-10-23 13:19:31 413781949 114.445612 30.676332 114.446303 30.676317 4.9 260.5
2016-10-23 13:19:53 413781949 114.444917 30.676365 114.445612 30.676332 4.4 265.1
2016-10-23 13:20:52 413781949 114.444217 30.676358 114.444917 30.676365 4.3 268.4
2016-10-23 13:21:16 413781949 114.443312 30.676318 114.444217 30.676358 4.4 264.4
2016-10-23 13:21:54 413781949 114.442202 30.676125 114.443312 30.676318 3.8 257.5
2016-10-23 13:22:25 413781949 114.44153 30.676003 114.442202 30.676125 3.8 254.5
2016-10-23 13:23:07 413781949 114.440935 30.675852 114.44153 30.676003 3.8 260.1
2016-10-23 13:23:26 413781949 114.440267 30.675633 114.440935 30.675852 4.2 248.7
2016-10-23 13:24:00 413781949 114.439717 30.675433 114.440267 30.675633 4.2 244.6
2016-10-23 13:25:06 413781949 114.438367 30.674872 114.439717 30.675433 4.7 240.4
2016-10-23 13:26:05 413781949 114.437133 30.674317 114.438367 30.674872 4.5 243.7
2016-10-23 13:27:23 413781949 114.4352 30.673467 114.437133 30.674317 4.6 243.5
2016-10-23 13:27:50 413781949 114.434517 30.673167 114.4352 30.673467 4.6 242.3
2016-10-23 13:28:29 413781949 114.433733 30.672837 114.434517 30.673167 5.0 241.9
2016-10-23 13:29:27 413781949 114.432327 30.672152 114.433733 30.672837 5.2 241.6
2016-10-23 13:29:49 413781949 114.4318 30.671883 114.432327 30.672152 4.7 242.2
2016-10-23 13:30:46 413781949 114.431083 30.671567 114.4318 30.671883 4.7 241.3
2016-10-23 13:31:11 413781949 114.430337 30.671243 114.431083 30.671567 4.8 244.0
2016-10-23 13:31:34 413781949 114.42975 30.67095 114.430337 30.671243 4.8 242.9
2016-10-23 13:31:57 413781949 114.428947 30.67064 114.42975 30.67095 4.8 245.4
2016-10-23 13:32:55 413781949 114.4276 30.670083 114.428947 30.67064 4.7 247.5
2016-10-23 13:33:19 413781949 114.427352 30.670007 114.4276 30.670083 4.5 248.9
2016-10-23 13:34:13 413781949 114.42619 30.669505 114.427352 30.670007 4.8 238.9
2016-10-23 13:34:36 413781949 114.425567 30.669183 114.42619 30.669505 4.7 239.9
2016-10-23 13:34:57 413781949 114.424917 30.66885 114.425567 30.669183 4.8 238.9
2016-10-23 13:35:46 413781949 114.424167 30.668467 114.424917 30.66885 4.9 238.3
2016-10-23 13:36:26 413781949 114.422883 30.667767 114.424167 30.668467 4.8 239.1
2016-10-23 13:37:57 413781949 114.420823 30.666775 114.422883 30.667767 4.3 248.1
2016-10-23 13:38:49 413781949 114.420138 30.666482 114.420823 30.666775 4.1 248.0
2016-10-23 13:39:30 413781949 114.418747 30.665937 114.420138 30.666482 4.5 246.2
2016-10-23 13:40:14 413781949 114.41808 30.665678 114.418747 30.665937 4.4 246.5
2016-10-23 13:40:36 413781949 114.417433 30.665417 114.41808 30.665678 4.5 245.8
2016-10-23 13:40:58 413781949 114.416783 30.66515 114.417433 30.665417 4.4 244.8
2016-10-23 13:41:53 413781949 114.415517 30.6646 114.416783 30.66515 4.3 242.7
2016-10-23 13:42:40 413781949 114.414883 30.664333 114.415517 30.6646 4.3 243.2
2016-10-23 13:43:03 413781949 114.414283 30.66405 114.414883 30.664333 4.2 242.6
2016-10-23 13:43:33 413781949 114.41366 30.663778 114.414283 30.66405 4.4 242.7
2016-10-23 13:43:59 413781949 114.413017 30.66355 114.41366 30.663778 4.1 247.0
2016-10-23 13:45:14 413781949 114.411602 30.662982 114.413017 30.66355 3.9 244.5
2016-10-23 13:45:36 413781949 114.41125 30.662883 114.411602 30.662982 3.8 243.8
2016-10-23 13:45:55 413781949 114.410683 30.66265 114.41125 30.662883 3.8 247.0
2016-10-23 13:46:53 413781949 114.410083 30.662467 114.410683 30.66265 3.9 250.1
2016-10-23 13:47:44 413781949 114.408783 30.662017 114.410083 30.662467 4.0 246.8
2016-10-23 13:48:05 413781949 114.408233 30.661817 114.408783 30.662017 4.1 249.1
2016-10-23 13:48:37 413781949 114.4076 30.661633 114.408233 30.661817 4.2 252.2
2016-10-23 13:49:01 413781949 114.40695 30.661417 114.4076 30.661633 4.3 247.6
2016-10-23 13:49:27 413781949 114.4063 30.661183 114.40695 30.661417 4.3 247.0
2016-10-23 13:50:13 413781949 114.405648 30.660895 114.4063 30.661183 4.4 248.5
2016-10-23 13:50:36 413781949 114.404958 30.66061 114.405648 30.660895 4.5 242.2
2016-10-23 13:50:58 413781949 114.404308 30.66034 114.404958 30.66061 4.6 246.9
2016-10-23 13:51:17 413781949 114.404072 30.66025 114.404308 30.66034 4.7 243.8
2016-10-23 13:52:16 413781949 114.403087 30.65984 114.404072 30.66025 3.8 242.3
2016-10-23 13:52:58 413781949 114.40198 30.659355 114.403087 30.65984 3.5 245.5
2016-10-23 13:53:28 413781949 114.401433 30.659133 114.40198 30.659355 3.3 242.7
2016-10-23 13:53:52 413781949 114.401017 30.658933 114.401433 30.659133 3.3 241.8
2016-10-23 13:54:40 413781949 114.400568 30.65873 114.401017 30.658933 3.2 253.2
2016-10-23 13:55:20 413781949 114.4001 30.658533 114.400568 30.65873 3.1 245.2
2016-10-23 13:56:04 413781949 114.399133 30.658283 114.4001 30.658533 3.1 254.3
2016-10-23 13:56:26 413781949 114.398583 30.6582 114.399133 30.658283 3.1 258.2
2016-10-23 13:56:57 413781949 114.398117 30.658117 114.398583 30.6582 2.9 258.9
2016-10-23 13:57:27 413781949 114.397922 30.657992 114.398117 30.658117 2.7 265.4
2016-10-23 13:58:54 413781949 114.396745 30.657785 114.397922 30.657992 3.5 261.6
2016-10-23 13:59:42 413781949 114.395683 30.65765 114.396745 30.657785 3.3 255.4
2016-10-23 14:00:06 413781949 114.395158 30.657452 114.395683 30.65765 3.6 257.9
2016-10-23 14:00:40 413781949 114.394592 30.657367 114.395158 30.657452 3.5 257.6
2016-10-23 14:01:06 413781949 114.393983 30.657333 114.394592 30.657367 3.7 262.7
2016-10-23 14:01:28 413781949 114.39338 30.65718 114.393983 30.657333 3.8 257.9
2016-10-23 14:02:24 413781949 114.392192 30.656903 114.39338 30.65718 4.0 251.5
2016-10-23 14:03:11 413781949 114.391257 30.65667 114.392192 30.656903 4.0 253.2
2016-10-23 14:03:31 413781949 114.390942 30.656597 114.391257 30.65667 4.1 256.9
2016-10-23 14:04:04 413781949 114.3903 30.656433 114.390942 30.656597 4.0 250.3
2016-10-23 14:04:29 413781949 114.389717 30.656178 114.3903 30.656433 3.9 242.1
2016-10-23 14:05:12 413781949 114.389167 30.655967 114.389717 30.656178 3.9 246.1
2016-10-23 14:05:48 413781949 114.388483 30.655767 114.389167 30.655967 4.0 253.9
2016-10-23 14:06:09 413781949 114.38785 30.655617 114.388483 30.655767 4.0 254.1
2016-10-23 14:06:29 413781949 114.38723 30.655398 114.38785 30.655617 4.0 251.6
2016-10-23 14:07:23 413781949 114.386633 30.655267 114.38723 30.655398 4.0 252.1
2016-10-23 14:08:06 413781949 114.38535 30.65481 114.386633 30.655267 4.1 241.3
2016-10-23 14:08:24 413781949 114.38476 30.654533 114.38535 30.65481 4.0 244.9
2016-10-23 14:08:53 413781949 114.384167 30.654317 114.38476 30.654533 4.1 245.4
2016-10-23 14:09:20 413781949 114.383833 30.654167 114.384167 30.654317 3.8 250.5
2016-10-23 14:09:59 413781949 114.382898 30.65381 114.383833 30.654167 4.3 244.9
2016-10-23 14:10:32 413781949 114.382285 30.65356 114.382898 30.65381 4.2 241.8
2016-10-23 14:10:59 413781949 114.381693 30.65327 114.382285 30.65356 4.3 238.9
2016-10-23 14:11:41 413781949 114.380983 30.65295 114.381693 30.65327 4.2 244.5
2016-10-23 14:12:12 413781949 114.380485 30.652698 114.380983 30.65295 4.4 240.0
2016-10-23 14:12:42 413781949 114.3799 30.6524 114.380485 30.652698 4.3 237.9
2016-10-23 14:13:04 413781949 114.379293 30.652007 114.3799 30.6524 4.4 241.0
2016-10-23 14:13:26 413781949 114.3787 30.65165 114.379293 30.652007 4.4 231.5
2016-10-23 14:14:02 413781949 114.378133 30.65125 114.3787 30.65165 4.4 231.3
2016-10-23 14:14:28 413781949 114.377567 30.650833 114.378133 30.65125 4.4 225.1
2016-10-23 14:15:08 413781949 114.376873 30.650155 114.377567 30.650833 4.4 219.4
2016-10-23 14:15:42 413781949 114.376633 30.649917 114.376873 30.650155 4.3 216.2
2016-10-23 14:16:07 413781949 114.376233 30.6494 114.376633 30.649917 4.3 210.8
2016-10-23 14:16:29 413781949 114.3759 30.648833 114.376233 30.6494 4.4 204.1
2016-10-23 14:17:18 413781949 114.375617 30.648267 114.3759 30.648833 4.4 199.5
2016-10-23 14:17:41 413781949 114.375383 30.647633 114.375617 30.648267 4.4 196.4
2016-10-23 14:17:59 413781949 114.3752 30.6471 114.375383 30.647633 4.3 195.7
2016-10-23 14:18:51 413781949 114.375045 30.646555 114.3752 30.6471 4.6 203.4
2016-10-23 14:19:40 413781949 114.374383 30.645467 114.375045 30.646555 4.0 214.5
2016-10-23 14:20:00 413781949 114.374 30.64505 114.374383 30.645467 3.9 220.8
2016-10-23 14:20:35 413781949 114.37355 30.644617 114.374 30.64505 3.9 222.8
2016-10-23 14:21:02 413781949 114.373153 30.644245 114.37355 30.644617 3.9 228.4
2016-10-23 14:21:27 413781949 114.372617 30.643867 114.373153 30.644245 3.8 226.2
2016-10-23 14:22:22 413781949 114.372167 30.643483 114.372617 30.643867 3.8 223.3
2016-10-23 14:23:08 413781949 114.37135 30.642667 114.372167 30.643483 3.8 221.4
2016-10-23 14:23:32 413781949 114.37085 30.6422 114.37135 30.642667 3.7 224.1
2016-10-23 14:24:07 413781949 114.37045 30.641917 114.37085 30.6422 3.5 235.2
2016-10-23 14:24:38 413781949 114.370017 30.641667 114.37045 30.641917 3.4 233.7
2016-10-23 14:25:00 413781949 114.369653 30.641377 114.370017 30.641667 3.0 233.1
2016-10-23 14:25:24 413781949 114.36931 30.641157 114.369653 30.641377 2.4 230.3
2016-10-23 14:25:51 413781949 114.36905 30.640993 114.36931 30.641157 2.1 232.9
2016-10-23 14:26:34 413781949 114.3687 30.640817 114.36905 30.640993 1.6 235.7
2016-10-23 14:29:33 413781949 114.36795 30.64025 114.3687 30.640817 0.8 225.3
2016-10-23 14:32:28 413781949 114.367683 30.63985 114.36795 30.64025 0.4 155.7
2016-10-23 14:33:38 413781949 114.367843 30.640082 114.367683 30.63985 0.0 212.5
2016-10-23 14:35:46 413781949 114.367733 30.639733 114.367843 30.640082 0.2 158.8
2016-10-23 14:38:48 413781949 114.367767 30.639717 114.367733 30.639733 0.1 87.1
2016-10-23 14:41:39 413781949 114.367832 30.64 114.367837 30.640017 0.0 212.5
2016-10-23 14:44:42 413781949 114.367767 30.63975 114.367832 30.64 0.0 93.6
2016-10-23 14:47:31 413781949 114.367767 30.639733 114.367767 30.63975 0.0 113.1
2016-10-23 14:50:30 413781949 114.367767 30.63975 114.367767 30.639733 0.0 146.1
2016-10-23 14:51:35 413781949 114.367823 30.639977 114.367767 30.63975 0.0 212.5
2016-10-23 14:53:31 413781949 114.367733 30.63975 114.367823 30.639977 0.0 152.4
2016-10-23 14:56:28 413781949 114.367767 30.639733 114.367733 30.63975 0.1 146.9
2016-10-23 14:57:31 413781949 114.367825 30.63996 114.367767 30.639733 0.0 212.5
2016-10-23 14:59:25 413781949 114.367822 30.639958 114.367825 30.63996 0.0 212.5
2016-10-23 15:02:40 413781949 114.367783 30.6397 114.367783 30.639717 0.0 130.1
2016-10-23 15:03:21 413781949 114.367818 30.63995 114.367783 30.6397 0.0 212.5
2016-10-23 15:05:43 413781949 114.367767 30.639717 114.367818 30.63995 0.0 168.8
2016-10-23 15:09:05 413781949 114.367783 30.63975 114.367767 30.639717 0.0 63.1
2016-10-23 15:11:47 413781949 114.367783 30.63975 114.367783 30.63975 0.0 131.4
2016-10-23 15:14:30 413781949 114.367783 30.63975 114.367783 30.63975 0.0 66.0
2016-10-23 15:17:33 413781949 114.367783 30.639733 114.367783 30.63975 0.0 127.3
2016-10-23 15:20:56 413781949 114.367783 30.63975 114.367783 30.639733 0.0 146.8
2016-10-23 15:21:18 413781949 114.367805 30.639905 114.367783 30.63975 0.0 212.5
2016-10-23 15:23:43 413781949 114.367767 30.639717 114.367805 30.639905 0.1 168.9
2016-10-23 15:26:46 413781949 114.367783 30.639733 114.367767 30.639717 0.1 159.8
2016-10-23 15:29:39 413781949 114.367733 30.639733 114.367783 30.639733 0.1 146.1
2016-10-23 15:32:26 413781949 114.367808 30.639877 114.367733 30.639733 0.0 212.5
2016-10-23 15:32:58 413781949 114.367733 30.639733 114.367808 30.639877 0.0 143.8
2016-10-23 15:33:21 413781949 114.367805 30.639882 114.367733 30.639733 0.0 212.5
2016-10-23 15:35:24 413781949 114.367808 30.639878 114.367805 30.639882 0.0 212.5
2016-10-23 15:35:54 413781949 114.367733 30.63975 114.367808 30.639878 0.0 81.3
2016-10-23 15:39:02 413781949 114.367733 30.639767 114.367733 30.63975 0.0 178.6
2016-10-23 15:39:28 413781949 114.367807 30.639867 114.367733 30.639767 0.0 212.5
2016-10-23 15:41:56 413781949 114.367733 30.639767 114.367807 30.639867 0.0 124.8
2016-10-23 15:45:37 413781949 114.367797 30.639857 114.367733 30.639767 0.0 212.5
2016-10-23 15:47:41 413781949 114.36779 30.639853 114.367797 30.639857 0.0 212.5
2016-10-23 15:50:51 413781949 114.367733 30.63975 114.36779 30.639853 0.0 118.4
2016-10-23 15:51:11 413781949 114.367802 30.639842 114.367733 30.63975 0.0 212.5
2016-10-23 15:53:50 413781949 114.367733 30.63975 114.367802 30.639842 0.0 145.1
2016-10-23 15:56:57 413781949 114.367733 30.63975 114.367733 30.63975 0.0 176.4
2016-10-23 15:57:17 413781949 114.367792 30.639832 114.367733 30.63975 0.0 212.5
2016-10-23 16:00:02 413781949 114.367767 30.639733 114.367792 30.639832 0.0 101.8
2016-10-23 16:02:51 413781949 114.367767 30.639717 114.367767 30.639733 0.0 93.8
2016-10-23 16:05:44 413781949 114.367767 30.639717 114.367767 30.639717 0.0 93.8
2016-10-23 16:08:56 413781949 114.367733 30.639717 114.367767 30.639717 0.0 121.0
2016-10-23 16:09:17 413781949 114.36779 30.639808 114.367733 30.639717 0.0 212.5
2016-10-23 16:11:22 413781949 114.367792 30.63981 114.36779 30.639808 0.0 212.5
2016-10-23 16:11:46 413781949 114.367792 30.63981 114.367792 30.63981 0.0 212.5
2016-10-23 16:14:45 413781949 114.36779 30.6398 114.367792 30.63981 0.0 212.5
2016-10-23 16:17:46 413781949 114.367733 30.639733 114.36779 30.6398 0.0 77.3
2016-10-23 16:21:01 413781949 114.367733 30.63975 114.367733 30.639733 0.0 152.9
2016-10-23 16:21:25 413781949 114.367788 30.639793 114.367733 30.63975 0.0 212.5
2016-10-23 16:23:57 413781949 114.367767 30.639733 114.367788 30.639793 0.0 251.9
2016-10-23 16:27:10 413781949 114.367767 30.639733 114.367767 30.639733 0.0 104.3
2016-10-23 16:29:58 413781949 114.367767 30.639717 114.367767 30.639733 0.0 127.8
2016-10-23 16:32:31 413781949 114.367787 30.639778 114.367767 30.639717 0.0 212.5
2016-10-23 16:32:52 413781949 114.367733 30.639733 114.367787 30.639778 0.0 107.3
2016-10-23 16:36:05 413781949 114.367733 30.639733 114.367733 30.639733 0.0 123.8
2016-10-23 16:38:42 413781949 114.36779 30.639782 114.367733 30.639733 0.0 212.5
2016-10-23 16:39:24 413781949 114.367787 30.639778 114.36779 30.639782 0.0 212.5
2016-10-23 16:42:00 413781949 114.367733 30.639717 114.367787 30.639778 0.0 152.9
2016-10-23 16:44:54 413781949 114.36779 30.639773 114.367733 30.639717 0.0 212.5
2016-10-23 16:48:10 413781949 114.367783 30.63975 114.36779 30.639773 0.0 49.2
2016-10-23 16:50:54 413781949 114.367783 30.63975 114.367783 30.63975 0.0 64.7
2016-10-23 16:53:27 413781949 114.36779 30.639773 114.367783 30.63975 0.0 212.5
2016-10-23 16:53:47 413781949 114.36779 30.639773 114.36779 30.639773 0.0 212.5
2016-10-23 16:54:08 413781949 114.367767 30.63975 114.36779 30.639773 0.0 136.9
2016-10-23 16:57:03 413781949 114.367767 30.63975 114.367767 30.63975 0.0 150.5
2016-10-23 16:59:57 413781949 114.367783 30.63975 114.367767 30.63975 0.0 79.0
2016-10-23 17:02:55 413781949 114.367783 30.63975 114.367783 30.63975 0.0 121.9
2016-10-23 17:05:45 413781949 114.367795 30.63977 114.367783 30.63975 0.0 212.5
2016-10-23 17:06:08 413781949 114.367767 30.63975 114.367795 30.63977 0.0 120.2
2016-10-23 17:08:52 413781949 114.367783 30.63975 114.367767 30.63975 0.0 112.3
2016-10-23 17:11:35 413781949 114.367797 30.63977 114.367783 30.63975 0.0 212.5
2016-10-23 17:12:07 413781949 114.367783 30.639733 114.367797 30.63977 0.0 115.2
2016-10-23 17:14:36 413781949 114.367795 30.639765 114.367783 30.639733 0.0 212.5
2016-10-23 17:15:05 413781949 114.367767 30.6397 114.367795 30.639765 0.0 130.0
2016-10-23 17:18:00 413781949 114.367733 30.639717 114.367767 30.6397 0.0 69.8
2016-10-23 17:21:01 413781949 114.367767 30.63975 114.367733 30.639717 0.0 122.9
2016-10-23 17:23:52 413781949 114.367767 30.63975 114.367767 30.63975 0.0 122.9
2016-10-23 17:27:01 413781949 114.367767 30.63975 114.367767 30.63975 0.0 84.7
2016-10-23 17:29:36 413781949 114.367795 30.63977 114.367767 30.63975 0.0 212.5
2016-10-23 17:29:53 413781949 114.367795 30.63977 114.367795 30.63977 0.0 212.5
2016-10-23 17:32:21 413781949 114.367795 30.639773 114.367795 30.63977 0.0 212.5
2016-10-23 17:32:53 413781949 114.367767 30.639733 114.367795 30.639773 0.1 143.8
2016-10-23 17:33:20 413781949 114.367792 30.639768 114.367767 30.639733 0.0 212.5
2016-10-23 17:36:18 413781949 114.367767 30.639717 114.367792 30.639768 0.1 138.9
2016-10-23 17:39:09 413781949 114.367767 30.6397 114.367767 30.639717 0.1 141.2
2016-10-23 17:41:37 413781949 114.367788 30.639765 114.367767 30.6397 0.0 212.5
2016-10-23 17:42:10 413781949 114.367767 30.639683 114.367788 30.639765 0.0 145.6
2016-10-23 17:44:30 413781949 114.36779 30.639763 114.367767 30.639683 0.0 212.5
2016-10-23 17:45:18 413781949 114.367783 30.6397 114.36779 30.639763 0.1 146.9
2016-10-23 17:48:02 413781949 114.367767 30.639717 114.367783 30.6397 0.0 145.1
2016-10-23 17:51:06 413781949 114.367733 30.639733 114.367767 30.639717 0.0 114.8
2016-10-23 17:54:05 413781949 114.367733 30.639733 114.367733 30.639733 0.1 144.2
2016-10-23 17:57:05 413781949 114.367767 30.6397 114.367733 30.639733 0.1 144.8
2016-10-23 17:59:27 413781949 114.367783 30.63976 114.367767 30.6397 0.0 212.5
2016-10-23 17:59:57 413781949 114.367733 30.6397 114.367783 30.63976 0.0 150.5
2016-10-23 18:02:59 413781949 114.367733 30.639683 114.367733 30.6397 0.0 126.3
2016-10-23 18:03:19 413781949 114.367782 30.639758 114.367733 30.639683 0.0 212.5
2016-10-23 18:05:29 413781949 114.367787 30.639758 114.367782 30.639758 0.0 212.5
2016-10-23 18:06:02 413781949 114.367733 30.6397 114.367787 30.639758 0.1 164.8
2016-10-23 18:09:12 413781949 114.367733 30.6397 114.367733 30.6397 0.1 164.9
2016-10-23 18:11:56 413781949 114.367785 30.639758 114.367733 30.6397 0.0 212.5
2016-10-23 18:15:15 413781949 114.367683 30.639667 114.367785 30.639758 0.0 185.6
2016-10-23 18:17:39 413781949 114.36778 30.639763 114.367683 30.639667 0.0 212.5
2016-10-23 18:17:55 413781949 114.36778 30.639763 114.36778 30.639763 0.0 212.5
2016-10-23 18:18:13 413781949 114.367733 30.639717 114.36778 30.639763 0.0 174.3
2016-10-23 18:21:06 413781949 114.367733 30.6397 114.367733 30.639717 0.1 149.0
2016-10-23 18:21:21 413781949 114.36778 30.639758 114.367733 30.6397 0.0 212.5
2016-10-23 18:23:38 413781949 114.367778 30.639758 114.36778 30.639758 0.0 212.5
2016-10-23 18:24:09 413781949 114.367733 30.639717 114.367778 30.639758 0.1 163.8
2016-10-23 18:27:10 413781949 114.367733 30.6397 114.367733 30.639717 0.0 137.4
2016-10-23 18:30:03 413781949 114.367733 30.639717 114.367733 30.6397 0.1 170.5
2016-10-23 18:32:27 413781949 114.36778 30.639748 114.367733 30.639717 0.0 212.5
2016-10-23 18:33:00 413781949 114.367733 30.639717 114.36778 30.639748 0.0 128.3
2016-10-23 18:33:16 413781949 114.367782 30.63975 114.367733 30.639717 0.0 212.5
2016-10-23 18:36:18 413781949 114.367733 30.639717 114.367782 30.63975 0.0 130.1
2016-10-23 18:39:02 413781949 114.367733 30.639717 114.367733 30.639717 0.0 146.9
2016-10-23 18:42:26 413781949 114.367733 30.639717 114.367733 30.639717 0.0 151.8
2016-10-23 18:44:33 413781949 114.367777 30.639743 114.367733 30.639717 0.0 212.5
2016-10-23 18:45:15 413781949 114.367733 30.639717 114.367777 30.639743 0.0 170.6
2016-10-23 18:48:09 413781949 114.367733 30.639717 114.367733 30.639717 0.0 146.7
2016-10-23 18:51:11 413781949 114.367733 30.639717 114.367733 30.639717 0.0 155.5
2016-10-23 18:54:06 413781949 114.367733 30.6397 114.367733 30.639717 0.1 153.0
2016-10-23 18:56:22 413781949 114.367773 30.639742 114.367733 30.6397 0.0 212.5
2016-10-23 18:57:29 413781949 114.367733 30.639733 114.367773 30.639742 0.0 163.1
2016-10-23 18:59:21 413781949 114.36778 30.639735 114.367733 30.639733 0.0 212.5
2016-10-23 19:00:20 413781949 114.367733 30.639733 114.36778 30.639735 0.0 90.2
2016-10-23 19:06:06 413781949 114.367733 30.639717 114.367773 30.639737 0.1 147.0
2016-10-23 19:08:19 413781949 114.367773 30.639732 114.367733 30.639717 0.0 212.5
2016-10-23 19:09:12 413781949 114.367733 30.6397 114.367773 30.639732 0.0 145.4
2016-10-23 19:12:12 413781949 114.367733 30.639717 114.367733 30.6397 0.0 156.8
2016-10-23 19:15:06 413781949 114.367733 30.639733 114.367733 30.639717 0.0 136.0
2016-10-23 19:17:33 413781949 114.367773 30.639735 114.367733 30.639733 0.0 212.5
2016-10-23 19:18:09 413781949 114.367773 30.639735 114.367773 30.639735 0.0 212.5
2016-10-23 19:21:12 413781949 114.367733 30.639733 114.367773 30.639735 0.0 102.3
2016-10-23 19:24:17 413781949 114.367733 30.639733 114.367733 30.639733 0.0 31.4
2016-10-23 19:27:20 413781949 114.367733 30.639717 114.367733 30.639733 0.0 146.8
2016-10-23 19:29:24 413781949 114.367775 30.639732 114.367733 30.639717 0.0 212.5
2016-10-23 19:30:15 413781949 114.367733 30.639733 114.367775 30.639732 0.0 2.1
2016-10-23 19:32:23 413781949 114.36777 30.639733 114.367733 30.639733 0.0 212.5
2016-10-23 19:33:22 413781949 114.367733 30.639733 114.36777 30.639733 0.0 140.3
2016-10-23 19:35:28 413781949 114.367765 30.639732 114.367733 30.639733 0.0 212.5
2016-10-23 19:36:22 413781949 114.367733 30.639733 114.367765 30.639732 0.1 131.6
2016-10-23 19:39:13 413781949 114.367733 30.639733 114.367733 30.639733 0.0 76.8
2016-10-23 19:42:19 413781949 114.367733 30.639733 114.367733 30.639733 0.0 115.6
2016-10-23 19:45:24 413781949 114.367773 30.639728 114.367733 30.639733 0.0 212.5
2016-10-23 19:47:23 413781949 114.367768 30.63973 114.367773 30.639728 0.0 212.5
2016-10-23 19:48:13 413781949 114.367733 30.639733 114.367768 30.63973 0.0 92.2
2016-10-23 19:50:33 413781949 114.367772 30.639735 114.367733 30.639733 0.0 212.5
2016-10-23 19:51:12 413781949 114.367733 30.639733 114.367772 30.639735 0.0 96.3
2016-10-23 19:53:41 413781949 114.367768 30.639732 114.367733 30.639733 0.0 212.5
2016-10-23 19:54:10 413781949 114.367733 30.639733 114.367768 30.639732 0.0 59.4
2016-10-23 19:57:12 413781949 114.367767 30.639733 114.367733 30.639733 0.0 121.4
2016-10-23 20:00:13 413781949 114.367767 30.639733 114.367767 30.639733 0.0 67.9
2016-10-23 20:06:13 413781949 114.367767 30.63973648837209    
2016-10-23 20:08:49 413781949 114.367767 30.639738 114.367767 30.639733 0.0 212.5
2016-10-23 20:09:23 413781949 114.367767 30.639733 114.367767 30.639738 0.0 70.6
2016-10-23 20:12:31 413781949 114.367767 30.639733 114.367767 30.639733 0.1 116.3
2016-10-23 20:14:41 413781949 114.367767 30.639735 114.367767 30.639733 0.0 212.5
2016-10-23 20:15:16 413781949 114.367733 30.63975 114.367767 30.639735 0.1 33.0
2016-10-23 20:18:28 413781949 114.367733 30.63975 114.367733 30.63975 0.0 108.9
2016-10-23 20:21:12 413781949 114.367733 30.639733 114.367733 30.63975 0.0 121.2
2016-10-23 20:24:25 413781949 114.367733 30.639717 114.367733 30.639733 0.0 107.4
2016-10-23 20:27:20 413781949 114.367733 30.639717 114.367733 30.639717 0.1 123.6
2016-10-23 20:29:39 413781949 114.367763 30.639733 114.367733 30.639717 0.0 212.5
2016-10-23 20:30:14 413781949 114.367763 30.639733 114.367763 30.639733 0.0 212.5
2016-10-23 20:32:40 413781949 114.367765 30.639738 114.367763 30.639733 0.0 212.5
2016-10-23 20:33:26 413781949 114.367767 30.6397 114.367765 30.639738 0.1 146.6
2016-10-23 20:35:43 413781949 114.367763 30.639742 114.367767 30.6397 0.0 212.5
2016-10-23 20:36:11 413781949 114.367763 30.639742 114.367763 30.639742 0.0 212.5
2016-10-23 20:42:11 413781949 114.3677826721312 30.63970068852459    
2016-10-23 20:42:17 413781949 114.367783 30.6397 114.367768 30.639733 0.1 130.2
2016-10-23 20:45:19 413781949 114.367767 30.6397 114.367783 30.6397 0.1 129.5
2016-10-23 20:48:26 413781949 114.367767 30.6397 114.367767 30.6397 0.0 107.8
2016-10-23 20:51:29 413781949 114.367767 30.6397 114.367767 30.6397 0.1 151.5
2016-10-23 20:54:24 413781949 114.367767 30.6397 114.367767 30.6397 0.0 116.2
2016-10-23 20:57:16 413781949 114.367783 30.6397 114.367767 30.6397 0.1 124.3
2016-10-23 21:00:27 413781949 114.367783 30.6397 114.367783 30.6397 0.0 118.3
2016-10-23 21:03:39 413781949 114.367783 30.6397 114.367783 30.6397 0.1 137.2
2016-10-23 21:06:18 413781949 114.367783 30.6397 114.367783 30.6397 0.1 137.2
2016-10-23 21:09:18 413781949 114.3678 30.639717 114.367783 30.6397 0.1 98.5
2016-10-23 21:11:36 413781949 114.367775 30.639725 114.3678 30.639717 0.0 212.5
2016-10-23 21:12:16 413781949 114.367775 30.639725 114.367775 30.639725 0.0 212.5
2016-10-23 21:15:22 413781949 114.3678 30.639717 114.367775 30.639725 0.1 129.6
2016-10-23 21:18:25 413781949 114.3678 30.639733 114.3678 30.639717 0.1 72.1
2016-10-23 21:21:29 413781949 114.3678 30.639717 114.3678 30.639733 0.1 100.7
2016-10-23 21:24:28 413781949 114.3678 30.639717 114.3678 30.639717 0.1 105.3
2016-10-23 21:26:29 413781949 114.36778 30.639727 114.3678 30.639717 0.0 212.5
2016-10-23 21:27:20 413781949 114.3678 30.639717 114.36778 30.639727 0.1 109.6
2016-10-23 21:29:29 413781949 114.367778 30.639722 114.3678 30.639717 0.0 212.5
2016-10-23 21:30:35 413781949 114.367783 30.6397 114.367778 30.639722 0.1 122.6
2016-10-23 21:33:25 413781949 114.367782 30.639722 114.367783 30.6397 0.0 212.5
2016-10-23 21:36:32 413781949 114.3678 30.6397 114.367782 30.639722 0.1 108.7
2016-10-23 21:39:18 413781949 114.367783 30.6397 114.3678 30.6397 0.0 148.0
2016-10-23 21:41:36 413781949 114.367788 30.639717 114.367783 30.6397 0.0 212.5
2016-10-23 21:42:27 413781949 114.367683 30.6397 114.367788 30.639717 0.0 120.4
2016-10-23 21:45:27 413781949 114.367788 30.639712 114.367683 30.6397 0.0 212.5
2016-10-23 21:47:31 413781949 114.367788 30.639713 114.367788 30.639712 0.0 212.5
2016-10-23 21:48:21 413781949 114.367788 30.639713 114.367788 30.639713 0.0 212.5
2016-10-23 21:51:35 413781949 114.367783 30.639733 114.367788 30.639713 0.0 95.4
2016-10-23 21:53:28 413781949 114.367788 30.639715 114.367783 30.639733 0.0 212.5
2016-10-23 21:54:46 413781949 114.367783 30.639733 114.367788 30.639715 0.0 69.8
2016-10-23 21:57:30 413781949 114.367783 30.639733 114.367783 30.639733 0.1 121.1
2016-10-23 22:00:30 413781949 114.367783 30.63975 114.367783 30.639733 0.0 59.9
2016-10-23 22:02:27 413781949 114.36779 30.639718 114.367783 30.63975 0.0 212.5
2016-10-23 22:03:36 413781949 114.367783 30.639717 114.36779 30.639718 0.1 88.0
2016-10-23 22:06:29 413781949 114.367767 30.639733 114.367783 30.639717 0.0 54.9
2016-10-23 22:09:35 413781949 114.367783 30.639733 114.367767 30.639733 0.0 107.1
2016-10-23 22:12:25 413781949 114.367767 30.639733 114.367783 30.639733 0.0 89.2
2016-10-23 22:15:33 413781949 114.367783 30.639733 114.367767 30.639733 0.1 84.9
2016-10-23 22:17:30 413781949 114.367788 30.639725 114.367783 30.639733 0.0 212.5
2016-10-23 22:18:28 413781949 114.367783 30.639717 114.367788 30.639725 0.0 105.5
2016-10-23 22:21:31 413781949 114.367767 30.639717 114.367783 30.639717 0.0 73.1
2016-10-23 22:23:37 413781949 114.36779 30.639717 114.367767 30.639717 0.0 212.5
2016-10-23 22:24:36 413781949 114.367767 30.639733 114.36779 30.639717 0.0 79.3
2016-10-23 22:27:33 413781949 114.367733 30.639733 114.367767 30.639733 0.0 128.8
2016-10-23 22:30:48 413781949 114.367767 30.639733 114.367733 30.639733 0.0 20.0
2016-10-23 22:36:29 413781949 114.367767 30.63975 114.367792 30.639713 0.0 18.6
2016-10-23 22:39:24 413781949 114.367785 30.639713 114.367767 30.63975 0.0 212.5
2016-10-23 22:42:39 413781949 114.367783 30.63975 114.367785 30.639713 0.0 28.1
2016-10-23 22:45:33 413781949 114.367783 30.63975 114.367783 30.63975 0.0 15.3
2016-10-23 22:47:31 413781949 114.367785 30.639712 114.367783 30.63975 0.0 212.5
2016-10-23 22:48:28 413781949 114.367785 30.639712 114.367785 30.639712 0.0 212.5
2016-10-23 22:51:32 413781949 114.367767 30.63975 114.367785 30.639712 0.0 59.0
2016-10-23 22:53:34 413781949 114.367795 30.639712 114.367767 30.63975 0.0 212.5
2016-10-23 22:54:33 413781949 114.367767 30.63975 114.367795 30.639712 0.0 110.3
2016-10-23 22:57:33 413781949 114.367767 30.63975 114.367767 30.63975 0.0 25.6
2016-10-23 23:00:36 413781949 114.367767 30.639733 114.367767 30.63975 0.0 22.2
2016-10-23 23:03:40 413781949 114.367767 30.639733 114.367767 30.639733 0.0 33.2
2016-10-23 23:05:29 413781949 114.367787 30.639708 114.367767 30.639733 0.0 212.5
2016-10-23 23:06:30 413781949 114.367787 30.639708 114.367787 30.639708 0.0 212.5
2016-10-23 23:09:25 413781949 114.367788 30.63971 114.367787 30.639708 0.0 212.5
2016-10-23 23:11:37 413781949 114.367787 30.63971 114.367788 30.63971 0.0 212.5
2016-10-23 23:12:31 413781949 114.367787 30.63971 114.367787 30.63971 0.0 212.5
2016-10-23 23:14:41 413781949 114.367788 30.639708 114.367787 30.63971 0.0 212.5
2016-10-23 23:15:41 413781949 114.367733 30.63975 114.367788 30.639708 0.0 29.7
2016-10-23 23:18:37 413781949 114.367767 30.63975 114.367733 30.63975 0.0 82.5
2016-10-23 23:21:23 413781949 114.367788 30.63971 114.367767 30.63975 0.0 212.5
2016-10-23 23:21:43 413781949 114.367733 30.63975 114.367788 30.63971 0.0 351.4
2016-10-23 23:24:35 413781949 114.367733 30.63975 114.367733 30.63975 0.0 357.3
2016-10-23 23:27:32 413781949 114.367733 30.639733 114.367733 30.63975 0.0 121.1
2016-10-23 23:30:51 413781949 114.367733 30.639733 114.367733 30.639733 0.0 359.9
2016-10-23 23:33:29 413781949 114.367783 30.639713 114.367733 30.639733 0.0 212.5
2016-10-23 23:35:46 413781949 114.367785 30.639712 114.367783 30.639713 0.0 212.5
2016-10-23 23:36:37 413781949 114.367733 30.639717 114.367785 30.639712 0.0 105.1
2016-10-23 23:39:53 413781949 114.367733 30.63975 114.367733 30.639717 0.0 29.8
2016-10-23 23:41:38 413781949 114.367782 30.639712 114.367733 30.63975 0.0 212.5
2016-10-23 23:42:44 413781949 114.367733 30.63975 114.367782 30.639712 0.0 135.4
2016-10-23 23:44:32 413781949 114.36778 30.63971 114.367733 30.63975 0.0 212.5
2016-10-23 23:45:40 413781949 114.367733 30.639717 114.36778 30.63971 0.0 99.0
2016-10-23 23:48:46 413781949 114.367733 30.639733 114.367733 30.639717 0.0 45.8
2016-10-23 23:51:37 413781949 114.367733 30.639733 114.367733 30.639733 0.0 40.4
2016-10-23 23:53:46 413781949 114.36778 30.639713 114.367733 30.639733 0.0 212.5
2016-10-23 23:54:49 413781949 114.367733 30.639733 114.36778 30.639713 0.0 101.1
2016-10-23 23:56:37 413781949 114.367782 30.639712 114.367733 30.639733 0.0 212.5
2016-10-23 23:57:28 413781949 114.367785 30.639718 114.367782 30.639712 0.0 212.5
2016-10-23 23:57:44 413781949 114.367733 30.63975 114.367785 30.639718 0.0 80.4
2016-10-23 23:59:46 413781949 114.367782 30.639713 114.367733 30.63975 0.0 212.5
