2016-10-23 12:12:24 413803923 114.218068 30.46884 114.21659 30.467493 6.7 40.7
2016-10-23 12:18:24 413803923 114.225148 30.47701068062827    
2016-10-23 12:24:24 413803923 114.232228 30.48518136125654    
2016-10-23 12:30:24 413803923 114.239308 30.49335204188482    
2016-10-23 12:36:24 413803923 114.246388 30.50152272251309    
2016-10-23 12:41:03 413803923 114.251875 30.507855 114.25135 30.507193 5.8 34.8
2016-10-23 12:44:49 413803923 114.255837 30.513087 114.251875 30.507855 5.5 32.7
2016-10-23 12:47:29 413803923 114.258263 30.5163 114.255837 30.513087 5.6 34.2
2016-10-23 12:50:57 413803923 114.261723 30.520943 114.258263 30.5163 5.7 33.9
2016-10-23 12:56:19 413803923 114.266993 30.52736 114.261723 30.520943 5.6 36.6
2016-10-23 12:57:16 413803923 114.268067 30.52864 114.266993 30.52736 5.7 36.4
2016-10-23 12:57:43 413803923 114.268615 30.529285 114.268067 30.52864 5.7 37.2
2016-10-23 12:58:20 413803923 114.269112 30.529895 114.268615 30.529285 5.9 34.8
2016-10-23 13:00:25 413803923 114.271697 30.53329 114.269112 30.529895 6.1 34.1
2016-10-23 13:01:10 413803923 114.272262 30.534058 114.271697 30.53329 6.0 32.4
2016-10-23 13:01:48 413803923 114.27275 30.534788 114.272262 30.534058 6.7 35.4
2016-10-23 13:02:32 413803923 114.273638 30.536307 114.27275 30.534788 5.7 24.5
2016-10-23 13:04:11 413803923 114.275208 30.538443 114.273638 30.536307 6.1 30.6
2016-10-23 13:06:57 413803923 114.277713 30.542145 114.275208 30.538443 6.9 32.3
2016-10-23 13:07:44 413803923 114.278722 30.54378 114.277713 30.542145 6.6 27.7
2016-10-23 13:08:57 413803923 114.279697 30.545405 114.278722 30.54378 6.8 29.0
2016-10-23 13:09:40 413803923 114.280653 30.54707 114.279697 30.545405 6.3 25.6
2016-10-23 13:10:14 413803923 114.28112 30.547887 114.280653 30.54707 6.3 24.7
2016-10-23 13:11:22 413803923 114.282057 30.549575 114.28112 30.547887 7.4 24.6
2016-10-23 13:12:01 413803923 114.28251 30.550483 114.282057 30.549575 7.2 23.3
2016-10-23 13:12:52 413803923 114.283472 30.552038 114.28251 30.550483 6.3 30.9
2016-10-23 13:14:10 413803923 114.285083 30.554523 114.283472 30.552038 6.2 28.1
2016-10-23 13:14:32 413803923 114.285523 30.555198 114.285083 30.554523 7.5 30.0
2016-10-23 13:15:34 413803923 114.286182 30.55611 114.285523 30.555198 6.5 30.7
2016-10-23 13:16:23 413803923 114.2874 30.557615 114.286182 30.55611 6.7 35.1
2016-10-23 13:16:46 413803923 114.287975 30.558397 114.2874 30.557615 6.4 34.0
2016-10-23 13:17:51 413803923 114.289083 30.55987 114.287975 30.558397 6.3 34.3
2016-10-23 13:18:14 413803923 114.289607 30.560595 114.289083 30.55987 6.0 32.3
2016-10-23 13:19:10 413803923 114.290077 30.561278 114.289607 30.560595 6.0 30.7
2016-10-23 13:20:21 413803923 114.291488 30.563405 114.290077 30.561278 4.8 30.7
2016-10-23 13:20:56 413803923 114.291965 30.564107 114.291488 30.563405 5.5 31.0
2016-10-23 13:21:19 413803923 114.292483 30.564783 114.291965 30.564107 5.6 33.1
2016-10-23 13:21:56 413803923 114.292993 30.565448 114.292483 30.564783 6.1 30.4
2016-10-23 13:22:29 413803923 114.293442 30.566078 114.292993 30.565448 5.5 32.2
2016-10-23 13:22:52 413803923 114.293915 30.566705 114.293442 30.566078 5.5 32.1
2016-10-23 13:23:30 413803923 114.294383 30.567343 114.293915 30.566705 5.4 32.4
2016-10-23 13:24:05 413803923 114.294877 30.568037 114.294383 30.567343 5.7 33.2
2016-10-23 13:24:52 413803923 114.295775 30.569345 114.294877 30.568037 4.7 26.5
2016-10-23 13:25:46 413803923 114.296233 30.569982 114.295775 30.569345 5.8 33.2
2016-10-23 13:26:54 413803923 114.297727 30.572083 114.296233 30.569982 5.8 32.8
2016-10-23 13:27:29 413803923 114.298187 30.572725 114.297727 30.572083 5.8 32.2
2016-10-23 13:29:07 413803923 114.29963 30.57474 114.298187 30.572725 5.2 30.9
2016-10-23 13:29:30 413803923 114.300107 30.575443 114.29963 30.57474 4.8 33.8
2016-10-23 13:31:15 413803923 114.30152 30.577422 114.300107 30.575443 6.2 30.8
2016-10-23 13:32:00 413803923 114.302517 30.57877 114.30152 30.577422 5.7 31.9
2016-10-23 13:32:36 413803923 114.302982 30.579483 114.302517 30.57877 5.8 30.7
2016-10-23 13:32:58 413803923 114.303488 30.580188 114.302982 30.579483 5.8 30.1
2016-10-23 13:34:17 413803923 114.304425 30.58152 114.303488 30.580188 5.6 30.9
2016-10-23 13:35:01 413803923 114.305382 30.582887 114.304425 30.58152 5.2 28.5
2016-10-23 13:36:29 413803923 114.306843 30.584982 114.305382 30.582887 6.2 30.2
2016-10-23 13:37:44 413803923 114.307777 30.586318 114.306843 30.584982 5.6 32.6
2016-10-23 13:38:00 413803923 114.308272 30.587012 114.307777 30.586318 6.0 29.6
2016-10-23 13:38:53 413803923 114.308728 30.587725 114.308272 30.587012 5.8 26.9
2016-10-23 13:39:32 413803923 114.309537 30.589148 114.308728 30.587725 5.6 27.5
2016-10-23 13:40:40 413803923 114.310387 30.590565 114.309537 30.589148 5.1 28.2
2016-10-23 13:41:01 413803923 114.310817 30.591232 114.310387 30.590565 5.8 28.0
2016-10-23 13:41:57 413803923 114.311247 30.591925 114.310817 30.591232 6.2 27.3
2016-10-23 13:42:44 413803923 114.312132 30.593373 114.311247 30.591925 5.8 27.7
2016-10-23 13:43:08 413803923 114.312543 30.594138 114.312132 30.593373 5.9 29.3
2016-10-23 13:43:39 413803923 114.312955 30.594778 114.312543 30.594138 5.7 28.5
2016-10-23 13:44:03 413803923 114.31342 30.59548 114.312955 30.594778 5.8 27.5
2016-10-23 13:44:50 413803923 114.313848 30.596203 114.31342 30.59548 5.1 26.5
2016-10-23 13:45:17 413803923 114.314263 30.5969 114.313848 30.596203 5.6 28.9
2016-10-23 13:45:39 413803923 114.314748 30.597645 114.314263 30.5969 5.7 30.9
2016-10-23 13:46:19 413803923 114.315228 30.598308 114.314748 30.597645 6.4 31.4
2016-10-23 13:46:58 413803923 114.315718 30.599003 114.315228 30.598308 6.3 29.9
2016-10-23 13:47:47 413803923 114.316662 30.600285 114.315718 30.599003 5.9 32.7
2016-10-23 13:48:09 413803923 114.317207 30.601053 114.316662 30.600285 5.8 31.6
2016-10-23 13:48:40 413803923 114.317678 30.601703 114.317207 30.601053 5.6 33.3
2016-10-23 13:49:49 413803923 114.318758 30.603073 114.317678 30.601703 5.7 34.1
2016-10-23 13:50:18 413803923 114.319305 30.603707 114.318758 30.603073 5.6 35.9
2016-10-23 13:50:39 413803923 114.319802 30.604333 114.319305 30.603707 5.6 34.1
2016-10-23 13:51:20 413803923 114.320433 30.604955 114.319802 30.604333 5.7 35.6
2016-10-23 13:52:19 413803923 114.321535 30.606312 114.320433 30.604955 5.9 38.0
2016-10-23 13:52:39 413803923 114.322125 30.606927 114.321535 30.606312 5.7 40.4
2016-10-23 13:53:55 413803923 114.323363 30.608192 114.322125 30.606927 5.9 38.5
2016-10-23 13:54:17 413803923 114.323942 30.60879 114.323363 30.608192 5.6 40.4
2016-10-23 13:54:43 413803923 114.324542 30.609383 114.323942 30.60879 5.6 42.6
2016-10-23 13:55:25 413803923 114.32517 30.609978 114.324542 30.609383 5.5 43.3
2016-10-23 13:55:49 413803923 114.325807 30.610577 114.32517 30.609978 5.6 42.7
2016-10-23 13:56:29 413803923 114.32643 30.611105 114.325807 30.610577 5.8 42.4
2016-10-23 13:57:02 413803923 114.327035 30.611703 114.32643 30.611105 6.1 41.2
2016-10-23 13:57:54 413803923 114.328363 30.61292 114.327035 30.611703 5.8 44.2
2016-10-23 13:58:18 413803923 114.32904 30.613475 114.328363 30.61292 5.8 44.1
2016-10-23 13:58:59 413803923 114.329707 30.614048 114.32904 30.613475 5.8 47.4
2016-10-23 13:59:26 413803923 114.330362 30.6146 114.329707 30.614048 5.8 45.9
2016-10-23 13:59:47 413803923 114.331115 30.615223 114.330362 30.6146 6.0 44.6
2016-10-23 14:00:45 413803923 114.331803 30.615778 114.331115 30.615223 5.8 48.3
2016-10-23 14:01:32 413803923 114.333223 30.616882 114.331803 30.615778 6.4 48.0
2016-10-23 14:01:54 413803923 114.33394 30.617395 114.333223 30.616882 5.8 46.4
2016-10-23 14:02:29 413803923 114.334663 30.617903 114.33394 30.617395 6.1 45.6
2016-10-23 14:02:53 413803923 114.33539 30.618418 114.334663 30.617903 5.9 51.5
2016-10-23 14:04:08 413803923 114.336877 30.619512 114.33539 30.618418 6.0 49.6
2016-10-23 14:04:33 413803923 114.337607 30.620092 114.336877 30.619512 6.1 48.4
2016-10-23 14:04:54 413803923 114.338328 30.620633 114.337607 30.620092 6.0 48.1
2016-10-23 14:05:52 413803923 114.339035 30.621173 114.338328 30.620633 5.9 50.9
2016-10-23 14:06:32 413803923 114.34057 30.622275 114.339035 30.621173 6.1 50.8
2016-10-23 14:06:55 413803923 114.341307 30.62282 114.34057 30.622275 6.1 50.3
2016-10-23 14:07:27 413803923 114.342067 30.623345 114.341307 30.62282 6.1 51.2
2016-10-23 14:07:51 413803923 114.342855 30.623878 114.342067 30.623345 6.1 52.0
2016-10-23 14:08:27 413803923 114.34369 30.624402 114.342855 30.623878 6.1 50.4
2016-10-23 14:08:58 413803923 114.344393 30.624972 114.34369 30.624402 6.3 49.5
2016-10-23 14:09:43 413803923 114.345333 30.62555 114.344393 30.624972 6.6 44.8
2016-10-23 14:10:02 413803923 114.345918 30.626143 114.345333 30.62555 6.1 47.3
2016-10-23 14:10:35 413803923 114.346633 30.626702 114.345918 30.626143 6.1 47.0
2016-10-23 14:11:03 413803923 114.347405 30.627287 114.346633 30.626702 6.1 48.7
2016-10-23 14:11:43 413803923 114.348163 30.627833 114.347405 30.627287 6.2 47.6
2016-10-23 14:12:46 413803923 114.349683 30.62894 114.348163 30.627833 6.2 49.4
2016-10-23 14:13:08 413803923 114.350433 30.629522 114.349683 30.62894 5.9 46.3
2016-10-23 14:13:29 413803923 114.351205 30.630092 114.350433 30.629522 6.2 48.9
2016-10-23 14:14:07 413803923 114.351975 30.630665 114.351205 30.630092 6.2 46.7
2016-10-23 14:14:31 413803923 114.352733 30.631248 114.351975 30.630665 6.4 49.9
2016-10-23 14:15:11 413803923 114.353533 30.631828 114.352733 30.631248 6.5 50.4
2016-10-23 14:15:47 413803923 114.35447 30.63251 114.353533 30.631828 6.4 50.3
2016-10-23 14:17:21 413803923 114.35674 30.634225 114.35447 30.63251 6.4 49.6
2016-10-23 14:18:56 413803923 114.359105 30.635995 114.35674 30.634225 6.5 49.8
2016-10-23 14:20:04 413803923 114.361515 30.637703 114.359105 30.635995 6.4 49.7
2016-10-23 14:20:39 413803923 114.362335 30.638338 114.361515 30.637703 6.5 50.3
2016-10-23 14:21:51 413803923 114.363995 30.639645 114.362335 30.638338 6.4 47.8
2016-10-23 14:22:26 413803923 114.364685 30.640167 114.363995 30.639645 6.4 49.2
2016-10-23 14:23:11 413803923 114.366308 30.64135 114.364685 30.640167 6.4 54.1
2016-10-23 14:24:13 413803923 114.367968 30.642462 114.366308 30.64135 6.4 51.7
2016-10-23 14:24:41 413803923 114.368775 30.642988 114.367968 30.642462 6.4 52.8
2016-10-23 14:25:28 413803923 114.369585 30.64351 114.368775 30.642988 6.6 52.5
2016-10-23 14:26:15 413803923 114.371332 30.644587 114.369585 30.64351 6.3 54.0
2016-10-23 14:26:36 413803923 114.372148 30.645143 114.371332 30.644587 6.3 54.2
2016-10-23 14:27:31 413803923 114.372975 30.645637 114.372148 30.645143 6.3 57.6
2016-10-23 14:28:16 413803923 114.374672 30.64658 114.372975 30.645637 6.3 60.6
2016-10-23 14:29:12 413803923 114.376385 30.647398 114.374672 30.64658 6.1 60.0
2016-10-23 14:30:09 413803923 114.378122 30.648245 114.376385 30.647398 6.2 62.4
2016-10-23 14:30:58 413803923 114.378997 30.648692 114.378122 30.648245 6.4 61.7
2016-10-23 14:31:39 413803923 114.38075 30.649515 114.378997 30.648692 6.2 60.1
2016-10-23 14:32:31 413803923 114.381668 30.649943 114.38075 30.649515 6.3 59.6
2016-10-23 14:32:47 413803923 114.382553 30.650347 114.381668 30.649943 5.8 62.0
2016-10-23 14:33:42 413803923 114.38349 30.650797 114.382553 30.650347 5.6 65.6
2016-10-23 14:34:25 413803923 114.385298 30.65162 114.38349 30.650797 6.1 63.0
2016-10-23 14:34:48 413803923 114.386205 30.652035 114.385298 30.65162 6.2 63.9
2016-10-23 14:35:49 413803923 114.38807 30.652803 114.386205 30.652035 6.2 62.5
2016-10-23 14:36:30 413803923 114.388993 30.653185 114.38807 30.652803 6.2 64.5
2016-10-23 14:37:11 413803923 114.38989 30.653535 114.388993 30.653185 6.1 67.2
2016-10-23 14:37:55 413803923 114.391745 30.65421 114.38989 30.653535 6.0 68.5
2016-10-23 14:38:52 413803923 114.39359 30.654888 114.391745 30.65421 5.9 65.9
2016-10-23 14:39:35 413803923 114.394623 30.655248 114.39359 30.654888 6.5 67.8
2016-10-23 14:39:56 413803923 114.39551 30.65552 114.394623 30.655248 5.7 68.8
2016-10-23 14:40:35 413803923 114.39645 30.655812 114.39551 30.65552 6.0 69.6
2016-10-23 14:41:00 413803923 114.397442 30.656148 114.39645 30.655812 6.0 70.3
2016-10-23 14:41:41 413803923 114.39838 30.656435 114.397442 30.656148 6.1 70.8
2016-10-23 14:42:07 413803923 114.39928 30.65674 114.39838 30.656435 6.9 61.1
2016-10-23 14:43:09 413803923 114.401343 30.65739 114.39928 30.65674 6.3 71.9
2016-10-23 14:43:40 413803923 114.402145 30.657597 114.401343 30.65739 6.2 72.1
2016-10-23 14:44:06 413803923 114.403047 30.657862 114.402145 30.657597 6.2 71.9
2016-10-23 14:44:29 413803923 114.404062 30.658143 114.403047 30.657862 6.0 70.0
2016-10-23 14:45:26 413803923 114.405033 30.658443 114.404062 30.658143 6.0 68.1
2016-10-23 14:46:12 413803923 114.406895 30.659018 114.405033 30.658443 6.0 70.8
2016-10-23 14:46:31 413803923 114.40779 30.659325 114.406895 30.659018 6.1 67.7
2016-10-23 14:47:12 413803923 114.408697 30.659628 114.40779 30.659325 6.1 69.9
2016-10-23 14:48:08 413803923 114.410573 30.66023 114.408697 30.659628 6.1 69.4
2016-10-23 14:48:35 413803923 114.411467 30.660538 114.410573 30.66023 6.3 68.5
2016-10-23 14:49:00 413803923 114.412383 30.660812 114.411467 30.660538 6.0 69.3
2016-10-23 14:49:40 413803923 114.413268 30.661117 114.412383 30.660812 5.8 74.5
2016-10-23 14:50:11 413803923 114.414213 30.661433 114.413268 30.661117 5.8 69.5
2016-10-23 14:50:32 413803923 114.415158 30.661723 114.414213 30.661433 6.1 69.9
2016-10-23 14:51:09 413803923 114.416133 30.66202 114.415158 30.661723 6.2 71.6
2016-10-23 14:51:38 413803923 114.417162 30.662345 114.416133 30.66202 6.4 70.4
2016-10-23 14:52:01 413803923 114.418152 30.662672 114.417162 30.662345 6.4 69.7
2016-10-23 14:52:39 413803923 114.419137 30.662978 114.418152 30.662672 6.7 69.5
2016-10-23 14:53:11 413803923 114.420128 30.663282 114.419137 30.662978 7.1 65.9
2016-10-23 14:53:34 413803923 114.42116 30.66363 114.420128 30.663282 6.8 69.1
2016-10-23 14:54:06 413803923 114.422208 30.66395 114.42116 30.66363 6.8 69.7
2016-10-23 14:54:38 413803923 114.423263 30.664265 114.422208 30.66395 6.9 68.9
2016-10-23 14:56:10 413803923 114.426425 30.66537 114.423263 30.664265 7.0 68.4
2016-10-23 14:58:00 413803923 114.429662 30.666452 114.426425 30.66537 7.2 66.2
2016-10-23 14:58:19 413803923 114.43104 30.666953 114.429662 30.666452 7.1 66.4
2016-10-23 14:58:40 413803923 114.431787 30.667255 114.43104 30.666953 7.1 66.6
2016-10-23 14:59:49 413803923 114.433995 30.668025 114.431787 30.667255 6.6 70.5
2016-10-23 15:00:09 413803923 114.435068 30.66842 114.433995 30.668025 7.2 67.6
2016-10-23 15:00:41 413803923 114.43615 30.668825 114.435068 30.66842 7.1 67.8
2016-10-23 15:01:26 413803923 114.437227 30.669217 114.43615 30.668825 7.3 65.8
2016-10-23 15:02:19 413803923 114.439405 30.670072 114.437227 30.669217 7.4 66.5
2016-10-23 15:02:43 413803923 114.440487 30.67046 114.439405 30.670072 8.0 67.5
2016-10-23 15:04:07 413803923 114.442635 30.671263 114.440487 30.67046 7.1 68.9
2016-10-23 15:04:31 413803923 114.444083 30.671818 114.442635 30.671263 7.2 67.2
2016-10-23 15:04:50 413803923 114.444857 30.672068 114.444083 30.671818 7.4 70.2
2016-10-23 15:05:46 413803923 114.447075 30.672867 114.444857 30.672068 7.1 66.5
2016-10-23 15:06:48 413803923 114.449112 30.673697 114.447075 30.672867 7.0 63.2
2016-10-23 15:07:23 413803923 114.450193 30.674152 114.449112 30.673697 7.1 65.1
2016-10-23 15:07:44 413803923 114.45121 30.67455 114.450193 30.674152 6.8 65.5
2016-10-23 15:08:29 413803923 114.452237 30.674975 114.45121 30.67455 7.2 62.7
2016-10-23 15:09:11 413803923 114.453233 30.675388 114.452237 30.674975 6.6 64.5
2016-10-23 15:09:53 413803923 114.455115 30.676127 114.453233 30.675388 6.1 66.3
2016-10-23 15:10:15 413803923 114.455987 30.67642 114.455115 30.676127 5.8 69.8
2016-10-23 15:10:47 413803923 114.45633 30.676547 114.455987 30.67642 5.8 67.3
2016-10-23 15:11:28 413803923 114.45764 30.677035 114.45633 30.676547 5.4 67.4
2016-10-23 15:11:50 413803923 114.45841 30.677302 114.45764 30.677035 5.3 69.7
2016-10-23 15:12:27 413803923 114.45919 30.677548 114.45841 30.677302 5.1 68.9
2016-10-23 15:12:49 413803923 114.459997 30.677787 114.45919 30.677548 5.1 67.5
2016-10-23 15:14:09 413803923 114.461423 30.678278 114.459997 30.677787 4.4 69.7
2016-10-23 15:14:51 413803923 114.462968 30.678787 114.461423 30.678278 5.0 71.1
2016-10-23 15:16:08 413803923 114.464607 30.679283 114.462968 30.678787 5.4 69.1
2016-10-23 15:16:26 413803923 114.465398 30.679523 114.464607 30.679283 5.6 71.5
2016-10-23 15:17:16 413803923 114.46635 30.679813 114.465398 30.679523 5.8 69.9
2016-10-23 15:17:54 413803923 114.468153 30.680388 114.46635 30.679813 5.9 68.9
2016-10-23 15:18:51 413803923 114.46907 30.680692 114.468153 30.680388 5.9 68.8
2016-10-23 15:19:40 413803923 114.470878 30.681322 114.46907 30.680692 5.9 68.7
2016-10-23 15:20:00 413803923 114.471865 30.681635 114.470878 30.681322 6.3 67.1
2016-10-23 15:20:59 413803923 114.47374 30.682287 114.471865 30.681635 6.3 69.2
2016-10-23 15:22:37 413803923 114.476642 30.683278 114.47374 30.682287 6.4 66.3
2016-10-23 15:22:58 413803923 114.477585 30.683627 114.476642 30.683278 6.4 67.6
2016-10-23 15:23:48 413803923 114.47855 30.683967 114.477585 30.683627 6.4 66.9
2016-10-23 15:24:08 413803923 114.479633 30.684367 114.47855 30.683967 6.4 66.7
2016-10-23 15:24:44 413803923 114.480515 30.684652 114.479633 30.684367 5.9 72.8
2016-10-23 15:25:18 413803923 114.48156 30.684997 114.480515 30.684652 6.5 68.8
2016-10-23 15:25:42 413803923 114.482522 30.685315 114.48156 30.684997 6.5 68.6
2016-10-23 15:26:18 413803923 114.483553 30.685615 114.482522 30.685315 6.5 72.5
2016-10-23 15:26:51 413803923 114.484543 30.685923 114.483553 30.685615 6.4 72.7
2016-10-23 15:27:14 413803923 114.485633 30.686235 114.484543 30.685923 6.5 73.8
2016-10-23 15:27:49 413803923 114.48663 30.686473 114.485633 30.686235 6.5 74.3
2016-10-23 15:28:20 413803923 114.487748 30.686732 114.48663 30.686473 6.5 73.8
2016-10-23 15:28:38 413803923 114.488637 30.68689 114.487748 30.686732 6.5 76.3
2016-10-23 15:28:56 413803923 114.489182 30.687 114.488637 30.68689 6.6 73.4
2016-10-23 15:29:16 413803923 114.489747 30.687097 114.489182 30.687 6.6 75.4
2016-10-23 15:29:42 413803923 114.4908 30.68737 114.489747 30.687097 6.7 73.9
2016-10-23 15:30:28 413803923 114.491838 30.687615 114.4908 30.68737 6.6 76.3
2016-10-23 15:31:23 413803923 114.493895 30.688012 114.491838 30.687615 6.6 77.2
2016-10-23 15:31:46 413803923 114.49498 30.68819 114.493895 30.688012 6.3 87.4
2016-10-23 15:32:04 413803923 114.49603 30.68817 114.49498 30.68819 6.7 95.1
2016-10-23 15:33:24 413803923 114.49831 30.68799 114.49603 30.68817 7.2 95.2
2016-10-23 15:34:50 413803923 114.501828 30.687707 114.49831 30.68799 7.7 98.6
2016-10-23 15:35:10 413803923 114.503157 30.687563 114.501828 30.687707 7.7 97.5
2016-10-23 15:36:41 413803923 114.506875 30.687063 114.503157 30.687563 7.8 99.8
2016-10-23 15:37:29 413803923 114.508128 30.686847 114.506875 30.687063 7.5 102.6
2016-10-23 15:38:29 413803923 114.510473 30.686417 114.508128 30.686847 7.1 104.5
2016-10-23 15:39:33 413803923 114.512703 30.685933 114.510473 30.686417 7.0 109.6
2016-10-23 15:40:16 413803923 114.514817 30.685363 114.512703 30.685933 6.8 105.9
2016-10-23 15:40:52 413803923 114.515907 30.685073 114.514817 30.685363 7.0 106.5
2016-10-23 15:41:18 413803923 114.517012 30.684715 114.515907 30.685073 6.7 112.5
2016-10-23 15:42:00 413803923 114.51801 30.68441 114.517012 30.684715 6.5 111.6
2016-10-23 15:43:29 413803923 114.520623 30.683632 114.51801 30.68441 4.6 96.9
2016-10-23 15:44:02 413803923 114.521382 30.683572 114.520623 30.683632 4.1 88.3
2016-10-23 15:46:06 413803923 114.523095 30.684065 114.521382 30.683572 2.7 57.0
2016-10-23 15:49:41 413803923 114.523215 30.685313 114.523095 30.684065 1.2 298.6
2016-10-23 15:55:41 413803923 114.5229515079365 30.685433    
2016-10-23 15:59:08 413803923 114.5228 30.685502 114.522843 30.685495 0.0 285.2
2016-10-23 16:05:08 413803923 114.5227993188269 30.68550813055818    
2016-10-23 16:11:08 413803923 114.5227986376537 30.68551426111637    
2016-10-23 16:16:45 413803923 114.522798 30.68552 114.522793 30.685525 0.0 285.2
2016-10-23 16:19:44 413803923 114.52281 30.685523 114.522798 30.68552 0.0 285.2
2016-10-23 16:25:44 413803923 114.5228266358595 30.68552433086876    
2016-10-23 16:31:44 413803923 114.522843271719 30.68552566173752    
2016-10-23 16:37:44 413803923 114.5228599075785 30.68552699260628    
2016-10-23 16:37:46 413803923 114.52286 30.685527 114.522848 30.685528 0.0 285.2
2016-10-23 16:40:46 413803923 114.522865 30.685535 114.52286 30.685527 0.0 285.2
2016-10-23 16:46:46 413803923 114.522877145749 30.6855325708502    
2016-10-23 16:52:46 413803923 114.522889291498 30.6855301417004    
2016-10-23 16:53:07 413803923 114.52289 30.68553 114.522877 30.685535 0.0 285.2
2016-10-23 16:53:32 413803923 114.522892 30.685537 114.52289 30.68553 0.0 285.2
2016-10-23 16:59:32 413803923 114.5229047520436 30.68553209536785    
2016-10-23 16:59:39 413803923 114.522905 30.685532 114.5229 30.685537 0.0 285.2
2016-10-23 17:05:39 413803923 114.5229118108108 30.68553491891892    
2016-10-23 17:05:49 413803923 114.522912 30.685535 114.522912 30.68554 0.0 285.2
2016-10-23 17:11:39 413803923 114.522922 30.68554 114.522918 30.685537 0.0 285.2
2016-10-23 17:14:00 413803923 114.522925 30.685543 114.522922 30.68554 0.0 285.2
2016-10-23 17:17:37 413803923 114.52293 30.685543 114.522925 30.685543 0.0 285.2
2016-10-23 17:23:33 413803923 114.522932 30.68555 114.522932 30.685545 0.0 285.2
2016-10-23 17:29:33 413803923 114.522936975812 30.68554825846579    
2016-10-23 17:35:33 413803923 114.522941951624 30.68554651693158    
2016-10-23 17:41:33 413803923 114.5229469274361 30.68554477539737    
2016-10-23 17:47:33 413803923 114.5229519032481 30.68554303386317    
2016-10-23 17:47:40 413803923 114.522952 30.685543 114.522948 30.685547 0.0 285.2
2016-10-23 17:49:49 413803923 114.52295 30.685543 114.522952 30.685543 0.0 285.2
2016-10-23 17:53:15 413803923 114.522953 30.685545 114.52295 30.685543 0.0 285.2
2016-10-23 17:53:51 413803923 114.522957 30.685542 114.522953 30.685545 0.0 285.2
2016-10-23 17:56:01 413803923 114.522953 30.685547 114.522957 30.685542 0.0 285.2
2016-10-23 17:59:12 413803923 114.522955 30.685547 114.522953 30.685547 0.0 285.2
2016-10-23 17:59:44 413803923 114.522953 30.685547 114.522955 30.685547 0.0 285.2
2016-10-23 18:05:44 413803923 114.522953 30.68554198007968    
2016-10-23 18:08:06 413803923 114.522953 30.68554 114.522955 30.68554 0.0 285.2
2016-10-23 18:10:59 413803923 114.522957 30.685543 114.522953 30.68554 0.0 285.2
2016-10-23 18:11:42 413803923 114.522955 30.685543 114.522957 30.685543 0.0 285.2
2016-10-23 18:17:42 413803923 114.5229619806094 30.68554499445984    
2016-10-23 18:17:43 413803923 114.522962 30.685545 114.522957 30.685542 0.0 285.2
2016-10-23 18:20:02 413803923 114.522958 30.685542 114.522962 30.685545 0.0 285.2
2016-10-23 18:23:09 413803923 114.52296 30.68554 114.522958 30.685542 0.0 285.2
2016-10-23 18:25:55 413803923 114.52296 30.68554 114.52296 30.68554 0.0 285.2
2016-10-23 18:29:51 413803923 114.522963 30.685535 114.52296 30.68554 0.0 285.2
2016-10-23 18:31:59 413803923 114.522963 30.685535 114.522963 30.685535 0.0 285.2
2016-10-23 18:35:05 413803923 114.522962 30.685538 114.522963 30.685535 0.0 285.2
2016-10-23 18:38:04 413803923 114.522962 30.68554 114.522962 30.685538 0.0 285.2
2016-10-23 18:41:55 413803923 114.522967 30.685535 114.522962 30.68554 0.0 285.2
2016-10-23 18:44:00 413803923 114.522965 30.685542 114.522967 30.685535 0.0 285.2
2016-10-23 18:47:54 413803923 114.522967 30.685537 114.522965 30.685542 0.0 285.2
2016-10-23 18:53:54 413803923 114.5229650246914 30.68553502469136    
2016-10-23 18:59:54 413803923 114.5229630493827 30.68553304938272    
2016-10-23 19:00:03 413803923 114.522963 30.685533 114.522967 30.685532 0.0 285.2
2016-10-23 19:01:58 413803923 114.522968 30.685532 114.522963 30.685533 0.0 285.2
2016-10-23 19:06:09 413803923 114.522968 30.68553 114.522968 30.685532 0.0 285.2
2016-10-23 19:08:07 413803923 114.522963 30.685532 114.522968 30.68553 0.0 285.2
2016-10-23 19:11:15 413803923 114.522968 30.685528 114.522963 30.685532 0.0 285.2
2016-10-23 19:17:15 413803923 114.5229671325301 30.685528    
2016-10-23 19:18:10 413803923 114.522967 30.685528 114.522963 30.685523 0.0 285.2
2016-10-23 19:20:06 413803923 114.522967 30.685528 114.522967 30.685528 0.0 285.2
2016-10-23 19:24:02 413803923 114.522965 30.685525 114.522967 30.685528 0.0 285.2
2016-10-23 19:30:02 413803923 114.5229687037037 30.68552277777778    
2016-10-23 19:32:08 413803923 114.52297 30.685522 114.522962 30.68552 0.0 285.2
2016-10-23 19:35:09 413803923 114.522967 30.685522 114.52297 30.685522 0.0 285.2
2016-10-23 19:36:05 413803923 114.52297 30.68552 114.522967 30.685522 0.0 285.2
2016-10-23 19:38:19 413803923 114.522967 30.68552 114.52297 30.68552 0.0 285.2
2016-10-23 19:41:19 413803923 114.52297 30.68552 114.522967 30.68552 0.0 285.2
2016-10-23 19:41:59 413803923 114.52297 30.685518 114.52297 30.68552 0.0 285.2
2016-10-23 19:44:14 413803923 114.522972 30.685518 114.52297 30.685518 0.0 285.2
2016-10-23 19:47:09 413803923 114.522968 30.685523 114.522972 30.685518 0.0 285.2
2016-10-23 19:47:58 413803923 114.522963 30.68552 114.522968 30.685523 0.0 285.2
2016-10-23 19:53:58 413803923 114.5229694413519 30.68552357852883    
2016-10-23 19:56:21 413803923 114.522972 30.685525 114.522968 30.685518 0.0 285.2
2016-10-23 19:59:14 413803923 114.522975 30.685528 114.522972 30.685525 0.0 285.2
2016-10-23 20:02:22 413803923 114.522968 30.685527 114.522975 30.685528 0.0 285.2
2016-10-23 20:06:24 413803923 114.522975 30.685528 114.522968 30.685527 0.0 285.2
2016-10-23 20:08:24 413803923 114.522972 30.68553 114.522975 30.685528 0.0 285.2
2016-10-23 20:11:17 413803923 114.52297 30.685528 114.522972 30.68553 0.0 285.2
2016-10-23 20:12:06 413803923 114.52297 30.685527 114.52297 30.685528 0.0 285.2
2016-10-23 20:18:06 413803923 114.52297 30.68553065853659    
2016-10-23 20:20:18 413803923 114.52297 30.685532 114.522973 30.685528 0.0 285.2
2016-10-23 20:23:33 413803923 114.522968 30.685532 114.52297 30.685532 0.0 285.2
2016-10-23 20:24:26 413803923 114.522967 30.685533 114.522968 30.685532 0.0 285.2
2016-10-23 20:30:26 413803923 114.5229697731092 30.6855317394958    
2016-10-23 20:36:26 413803923 114.5229725462185 30.6855304789916    
2016-10-23 20:42:26 413803923 114.5229753193277 30.6855292184874    
2016-10-23 20:48:14 413803923 114.522978 30.685528 114.522978 30.685532 0.0 285.2
2016-10-23 20:54:14 413803923 114.522978498615 30.68552899722992    
2016-10-23 21:00:14 413803923 114.5229789972299 30.68552999445983    
2016-10-23 21:06:14 413803923 114.5229794958449 30.68553099168975    
2016-10-23 21:12:14 413803923 114.5229799944598 30.68553198891967    
2016-10-23 21:12:18 413803923 114.52298 30.685532 114.522978 30.685537 0.0 285.2
2016-10-23 21:18:18 413803923 114.52298 30.68553253019146    
2016-10-23 21:23:37 413803923 114.52298 30.685533 114.52298 30.685532 0.0 285.2
2016-10-23 21:26:31 413803923 114.522962 30.685542 114.52298 30.685533 0.0 285.2
2016-10-23 21:32:31 413803923 114.5229415606277 30.68554918972896    
2016-10-23 21:38:31 413803923 114.5229211212554 30.68555637945792    
2016-10-23 21:44:31 413803923 114.522900681883 30.68556356918688    
2016-10-23 21:50:31 413803923 114.5228802425107 30.68557075891583    
2016-10-23 21:56:31 413803923 114.5228598031384 30.6855779486448    
2016-10-23 22:02:31 413803923 114.5228393637661 30.68558513837375    
2016-10-23 22:08:31 413803923 114.5228189243937 30.68559232810271    
2016-10-23 22:14:31 413803923 114.5227984850214 30.68559951783167    
2016-10-23 22:20:31 413803923 114.5227780456491 30.68560670756063    
2016-10-23 22:24:56 413803923 114.522763 30.685612 114.522765 30.685608 0.0 285.2
2016-10-23 22:30:56 413803923 114.5227550112716 30.6856149165199    
2016-10-23 22:36:56 413803923 114.5227470225431 30.6856178330398    
2016-10-23 22:42:56 413803923 114.5227390338147 30.6856207495597    
2016-10-23 22:48:56 413803923 114.5227310450863 30.68562366607961    
2016-10-23 22:54:56 413803923 114.5227230563579 30.68562658259951    
2016-10-23 23:00:56 413803923 114.5227150676294 30.68562949911941    
2016-10-23 23:06:56 413803923 114.522707078901 30.68563241563931    
2016-10-23 23:12:15 413803923 114.5227 30.685635 114.522698 30.685633 0.0 285.2
2016-10-23 23:15:19 413803923 114.522703 30.685635 114.5227 30.685635 0.0 285.2
2016-10-23 23:18:11 413803923 114.522707 30.685637 114.522703 30.685635 0.0 285.2
2016-10-23 23:19:02 413803923 114.522703 30.685642 114.522707 30.685637 0.0 285.2
2016-10-23 23:21:25 413803923 114.522707 30.685637 114.522703 30.685642 0.0 285.2
2016-10-23 23:24:20 413803923 114.52271 30.68564 114.522707 30.685637 0.0 285.2
2016-10-23 23:25:17 413803923 114.52271 30.685638 114.52271 30.68564 0.0 285.2
2016-10-23 23:31:17 413803923 114.5227160251046 30.68563724686193    
2016-10-23 23:33:15 413803923 114.522718 30.685637 114.522718 30.685638 0.0 285.2
2016-10-23 23:37:18 413803923 114.522718 30.685637 114.522718 30.685637 0.0 285.2
2016-10-23 23:39:33 413803923 114.522713 30.685637 114.522718 30.685637 0.0 285.2
2016-10-23 23:43:07 413803923 114.522715 30.685637 114.522713 30.685637 0.0 285.2
2016-10-23 23:45:19 413803923 114.522717 30.685632 114.522715 30.685637 0.0 285.2
2016-10-23 23:48:11 413803923 114.522718 30.68563 114.522717 30.685632 0.0 285.2
2016-10-23 23:49:07 413803923 114.522718 30.685632 114.522718 30.68563 0.0 285.2
2016-10-23 23:51:24 413803923 114.522718 30.685635 114.522718 30.685632 0.0 285.2
2016-10-23 23:54:34 413803923 114.522717 30.685633 114.522718 30.685635 0.0 285.2
2016-10-23 23:55:24 413803923 114.52272 30.68563 114.522717 30.685633 0.0 285.2
