2016-10-20 10:03:50 413978999 114.504468 30.691193 114.504468 30.691193 2.4 289.0 289.0
2016-10-20 10:09:50 413978999 114.5042022391304 30.69125886956522     
2016-10-20 10:15:50 413978999 114.5039364782609 30.69132473913043     
2016-10-20 10:21:50 413978999 114.5036707173913 30.69139060869565     
2016-10-20 10:22:14 413978999 114.503653 30.691395 114.5037 30.691362 0.2 266.6 266.0
2016-10-20 10:28:14 413978999 114.5036564189944 30.69141973743017     
2016-10-20 10:34:14 413978999 114.5036598379888 30.69144447486033     
2016-10-20 10:40:14 413978999 114.5036632569832 30.6914692122905     
2016-10-20 10:46:14 413978999 114.5036666759777 30.69149394972067     
2016-10-20 10:52:04 413978999 114.50367 30.691518 114.503718 30.69139 0.1 266.6 266.0
2016-10-20 10:58:04 413978999 114.5037129357798 30.69147176146789     
2016-10-20 11:01:09 413978999 114.503735 30.691448 114.503788 30.691365 0.1 266.6 266.0
2016-10-20 11:04:01 413978999 114.503735 30.691448 114.503735 30.691448 0.1 266.6 266.0
2016-10-20 11:10:01 413978999 114.5037600278087 30.69145881201335     
2016-10-20 11:16:01 413978999 114.5037850556174 30.6914696240267     
2016-10-20 11:22:01 413978999 114.503810083426 30.69148043604005     
2016-10-20 11:28:01 413978999 114.5038351112347 30.69149124805339     
2016-10-20 11:33:59 413978999 114.50386 30.691502 114.50386 30.691502 0.1 266.6 266.0
2016-10-20 11:39:59 413978999 114.5038820408163 30.69151963265306     
2016-10-20 11:45:59 413978999 114.5039040816327 30.69153726530612     
2016-10-20 11:46:14 413978999 114.503905 30.691538 114.503905 30.691538 0.1 266.6 266.0
2016-10-20 11:52:14 413978999 114.503905 30.691538     
2016-10-20 11:52:19 413978999 114.503905 30.691538 114.503905 30.691538 0.1 266.6 266.0
2016-10-20 11:58:19 413978999 114.5038585483871 30.69154187096774     
2016-10-20 11:58:31 413978999 114.503857 30.691542 114.503905 30.691538 0.0 266.6 266.0
2016-10-20 12:03:55 413978999 114.503857 30.691542 114.503857 30.691542 0.0 266.6 266.0
2016-10-20 12:04:31 413978999 114.503885 30.691525 114.503857 30.691542 0.2 266.6 266.0
2016-10-20 12:10:20 413978999 114.503885 30.691525 114.503885 30.691525 0.2 266.6 266.0
2016-10-20 12:16:20 413978999 114.5038991097424 30.69150564949608     
2016-10-20 12:22:20 413978999 114.5039132194849 30.69148629899216     
2016-10-20 12:25:13 413978999 114.50392 30.691477 114.503797 30.691522 0.1 266.6 266.0
2016-10-20 12:28:19 413978999 114.50392 30.691477 114.50392 30.691477 0.1 266.6 266.0
2016-10-20 12:31:11 413978999 114.503852 30.691565 114.50392 30.691477 0.0 266.6 266.0
2016-10-20 12:34:13 413978999 114.503853 30.691577 114.503852 30.691565 0.0 266.6 266.0
2016-10-20 12:40:13 413978999 114.5038828892989 30.69152120664207     
2016-10-20 12:43:15 413978999 114.503898 30.691493 114.503835 30.586027 0.2 266.6 266.0
2016-10-20 12:45:56 413978999 114.503898 30.691493 114.503898 30.691493 0.2 266.6 266.0
2016-10-20 12:46:19 413978999 114.503898 30.691493 114.503898 30.691493 0.2 266.6 266.0
2016-10-20 12:52:19 413978999 114.5039035506608 30.69150766960352     
2016-10-20 12:58:19 413978999 114.5039091013216 30.69152233920705     
2016-10-20 13:01:27 413978999 114.503912 30.69153 114.503928 30.691498 0.1 266.6 266.0
2016-10-20 13:04:27 413978999 114.503883 30.691558 114.503912 30.69153 0.0 266.6 266.0
2016-10-20 13:10:27 413978999 114.503883 30.691558     
2016-10-20 13:10:28 413978999 114.503883 30.691558 114.503883 30.691558 0.0 266.6 266.0
2016-10-20 13:13:28 413978999 114.503928 30.691407 114.503883 30.691558 0.1 266.6 266.0
2016-10-20 13:16:19 413978999 114.503893 30.691503 114.503928 30.691407 0.0 266.6 266.0
2016-10-20 13:19:16 413978999 114.50389 30.691527 114.503893 30.691503 0.0 266.6 266.0
2016-10-20 13:22:06 413978999 114.50389 30.691527 114.50389 30.691527 0.0 266.6 266.0
2016-10-20 13:25:24 413978999 114.503883 30.691468 114.50389 30.691527 0.0 266.6 266.0
2016-10-20 13:28:16 413978999 114.503883 30.691468 114.503883 30.691468 0.0 266.6 266.0
2016-10-20 13:34:16 413978999 114.5038805479876 30.69148694736842     
2016-10-20 13:40:16 413978999 114.5038780959752 30.69150589473684     
2016-10-20 13:46:16 413978999 114.5038756439628 30.69152484210526     
2016-10-20 13:52:16 413978999 114.5038731919505 30.69154378947368     
2016-10-20 13:55:11 413978999 114.503872 30.691553 114.503908 30.691518 0.1 266.6 266.0
2016-10-20 13:58:22 413978999 114.503872 30.691553 114.503872 30.691553 0.1 266.6 266.0
2016-10-20 14:01:13 413978999 114.503923 30.691488 114.503872 30.691553 0.0 266.6 266.0
2016-10-20 14:04:17 413978999 114.50389 30.691523 114.503923 30.691488 0.2 266.6 266.0
2016-10-20 14:10:17 413978999 114.503920596745 30.6914995641953     
2016-10-20 14:13:30 413978999 114.503937 30.691487 114.50389 30.691517 0.0 266.6 266.0
2016-10-20 14:19:30 413978999 114.5039338870804 30.69150769175992     
2016-10-20 14:25:30 413978999 114.5039307741607 30.69152838351984     
2016-10-20 14:31:30 413978999 114.5039276612411 30.69154907527976     
2016-10-20 14:37:30 413978999 114.5039245483215 30.69156976703967     
2016-10-20 14:43:30 413978999 114.5039214354018 30.6915904587996     
2016-10-20 14:46:16 413978999 114.50392 30.6916 114.50392 30.6916 0.0 266.6 266.0
2016-10-20 14:52:16 413978999 114.5039429787234 30.69159336170213     
2016-10-20 14:58:01 413978999 114.503965 30.691587 114.503965 30.691587 0.0 266.6 266.0
2016-10-20 14:58:27 413978999 114.503917 30.691585 114.503965 30.691587 0.1 266.6 266.0
2016-10-20 15:01:19 413978999 114.503937 30.691503 114.503917 30.691585 0.2 266.6 266.0
2016-10-20 15:04:24 413978999 114.503962 30.69147 114.503937 30.691503 0.0 266.6 266.0
2016-10-20 15:10:24 413978999 114.5039217765363 30.69150575418994     
2016-10-20 15:16:24 413978999 114.5038815530726 30.69154150837989     
2016-10-20 15:22:24 413978999 114.5038413296089 30.69157726256983     
2016-10-20 15:28:24 413978999 114.5038011061452 30.69161301675978     
2016-10-20 15:31:15 413978999 114.503782 30.69163 114.503842 30.691595 0.0 266.6 266.0
2016-10-20 15:34:09 413978999 114.503782 30.69163 114.503782 30.69163 0.0 266.6 266.0
2016-10-20 15:37:28 413978999 114.503908 30.6915 114.503782 30.69163 0.1 266.6 266.0
2016-10-20 15:40:12 413978999 114.503908 30.6915 114.503908 30.6915 0.1 266.6 266.0
2016-10-20 15:46:12 413978999 114.503893470852 30.6915202690583     
2016-10-20 15:52:12 413978999 114.503878941704 30.69154053811659     
2016-10-20 15:58:12 413978999 114.5038644125561 30.69156080717489     
2016-10-20 16:04:12 413978999 114.5038498834081 30.69158107623318     
2016-10-20 16:10:12 413978999 114.5038353542601 30.69160134529148     
2016-10-20 16:13:39 413978999 114.503827 30.691613 114.50393 30.69152 0.1 266.6 266.0
2016-10-20 16:16:19 413978999 114.503827 30.691613 114.503827 30.691613 0.1 266.6 266.0
2016-10-20 16:22:19 413978999 114.5038334166357 30.69160725176383     
2016-10-20 16:28:19 413978999 114.5038398332714 30.69160150352766     
2016-10-20 16:34:19 413978999 114.5038462499072 30.6915957552915     
2016-10-20 16:40:19 413978999 114.5038526665429 30.69159000705533     
2016-10-20 16:46:19 413978999 114.5038590831786 30.69158425881916     
2016-10-20 16:52:19 413978999 114.5038654998143 30.69157851058299     
2016-10-20 16:58:19 413978999 114.5038719164501 30.69157276234683     
2016-10-20 17:04:19 413978999 114.5038783330858 30.69156701411066     
2016-10-20 17:10:19 413978999 114.5038847497215 30.69156126587449     
2016-10-20 17:16:19 413978999 114.5038911663572 30.69155551763832     
2016-10-20 17:22:19 413978999 114.5038975829929 30.69154976940215     
2016-10-20 17:28:19 413978999 114.5039039996287 30.69154402116598     
2016-10-20 17:34:19 413978999 114.5039104162644 30.69153827292982     
2016-10-20 17:40:19 413978999 114.5039168329001 30.69153252469365     
2016-10-20 17:46:05 413978999 114.503923 30.691527 114.503923 30.691527 0.2 266.6 266.0
2016-10-20 17:46:27 413978999 114.503863 30.691533 114.503923 30.691527 0.1 266.6 266.0
2016-10-20 17:49:19 413978999 114.503958 30.691513 114.503863 30.691533 0.0 266.6 266.0
2016-10-20 17:52:23 413978999 114.503958 30.691512 114.503958 30.691513 0.1 266.6 266.0
2016-10-20 17:55:34 413978999 114.503958 30.691557 114.503958 30.691512 0.0 266.6 266.0
2016-10-20 17:58:27 413978999 114.503958 30.691557 114.503958 30.691557 0.0 266.6 266.0
2016-10-20 18:04:27 413978999 114.5039640223048 30.69157908178439     
2016-10-20 18:07:25 413978999 114.503967 30.69159 114.503837 30.691668 0.1 266.6 266.0
2016-10-20 18:10:22 413978999 114.503955 30.691563 114.503967 30.69159 0.1 266.6 266.0
2016-10-20 18:13:23 413978999 114.503893 30.691687 114.503955 30.691563 0.1 266.6 266.0
2016-10-20 18:16:26 413978999 114.50381 30.691693 114.503893 30.691687 0.1 266.6 266.0
2016-10-20 18:19:37 413978999 114.503815 30.691585 114.50381 30.691693 0.2 266.6 266.0
2016-10-20 18:22:37 413978999 114.503815 30.691585 114.503815 30.691585 0.2 266.6 266.0
2016-10-20 18:28:37 413978999 114.5038419831355 30.6915692598376     
2016-10-20 18:34:37 413978999 114.5038689662711 30.6915535196752     
2016-10-20 18:40:37 413978999 114.5038959494066 30.6915377795128     
2016-10-20 18:46:37 413978999 114.5039229325422 30.69152203935041     
2016-10-20 18:49:18 413978999 114.503935 30.691515 114.50382 30.691562 0.2 266.6 266.0
2016-10-20 18:55:18 413978999 114.5039395125348 30.6915032172702     
2016-10-20 19:01:18 413978999 114.5039440250696 30.69149143454039     
2016-10-20 19:07:18 413978999 114.5039485376045 30.69147965181059     
2016-10-20 19:13:14 413978999 114.503953 30.691468 114.503802 30.691573 0.1 266.6 266.0
2016-10-20 19:16:17 413978999 114.50393 30.691465 114.503953 30.691468 0.2 266.6 266.0
2016-10-20 19:22:17 413978999 114.50393066605 30.69147665587419     
2016-10-20 19:28:17 413978999 114.5039313320999 30.69148831174838     
2016-10-20 19:34:17 413978999 114.5039319981499 30.69149996762257     
2016-10-20 19:34:18 413978999 114.503932 30.6915 114.503927 30.691483 0.0 266.6 266.0
2016-10-20 19:37:21 413978999 114.503943 30.691482 114.503932 30.6915 0.0 266.6 266.0
2016-10-20 19:40:07 413978999 114.503943 30.691482 114.503943 30.691482 0.0 266.6 266.0
2016-10-20 19:40:22 413978999 114.503948 30.69147 114.503943 30.691482 0.0 266.6 266.0
2016-10-20 19:43:24 413978999 114.503922 30.691523 114.503948 30.69147 0.0 266.6 266.0
2016-10-20 19:46:13 413978999 114.503915 30.691535 114.503922 30.691523 0.0 266.6 266.0
2016-10-20 19:52:13 413978999 114.5039099014778 30.6915378817734     
2016-10-20 19:58:13 413978999 114.5039048029557 30.6915407635468     
2016-10-20 20:04:13 413978999 114.5038997044335 30.6915436453202     
2016-10-20 20:10:13 413978999 114.5038946059113 30.6915465270936     
2016-10-20 20:13:17 413978999 114.503892 30.691548 114.503942 30.691532 0.1 266.6 266.0
2016-10-20 20:19:17 413978999 114.5038501395349 30.69154162126246     
2016-10-20 20:25:17 413978999 114.5038082790698 30.69153524252492     
2016-10-20 20:28:20 413978999 114.503787 30.691532 114.503875 30.69158 0.1 266.6 266.0
2016-10-20 20:34:20 413978999 114.503810686088 30.69153285612366     
2016-10-20 20:40:20 413978999 114.503834372176 30.69153371224732     
2016-10-20 20:46:20 413978999 114.503858058264 30.69153456837099     
2016-10-20 20:52:20 413978999 114.503881744352 30.69153542449465     
2016-10-20 20:58:20 413978999 114.50390543044 30.69153628061831     
2016-10-20 21:04:20 413978999 114.5039291165279 30.69153713674197     
2016-10-20 21:10:20 413978999 114.5039528026159 30.69153799286564     
2016-10-20 21:10:23 413978999 114.503953 30.691538 114.50396 30.691467 0.0 266.6 266.0
2016-10-20 21:16:23 413978999 114.503920483871 30.69153965898618     
2016-10-20 21:22:23 413978999 114.5038879677419 30.69154131797235     
2016-10-20 21:28:23 413978999 114.5038554516129 30.69154297695852     
2016-10-20 21:28:28 413978999 114.503855 30.691543 114.503925 30.691538 0.1 266.6 266.0
2016-10-20 21:31:20 413978999 114.503912 30.691515 114.503855 30.691543 0.0 266.6 266.0
2016-10-20 21:37:20 413978999 114.5039544719101 30.69143410112359     
2016-10-20 21:40:14 413978999 114.503975 30.691395 114.503975 30.691395 0.2 266.6 266.0
2016-10-20 21:40:31 413978999 114.503975 30.691395 114.503975 30.691395 0.2 266.6 266.0
2016-10-20 21:46:31 413978999 114.503973 30.69140866666667     
2016-10-20 21:52:31 413978999 114.503971 30.69142233333333     
2016-10-20 21:58:31 413978999 114.503969 30.691436     
2016-10-20 22:04:31 413978999 114.503967 30.69144966666667     
2016-10-20 22:10:31 413978999 114.503965 30.69146333333333     
2016-10-20 22:16:31 413978999 114.503963 30.691477     
2016-10-20 22:16:31 413978999 114.503963 30.691477 114.503963 30.691477 0.1 266.6 266.0
2016-10-20 22:19:29 413978999 114.503825 30.691573 114.503963 30.691477 0.1 266.6 266.0
2016-10-20 22:22:21 413978999 114.503825 30.691573 114.503825 30.691573 0.1 266.6 266.0
2016-10-20 22:25:20 413978999 114.503978 30.691477 114.503825 30.691573 0.1 266.6 266.0
2016-10-20 22:31:20 413978999 114.5039539554731 30.69150438404452     
2016-10-20 22:34:19 413978999 114.503942 30.691518 114.503948 30.691495 0.0 266.6 266.0
2016-10-20 22:40:19 413978999 114.5039463603331 30.69151273126419     
2016-10-20 22:46:19 413978999 114.5039507206662 30.69150746252839     
2016-10-20 22:52:19 413978999 114.5039550809992 30.69150219379258     
2016-10-20 22:58:19 413978999 114.5039594413323 30.69149692505678     
2016-10-20 23:04:19 413978999 114.5039638016654 30.69149165632097     
2016-10-20 23:10:19 413978999 114.5039681619985 30.69148638758516     
2016-10-20 23:16:19 413978999 114.5039725223316 30.69148111884936     
2016-10-20 23:22:19 413978999 114.5039768826646 30.69147585011355     
2016-10-20 23:28:19 413978999 114.5039812429977 30.69147058137774     
2016-10-20 23:34:19 413978999 114.5039856033308 30.69146531264194     
2016-10-20 23:40:19 413978999 114.5039899636639 30.69146004390613     
2016-10-20 23:40:22 413978999 114.50399 30.69146 114.504002 30.691462 0.0 266.6 266.0
2016-10-20 23:46:22 413978999 114.5039890055249 30.69144906077348     
2016-10-20 23:52:22 413978999 114.5039880110497 30.69143812154696     
2016-10-20 23:52:26 413978999 114.503988 30.691438 114.503985 30.691502 0.0 266.6 266.0
