2016-10-21 0:06:44 413961306 114.525138 30.680063 114.525138 30.680063 0.0 0.0
2016-10-21 0:09:27 413961306 114.52516 30.680068 114.525138 30.680063 0.0 0.0
2016-10-21 0:11:07 413961306 114.52516 30.680077 114.52516 30.680068 0.0 136.0
2016-10-21 00:17:07 413961306 114.52516140625 30.680108640625    
2016-10-21 0:19:39 413961306 114.525162 30.680122 114.525143 30.680068 0.0 0.0
2016-10-21 0:22:53 413961306 114.525165 30.680073 114.525162 30.680122 0.0 0.0
2016-10-21 00:28:53 413961306 114.5251657635207 30.68007567232237    
2016-10-21 00:34:53 413961306 114.5251665270413 30.68007834464475    
2016-10-21 0:38:36 413961306 114.525167 30.68008 114.525157 30.6801 0.0 243.0
2016-10-21 0:41:36 413961306 114.525157 30.680078 114.525167 30.68008 0.0 161.3
2016-10-21 0:44:34 413961306 114.525163 30.680065 114.525157 30.680078 0.1 103.5
2016-10-21 0:47:12 413961306 114.525137 30.680098 114.525163 30.680065 0.1 189.0
2016-10-21 0:47:31 413961306 114.525137 30.680098 114.525137 30.680098 0.1 189.0
2016-10-21 0:50:16 413961306 114.525118 30.680085 114.525137 30.680098 0.0 314.2
2016-10-21 0:53:16 413961306 114.525118 30.680085 114.525118 30.680085 0.0 314.2
2016-10-21 00:59:16 413961306 114.5251250985916 30.68006623943662    
2016-10-21 1:05:06 413961306 114.525132 30.680048 114.525138 30.680092 0.0 283.6
2016-10-21 1:08:08 413961306 114.525135 30.680047 114.525132 30.680048 0.0 60.0
2016-10-21 1:10:50 413961306 114.525135 30.680047 114.525135 30.680047 0.0 60.0
2016-10-21 1:13:37 413961306 114.525135 30.680047 114.525135 30.680047 0.0 60.0
2016-10-21 1:16:17 413961306 114.525123 30.68002 114.525135 30.680047 0.0 0.0
2016-10-21 1:19:07 413961306 114.525127 30.680017 114.525123 30.68002 0.0 256.5
2016-10-21 1:19:25 413961306 114.525127 30.680017 114.525127 30.680017 0.0 256.5
2016-10-21 1:22:47 413961306 114.525135 30.68006 114.525127 30.680017 0.0 0.0
2016-10-21 1:25:44 413961306 114.525088 30.68005 114.525135 30.68006 0.0 211.3
2016-10-21 1:28:37 413961306 114.525118 30.680017 114.525088 30.68005 0.0 95.2
2016-10-21 01:34:37 413961306 114.5251158571429 30.680017    
2016-10-21 01:40:37 413961306 114.5251137142857 30.680017    
2016-10-21 1:45:25 413961306 114.525112 30.680017 114.525127 30.680038 0.0 0.0
2016-10-21 01:51:25 413961306 114.5251081051005 30.68002534621329    
2016-10-21 1:56:12 413961306 114.525105 30.680032 114.525117 30.680028 0.0 54.4
2016-10-21 1:58:54 413961306 114.525113 30.68003 114.525105 30.680032 0.0 8.6
2016-10-21 2:02:19 413961306 114.525113 30.68003 114.525113 30.68003 0.0 8.6
2016-10-21 02:08:19 413961306 114.5251202517986 30.68001860431655    
2016-10-21 2:13:54 413961306 114.525127 30.680008 114.525132 30.68004 0.0 0.0
2016-10-21 2:14:24 413961306 114.525127 30.680008 114.525127 30.680008 0.0 0.0
2016-10-21 02:20:24 413961306 114.5251211778976 30.68000741778976    
2016-10-21 02:26:24 413961306 114.5251153557952 30.68000683557952    
2016-10-21 02:32:24 413961306 114.5251095336927 30.68000625336927    
2016-10-21 02:38:24 413961306 114.5251037115903 30.68000567115903    
2016-10-21 02:44:24 413961306 114.5250978894879 30.68000508894879    
2016-10-21 2:45:19 413961306 114.525097 30.680005 114.525073 30.679995 0.0 141.2
2016-10-21 2:48:22 413961306 114.525057 30.679978 114.525097 30.680005 0.0 266.9
2016-10-21 2:49:44 413961306 114.525057 30.679978 114.525057 30.679978 0.0 266.9
2016-10-21 2:52:37 413961306 114.525082 30.679995 114.525057 30.679978 0.0 184.1
2016-10-21 2:56:27 413961306 114.525078 30.679998 114.525082 30.679995 0.0 0.0
2016-10-21 2:59:03 413961306 114.525075 30.680013 114.525078 30.679998 0.0 0.0
2016-10-21 3:02:16 413961306 114.5251 30.680018 114.525075 30.680013 0.0 40.9
2016-10-21 03:08:16 413961306 114.5251046753247 30.68000931725418    
2016-10-21 3:11:15 413961306 114.525107 30.680005 114.525107 30.679985 0.0 84.3
2016-10-21 3:14:18 413961306 114.5251 30.680025 114.525107 30.680005 0.0 258.5
2016-10-21 3:19:14 413961306 114.5251 30.680025 114.5251 30.680025 0.0 258.5
2016-10-21 03:25:14 413961306 114.5251084046693 30.68002850194553    
2016-10-21 3:27:48 413961306 114.525112 30.68003 114.525102 30.68004 0.0 129.3
2016-10-21 3:30:53 413961306 114.525118 30.680052 114.525112 30.68003 0.0 124.2
2016-10-21 3:35:21 413961306 114.525118 30.680052 114.525118 30.680052 0.0 124.2
2016-10-21 3:38:00 413961306 114.525095 30.680028 114.525118 30.680052 0.0 250.3
2016-10-21 3:41:03 413961306 114.525078 30.680025 114.525095 30.680028 0.0 0.0
2016-10-21 3:41:23 413961306 114.525085 30.680028 114.525078 30.680025 0.0 17.2
2016-10-21 03:47:23 413961306 114.5250884615385 30.68001069230769    
2016-10-21 3:50:03 413961306 114.52509 30.680003 114.525122 30.680005 0.0 262.4
2016-10-21 3:53:12 413961306 114.525092 30.679987 114.52509 30.680003 0.0 80.5
2016-10-21 3:55:08 413961306 114.52509 30.680042 114.525092 30.679987 0.0 351.7
2016-10-21 3:57:03 413961306 114.52509 30.680042 114.52509 30.680042 0.0 351.7
2016-10-21 4:02:54 413961306 114.525103 30.680028 114.525103 30.680028 0.0 69.3
2016-10-21 4:03:13 413961306 114.525103 30.680027 114.525103 30.680028 0.0 105.0
2016-10-21 4:06:17 413961306 114.5251 30.680007 114.525103 30.680027 0.0 2.1
2016-10-21 04:12:17 413961306 114.5251300596422 30.68002918687873    
2016-10-21 4:14:40 413961306 114.525142 30.680038 114.525095 30.680062 0.1 23.6
2016-10-21 04:20:40 413961306 114.5251522661597 30.68004963498099    
2016-10-21 4:23:26 413961306 114.525157 30.680055 114.525147 30.680058 0.0 257.3
2016-10-21 4:25:59 413961306 114.525152 30.680057 114.525157 30.680055 0.0 323.4
2016-10-21 4:29:03 413961306 114.525152 30.680057 114.525152 30.680057 0.0 323.4
2016-10-21 4:31:56 413961306 114.525148 30.680032 114.525152 30.680057 0.0 201.9
2016-10-21 4:34:53 413961306 114.525133 30.680057 114.525148 30.680032 0.0 0.0
2016-10-21 4:38:17 413961306 114.525133 30.680057 114.525133 30.680057 0.0 0.0
2016-10-21 4:41:28 413961306 114.525147 30.68004 114.525133 30.680057 0.0 353.1
2016-10-21 4:44:24 413961306 114.52515 30.680028 114.525147 30.68004 0.0 239.4
2016-10-21 4:47:17 413961306 114.525113 30.680017 114.52515 30.680028 0.0 210.0
2016-10-21 4:49:10 413961306 114.525113 30.680017 114.525113 30.680017 0.0 210.0
2016-10-21 4:52:02 413961306 114.52511 30.680013 114.525113 30.680017 0.0 206.4
2016-10-21 4:55:12 413961306 114.52511 30.680013 114.52511 30.680013 0.0 206.4
2016-10-21 4:56:42 413961306 114.52511 30.680013 114.52511 30.680013 0.0 206.4
2016-10-21 4:59:28 413961306 114.525095 30.680013 114.52511 30.680013 0.0 16.5
2016-10-21 5:02:27 413961306 114.525115 30.680042 114.525095 30.680013 0.0 359.6
2016-10-21 5:02:48 413961306 114.525115 30.680037 114.525115 30.680042 0.0 0.0
2016-10-21 5:05:25 413961306 114.525115 30.680028 114.525115 30.680037 0.1 352.4
2016-10-21 5:09:38 413961306 114.525115 30.680028 114.525115 30.680028 0.1 352.4
2016-10-21 5:13:10 413961306 114.525118 30.680028 114.525115 30.680028 0.0 34.2
2016-10-21 05:19:10 413961306 114.525118 30.68003673315364    
2016-10-21 5:19:21 413961306 114.525118 30.680037 114.525118 30.680037 0.0 104.0
2016-10-21 5:21:40 413961306 114.525147 30.680033 114.525118 30.680037 0.0 0.0
2016-10-21 05:27:40 413961306 114.5251290332717 30.680019025878    
2016-10-21 5:30:41 413961306 114.52512 30.680012 114.525137 30.68002 0.0 195.6
2016-10-21 05:36:41 413961306 114.5250872131148 30.67999232786885    
2016-10-21 5:39:50 413961306 114.52507 30.679982 114.52507 30.679982 0.0 46.6
2016-10-21 05:45:50 413961306 114.52508844098 30.67999482850779    
2016-10-21 5:47:19 413961306 114.525093 30.679998 114.525093 30.679998 0.0 357.0
2016-10-21 5:50:14 413961306 114.525077 30.679985 114.525093 30.679998 0.0 0.0
2016-10-21 5:52:54 413961306 114.525058 30.679965 114.525077 30.679985 0.0 237.7
2016-10-21 5:53:18 413961306 114.525058 30.679965 114.525058 30.679965 0.0 237.7
2016-10-21 5:54:33 413961306 114.52505 30.679962 114.525058 30.679965 0.0 274.4
2016-10-21 06:00:33 413961306 114.525072706002 30.67998433977619    
2016-10-21 06:06:33 413961306 114.5250954120041 30.68000667955239    
2016-10-21 6:10:56 413961306 114.525112 30.680023 114.525103 30.68002 0.0 110.1
2016-10-21 6:14:05 413961306 114.525108 30.679988 114.525112 30.680023 0.0 228.9
2016-10-21 6:16:43 413961306 114.525073 30.680008 114.525108 30.679988 0.0 26.9
2016-10-21 6:17:14 413961306 114.52509 30.680007 114.525073 30.680008 0.0 40.6
2016-10-21 6:19:58 413961306 114.5251 30.680027 114.52509 30.680007 0.0 0.0
2016-10-21 6:22:55 413961306 114.5251 30.680027 114.5251 30.680027 0.0 0.0
2016-10-21 06:28:55 413961306 114.5250982552504 30.68001885783522    
2016-10-21 6:33:14 413961306 114.525097 30.680013 114.525122 30.680015 0.0 0.0
2016-10-21 6:36:19 413961306 114.525097 30.680008 114.525097 30.680013 0.0 248.8
2016-10-21 6:39:36 413961306 114.5251 30.680012 114.525097 30.680008 0.0 212.5
2016-10-21 06:45:36 413961306 114.5251102564103 30.68002738461539    
2016-10-21 6:51:18 413961306 114.52512 30.680042 114.525102 30.680025 0.0 260.8
2016-10-21 6:54:05 413961306 114.52512 30.680042 114.52512 30.680042 0.0 260.8
2016-10-21 6:59:59 413961306 114.52509 30.680027 114.52509 30.680027 0.0 339.2
2016-10-21 7:02:39 413961306 114.52511 30.68002 114.52509 30.680027 0.0 49.0
2016-10-21 07:08:39 413961306 114.525087443609 30.68002180451128    
2016-10-21 7:09:18 413961306 114.525085 30.680022 114.525083 30.680013 0.0 0.0
2016-10-21 07:15:18 413961306 114.5251025304348 30.68002888695652    
2016-10-21 7:18:53 413961306 114.525113 30.680033 114.525107 30.68003 0.0 0.0
2016-10-21 07:24:53 413961306 114.525107663626 30.68003382098062    
2016-10-21 07:30:53 413961306 114.525102327252 30.68003464196123    
2016-10-21 7:33:30 413961306 114.5251 30.680035 114.52508 30.679982 0.0 89.1
2016-10-21 7:36:23 413961306 114.525102 30.68002 114.5251 30.680035 0.0 242.9
2016-10-21 07:42:23 413961306 114.5250973125 30.6800246875    
2016-10-21 07:48:23 413961306 114.525092625 30.680029375    
2016-10-21 07:54:23 413961306 114.5250879375 30.6800340625    
2016-10-21 08:00:23 413961306 114.52508325 30.68003875    
2016-10-21 8:01:59 413961306 114.525082 30.68004 114.52508 30.680033 0.0 67.9
2016-10-21 8:02:31 413961306 114.525082 30.68004 114.525082 30.68004 0.0 67.9
2016-10-21 8:08:28 413961306 114.525132 30.680045 114.525133 30.68005 0.0 313.1
2016-10-21 8:10:46 413961306 114.525132 30.680045 114.525132 30.680045 0.0 313.1
2016-10-21 08:16:46 413961306 114.5251234763231 30.68005252089137    
2016-10-21 8:22:44 413961306 114.525115 30.68006 114.525123 30.680085 0.0 242.6
2016-10-21 8:27:04 413961306 114.525105 30.680057 114.525115 30.68006 0.0 180.9
2016-10-21 8:30:09 413961306 114.525082 30.680042 114.525105 30.680057 0.0 234.2
2016-10-21 08:36:09 413961306 114.5250942727273 30.68004083116883    
2016-10-21 8:40:25 413961306 114.525103 30.68004 114.525103 30.68004 0.0 225.7
2016-10-21 8:43:19 413961306 114.52509 30.680048 114.525103 30.68004 0.0 11.4
2016-10-21 8:46:14 413961306 114.52509 30.680048 114.52509 30.680048 0.0 11.4
2016-10-21 8:48:05 413961306 114.52509 30.680048 114.52509 30.680048 0.0 11.4
2016-10-21 8:51:00 413961306 114.525095 30.680078 114.52509 30.680048 0.0 92.8
2016-10-21 8:53:26 413961306 114.525095 30.680078 114.525095 30.680078 0.0 92.8
2016-10-21 8:56:00 413961306 114.525075 30.680055 114.525095 30.680078 0.0 291.9
2016-10-21 8:59:33 413961306 114.525075 30.680055 114.525075 30.680055 0.0 291.9
2016-10-21 09:05:33 413961306 114.5250636910995 30.68002484293194    
2016-10-21 9:05:55 413961306 114.525063 30.680023 114.52507 30.680017 0.0 307.2
2016-10-21 9:09:49 413961306 114.525093 30.680063 114.525063 30.680023 0.0 0.0
2016-10-21 09:15:49 413961306 114.5251212162162 30.68002310810811    
2016-10-21 9:15:59 413961306 114.525122 30.680022 114.525093 30.680063 0.0 187.9
2016-10-21 09:21:59 413961306 114.5251297291495 30.68002943187448    
2016-10-21 09:27:59 413961306 114.5251374582989 30.68003686374897    
2016-10-21 09:33:59 413961306 114.5251451874484 30.68004429562345    
2016-10-21 9:36:10 413961306 114.525148 30.680047 114.525097 30.68004 0.0 0.0
2016-10-21 9:39:14 413961306 114.52511 30.680018 114.525148 30.680047 0.0 0.0
2016-10-21 9:42:45 413961306 114.52511 30.680018 114.52511 30.680018 0.0 0.0
2016-10-21 09:48:45 413961306 114.5251003661972 30.68001546478873    
2016-10-21 09:54:45 413961306 114.5250907323944 30.68001292957747    
2016-10-21 10:00:45 413961306 114.5250810985915 30.6800103943662    
2016-10-21 10:06:25 413961306 114.525072 30.680008 114.525068 30.679995 0.0 320.5
2016-10-21 10:12:25 413961306 114.5250798655462 30.68001011764706    
2016-10-21 10:18:25 413961306 114.5250877310924 30.68001223529412    
2016-10-21 10:24:25 413961306 114.5250955966386 30.68001435294118    
2016-10-21 10:26:15 413961306 114.525098 30.680015 114.5251 30.68002 0.0 162.2
2016-10-21 10:32:15 413961306 114.5250906944758 30.68002595828636    
2016-10-21 10:38:15 413961306 114.5250833889515 30.68003691657272    
2016-10-21 10:41:02 413961306 114.52508 30.680042 114.5251 30.680038 0.0 322.1
2016-10-21 10:44:41 413961306 114.525105 30.680042 114.52508 30.680042 0.0 42.8
2016-10-21 10:50:41 413961306 114.5251096120996 30.68004609964413    
2016-10-21 10:56:41 413961306 114.5251142241993 30.68005019928826    
2016-10-21 11:02:41 413961306 114.5251188362989 30.68005429893238    
2016-10-21 11:08:06 413961306 114.525123 30.680058 114.52511 30.680045 0.0 0.0
2016-10-21 11:14:06 413961306 114.5251399411765 30.68005715294118    
2016-10-21 11:15:11 413961306 114.525143 30.680057 114.52514 30.680055 0.0 352.6
2016-10-21 11:18:11 413961306 114.525153 30.6801 114.525143 30.680057 0.0 70.3
2016-10-21 11:24:11 413961306 114.525153 30.68006866396761    
2016-10-21 11:26:25 413961306 114.525153 30.680057 114.525153 30.680057 0.0 117.6
2016-10-21 11:32:25 413961306 114.5251418836104 30.68003989786223    
2016-10-21 11:33:26 413961306 114.52514 30.680037 114.525165 30.680038 0.0 271.5
2016-10-21 11:36:27 413961306 114.525148 30.680032 114.52514 30.680037 0.0 0.0
2016-10-21 11:39:58 413961306 114.525148 30.680032 114.525148 30.680032 0.0 0.0
2016-10-21 11:42:39 413961306 114.525147 30.680028 114.525148 30.680032 0.0 176.4
2016-10-21 11:48:39 413961306 114.5251437057101 30.68003050366032    
2016-10-21 11:54:39 413961306 114.5251404114202 30.68003300732065    
2016-10-21 12:00:39 413961306 114.5251371171303 30.68003551098096    
2016-10-21 12:06:39 413961306 114.5251338228404 30.68003801464129    
2016-10-21 12:12:39 413961306 114.5251305285505 30.68004051830161    
2016-10-21 12:18:39 413961306 114.5251272342606 30.68004302196193    
2016-10-21 12:24:39 413961306 114.5251239399707 30.68004552562225    
2016-10-21 12:28:11 413961306 114.525122 30.680047 114.52513 30.680075 0.0 294.1
2016-10-21 12:31:40 413961306 114.525132 30.680073 114.525122 30.680047 0.0 215.4
2016-10-21 12:34:44 413961306 114.525157 30.68005 114.525132 30.680073 0.0 54.5
2016-10-21 12:37:17 413961306 114.525145 30.680065 114.525157 30.68005 0.1 110.8
2016-10-21 12:40:41 413961306 114.52513 30.680063 114.525145 30.680065 0.0 0.0
2016-10-21 12:43:11 413961306 114.525155 30.680063 114.52513 30.680063 0.2 14.6
2016-10-21 12:47:23 413961306 114.525157 30.680035 114.525155 30.680063 0.0 116.2
2016-10-21 12:53:23 413961306 114.5251336233766 30.68002980519481    
2016-10-21 12:58:56 413961306 114.525112 30.680025 114.52515 30.680038 0.0 134.3
2016-10-21 13:01:46 413961306 114.525122 30.680067 114.525112 30.680025 0.0 76.6
2016-10-21 13:05:14 413961306 114.525122 30.680067 114.525122 30.680067 0.0 76.6
2016-10-21 13:09:37 413961306 114.525122 30.680067 114.525122 30.680067 0.0 76.6
2016-10-21 13:13:59 413961306 114.525105 30.680043 114.525122 30.680067 0.0 72.6
2016-10-21 13:16:20 413961306 114.525135 30.680092 114.525105 30.680043 0.0 0.0
2016-10-21 13:19:45 413961306 114.525147 30.680072 114.525135 30.680092 0.0 70.7
2016-10-21 13:22:25 413961306 114.525147 30.680072 114.525147 30.680072 0.0 70.7
2016-10-21 13:28:25 413961306 114.5251511618497 30.68004772254335    
2016-10-21 13:31:04 413961306 114.525153 30.680037 114.525122 30.680113 0.0 83.7
2016-10-21 13:37:04 413961306 114.5251475762712 30.68004547457627    
2016-10-21 13:43:04 413961306 114.5251421525424 30.68005394915254    
2016-10-21 13:48:46 413961306 114.525137 30.680062 114.525137 30.680057 0.0 40.6
2016-10-21 13:52:11 413961306 114.525125 30.680082 114.525137 30.680062 0.0 234.6
2016-10-21 13:54:46 413961306 114.525107 30.680052 114.525125 30.680082 0.0 19.3
2016-10-21 13:59:26 413961306 114.525107 30.680052 114.525107 30.680052 0.0 19.3
2016-10-21 14:03:17 413961306 114.525107 30.680052 114.525107 30.680052 0.0 19.3
2016-10-21 14:09:17 413961306 114.5251086949153 30.68004861016949    
2016-10-21 14:15:17 413961306 114.5251103898305 30.68004522033898    
2016-10-21 14:20:59 413961306 114.525112 30.680042 114.525123 30.680038 0.1 46.5
2016-10-21 14:23:48 413961306 114.525112 30.680042 114.525112 30.680042 0.1 46.5
2016-10-21 14:28:07 413961306 114.525082 30.679998 114.525112 30.680042 0.0 12.3
2016-10-21 14:31:07 413961306 114.52508 30.680033 114.525082 30.679998 0.2 357.5
2016-10-21 14:34:11 413961306 114.525117 30.67998 114.52508 30.680033 0.0 144.5
2016-10-21 14:36:51 413961306 114.52509 30.680092 114.525117 30.67998 0.1 214.5
2016-10-21 14:40:23 413961306 114.52509 30.680092 114.52509 30.680092 0.1 214.5
2016-10-21 14:46:23 413961306 114.5250876952625 30.68005881177977    
2016-10-21 14:52:23 413961306 114.525085390525 30.68002562355954    
2016-10-21 14:53:24 413961306 114.525085 30.68002 114.525087 30.680033 0.1 310.9
2016-10-21 14:56:52 413961306 114.525085 30.68002 114.525085 30.68002 0.1 310.9
2016-10-21 15:02:22 413961306 114.52512 30.680057 114.52512 30.680057 0.0 290.4
2016-10-21 15:04:52 413961306 114.525098 30.680047 114.52512 30.680057 0.0 331.7
2016-10-21 15:10:52 413961306 114.5250825050215 30.68003753084648    
2016-10-21 15:16:52 413961306 114.525067010043 30.68002806169297    
2016-10-21 15:22:52 413961306 114.5250515150646 30.68001859253945    
2016-10-21 15:28:52 413961306 114.5250360200861 30.68000912338594    
2016-10-21 15:34:52 413961306 114.5250205251076 30.67999965423242    
2016-10-21 15:40:52 413961306 114.5250050301291 30.67999018507891    
2016-10-21 15:46:52 413961306 114.5249895351507 30.67998071592539    
2016-10-21 15:52:52 413961306 114.5249740401722 30.67997124677188    
2016-10-21 15:58:52 413961306 114.5249585451937 30.67996177761836    
2016-10-21 16:04:52 413961306 114.5249430502152 30.67995230846485    
2016-10-21 16:10:52 413961306 114.5249275552367 30.67994283931133    
2016-10-21 16:14:34 413961306 114.524918 30.679937 114.5249 30.679932 0.0 83.0
2016-10-21 16:16:55 413961306 114.524933 30.679962 114.524918 30.679937 0.0 98.0
2016-10-21 16:22:55 413961306 114.5249216166008 30.67995678260869    
2016-10-21 16:28:55 413961306 114.5249102332016 30.67995156521739    
2016-10-21 16:34:55 413961306 114.5248988498024 30.67994634782609    
2016-10-21 16:40:55 413961306 114.5248874664032 30.67994113043478    
2016-10-21 16:42:13 413961306 114.524885 30.67994 114.524885 30.67994 0.0 316.3
2016-10-21 16:48:13 413961306 114.5248856703911 30.67993664804469    
2016-10-21 16:54:13 413961306 114.5248863407821 30.67993329608938    
2016-10-21 17:00:07 413961306 114.524887 30.67993 114.524842 30.679935 0.0 89.7
2016-10-21 17:03:17 413961306 114.52483 30.67993 114.524887 30.67993 0.0 296.6
2016-10-21 17:09:17 413961306 114.5248283586626 30.67993109422492    
2016-10-21 17:14:15 413961306 114.524827 30.679932 114.524827 30.679932 0.0 269.3
2016-10-21 17:20:15 413961306 114.524838181634 30.67993588926401    
2016-10-21 17:26:15 413961306 114.5248493632681 30.67993977852802    
2016-10-21 17:32:15 413961306 114.5248605449021 30.67994366779203    
2016-10-21 17:38:15 413961306 114.5248717265361 30.67994755705604    
2016-10-21 17:38:56 413961306 114.524873 30.679948 114.524873 30.679948 0.0 314.4
2016-10-21 17:44:56 413961306 114.5248780704225 30.67995307042253    
2016-10-21 17:50:46 413961306 114.524883 30.679958 114.524883 30.679958 0.0 64.5
2016-10-21 17:56:46 413961306 114.524850679558 30.67994755801105    
2016-10-21 18:02:46 413961306 114.524818359116 30.6799371160221    
2016-10-21 18:02:50 413961306 114.524818 30.679937 114.524885 30.679927 0.1 327.2
2016-10-21 18:05:47 413961306 114.524867 30.679958 114.524818 30.679937 0.1 41.8
2016-10-21 18:11:47 413961306 114.5248836757493 30.67994696457766    
2016-10-21 18:17:47 413961306 114.5249003514986 30.67993592915531    
2016-10-21 18:23:47 413961306 114.524917027248 30.67992489373297    
2016-10-21 18:29:47 413961306 114.5249337029973 30.67991385831063    
2016-10-21 18:30:15 413961306 114.524935 30.679913 114.524935 30.679913 0.0 123.4
2016-10-21 18:33:05 413961306 114.52491 30.679908 114.524935 30.679913 0.0 329.1
2016-10-21 18:39:05 413961306 114.5248957589696 30.67991462373505    
2016-10-21 18:45:05 413961306 114.5248815179393 30.6799212474701    
2016-10-21 18:51:05 413961306 114.5248672769089 30.67992787120515    
2016-10-21 18:51:12 413961306 114.524867 30.679928 114.524867 30.679928 0.0 44.7
2016-10-21 18:51:31 413961306 114.524877 30.679885 114.524867 30.679928 0.0 220.9
2016-10-21 18:54:07 413961306 114.524868 30.679928 114.524877 30.679885 0.0 36.9
2016-10-21 19:00:07 413961306 114.5248667876066 30.67991700763359    
2016-10-21 19:06:07 413961306 114.5248655752133 30.67990601526717    
2016-10-21 19:12:07 413961306 114.5248643628199 30.67989502290076    
2016-10-21 19:18:07 413961306 114.5248631504266 30.67988403053435    
2016-10-21 19:24:07 413961306 114.5248619380332 30.67987303816794    
2016-10-21 19:30:07 413961306 114.5248607256399 30.67986204580153    
2016-10-21 19:36:07 413961306 114.5248595132465 30.67985105343512    
2016-10-21 19:42:07 413961306 114.5248583008532 30.6798400610687    
2016-10-21 19:48:07 413961306 114.5248570884598 30.67982906870229    
2016-10-21 19:54:07 413961306 114.5248558760665 30.67981807633588    
2016-10-21 20:00:07 413961306 114.5248546636731 30.67980708396946    
2016-10-21 20:06:07 413961306 114.5248534512797 30.67979609160305    
2016-10-21 20:08:21 413961306 114.524853 30.679792 114.524853 30.679792 0.2 233.2
