2016-10-22 6:27:10 413803703 114.40835 30.66032 114.407323 30.659872 7.0 69.2
2016-10-22 6:27:58 413803703 114.409408 30.660658 114.40835 30.66032 7.0 72.2
2016-10-22 6:28:59 413803703 114.411542 30.661358 114.409408 30.660658 7.1 69.8
2016-10-22 06:34:59 413803703 114.4236412771084 30.66537342168674    
2016-10-22 06:40:59 413803703 114.4357405542169 30.66938884337349    
2016-10-22 6:41:26 413803703 114.436648 30.66969 114.433498 30.668487 7.0 64.8
2016-10-22 6:42:08 413803703 114.438732 30.670482 114.436648 30.66969 6.9 66.0
2016-10-22 6:44:51 413803703 114.443905 30.672422 114.438732 30.670482 7.1 66.5
2016-10-22 6:45:13 413803703 114.444985 30.672832 114.443905 30.672422 7.2 68.4
2016-10-22 6:46:33 413803703 114.447128 30.673572 114.444985 30.672832 7.2 67.2
2016-10-22 6:47:16 413803703 114.44924 30.674343 114.447128 30.673572 7.2 63.5
2016-10-22 06:53:16 413803703 114.4608154621849 30.67859795798319    
2016-10-22 6:59:10 413803703 114.472198 30.682782 114.470687 30.682098 4.9 54.8
2016-10-22 7:00:41 413803703 114.473507 30.684048 114.472198 30.682782 2.6 27.7
2016-10-22 7:01:34 413803703 114.473603 30.684348 114.473507 30.684048 2.1 10.9
2016-10-22 7:02:23 413803703 114.473512 30.684827 114.473603 30.684348 1.2 328.0
2016-10-22 7:04:40 413803703 114.47235 30.685327 114.473512 30.684827 1.9 290.1
2016-10-22 7:05:05 413803703 114.472105 30.685388 114.47235 30.685327 1.5 288.3
2016-10-22 7:08:26 413803703 114.471965 30.685478 114.472105 30.685388 0.0 316.2
2016-10-22 07:14:26 413803703 114.4720111035422 30.68559571117166    
2016-10-22 7:14:33 413803703 114.472012 30.685598 114.472012 30.685597 0.0 316.2
2016-10-22 7:17:32 413803703 114.472032 30.685622 114.472012 30.685598 0.0 316.2
2016-10-22 07:23:32 413803703 114.47204230837 30.68564499559471    
2016-10-22 07:29:32 413803703 114.4720526167401 30.68566799118943    
2016-10-22 7:32:40 413803703 114.472058 30.68568 114.472058 30.68568 0.0 316.2
2016-10-22 07:38:40 413803703 114.47206503125 30.6856940625    
2016-10-22 7:41:12 413803703 114.472068 30.6857 114.47207 30.685692 0.0 316.2
2016-10-22 7:44:30 413803703 114.47207 30.685712 114.472068 30.6857 0.0 316.2
2016-10-22 7:47:09 413803703 114.472077 30.685713 114.47207 30.685712 0.0 316.2
2016-10-22 07:53:09 413803703 114.4720804694814 30.68572357365764    
2016-10-22 07:59:09 413803703 114.4720839389628 30.68573414731528    
2016-10-22 08:05:09 413803703 114.4720874084442 30.68574472097292    
2016-10-22 08:11:09 413803703 114.4720908779257 30.68575529463056    
2016-10-22 08:17:09 413803703 114.4720943474071 30.68576586828821    
2016-10-22 08:23:09 413803703 114.4720978168885 30.68577644194585    
2016-10-22 8:23:28 413803703 114.472098 30.685777 114.472095 30.685772 0.0 316.2
2016-10-22 8:26:27 413803703 114.472103 30.685778 114.472098 30.685777 0.0 316.2
2016-10-22 8:29:29 413803703 114.4721 30.685782 114.472103 30.685778 0.0 316.2
2016-10-22 08:35:29 413803703 114.4721034662999 30.68578695185695    
2016-10-22 08:41:29 413803703 114.4721069325997 30.68579190371389    
2016-10-22 8:41:36 413803703 114.472107 30.685792 114.47211 30.685783 0.0 316.2
2016-10-22 08:47:36 413803703 114.4721094759285 30.68579843741403    
2016-10-22 08:53:36 413803703 114.4721119518569 30.68580487482806    
2016-10-22 8:53:43 413803703 114.472112 30.685805 114.47211 30.685802 0.0 316.2
2016-10-22 11:29:57 413803703 114.472112 30.685833 114.47211 30.685835 0.0 316.2
2016-10-22 11:33:20 413803703 114.47211 30.685832 114.472112 30.685833 0.0 316.2
2016-10-22 11:35:50 413803703 114.47211 30.685833 114.47211 30.685832 0.0 316.2
2016-10-22 11:39:13 413803703 114.47211 30.685832 114.47211 30.685833 0.0 316.2
2016-10-22 11:42:11 413803703 114.47211 30.685832 114.47211 30.685832 0.0 316.2
2016-10-22 11:45:37 413803703 114.47211 30.685832 114.47211 30.685832 0.0 316.2
2016-10-22 11:51:37 413803703 114.4721080165289 30.68583001652893    
2016-10-22 11:51:40 413803703 114.472108 30.68583 114.47211 30.685832 0.0 316.2
2016-10-22 11:54:16 413803703 114.472107 30.68583 114.472108 30.68583 0.0 316.2
2016-10-22 11:57:19 413803703 114.472103 30.685828 114.472107 30.68583 0.0 316.2
2016-10-22 12:03:19 413803703 114.4721024 30.685829    
2016-10-22 12:09:19 413803703 114.4721018 30.68583    
2016-10-22 12:15:19 413803703 114.4721012 30.685831    
2016-10-22 12:21:19 413803703 114.4721006 30.685832    
2016-10-22 12:27:19 413803703 114.4721 30.685833    
2016-10-22 12:27:19 413803703 114.4721 30.685833 114.472097 30.685835 0.0 316.2
2016-10-22 12:30:16 413803703 114.472093 30.685833 114.4721 30.685833 0.0 316.2
2016-10-22 12:36:16 413803703 114.472093 30.685833    
2016-10-22 12:39:15 413803703 114.472093 30.685833 114.472093 30.685837 0.0 316.2
2016-10-22 12:39:44 413803703 114.472093 30.685832 114.472093 30.685833 0.0 316.2
2016-10-22 12:45:35 413803703 114.472092 30.685838 114.472088 30.685837 0.0 316.2
2016-10-22 12:51:35 413803703 114.472090880597 30.68583889552239    
2016-10-22 12:57:35 413803703 114.472089761194 30.68583979104478    
2016-10-22 13:03:35 413803703 114.472088641791 30.68584068656716    
2016-10-22 13:09:35 413803703 114.4720875223881 30.68584158208955    
2016-10-22 13:12:23 413803703 114.472087 30.685842 114.472092 30.685838 0.0 316.2
2016-10-22 13:15:33 413803703 114.472087 30.685845 114.472087 30.685842 0.0 316.2
2016-10-22 13:18:18 413803703 114.472083 30.685855 114.472087 30.685845 0.0 316.2
2016-10-22 13:24:18 413803703 114.4718239041591 30.68566523508137    
2016-10-22 13:30:18 413803703 114.4715648083183 30.68547547016275    
2016-10-22 13:36:18 413803703 114.4713057124774 30.68528570524412    
2016-10-22 13:36:44 413803703 114.471287 30.685272 114.472077 30.685843 2.6 211.0
2016-10-22 13:39:28 413803703 114.47031 30.68323 114.471287 30.685272 1.6 221.3
2016-10-22 13:42:45 413803703 114.46975 30.682567 114.47031 30.68323 0.6 199.9
2016-10-22 17:40:11 413803703 114.470063 30.676713 114.470065 30.676713 0.0 183.1
2016-10-22 17:43:03 413803703 114.470018 30.676732 114.470063 30.676713 0.0 183.1
2016-10-22 17:46:20 413803703 114.467588 30.679125 114.470018 30.676732 3.9 1.2
2016-10-22 17:49:18 413803703 114.469727 30.682255 114.467588 30.679125 3.7 38.9
2016-10-22 17:50:05 413803703 114.470077 30.682715 114.469727 30.682255 3.6 32.0
2016-10-22 17:51:12 413803703 114.470627 30.683522 114.470077 30.682715 3.1 29.9
2016-10-22 17:51:48 413803703 114.470973 30.684265 114.470627 30.683522 2.3 15.8
2016-10-22 17:52:33 413803703 114.471093 30.684522 114.470973 30.684265 2.0 18.2
2016-10-22 17:52:54 413803703 114.471182 30.684742 114.471093 30.684522 1.5 16.5
2016-10-22 17:55:59 413803703 114.471477 30.685425 114.471182 30.684742 0.4 24.7
