2016-10-22 0:01:38 413802819 114.412647 30.659143 114.412652 30.659152 0.0 292.9 292.0
2016-10-22 0:05:29 413802819 114.41268 30.659125 114.412647 30.659143 0.0 154.7 154.0
2016-10-22 0:05:46 413802819 114.41268 30.659125 114.41268 30.659125 0.0 154.7 154.0
2016-10-22 00:11:46 413802819 114.4126732075472 30.65913200471698     
2016-10-22 00:17:46 413802819 114.4126664150943 30.65913900943396     
2016-10-22 00:23:46 413802819 114.4126596226415 30.65914601415095     
2016-10-22 00:29:46 413802819 114.4126528301887 30.65915301886793     
2016-10-22 0:34:02 413802819 114.412648 30.659158 114.412687 30.659118 0.0 349.2 349.0
2016-10-22 0:37:53 413802819 114.412648 30.65919 114.412648 30.659158 0.0 51.5 51.0
2016-10-22 00:43:53 413802819 114.4126401418827 30.65918361527967     
2016-10-22 00:49:53 413802819 114.4126322837653 30.65917723055934     
2016-10-22 0:50:06 413802819 114.412632 30.659177 114.412678 30.659138 0.0 355.0 355.0
2016-10-22 00:56:06 413802819 114.41265 30.65913828301887     
2016-10-22 01:02:06 413802819 114.412668 30.65909956603774     
2016-10-22 1:07:46 413802819 114.412685 30.659063 114.412688 30.659025 0.0 128.1 128.0
2016-10-22 01:13:46 413802819 114.4126864917127 30.65904758563536     
2016-10-22 01:19:46 413802819 114.4126879834254 30.65903217127072     
2016-10-22 1:19:50 413802819 114.412688 30.659032 114.41267 30.65907 0.1 162.2 162.0
2016-10-22 01:25:50 413802819 114.4126946276151 30.65902235983264     
2016-10-22 01:31:50 413802819 114.4127012552301 30.65901271966527     
2016-10-22 01:37:50 413802819 114.4127078828452 30.65900307949791     
2016-10-22 1:39:45 413802819 114.41271 30.659 114.412687 30.659045 0.0 81.5 81.0
2016-10-22 1:43:54 413802819 114.412702 30.659038 114.41271 30.659 0.0 314.0 314.0
2016-10-22 1:47:50 413802819 114.412683 30.659015 114.412702 30.659038 0.0 98.4 98.0
2016-10-22 1:50:05 413802819 114.412712 30.65902 114.412683 30.659015 0.0 68.5 68.0
2016-10-22 1:53:32 413802819 114.412695 30.65903 114.412712 30.65902 0.0 123.6 123.0
2016-10-22 01:59:32 413802819 114.4126920642202 30.65903733944954     
2016-10-22 02:05:32 413802819 114.4126891284404 30.65904467889908     
2016-10-22 2:09:53 413802819 114.412687 30.65905 114.412683 30.658975 0.0 318.0 318.0
2016-10-22 02:15:53 413802819 114.412687373057 30.65902388601036     
2016-10-22 02:21:53 413802819 114.412687746114 30.65899777202073     
2016-10-22 2:25:58 413802819 114.412688 30.65898 114.412693 30.659028 0.0 77.3 77.0
2016-10-22 2:30:16 413802819 114.412702 30.659043 114.412688 30.65898 0.0 208.9 208.0
2016-10-22 2:34:14 413802819 114.41269 30.658993 114.412702 30.659043 0.0 149.5 149.0
2016-10-22 02:40:14 413802819 114.4126890575916 30.6589942565445     
2016-10-22 02:46:14 413802819 114.4126881151832 30.658995513089     
2016-10-22 02:52:14 413802819 114.4126871727749 30.65899676963351     
2016-10-22 2:53:20 413802819 114.412687 30.658997 114.412705 30.659002 0.0 133.5 133.0
2016-10-22 2:57:29 413802819 114.412673 30.65895 114.412687 30.658997 0.0 134.4 134.0
2016-10-22 3:01:30 413802819 114.412692 30.658982 114.412673 30.65895 0.0 357.9 357.0
2016-10-22 3:05:42 413802819 114.4127 30.659005 114.412692 30.658982 0.0 29.8 29.0
2016-10-22 3:09:34 413802819 114.41265 30.658988 114.4127 30.659005 0.0 168.0 168.0
2016-10-22 03:15:34 413802819 114.41265 30.65898483168317     
2016-10-22 03:21:34 413802819 114.41265 30.65898166336634     
2016-10-22 3:24:43 413802819 114.41265 30.65898 114.41268 30.658962 0.0 183.0 183.0
2016-10-22 03:30:43 413802819 114.4126475510204 30.65899812244898     
2016-10-22 03:36:43 413802819 114.4126451020408 30.65901624489796     
2016-10-22 3:36:58 413802819 114.412645 30.659017 114.412653 30.65899 0.0 141.4 141.0
2016-10-22 3:41:13 413802819 114.412638 30.658945 114.412645 30.659017 0.0 163.8 163.0
2016-10-22 3:45:11 413802819 114.412705 30.658983 114.412638 30.658945 0.1 41.1 41.0
2016-10-22 3:49:08 413802819 114.412652 30.659013 114.412705 30.658983 0.0 344.4 344.0
2016-10-22 3:53:15 413802819 114.412647 30.659038 114.412652 30.659013 0.0 7.1 7.0
2016-10-22 3:57:12 413802819 114.41266 30.658997 114.412647 30.659038 0.0 145.5 145.0
2016-10-22 4:02:22 413802819 114.412672 30.659027 114.41266 30.658997 0.0 196.5 196.0
2016-10-22 4:05:28 413802819 114.412682 30.65896 114.412672 30.659027 0.0 151.3 151.0
2016-10-22 4:05:45 413802819 114.412682 30.65896 114.412682 30.65896 0.0 151.3 151.0
2016-10-22 4:09:36 413802819 114.41274 30.659017 114.412682 30.65896 0.1 34.9 34.0
2016-10-22 4:13:49 413802819 114.412633 30.659028 114.41274 30.659017 0.0 127.8 127.0
2016-10-22 4:17:49 413802819 114.412707 30.659012 114.412633 30.659028 0.0 103.7 103.0
2016-10-22 4:21:55 413802819 114.412707 30.659012 114.412707 30.659012 0.0 103.7 103.0
2016-10-22 4:25:56 413802819 114.412683 30.659048 114.412707 30.659012 0.1 340.2 340.0
2016-10-22 4:29:49 413802819 114.412665 30.659022 114.412683 30.659048 0.1 131.7 131.0
2016-10-22 4:34:05 413802819 114.412703 30.658987 114.412665 30.659022 0.0 124.6 124.0
2016-10-22 4:37:56 413802819 114.412685 30.658955 114.412703 30.658987 0.0 123.5 123.0
2016-10-22 4:41:59 413802819 114.412708 30.659025 114.412685 30.658955 0.1 334.8 334.0
2016-10-22 4:46:05 413802819 114.412708 30.659025 114.412708 30.659025 0.1 334.8 334.0
2016-10-22 4:50:19 413802819 114.412697 30.65899 114.412708 30.659025 0.1 53.4 53.0
2016-10-22 04:56:19 413802819 114.4126999875519 30.6590034439834     
2016-10-22 05:02:19 413802819 114.4127029751037 30.6590168879668     
2016-10-22 5:02:22 413802819 114.412703 30.659017 114.412703 30.659017 0.1 50.2 50.0
2016-10-22 5:06:29 413802819 114.412723 30.658975 114.412703 30.659017 0.1 1.2 1.0
2016-10-22 5:09:32 413802819 114.412702 30.658988 114.412723 30.658975 0.0 74.4 74.0
2016-10-22 5:12:47 413802819 114.412682 30.658997 114.412702 30.658988 0.0 73.0 73.0
2016-10-22 05:18:47 413802819 114.4126816392786 30.65899793787575     
2016-10-22 05:24:47 413802819 114.4126812785571 30.6589988757515     
2016-10-22 05:30:47 413802819 114.4126809178357 30.65899981362725     
2016-10-22 05:36:47 413802819 114.4126805571142 30.659000751503     
2016-10-22 05:42:47 413802819 114.4126801963928 30.65900168937875     
2016-10-22 05:48:47 413802819 114.4126798356713 30.65900262725451     
2016-10-22 05:54:47 413802819 114.4126794749499 30.65900356513026     
2016-10-22 06:00:47 413802819 114.4126791142285 30.65900450300601     
2016-10-22 06:06:47 413802819 114.412678753507 30.65900544088176     
2016-10-22 06:12:47 413802819 114.4126783927856 30.65900637875751     
2016-10-22 06:18:47 413802819 114.4126780320641 30.65900731663326     
2016-10-22 06:24:47 413802819 114.4126776713427 30.65900825450902     
2016-10-22 06:30:47 413802819 114.4126773106212 30.65900919238477     
2016-10-22 6:35:57 413802819 114.412677 30.65901 114.412663 30.658973 0.0 143.9 143.0
2016-10-22 06:41:57 413802819 114.4126750327869 30.65898639344262     
2016-10-22 06:47:57 413802819 114.4126730655738 30.65896278688524     
2016-10-22 6:48:09 413802819 114.412673 30.658962 114.412675 30.658955 0.0 18.5 18.0
2016-10-22 06:54:09 413802819 114.4126607471637 30.65895383144246     
2016-10-22 6:58:26 413802819 114.412652 30.658948 114.41269 30.658982 0.1 171.5 171.0
2016-10-22 7:02:21 413802819 114.412712 30.658935 114.412652 30.658948 0.0 60.8 60.0
2016-10-22 07:08:21 413802819 114.412709383404 30.65893870684434     
2016-10-22 07:14:21 413802819 114.412706766808 30.65894241368867     
2016-10-22 07:20:21 413802819 114.412704150212 30.65894612053301     
2016-10-22 07:26:21 413802819 114.412701533616 30.65894982737735     
2016-10-22 7:29:52 413802819 114.4127 30.658952 114.412705 30.658972 0.1 61.0 61.0
2016-10-22 07:35:52 413802819 114.4127084647303 30.65897241493776     
2016-10-22 07:41:52 413802819 114.4127169294606 30.65899282987552     
2016-10-22 7:41:55 413802819 114.412717 30.658993 114.412718 30.65888 0.1 347.6 347.0
2016-10-22 7:45:58 413802819 114.412673 30.658987 114.412717 30.658993 0.1 128.3 128.0
2016-10-22 7:50:01 413802819 114.412712 30.65899 114.412673 30.658987 0.0 85.4 85.0
2016-10-22 7:53:54 413802819 114.412698 30.658925 114.412712 30.65899 0.0 133.5 133.0
2016-10-22 7:58:03 413802819 114.412715 30.658978 114.412698 30.658925 0.0 155.3 155.0
2016-10-22 08:04:03 413802819 114.4127205737705 30.65897931147541     
2016-10-22 08:10:03 413802819 114.412726147541 30.65898062295082     
2016-10-22 08:16:03 413802819 114.4127317213115 30.65898193442623     
2016-10-22 8:16:21 413802819 114.412732 30.658982 114.41272 30.658937 0.1 123.1 123.0
2016-10-22 8:19:23 413802819 114.412717 30.65894 114.412732 30.658982 0.1 126.2 126.0
2016-10-22 08:25:23 413802819 114.4127188200202 30.6589334479272     
2016-10-22 08:31:23 413802819 114.4127206400404 30.6589268958544     
2016-10-22 8:35:52 413802819 114.412722 30.658922 114.412757 30.658933 0.0 140.5 140.0
2016-10-22 8:39:43 413802819 114.412732 30.658907 114.412722 30.658922 0.1 111.1 111.0
2016-10-22 8:43:41 413802819 114.412738 30.658932 114.412732 30.658907 0.1 115.7 115.0
2016-10-22 8:47:50 413802819 114.412722 30.658987 114.412738 30.658932 0.0 120.3 120.0
2016-10-22 08:53:50 413802819 114.412596852071 30.65893161538461     
2016-10-22 8:59:06 413802819 114.412487 30.658883 114.412487 30.658883 0.2 94.0 94.0
2016-10-22 9:02:34 413802819 114.41354 30.658967 114.412487 30.658883 0.4 128.2 128.0
2016-10-22 09:08:34 413802819 114.4135637262357 30.65895376806084     
2016-10-22 09:14:34 413802819 114.4135874524715 30.65894053612167     
2016-10-22 09:20:34 413802819 114.4136111787072 30.65892730418251     
2016-10-22 09:26:34 413802819 114.413634904943 30.65891407224334     
2016-10-22 09:32:34 413802819 114.4136586311787 30.65890084030418     
2016-10-22 09:38:34 413802819 114.4136823574144 30.65888760836502     
2016-10-22 09:44:34 413802819 114.4137060836502 30.65887437642586     
2016-10-22 09:50:34 413802819 114.4137298098859 30.65886114448669     
2016-10-22 09:56:34 413802819 114.4137535361217 30.65884791254753     
2016-10-22 10:02:34 413802819 114.4137772623574 30.65883468060836     
2016-10-22 10:08:34 413802819 114.4138009885932 30.6588214486692     
2016-10-22 10:14:34 413802819 114.4138247148289 30.65880821673004     
2016-10-22 10:20:34 413802819 114.4138484410646 30.65879498479087     
2016-10-22 10:21:28 413802819 114.413852 30.658793 114.413848 30.658808 0.0 118.2 118.0
2016-10-22 10:24:40 413802819 114.41382 30.658802 114.413852 30.658793 0.3 264.8 264.0
2016-10-22 10:27:34 413802819 114.413892 30.658823 114.41382 30.658802 0.0 33.5 33.0
2016-10-22 10:33:34 413802819 114.4133164186047 30.6589661627907     
2016-10-22 10:39:34 413802819 114.4127408372093 30.6591093255814     
2016-10-22 10:41:54 413802819 114.412517 30.659165 114.414305 30.65904 3.3 283.7 283.0
2016-10-22 10:42:26 413802819 114.411987 30.659232 114.412517 30.659165 3.1 274.5 274.0
2016-10-22 10:43:27 413802819 114.410963 30.659302 114.411987 30.659232 3.2 287.1 287.0
2016-10-22 10:47:02 413802819 114.406868 30.66036 114.410963 30.659302 3.4 268.9 268.0
2016-10-22 10:47:27 413802819 114.406317 30.660327 114.406868 30.66036 3.5 262.2 262.0
2016-10-22 10:48:10 413802819 114.405767 30.660218 114.406317 30.660327 3.1 254.6 254.0
2016-10-22 10:48:42 413802819 114.405282 30.660095 114.405767 30.660218 3.0 253.6 253.0
2016-10-22 10:49:08 413802819 114.404808 30.659972 114.405282 30.660095 3.2 254.1 254.0
2016-10-22 10:49:35 413802819 114.404265 30.659837 114.404808 30.659972 3.4 253.1 253.0
2016-10-22 10:50:16 413802819 114.403723 30.659693 114.404265 30.659837 3.4 253.0 253.0
2016-10-22 10:51:44 413802819 114.401835 30.659247 114.403723 30.659693 4.0 256.0 256.0
2016-10-22 10:52:43 413802819 114.400725 30.659008 114.401835 30.659247 3.2 249.5 249.0
2016-10-22 10:53:10 413802819 114.400258 30.658903 114.400725 30.659008 3.4 251.4 251.0
2016-10-22 10:53:32 413802819 114.399722 30.658663 114.400258 30.658903 3.9 244.9 244.0
2016-10-22 10:55:07 413802819 114.397957 30.656698 114.399722 30.658663 5.6 203.6 203.0
2016-10-22 10:57:31 413802819 114.39645 30.654412 114.397957 30.656698 2.8 224.5 224.0
2016-10-22 10:58:32 413802819 114.395657 30.653892 114.39645 30.654412 3.0 240.1 240.0
2016-10-22 11:04:32 413802819 114.3954225983773 30.65370871399594     
2016-10-22 11:10:32 413802819 114.3951881967546 30.65352542799189     
2016-10-22 11:14:58 413802819 114.395015 30.65339 114.39503 30.653348 0.1 130.0 130.0
2016-10-22 11:20:58 413802819 114.395019412666 30.65338632277835     
2016-10-22 11:26:58 413802819 114.395023825332 30.65338264555669     
2016-10-22 11:31:17 413802819 114.395027 30.65338 114.395015 30.653408 0.0 147.7 147.0
2016-10-22 11:37:17 413802819 114.3950244719101 30.65336837078652     
2016-10-22 11:43:09 413802819 114.395022 30.653357 114.39502 30.65339 0.1 139.5 139.0
2016-10-22 11:47:13 413802819 114.395013 30.653377 114.395022 30.653357 0.0 137.6 137.0
2016-10-22 11:53:13 413802819 114.3950115286104 30.6533868092643     
2016-10-22 11:59:13 413802819 114.3950100572207 30.65339661852861     
2016-10-22 11:59:27 413802819 114.39501 30.653397 114.395007 30.653388 0.1 132.3 132.0
2016-10-22 12:03:23 413802819 114.395013 30.65335 114.39501 30.653397 0.1 169.5 169.0
2016-10-22 12:03:51 413802819 114.395013 30.65335 114.395013 30.65335 0.1 169.5 169.0
2016-10-22 12:08:02 413802819 114.395 30.65336 114.395013 30.65335 0.0 165.4 165.0
2016-10-22 12:11:34 413802819 114.395008 30.653422 114.395 30.65336 0.1 177.3 177.0
2016-10-22 12:15:56 413802819 114.395 30.65338 114.395008 30.653422 0.0 115.4 115.0
2016-10-22 12:19:44 413802819 114.395015 30.65338 114.395 30.65338 0.0 342.2 342.0
2016-10-22 12:23:56 413802819 114.395005 30.653388 114.395015 30.65338 0.1 13.3 13.0
2016-10-22 12:27:50 413802819 114.395005 30.653375 114.395005 30.653388 0.0 161.4 161.0
2016-10-22 12:31:51 413802819 114.395012 30.65341 114.395005 30.653375 0.0 32.8 32.0
2016-10-22 12:35:58 413802819 114.395002 30.653425 114.395012 30.65341 0.0 146.3 146.0
2016-10-22 12:40:22 413802819 114.394752 30.65343 114.395002 30.653425 0.1 254.2 254.0
2016-10-22 12:43:00 413802819 114.394752 30.65343 114.394752 30.65343 0.1 254.2 254.0
2016-10-22 12:47:01 413802819 114.392257 30.652638 114.394752 30.65343 1.9 209.6 209.0
2016-10-22 12:50:39 413802819 114.392257 30.652638 114.392257 30.652638 1.9 209.6 209.0
2016-10-22 12:53:11 413802819 114.391813 30.651715 114.392257 30.652638 0.0 353.7 353.0
2016-10-22 12:57:10 413802819 114.391817 30.651718 114.391813 30.651715 0.0 128.5 128.0
2016-10-22 13:01:20 413802819 114.391797 30.651752 114.391817 30.651718 0.0 140.4 140.0
2016-10-22 13:05:28 413802819 114.391815 30.65172 114.391797 30.651752 0.0 147.3 147.0
2016-10-22 13:09:32 413802819 114.391798 30.651728 114.391815 30.65172 0.0 138.7 138.0
2016-10-22 13:13:35 413802819 114.391798 30.651728 114.391798 30.651728 0.0 138.7 138.0
2016-10-22 13:17:51 413802819 114.391808 30.65172 114.391798 30.651728 0.0 106.8 106.0
2016-10-22 13:21:47 413802819 114.391808 30.65172 114.391808 30.65172 0.0 106.8 106.0
2016-10-22 13:25:34 413802819 114.39182 30.651757 114.391808 30.65172 0.0 156.2 156.0
2016-10-22 13:30:00 413802819 114.39184 30.651695 114.39182 30.651757 0.0 131.6 131.0
2016-10-22 13:33:44 413802819 114.391852 30.651728 114.39184 30.651695 0.0 70.7 70.0
2016-10-22 13:37:58 413802819 114.391852 30.651727 114.391852 30.651728 0.0 103.0 103.0
2016-10-22 13:43:58 413802819 114.3918584640884 30.6517334640884     
2016-10-22 13:49:58 413802819 114.3918649281768 30.6517399281768     
2016-10-22 13:50:02 413802819 114.391865 30.65174 114.391863 30.65175 0.0 37.9 37.0
2016-10-22 13:56:02 413802819 114.3918818944099 30.65174298136646     
2016-10-22 14:02:02 413802819 114.3918987888199 30.65174596273292     
2016-10-22 14:08:02 413802819 114.3919156832298 30.65174894409938     
2016-10-22 14:14:02 413802819 114.3919325776397 30.65175192546584     
2016-10-22 14:14:11 413802819 114.391933 30.651752 114.391893 30.651728 0.0 66.1 66.0
2016-10-22 14:20:11 413802819 114.3919349459459 30.65174372972973     
2016-10-22 14:26:11 413802819 114.3919368918919 30.65173545945946     
2016-10-22 14:26:31 413802819 114.391937 30.651735 114.391903 30.651685 0.0 91.3 91.0
2016-10-22 14:30:37 413802819 114.391923 30.651727 114.391937 30.651735 0.0 108.8 108.0
2016-10-22 14:34:25 413802819 114.391927 30.651732 114.391923 30.651727 0.0 75.2 75.0
2016-10-22 14:38:49 413802819 114.391932 30.651722 114.391927 30.651732 0.0 91.5 91.0
2016-10-22 14:42:36 413802819 114.391935 30.651722 114.391932 30.651722 0.0 89.6 89.0
2016-10-22 14:47:03 413802819 114.391907 30.651727 114.391935 30.651722 0.0 110.9 110.0
2016-10-22 14:50:54 413802819 114.391937 30.651725 114.391907 30.651727 0.0 150.3 150.0
2016-10-22 14:56:54 413802819 114.3919418387097 30.65171870967742     
2016-10-22 15:02:54 413802819 114.3919466774194 30.65171241935484     
2016-10-22 15:03:18 413802819 114.391947 30.651712 114.391953 30.651723 0.0 121.8 121.0
2016-10-22 15:07:12 413802819 114.391958 30.651718 114.391947 30.651712 0.1 107.1 107.0
2016-10-22 15:13:12 413802819 114.3919464840056 30.65172500973574     
2016-10-22 15:19:11 413802819 114.391935 30.651732 114.391957 30.65172 0.1 176.4 176.0
2016-10-22 15:23:07 413802819 114.391962 30.651708 114.391935 30.651732 0.1 158.4 158.0
2016-10-22 15:29:07 413802819 114.3919627128713 30.65171156435644     
2016-10-22 15:31:32 413802819 114.391963 30.651713 114.391963 30.651713 0.1 151.3 151.0
2016-10-22 15:35:20 413802819 114.391962 30.651743 114.391963 30.651713 0.0 156.0 156.0
2016-10-22 15:41:20 413802819 114.3919733424658 30.65172573972603     
2016-10-22 15:47:20 413802819 114.3919846849315 30.65170847945205     
2016-10-22 15:47:30 413802819 114.391985 30.651708 114.391968 30.65174 0.0 152.3 152.0
2016-10-22 15:51:54 413802819 114.391933 30.65174 114.391985 30.651708 0.1 160.7 160.0
2016-10-22 15:55:33 413802819 114.391952 30.65172 114.391933 30.65174 0.0 132.3 132.0
2016-10-22 16:01:33 413802819 114.3919660602116 30.65173406021156     
2016-10-22 16:07:33 413802819 114.3919801204231 30.65174812042311     
2016-10-22 16:13:33 413802819 114.3919941806347 30.65176218063466     
2016-10-22 16:16:02 413802819 114.392 30.651768 114.39199 30.651748 0.2 125.4 125.0
2016-10-22 16:22:02 413802819 114.3914526251897 30.65182098937785     
2016-10-22 16:27:01 413802819 114.390998 30.651865 114.390998 30.651865 1.0 83.3 83.0
2016-10-22 16:31:09 413802819 114.391768 30.651793 114.390998 30.651865 0.0 110.0 110.0
2016-10-22 16:35:12 413802819 114.391762 30.651793 114.391768 30.651793 0.0 72.5 72.0
2016-10-22 16:35:43 413802819 114.39176 30.651802 114.391762 30.651793 0.0 51.9 51.0
2016-10-22 16:39:48 413802819 114.391772 30.651793 114.39176 30.651802 0.0 126.4 126.0
2016-10-22 16:45:48 413802819 114.3917769450549 30.65179398901099     
2016-10-22 16:51:48 413802819 114.3917818901099 30.65179497802198     
2016-10-22 16:51:56 413802819 114.391782 30.651795 114.391782 30.651827 0.0 128.5 128.0
2016-10-22 16:55:53 413802819 114.391772 30.651792 114.391782 30.651795 0.0 107.5 107.0
2016-10-22 17:00:14 413802819 114.39177 30.651805 114.391772 30.651792 0.0 89.4 89.0
2016-10-22 17:03:50 413802819 114.391772 30.651807 114.39177 30.651805 0.0 83.7 83.0
2016-10-22 17:08:10 413802819 114.391768 30.65181 114.391772 30.651807 0.0 89.3 89.0
2016-10-22 17:11:54 413802819 114.391768 30.651807 114.391768 30.65181 0.0 93.7 93.0
2016-10-22 17:17:54 413802819 114.3917787027027 30.65182451351351     
2016-10-22 17:23:54 413802819 114.3917894054054 30.65184202702703     
2016-10-22 17:24:14 413802819 114.39179 30.651843 114.391792 30.65184 0.0 130.3 130.0
2016-10-22 17:27:09 413802819 114.39179 30.651843 114.39179 30.651843 0.0 130.3 130.0
2016-10-22 17:30:30 413802819 114.391872 30.651928 114.39179 30.651843 0.8 164.3 164.0
2016-10-22 17:33:13 413802819 114.391855 30.651695 114.391872 30.651928 0.0 105.2 105.0
2016-10-22 17:36:25 413802819 114.391857 30.65169 114.391855 30.651695 0.0 137.8 137.0
2016-10-22 17:39:32 413802819 114.391848 30.651667 114.391857 30.65169 0.0 134.2 134.0
2016-10-22 17:45:32 413802819 114.3918525 30.651665     
2016-10-22 17:51:32 413802819 114.391857 30.651663     
2016-10-22 17:51:32 413802819 114.391857 30.651663 114.391862 30.651637 0.0 148.9 148.0
2016-10-22 17:51:47 413802819 114.391857 30.651663 114.391857 30.651663 0.0 148.9 148.0
2016-10-22 17:57:47 413802819 114.391860147541 30.65165867213114     
2016-10-22 18:03:47 413802819 114.391863295082 30.65165434426229     
2016-10-22 18:07:02 413802819 114.391865 30.651652 114.391847 30.651657 0.1 154.3 154.0
2016-10-22 18:11:05 413802819 114.391868 30.651662 114.391865 30.651652 0.1 157.4 157.0
2016-10-22 18:17:05 413802819 114.3918490263523 30.65166699306519     
2016-10-22 18:23:05 413802819 114.3918300527046 30.65167198613037     
2016-10-22 18:23:06 413802819 114.39183 30.651672 114.391848 30.65168 0.1 137.4 137.0
2016-10-22 18:27:20 413802819 114.391853 30.651675 114.39183 30.651672 0.1 159.2 159.0
2016-10-22 18:33:20 413802819 114.3919517378641 30.65181917475728     
2016-10-22 18:39:20 413802819 114.3920504757282 30.65196334951456     
2016-10-22 18:45:20 413802819 114.3921492135922 30.65210752427184     
2016-10-22 18:51:20 413802819 114.3922479514563 30.65225169902913     
2016-10-22 18:57:20 413802819 114.3923466893204 30.65239587378641     
2016-10-22 19:01:40 413802819 114.392418 30.6525 114.39225 30.65267 0.3 88.6 88.0
2016-10-22 19:07:40 413802819 114.3924985970149 30.6525408825438     
2016-10-22 19:13:40 413802819 114.3925791940298 30.6525817650876     
2016-10-22 19:19:40 413802819 114.3926597910448 30.65262264763141     
2016-10-22 19:25:40 413802819 114.3927403880597 30.65266353017521     
2016-10-22 19:27:21 413802819 114.392763 30.652675 114.392755 30.652665 0.0 90.3 90.0
2016-10-22 19:30:08 413802819 114.392765 30.652673 114.392763 30.652675 0.1 123.3 123.0
2016-10-22 19:34:15 413802819 114.392765 30.652673 114.392765 30.652673 0.0 153.1 153.0
2016-10-22 19:40:15 413802819 114.3927670588235 30.65266976470588     
2016-10-22 19:46:15 413802819 114.392769117647 30.65266652941176     
2016-10-22 19:52:15 413802819 114.3927711764706 30.65266329411765     
2016-10-22 19:54:39 413802819 114.392772 30.652662 114.392772 30.652663 0.0 74.8 74.0
2016-10-22 19:57:30 413802819 114.392788 30.652653 114.392772 30.652662 0.0 91.1 91.0
2016-10-22 20:00:50 413802819 114.392773 30.652665 114.392788 30.652653 0.0 103.0 103.0
2016-10-22 20:06:50 413802819 114.3927682714536 30.65266436952714     
2016-10-22 20:12:50 413802819 114.3927635429072 30.65266373905429     
2016-10-22 20:18:50 413802819 114.3927588143608 30.65266310858144     
2016-10-22 20:19:52 413802819 114.392758 30.652663 114.39274 30.652678 0.1 118.7 118.0
2016-10-22 20:23:56 413802819 114.392757 30.652688 114.392758 30.652663 0.0 104.8 104.0
2016-10-22 20:27:02 413802819 114.392775 30.65267 114.392757 30.652688 0.1 132.8 132.0
2016-10-22 20:33:02 413802819 114.392770494368 30.65265423028786     
2016-10-22 20:39:02 413802819 114.3927659887359 30.65263846057572     
2016-10-22 20:40:21 413802819 114.392765 30.652635 114.392757 30.652647 0.1 126.1 126.0
2016-10-22 20:44:31 413802819 114.392762 30.652645 114.392765 30.652635 0.0 132.3 132.0
2016-10-22 20:48:25 413802819 114.39274 30.652653 114.392762 30.652645 0.1 124.7 124.0
2016-10-22 20:52:23 413802819 114.392768 30.652632 114.39274 30.652653 0.2 124.0 124.0
2016-10-22 20:58:23 413802819 114.3927803626374 30.65262705494506     
2016-10-22 21:04:23 413802819 114.3927927252747 30.65262210989011     
2016-10-22 21:04:31 413802819 114.392793 30.652622 114.392785 30.652643 0.2 137.4 137.0
2016-10-22 21:10:31 413802819 114.3927897923235 30.65263063605209     
2016-10-22 21:16:31 413802819 114.392786584647 30.65263927210418     
2016-10-22 21:22:31 413802819 114.3927833769705 30.65264790815627     
2016-10-22 21:28:31 413802819 114.392780169294 30.65265654420836     
2016-10-22 21:28:50 413802819 114.39278 30.652657 114.392767 30.652675 0.1 127.8 127.0
2016-10-22 21:32:59 413802819 114.392787 30.652655 114.39278 30.652657 0.1 134.9 134.0
2016-10-22 21:38:59 413802819 114.3927843751367 30.65265473751367     
2016-10-22 21:44:59 413802819 114.3927817502734 30.65265447502734     
2016-10-22 21:50:59 413802819 114.3927791254101 30.65265421254101     
2016-10-22 21:56:59 413802819 114.3927765005468 30.65265395005468     
2016-10-22 22:02:59 413802819 114.3927738756836 30.65265368756836     
2016-10-22 22:08:59 413802819 114.3927712508203 30.65265342508203     
2016-10-22 22:14:59 413802819 114.392768625957 30.6526531625957     
2016-10-22 22:18:42 413802819 114.392767 30.652653 114.392767 30.652653 0.1 26.8 26.0
2016-10-22 22:22:49 413802819 114.392755 30.652685 114.392767 30.652653 0.1 95.4 95.0
2016-10-22 22:28:49 413802819 114.3927510655738 30.65268991803279     
2016-10-22 22:34:49 413802819 114.3927471311475 30.65269483606557     
2016-10-22 22:35:01 413802819 114.392747 30.652695 114.392752 30.652697 0.0 130.5 130.0
2016-10-22 22:38:59 413802819 114.392748 30.652688 114.392747 30.652695 0.0 121.5 121.0
2016-10-22 22:44:59 413802819 114.3927465041551 30.65268999445983     
2016-10-22 22:50:59 413802819 114.3927450083103 30.65269198891967     
2016-10-22 22:51:01 413802819 114.392745 30.652692 114.392745 30.652692 0.0 72.0 72.0
2016-10-22 22:57:01 413802819 114.3927487190083 30.65269051239669     
2016-10-22 22:59:05 413802819 114.39275 30.65269 114.392755 30.652683 0.0 93.1 93.0
2016-10-22 22:59:25 413802819 114.39275 30.65269 114.39275 30.65269 0.0 93.1 93.0
2016-10-22 23:03:25 413802819 114.392735 30.65271 114.39275 30.65269 0.0 109.2 109.0
2016-10-22 23:07:20 413802819 114.392735 30.652703 114.392735 30.65271 0.0 55.7 55.0
2016-10-22 23:13:20 413802819 114.3927370723684 30.65270122368421     
2016-10-22 23:19:20 413802819 114.3927391447368 30.65269944736842     
2016-10-22 23:25:20 413802819 114.3927412171053 30.65269767105263     
2016-10-22 23:27:36 413802819 114.392742 30.652697 114.39274 30.652683 0.0 9.4 9.0
2016-10-22 23:31:32 413802819 114.392747 30.652685 114.392742 30.652697 0.0 129.7 129.0
2016-10-22 23:37:32 413802819 114.3927525498458 30.65267575025694     
2016-10-22 23:43:32 413802819 114.3927580996917 30.65266650051388     
2016-10-22 23:47:45 413802819 114.392762 30.65266 114.392762 30.65266 0.0 154.4 154.0
2016-10-22 23:48:02 413802819 114.392762 30.65266 114.392762 30.65266 0.0 154.4 154.0
2016-10-22 23:51:58 413802819 114.392735 30.6527 114.392762 30.65266 0.0 132.2 132.0
