2016-10-21 8:11:29 413781538 114.301088 30.56831 114.301088 30.56831 0.0 0.0 
2016-10-21 8:14:15 413781538 114.301085 30.56828 114.301088 30.56831 0.0 0.0 
2016-10-21 8:14:51 413781538 114.301083 30.568285 114.301085 30.56828 0.0 352.4 
2016-10-21 8:18:00 413781538 114.301047 30.56834 114.301083 30.568285 0.0 47.7 
2016-10-21 8:29:39 413781538 114.30108 30.568273 114.301088 30.568305 0.0 0.0 
2016-10-21 8:30:22 413781538 114.301078 30.568308 114.30108 30.568273 0.0 0.0 
2016-10-21 8:34:35 413781538 114.301062 30.568315 114.301078 30.568308 0.0 0.0 
2016-10-21 9:12:05 413781538 114.301112 30.568223 114.301085 30.56828 0.0 0.0 
2016-10-21 9:17:11 413781538 114.301098 30.56826 114.301112 30.568223 0.0 0.0 
2016-10-21 9:21:10 413781538 114.301108 30.568297 114.301098 30.56826 0.0 181.8 
2016-10-21 9:24:48 413781538 114.301105 30.568272 114.301108 30.568297 0.0 0.0 
2016-10-21 9:27:28 413781538 114.30113 30.568317 114.301105 30.568272 0.0 153.7 
2016-10-21 9:49:39 413781538 114.301132 30.568262 114.301132 30.568262 0.0 149.9 
2016-10-21 9:50:13 413781538 114.30108 30.568255 114.301132 30.568262 0.0 157.2 
2016-10-21 9:52:10 413781538 114.301068 30.568317 114.30108 30.568255 0.0 131.5 
2016-10-21 10:02:51 413781538 114.301113 30.568268 114.301093 30.568282 0.0 180.8 
2016-10-21 10:36:42 413781538 114.30109 30.56827 114.301067 30.568263 0.0 178.2 
2016-10-21 10:40:16 413781538 114.301072 30.568243 114.30109 30.56827 0.0 142.8 
2016-10-21 11:17:51 413781538 114.30109 30.568277 114.301105 30.568332 0.0 186.3 
2016-10-21 11:27:10 413781538 114.301057 30.56829 114.301097 30.568283 0.0 191.7 
2016-10-21 11:27:36 413781538 114.30108 30.56828 114.301057 30.56829 0.0 0.0 
2016-10-21 11:30:52 413781538 114.301082 30.568242 114.30108 30.56828 0.0 0.0 
2016-10-21 11:35:33 413781538 114.301105 30.568268 114.301082 30.568242 0.0 207.3 
2016-10-21 12:12:32 413781538 114.30105 30.56828 114.301078 30.568253 0.0 150.2 
2016-10-21 12:23:27 413781538 114.301102 30.568307 114.301068 30.56827 0.0 180.6 
2016-10-21 12:26:57 413781538 114.301063 30.56827 114.301102 30.568307 0.0 160.9 
2016-10-21 12:29:41 413781538 114.30106 30.568282 114.301063 30.56827 0.0 0.0 
2016-10-21 12:32:44 413781538 114.30106 30.56828 114.30106 30.568282 0.0 0.0 
2016-10-21 12:34:02 413781538 114.301055 30.568268 114.30106 30.56828 0.0 168.9 
2016-10-21 12:36:03 413781538 114.301062 30.568265 114.301055 30.568268 0.0 0.0 
2016-10-21 12:37:01 413781538 114.30105 30.568263 114.301062 30.568265 0.0 0.0 
2016-10-21 12:42:11 413781538 114.301022 30.56827 114.30105 30.568263 0.0 7.0 
2016-10-21 12:43:54 413781538 114.301062 30.568308 114.301022 30.56827 0.0 0.0 
2016-10-21 12:46:12 413781538 114.301082 30.56829 114.301062 30.568308 0.0 0.0 
2016-10-21 12:47:34 413781538 114.301077 30.568297 114.301082 30.56829 0.0 0.0 
2016-10-21 12:52:04 413781538 114.30107 30.568303 114.301077 30.568297 0.0 67.3 
2016-10-21 12:54:28 413781538 114.301042 30.568282 114.30107 30.568303 0.0 82.0 
2016-10-21 13:38:32 413781538 114.301112 30.568275 114.301132 30.568277 0.0 170.0 
2016-10-21 13:47:56 413781538 114.301035 30.56825 114.301057 30.568218 0.0 78.4 
2016-10-21 13:50:25 413781538 114.30109 30.568265 114.301035 30.56825 0.1 75.0 
2016-10-21 15:39:38 413781538 114.301087 30.568312 114.301103 30.568292 0.0 0.0 
2016-10-21 15:43:30 413781538 114.301118 30.568327 114.301087 30.568312 0.0 0.0 
2016-10-21 15:45:35 413781538 114.301118 30.568312 114.301118 30.568327 0.0 0.0 
2016-10-21 15:47:38 413781538 114.301103 30.56829 114.301118 30.568312 0.0 6.5 
2016-10-21 15:49:44 413781538 114.301103 30.56829 114.301103 30.56829 0.0 6.5 
2016-10-21 15:54:24 413781538 114.301073 30.568233 114.301103 30.56829 0.0 320.1 
2016-10-21 16:12:49 413781538 114.30107 30.56831 114.301078 30.56831 0.0 317.1 
2016-10-21 16:42:44 413781538 114.30114 30.56831 114.301123 30.568323 0.0 343.4 
2016-10-21 16:53:39 413781538 114.301053 30.568318 114.301083 30.568293 0.0 0.0 
2016-10-21 16:54:17 413781538 114.301047 30.568317 114.301053 30.568318 0.0 295.1 
2016-10-21 16:56:41 413781538 114.300998 30.568325 114.301047 30.568317 0.0 0.0 
2016-10-21 17:10:43 413781538 114.301035 30.568312 114.301035 30.568312 0.0 338.1 
2016-10-21 17:11:32 413781538 114.301037 30.568302 114.301035 30.568312 0.1 336.4 
2016-10-21 17:12:12 413781538 114.301032 30.568307 114.301037 30.568302 0.0 318.0 
2016-10-21 17:15:25 413781538 114.301062 30.568322 114.301032 30.568307 0.0 0.0 
2016-10-21 17:15:54 413781538 114.301098 30.568322 114.301062 30.568322 0.0 30.1 
2016-10-21 17:23:27 413781538 114.30108 30.568312 114.301047 30.568317 0.0 218.4 
2016-10-21 17:32:49 413781538 114.30103 30.568355 114.301028 30.568365 0.0 0.0 
2016-10-21 17:33:12 413781538 114.301027 30.568355 114.30103 30.568355 0.0 20.1 
2016-10-21 17:35:07 413781538 114.301018 30.568362 114.301027 30.568355 0.0 305.8 
2016-10-21 17:36:56 413781538 114.301043 30.568365 114.301018 30.568362 0.0 9.7 
2016-10-21 17:37:11 413781538 114.30105 30.568363 114.301043 30.568365 0.0 46.2 
2016-10-21 17:38:24 413781538 114.301053 30.568355 114.30105 30.568363 0.0 36.1 
2016-10-21 17:39:03 413781538 114.30105 30.568305 114.301053 30.568355 0.0 0.0 
2016-10-21 17:41:58 413781538 114.301072 30.56834 114.30105 30.568305 0.0 20.2 
2016-10-21 17:43:32 413781538 114.301087 30.568308 114.301072 30.56834 0.0 3.6 
2016-10-21 18:03:34 413781538 114.301108 30.56835 114.301077 30.568342 0.0 0.0 
2016-10-21 18:04:44 413781538 114.301097 30.56834 114.301108 30.56835 0.0 337.9 
2016-10-21 18:07:51 413781538 114.301073 30.568295 114.301097 30.56834 0.0 320.6 
2016-10-21 18:08:43 413781538 114.301037 30.56833 114.301073 30.568295 0.0 8.8 
2016-10-21 18:08:56 413781538 114.301028 30.568327 114.301037 30.56833 0.0 41.9 
2016-10-21 18:13:30 413781538 114.301028 30.568322 114.301028 30.568327 0.0 313.3 
2016-10-21 18:14:39 413781538 114.30103 30.56828 114.301028 30.568322 0.0 4.0 
2016-10-21 18:23:03 413781538 114.301088 30.568292 114.301077 30.5683 0.0 38.3 
2016-10-21 18:23:43 413781538 114.301113 30.568265 114.301088 30.568292 0.0 0.0 
2016-10-21 18:24:16 413781538 114.301113 30.568265 114.301113 30.568265 0.0 0.0 
2016-10-21 18:26:01 413781538 114.301113 30.568265 114.301113 30.568265 0.0 0.0 
2016-10-21 18:30:05 413781538 114.301092 30.56826 114.301113 30.568265 0.0 11.4 
2016-10-21 18:34:23 413781538 114.30109 30.56825 114.301092 30.56826 0.0 195.0 
2016-10-21 18:34:39 413781538 114.301083 30.568252 114.30109 30.56825 0.0 226.0 
2016-10-21 18:37:53 413781538 114.301083 30.568252 114.301083 30.568252 0.0 226.0 
2016-10-21 18:38:25 413781538 114.301048 30.568243 114.301083 30.568252 0.0 0.0 
2016-10-21 18:43:49 413781538 114.301082 30.56824 114.301082 30.56824 0.0 33.7 
2016-10-21 18:46:48 413781538 114.301068 30.568312 114.301082 30.56824 0.0 359.0 
2016-10-21 18:49:52 413781538 114.301068 30.568312 114.301068 30.568312 0.0 359.0 
2016-10-21 18:59:09 413781538 114.30107 30.568257 114.301078 30.56825 0.0 75.5 
2016-10-21 19:03:24 413781538 114.30105 30.568235 114.30107 30.568257 0.0 74.6 
2016-10-21 19:03:59 413781538 114.301042 30.568235 114.30105 30.568235 0.0 139.1 
2016-10-21 19:17:59 413781538 114.301067 30.568252 114.301085 30.568225 0.0 258.4 
2016-10-21 19:19:59 413781538 114.301067 30.568252 114.301067 30.568252 0.0 258.4 
2016-10-21 19:22:18 413781538 114.301073 30.568267 114.301067 30.568252 0.0 0.0 
2016-10-21 20:27:35 413781538 114.301047 30.56825 114.301055 30.56827 0.0 0.0 
2016-10-21 20:29:03 413781538 114.301072 30.568218 114.301047 30.56825 0.0 24.2 
2016-10-21 20:32:38 413781538 114.301077 30.568265 114.301072 30.568218 0.0 335.1 
2016-10-21 20:34:15 413781538 114.301063 30.568238 114.301077 30.568265 0.0 320.5 
2016-10-21 20:38:15 413781538 114.301042 30.568258 114.301063 30.568238 0.0 339.9 
2016-10-21 20:48:32 413781538 114.301083 30.56823 114.301075 30.568243 0.0 81.0 
2016-10-21 21:02:40 413781538 114.301067 30.568262 114.301035 30.568273 0.0 0.0 
2016-10-21 21:03:04 413781538 114.301067 30.568262 114.301067 30.568262 0.0 0.0 
2016-10-21 21:04:33 413781538 114.30108 30.568247 114.301067 30.568262 0.0 0.0 
2016-10-21 21:07:16 413781538 114.301052 30.568253 114.30108 30.568247 0.0 203.9 
2016-10-21 21:08:50 413781538 114.301085 30.568267 114.301052 30.568253 0.0 0.0 
2016-10-21 21:09:10 413781538 114.301075 30.568265 114.301085 30.568267 0.0 202.2 
2016-10-21 21:10:54 413781538 114.301098 30.568278 114.301075 30.568265 0.0 215.9 
2016-10-21 21:31:27 413781538 114.301088 30.568247 114.3011 30.568233 0.0 206.6 
2016-10-21 21:34:54 413781538 114.301075 30.568278 114.301088 30.568247 0.0 0.0 
2016-10-21 21:35:49 413781538 114.301088 30.568285 114.301075 30.568278 0.0 308.9 
2016-10-21 21:38:46 413781538 114.3011 30.568307 114.301088 30.568285 0.0 0.0 
2016-10-21 21:53:36 413781538 114.301067 30.56828 114.301068 30.568277 0.0 0.0 
2016-10-21 22:16:12 413781538 114.30105 30.568315 114.301018 30.56832 0.0 0.0 
2016-10-21 22:17:22 413781538 114.301078 30.568345 114.30105 30.568315 0.0 137.4 
2016-10-21 22:21:29 413781538 114.301093 30.568315 114.301078 30.568345 0.0 113.5 
2016-10-21 22:23:50 413781538 114.301073 30.568312 114.301093 30.568315 0.0 0.0 
2016-10-21 22:26:38 413781538 114.30108 30.568307 114.301073 30.568312 0.0 0.0 
2016-10-21 22:42:44 413781538 114.301085 30.56827 114.301083 30.568302 0.0 0.0 
2016-10-21 22:44:32 413781538 114.301067 30.568293 114.301085 30.56827 0.0 102.1 
2016-10-21 22:46:28 413781538 114.301067 30.568293 114.301067 30.568293 0.0 102.1 
2016-10-21 22:47:19 413781538 114.30108 30.568297 114.301067 30.568293 0.0 109.8 
2016-10-21 22:48:11 413781538 114.301068 30.568288 114.30108 30.568297 0.0 107.1 
2016-10-21 22:48:51 413781538 114.301053 30.568297 114.301068 30.568288 0.0 97.6 
2016-10-21 22:49:12 413781538 114.30105 30.568298 114.301053 30.568297 0.0 94.4 
2016-10-21 22:51:33 413781538 114.30107 30.568287 114.30105 30.568298 0.0 0.0 
2016-10-21 22:51:47 413781538 114.30108 30.568295 114.30107 30.568287 0.0 0.0 
