2016-10-21 20:58:48 413763624 114.524218 30.681895 114.52517 30.681333 3.5 301.1 
2016-10-21 21:00:00 413763624 114.523215 30.682512 114.524218 30.681895 3.1 292.3 
2016-10-21 21:01:01 413763624 114.521927 30.682957 114.523215 30.682512 3.3 297.5 
2016-10-21 21:01:19 413763624 114.521705 30.683007 114.521927 30.682957 3.5 287.6 
2016-10-21 21:12:29 413763624 114.509603 30.685813 114.512987 30.685092 3.2 285.5 
2016-10-21 21:24:16 413763624 114.496517 30.687007 114.499928 30.687093 3.4 264.8 
2016-10-21 21:24:52 413763624 114.495907 30.686932 114.496517 30.687007 3.4 263.3 
2016-10-21 21:27:48 413763624 114.49302 30.686387 114.495907 30.686932 2.5 255.3 
2016-10-21 21:31:46 413763624 114.489418 30.685675 114.49302 30.686387 3.4 243.8 
2016-10-21 21:34:23 413763624 114.486682 30.684685 114.489418 30.685675 3.2 258.4 
2016-10-21 21:35:34 413763624 114.485625 30.684423 114.486682 30.684685 3.2 254.5 
2016-10-21 21:38:09 413763624 114.482972 30.683775 114.485625 30.684423 3.4 257.4 
2016-10-21 21:45:29 413763624 114.477722 30.682182 114.477722 30.682182 3.1 252.4 
2016-10-21 21:47:18 413763624 114.474537 30.681092 114.477722 30.682182 3.1 260.3 
2016-10-21 21:47:44 413763624 114.474305 30.681072 114.474537 30.681092 2.7 256.2 
2016-10-21 21:57:23 413763624 114.465465 30.678447 114.465697 30.678542 3.1 241.4 
2016-10-21 21:57:54 413763624 114.464847 30.6781 114.465465 30.678447 3.2 222.8 
2016-10-21 22:08:05 413763624 114.455528 30.676713 114.456028 30.676523 3.4 289.6 
2016-10-21 22:08:22 413763624 114.455302 30.676758 114.455528 30.676713 3.4 297.4 
2016-10-21 22:08:59 413763624 114.454755 30.676992 114.455302 30.676758 3.5 285.7 
2016-10-21 22:09:29 413763624 114.454195 30.67713 114.454755 30.676992 3.1 289.9 
2016-10-21 22:10:08 413763624 114.453435 30.677305 114.454195 30.67713 3.3 279.8 
2016-10-21 22:12:16 413763624 114.45145 30.677447 114.453435 30.677305 3.3 265.4 
2016-10-21 22:12:35 413763624 114.450897 30.677395 114.45145 30.677447 3.3 263.4 
2016-10-21 22:13:48 413763624 114.449512 30.677178 114.450897 30.677395 3.7 259.2 
2016-10-21 22:16:12 413763624 114.446925 30.677052 114.449512 30.677178 3.4 268.8 
2016-10-21 22:17:22 413763624 114.445828 30.676883 114.446925 30.677052 3.1 250.6 
2016-10-21 22:19:17 413763624 114.445642 30.676815 114.445828 30.676883 3.2 251.3 
2016-10-21 22:20:22 413763624 114.442848 30.676205 114.445642 30.676815 3.4 250.6 
2016-10-21 22:21:43 413763624 114.441595 30.67586 114.442848 30.676205 2.8 252.7 
2016-10-21 22:22:24 413763624 114.44083 30.675645 114.441595 30.67586 3.0 246.7 
2016-10-21 22:22:41 413763624 114.440592 30.675567 114.44083 30.675645 3.0 251.3 
2016-10-21 22:22:54 413763624 114.44035 30.675453 114.440592 30.675567 3.0 245.8 
2016-10-21 22:23:33 413763624 114.440055 30.675333 114.44035 30.675453 3.4 246.5 
2016-10-21 22:24:42 413763624 114.438848 30.674842 114.440055 30.675333 3.2 246.3 
2016-10-21 22:25:49 413763624 114.437712 30.674425 114.438848 30.674842 3.5 256.3 
2016-10-21 22:27:17 413763624 114.43622 30.674125 114.437712 30.674425 2.9 253.2 
2016-10-21 22:27:49 413763624 114.435662 30.673938 114.43622 30.674125 3.0 252.7 
2016-10-21 22:29:00 413763624 114.434552 30.673685 114.435662 30.673938 3.3 250.5 
2016-10-21 22:29:23 413763624 114.43406 30.673472 114.434552 30.673685 3.1 253.5 
2016-10-21 22:30:44 413763624 114.433038 30.673285 114.43406 30.673472 2.6 241.8 
2016-10-21 22:32:02 413763624 114.431998 30.672903 114.433038 30.673285 2.5 244.6 
2016-10-21 22:32:17 413763624 114.431683 30.672785 114.431998 30.672903 2.6 247.1 
2016-10-21 22:33:29 413763624 114.430838 30.672547 114.431683 30.672785 2.2 253.8 
2016-10-21 22:34:21 413763624 114.430403 30.672342 114.430838 30.672547 1.6 237.9 
2016-10-21 22:37:20 413763624 114.429398 30.671995 114.430403 30.672342 0.7 251.8 
2016-10-21 22:39:17 413763624 114.429398 30.671995 114.429398 30.671995 0.7 251.8 
2016-10-21 23:07:50 413763624 114.428978 30.671792 114.428972 30.671795 0.0 314.5 
2016-10-21 23:08:58 413763624 114.428978 30.671792 114.428978 30.671792 0.0 314.5 
2016-10-21 23:09:58 413763624 114.42898 30.671797 114.428978 30.671792 0.0 314.5 
2016-10-21 23:14:04 413763624 114.428973 30.671793 114.42898 30.671797 0.0 314.5 
2016-10-21 23:14:55 413763624 114.428973 30.671793 114.428973 30.671793 0.0 314.5 
2016-10-21 23:15:52 413763624 114.428975 30.671792 114.428973 30.671793 0.0 314.5 
2016-10-21 23:17:45 413763624 114.428975 30.671792 114.428975 30.671792 0.0 314.5 
2016-10-21 23:21:40 413763624 114.42898 30.671792 114.428975 30.671792 0.0 314.5 
2016-10-21 23:24:47 413763624 114.428987 30.671785 114.42898 30.671792 0.0 314.5 
2016-10-21 23:33:12 413763624 114.428987 30.671792 114.428987 30.671792 0.0 314.5 
2016-10-21 23:36:07 413763624 114.428972 30.671783 114.428987 30.671792 0.0 314.5 
2016-10-21 23:49:02 413763624 114.428977 30.671785 114.428978 30.671787 0.0 314.5 
2016-10-21 23:49:53 413763624 114.428977 30.671785 114.428977 30.671785 0.0 314.5 
2016-10-21 23:50:53 413763624 114.428985 30.671787 114.428977 30.671785 0.0 314.5 
2016-10-21 23:52:46 413763624 114.428985 30.671787 114.428985 30.671787 0.0 314.5 
2016-10-21 23:54:47 413763624 114.428975 30.671782 114.428985 30.671787 0.0 314.5 
2016-10-21 23:56:52 413763624 114.428975 30.671782 114.428975 30.671782 0.0 314.5 
2016-10-21 23:59:32 413763624 114.428985 30.671778 114.428975 30.671782 0.0 314.5 
