2016-10-19 22:04:53 413816574 114.508658 30.686788 114.511693 30.686228 4.9 278.8 277
2016-10-19 22:06:44 413816574 114.50528 30.687358 114.508658 30.686788 5.2 279.0 278
2016-10-19 22:07:51 413816574 114.503598 30.687485 114.50528 30.687358 5.2 276.8 276
2016-10-19 22:08:24 413816574 114.502775 30.687553 114.503598 30.687485 5.2 270.9 272
2016-10-19 22:11:57 413816574 114.497187 30.687113 114.502775 30.687553 5.0 261.7 263
2016-10-19 22:12:15 413816574 114.496423 30.687025 114.497187 30.687113 4.8 258.7 263
2016-10-19 22:12:44 413816574 114.495735 30.686957 114.496423 30.687025 4.6 262.1 262
2016-10-19 22:13:47 413816574 114.494193 30.68673 114.495735 30.686957 4.6 261.9 261
2016-10-19 22:16:27 413816574 114.490713 30.686023 114.494193 30.68673 4.3 252.3 254
2016-10-19 22:16:57 413816574 114.490043 30.685863 114.490713 30.686023 4.1 259.2 256
2016-10-19 22:22:52 413816574 114.48203 30.683415 114.484102 30.683767 4.2 262.8 262
2016-10-19 22:23:23 413816574 114.481288 30.683332 114.48203 30.683415 4.5 262.4 261
2016-10-19 22:27:47 413816574 114.475232 30.681668 114.481288 30.683332 4.3 232.0 232
2016-10-19 22:28:23 413816574 114.47466 30.681305 114.475232 30.681668 4.4 232.0 231
2016-10-19 22:28:53 413816574 114.474162 30.68091 114.47466 30.681305 4.3 233.4 232
2016-10-19 22:29:54 413816574 114.47294 30.680227 114.474162 30.68091 4.5 236.3 236
2016-10-19 22:38:28 413816574 114.461813 30.680993 114.464423 30.679237 4.8 295.3 298
2016-10-19 22:39:01 413816574 114.461097 30.681235 114.461813 30.680993 4.4 285.4 286
2016-10-19 22:39:32 413816574 114.460337 30.681282 114.461097 30.681235 5.0 270.9 270
2016-10-19 22:39:58 413816574 114.459595 30.681228 114.460337 30.681282 5.0 264.8 264
2016-10-19 22:40:26 413816574 114.458727 30.681158 114.459595 30.681228 5.0 262.0 262
2016-10-19 22:41:25 413816574 114.457283 30.681022 114.458727 30.681158 4.9 263.4 262
2016-10-19 22:41:54 413816574 114.456423 30.680937 114.457283 30.681022 4.8 262.5 262
2016-10-19 22:42:27 413816574 114.455658 30.680867 114.456423 30.680937 5.0 261.3 261
2016-10-19 22:42:56 413816574 114.454938 30.68068 114.455658 30.680867 4.8 258.4 258
2016-10-19 22:46:28 413816574 114.450077 30.678538 114.454938 30.68068 4.7 244.8 245
2016-10-19 22:47:50 413816574 114.448023 30.677942 114.450077 30.678538 4.6 249.6 249
2016-10-19 22:48:21 413816574 114.447225 30.67773 114.448023 30.677942 4.6 251.2 252
2016-10-19 22:48:50 413816574 114.446542 30.677527 114.447225 30.67773 4.6 257.7 257
2016-10-19 22:49:21 413816574 114.445865 30.677412 114.446542 30.677527 4.5 257.0 257
2016-10-19 22:49:49 413816574 114.445108 30.677255 114.445865 30.677412 4.0 256.2 256
2016-10-19 22:50:54 413816574 114.443732 30.676808 114.445108 30.677255 4.5 251.1 249
2016-10-19 22:51:22 413816574 114.443028 30.676587 114.443732 30.676808 4.6 248.1 248
2016-10-19 22:52:56 413816574 114.440885 30.67581 114.443028 30.676587 4.6 246.1 246
2016-10-19 22:53:20 413816574 114.440228 30.675567 114.440885 30.67581 4.6 254.4 254
2016-10-19 22:53:55 413816574 114.439548 30.675323 114.440228 30.675567 5.7 249.6 248
2016-10-19 22:55:19 413816574 114.437288 30.674723 114.439548 30.675323 4.8 260.9 260
2016-10-19 22:56:00 413816574 114.436355 30.674477 114.437288 30.674723 4.7 249.0 253
2016-10-19 22:56:48 413816574 114.434965 30.674087 114.436355 30.674477 5.0 254.8 255
2016-10-19 22:58:23 413816574 114.432732 30.673338 114.434965 30.674087 5.1 248.4 247
2016-10-19 22:58:45 413816574 114.431942 30.673063 114.432732 30.673338 5.2 247.0 248
2016-10-19 22:59:23 413816574 114.431185 30.67277 114.431942 30.673063 5.1 244.7 245
2016-10-19 23:04:45 413816574 114.423443 30.66856 114.424087 30.668973 5.2 230.5 230
2016-10-19 23:07:22 413816574 114.420217 30.666368 114.423443 30.66856 5.0 236.0 236
2016-10-19 23:07:56 413816574 114.419555 30.665968 114.420217 30.666368 4.9 233.9 237
2016-10-19 23:08:20 413816574 114.418822 30.665665 114.419555 30.665968 4.9 236.3 236
2016-10-19 23:08:48 413816574 114.418172 30.665355 114.418822 30.665665 4.8 247.2 245
2016-10-19 23:09:26 413816574 114.417382 30.665045 114.418172 30.665355 4.6 252.0 252
2016-10-19 23:09:50 413816574 114.416675 30.664835 114.417382 30.665045 4.7 253.1 253
2016-10-19 23:10:20 413816574 114.415965 30.66475 114.416675 30.664835 4.8 259.0 259
2016-10-19 23:10:56 413816574 114.4152 30.664592 114.415965 30.66475 4.7 255.9 254
2016-10-19 23:11:53 413816574 114.413767 30.664013 114.4152 30.664592 4.8 247.6 247
2016-10-19 23:13:56 413816574 114.410863 30.663255 114.413767 30.664013 5.2 255.9 255
2016-10-19 23:15:16 413816574 114.408607 30.662557 114.410863 30.663255 5.1 243.9 243
2016-10-19 23:15:44 413816574 114.407853 30.662285 114.408607 30.662557 5.0 243.5 243
2016-10-19 23:16:25 413816574 114.407027 30.662037 114.407853 30.662285 5.1 249.5 248
2016-10-19 23:16:52 413816574 114.406335 30.661837 114.407027 30.662037 5.2 249.3 249
2016-10-19 23:17:21 413816574 114.405595 30.661635 114.406335 30.661837 5.2 249.0 249
2016-10-19 23:17:49 413816574 114.404762 30.661318 114.405595 30.661635 5.3 250.4 251
2016-10-19 23:18:19 413816574 114.40399 30.661073 114.404762 30.661318 5.2 255.3 259
2016-10-19 23:18:59 413816574 114.403295 30.660787 114.40399 30.661073 5.1 249.8 249
2016-10-19 23:19:28 413816574 114.402528 30.660515 114.403295 30.660787 5.2 249.8 249
2016-10-19 23:19:57 413816574 114.401678 30.660225 114.402528 30.660515 5.1 244.6 244
2016-10-19 23:20:30 413816574 114.400972 30.659865 114.401678 30.660225 5.4 238.3 238
2016-10-19 23:20:54 413816574 114.400223 30.659523 114.400972 30.659865 4.3 242.4 238
2016-10-19 23:21:21 413816574 114.399928 30.65936 114.400223 30.659523 4.2 248.4 245
2016-10-19 23:22:16 413816574 114.398412 30.659247 114.399928 30.65936 3.4 285.7 285
2016-10-19 23:22:57 413816574 114.397872 30.659173 114.398412 30.659247 4.2 273.4 272
2016-10-19 23:24:21 413816574 114.39578 30.659333 114.397872 30.659173 4.8 266.2 266
2016-10-19 23:24:53 413816574 114.394968 30.659235 114.39578 30.659333 4.8 260.9 260
2016-10-19 23:25:54 413816574 114.393453 30.658757 114.394968 30.659235 5.5 243.0 244
2016-10-19 23:26:24 413816574 114.392697 30.658488 114.393453 30.658757 5.0 245.7 247
2016-10-19 23:26:54 413816574 114.391937 30.658225 114.392697 30.658488 5.2 244.0 246
2016-10-19 23:27:19 413816574 114.391207 30.657887 114.391937 30.658225 5.2 246.8 246
2016-10-19 23:27:51 413816574 114.390362 30.657607 114.391207 30.657887 5.4 247.1 245
2016-10-19 23:29:28 413816574 114.388035 30.656787 114.390362 30.657607 5.5 254.9 254
2016-10-19 23:29:58 413816574 114.387248 30.656517 114.388035 30.656787 5.3 247.8 247
2016-10-19 23:30:23 413816574 114.386445 30.65619 114.387248 30.656517 5.4 249.0 248
2016-10-19 23:30:50 413816574 114.385665 30.655925 114.386445 30.65619 5.4 244.7 244
2016-10-19 23:31:18 413816574 114.384903 30.655653 114.385665 30.655925 5.4 244.9 245
2016-10-19 23:32:00 413816574 114.384062 30.655268 114.384903 30.655653 5.5 243.8 243
2016-10-19 23:32:20 413816574 114.383318 30.654927 114.384062 30.655268 5.5 244.0 242
2016-10-19 23:32:51 413816574 114.382638 30.654545 114.383318 30.654927 5.3 241.4 241
2016-10-19 23:33:17 413816574 114.381897 30.65414 114.382638 30.654545 5.3 237.5 238
2016-10-19 23:33:55 413816574 114.381192 30.653738 114.381897 30.65414 5.3 237.0 236
2016-10-19 23:34:28 413816574 114.380463 30.653387 114.381192 30.653738 5.3 241.9 243
2016-10-19 23:35:24 413816574 114.378948 30.652652 114.380463 30.653387 5.5 243.1 243
2016-10-19 23:35:53 413816574 114.378167 30.652285 114.378948 30.652652 5.5 245.0 245
2016-10-19 23:36:55 413816574 114.376603 30.65164 114.378167 30.652285 5.5 242.8 245
2016-10-19 23:37:29 413816574 114.375783 30.651338 114.376603 30.65164 5.3 247.3 248
2016-10-19 23:37:55 413816574 114.375047 30.650993 114.375783 30.651338 5.4 236.6 238
2016-10-19 23:38:26 413816574 114.374322 30.650627 114.375047 30.650993 5.4 240.6 240
2016-10-19 23:38:51 413816574 114.373557 30.650207 114.374322 30.650627 5.4 239.9 239
2016-10-19 23:39:17 413816574 114.372795 30.649813 114.373557 30.650207 5.6 239.5 238
2016-10-19 23:40:03 413816574 114.372008 30.64938 114.372795 30.649813 5.6 237.6 237
2016-10-19 23:40:21 413816574 114.371268 30.648985 114.372008 30.64938 5.6 238.8 238
2016-10-19 23:40:48 413816574 114.370443 30.648638 114.371268 30.648985 5.6 238.5 242
2016-10-19 23:41:48 413816574 114.36899 30.647775 114.370443 30.648638 5.6 237.8 237
2016-10-19 23:42:19 413816574 114.368287 30.647298 114.36899 30.647775 5.4 233.1 231
2016-10-19 23:42:47 413816574 114.367588 30.646838 114.368287 30.647298 5.3 236.7 239
2016-10-19 23:43:17 413816574 114.366803 30.646457 114.367588 30.646838 5.5 241.4 241
2016-10-19 23:43:58 413816574 114.36605 30.646135 114.366803 30.646457 5.5 240.7 242
2016-10-19 23:44:29 413816574 114.365298 30.645748 114.36605 30.646135 5.6 240.4 239
2016-10-19 23:45:01 413816574 114.364477 30.645352 114.365298 30.645748 5.5 238.5 239
2016-10-19 23:45:16 413816574 114.363777 30.644995 114.364477 30.645352 5.5 239.4 238
2016-10-19 23:45:48 413816574 114.363008 30.64461 114.363777 30.644995 5.5 236.0 236
2016-10-19 23:46:19 413816574 114.362307 30.644123 114.363008 30.64461 5.4 231.3 230
2016-10-19 23:46:49 413816574 114.3617 30.643635 114.362307 30.644123 5.5 225.7 226
2016-10-19 23:48:00 413816574 114.360427 30.642593 114.3617 30.643635 5.5 226.7 227
2016-10-19 23:48:54 413816574 114.359117 30.641507 114.360427 30.642593 5.5 224.7 224
2016-10-19 23:49:24 413816574 114.3585 30.64095 114.359117 30.641507 5.5 222.3 222
2016-10-19 23:49:54 413816574 114.357888 30.64042 114.3585 30.64095 5.5 225.2 226
2016-10-19 23:50:21 413816574 114.357255 30.639898 114.357888 30.64042 5.7 226.1 225
2016-10-19 23:50:48 413816574 114.356573 30.639403 114.357255 30.639898 5.4 228.8 226
2016-10-19 23:51:54 413816574 114.355265 30.638388 114.356573 30.639403 5.3 229.9 229
2016-10-19 23:52:17 413816574 114.354677 30.637967 114.355265 30.638388 5.2 227.8 229
2016-10-19 23:53:28 413816574 114.353392 30.63701 114.354677 30.637967 5.1 229.0 230
2016-10-19 23:53:56 413816574 114.352815 30.63653 114.353392 30.63701 5.1 225.5 225
2016-10-19 23:54:26 413816574 114.352247 30.635992 114.352815 30.63653 5.1 220.9 220
2016-10-19 23:54:53 413816574 114.35169 30.635513 114.352247 30.635992 4.9 220.2 217
2016-10-19 23:55:20 413816574 114.351202 30.634957 114.35169 30.635513 4.5 221.5 222
2016-10-19 23:56:27 413816574 114.350567 30.63412 114.351202 30.634957 3.3 231.4 230
2016-10-19 23:56:58 413816574 114.350118 30.633843 114.350567 30.63412 3.5 240.3 241
2016-10-19 23:57:25 413816574 114.349603 30.633608 114.350118 30.633843 4.2 236.2 236
2016-10-19 23:57:52 413816574 114.349063 30.633198 114.349603 30.633608 4.0 229.6 229
2016-10-19 23:58:22 413816574 114.348557 30.632818 114.349063 30.633198 4.2 224.1 225
2016-10-19 23:58:51 413816574 114.348168 30.632382 114.348557 30.632818 4.2 222.7 222
2016-10-19 23:59:26 413816574 114.347745 30.631942 114.348168 30.632382 4.0 220.8 225
