2016-10-22 8:59:41 413766773 114.637895 30.566333 114.638367 30.566978 5.6 212.0 
2016-10-22 9:00:23 413766773 114.637432 30.565648 114.637895 30.566333 5.7 211.0 
2016-10-22 9:22:06 413766773 114.614675 30.557848 114.61871 30.557243 3.0 281.2 
2016-10-22 9:22:31 413766773 114.613958 30.557965 114.614675 30.557848 2.8 280.1 
2016-10-22 9:25:36 413766773 114.611315 30.558545 114.613958 30.557965 2.6 280.5 
2016-10-22 9:41:44 413766773 114.597062 30.559273 114.59742 30.55915 0.0 290.2 
2016-10-22 9:43:16 413766773 114.59587 30.559627 114.597062 30.559273 2.7 291.2 
2016-10-22 9:46:37 413766773 114.592923 30.560883 114.59587 30.559627 3.2 306.2 
2016-10-22 9:50:02 413766773 114.590037 30.562835 114.592923 30.560883 3.2 311.6 
2016-10-22 10:11:58 413766773 114.577413 30.57854 114.578828 30.576353 3.5 334.3 
2016-10-22 10:34:32 413766773 114.56728 30.600487 114.568682 30.597125 3.9 342.2 
2016-10-22 10:36:02 413766773 114.566693 30.602053 114.56728 30.600487 3.9 345.3 
2016-10-22 10:40:58 413766773 114.565182 30.60738 114.566693 30.602053 3.9 350.6 
2016-10-22 10:42:04 413766773 114.564977 30.608442 114.565182 30.60738 3.8 343.8 
2016-10-22 10:42:37 413766773 114.564723 30.609495 114.564977 30.608442 3.9 348.4 
2016-10-22 10:43:08 413766773 114.564578 30.61002 114.564723 30.609495 3.8 345.7 
2016-10-22 10:43:37 413766773 114.56443 30.610542 114.564578 30.61002 3.8 346.2 
2016-10-22 10:45:18 413766773 114.563953 30.612067 114.56443 30.610542 3.8 347.2 
2016-10-22 10:45:41 413766773 114.563797 30.612592 114.563953 30.612067 3.9 343.6 
2016-10-22 10:47:36 413766773 114.562865 30.614582 114.563797 30.612592 3.8 343.0 
2016-10-22 10:48:21 413766773 114.562685 30.615092 114.562865 30.614582 3.8 341.6 
2016-10-22 10:49:44 413766773 114.562128 30.61662 114.562685 30.615092 3.8 343.3 
2016-10-22 10:50:27 413766773 114.561967 30.617138 114.562128 30.61662 3.8 345.8 
2016-10-22 10:51:26 413766773 114.561597 30.618148 114.561967 30.617138 3.9 342.3 
2016-10-22 10:52:52 413766773 114.560993 30.619682 114.561597 30.618148 3.8 342.0 
2016-10-22 10:54:51 413766773 114.5603 30.621717 114.560993 30.619682 3.8 342.5 
2016-10-22 10:55:41 413766773 114.559965 30.62271 114.5603 30.621717 3.7 344.9 
2016-10-22 10:56:18 413766773 114.559823 30.62318 114.559965 30.62271 3.7 345.2 
2016-10-22 10:57:13 413766773 114.559525 30.624223 114.559823 30.62318 3.7 344.5 
2016-10-22 10:58:11 413766773 114.559247 30.625188 114.559525 30.624223 3.7 345.9 
2016-10-22 10:59:07 413766773 114.558935 30.626215 114.559247 30.625188 3.7 343.7 
2016-10-22 10:59:35 413766773 114.558768 30.626718 114.558935 30.626215 3.7 344.8 
2016-10-22 11:00:17 413766773 114.558602 30.627223 114.558768 30.626718 3.7 342.4 
2016-10-22 11:00:48 413766773 114.55841 30.627718 114.558602 30.627223 3.7 340.4 
2016-10-22 11:01:41 413766773 114.558013 30.628673 114.55841 30.627718 3.6 340.4 
2016-10-22 11:02:26 413766773 114.557818 30.629158 114.558013 30.628673 3.6 339.1 
2016-10-22 11:04:30 413766773 114.55685 30.631555 114.557818 30.629158 3.4 339.4 
2016-10-22 11:04:59 413766773 114.55669 30.631945 114.55685 30.631555 3.4 340.7 
2016-10-22 11:05:27 413766773 114.556513 30.63238 114.55669 30.631945 3.4 340.3 
2016-10-22 11:06:32 413766773 114.556158 30.633293 114.556513 30.63238 3.3 340.2 
2016-10-22 11:07:03 413766773 114.55598 30.633732 114.556158 30.633293 3.3 342.1 
2016-10-22 11:07:31 413766773 114.555835 30.634155 114.55598 30.633732 3.2 343.2 
2016-10-22 11:10:08 413766773 114.555005 30.636265 114.555835 30.634155 3.2 337.3 
2016-10-22 11:10:48 413766773 114.554803 30.636765 114.555005 30.636265 3.0 340.6 
2016-10-22 11:12:59 413766773 114.554013 30.638817 114.554803 30.636765 3.2 341.8 
2016-10-22 11:13:31 413766773 114.553843 30.639268 114.554013 30.638817 3.1 341.6 
2016-10-22 11:14:02 413766773 114.553682 30.63958 114.553843 30.639268 3.1 338.7 
2016-10-22 11:14:32 413766773 114.553505 30.640017 114.553682 30.63958 3.1 341.5 
2016-10-22 11:15:10 413766773 114.553352 30.640452 114.553505 30.640017 3.1 343.0 
2016-10-22 11:15:38 413766773 114.553198 30.640842 114.553352 30.640452 3.1 339.0 
2016-10-22 11:16:02 413766773 114.552997 30.641268 114.553198 30.640842 3.0 337.3 
2016-10-22 11:16:28 413766773 114.552825 30.641657 114.552997 30.641268 3.0 340.0 
2016-10-22 11:17:11 413766773 114.552627 30.642068 114.552825 30.641657 3.1 334.6 
2016-10-22 11:18:05 413766773 114.552282 30.642858 114.552627 30.642068 3.1 341.3 
2016-10-22 11:18:31 413766773 114.552115 30.643285 114.552282 30.642858 3.1 341.7 
2016-10-22 11:19:18 413766773 114.55196 30.643683 114.552115 30.643285 3.1 339.7 
2016-10-22 11:19:52 413766773 114.551565 30.64444 114.55196 30.643683 0.0 335.6 
2016-10-22 11:20:42 413766773 114.55134 30.644867 114.551565 30.64444 3.0 334.8 
2016-10-22 11:21:51 413766773 114.550903 30.645622 114.55134 30.644867 3.1 333.1 
2016-10-22 11:22:45 413766773 114.550395 30.646533 114.550903 30.645622 3.1 335.2 
2016-10-22 11:23:22 413766773 114.550037 30.647155 114.550395 30.646533 0.0 334.4 
2016-10-22 11:23:52 413766773 114.54982 30.647562 114.550037 30.647155 3.1 334.2 
2016-10-22 11:25:28 413766773 114.549193 30.648722 114.54982 30.647562 3.1 332.8 
2016-10-22 11:26:02 413766773 114.548973 30.649075 114.549193 30.648722 0.0 330.0 
2016-10-22 11:26:26 413766773 114.548722 30.649482 114.548973 30.649075 3.1 333.7 
2016-10-22 11:27:35 413766773 114.548313 30.650245 114.548722 30.649482 3.1 334.0 
2016-10-22 11:28:27 413766773 114.547872 30.651038 114.548313 30.650245 1.6 334.2 
2016-10-22 11:28:55 413766773 114.547785 30.651528 114.547872 30.651038 3.2 334.8 
2016-10-22 11:30:30 413766773 114.546965 30.652545 114.547785 30.651528 3.0 331.6 
2016-10-22 11:30:51 413766773 114.546762 30.652917 114.546965 30.652545 0.0 335.6 
2016-10-22 11:31:26 413766773 114.546567 30.653295 114.546762 30.652917 3.0 336.6 
2016-10-22 11:31:56 413766773 114.546388 30.653638 114.546567 30.653295 0.0 335.8 
2016-10-22 11:32:23 413766773 114.54618 30.654065 114.546388 30.653638 3.0 338.4 
2016-10-22 11:32:48 413766773 114.546007 30.654412 114.54618 30.654065 0.0 336.5 
2016-10-22 11:33:55 413766773 114.545638 30.655218 114.546007 30.654412 0.0 339.7 
2016-10-22 11:34:20 413766773 114.545447 30.655597 114.545638 30.655218 3.0 334.0 
2016-10-22 11:34:48 413766773 114.545232 30.655967 114.545447 30.655597 2.9 333.8 
2016-10-22 11:35:30 413766773 114.545028 30.656325 114.545232 30.655967 2.9 334.2 
2016-10-22 11:36:00 413766773 114.544815 30.656672 114.545028 30.656325 0.0 331.1 
2016-10-22 11:36:51 413766773 114.544447 30.6574 114.544815 30.656672 2.8 339.3 
2016-10-22 11:37:55 413766773 114.544107 30.65813 114.544447 30.6574 2.8 337.1 
2016-10-22 11:38:22 413766773 114.543925 30.658512 114.544107 30.65813 2.8 339.9 
2016-10-22 11:38:47 413766773 114.543778 30.658887 114.543925 30.658512 2.8 340.6 
2016-10-22 11:40:13 413766773 114.543285 30.65996 114.543778 30.658887 2.8 336.3 
2016-10-22 11:40:38 413766773 114.543167 30.66019 114.543285 30.65996 2.8 337.2 
2016-10-22 11:41:19 413766773 114.542943 30.660688 114.543167 30.66019 2.9 339.2 
2016-10-22 11:41:49 413766773 114.54276 30.661077 114.542943 30.660688 2.9 337.4 
2016-10-22 11:42:20 413766773 114.542583 30.661455 114.54276 30.661077 1.4 338.1 
2016-10-22 11:42:45 413766773 114.542408 30.661802 114.542583 30.661455 2.8 335.1 
2016-10-22 11:43:21 413766773 114.542243 30.662148 114.542408 30.661802 2.7 339.1 
2016-10-22 11:43:48 413766773 114.542093 30.662477 114.542243 30.662148 0.0 338.6 
2016-10-22 11:44:42 413766773 114.541765 30.663192 114.542093 30.662477 0.0 337.2 
2016-10-22 11:45:16 413766773 114.541605 30.663568 114.541765 30.663192 0.0 340.2 
2016-10-22 11:45:46 413766773 114.54147 30.663918 114.541605 30.663568 2.7 340.8 
2016-10-22 11:46:13 413766773 114.541333 30.664278 114.54147 30.663918 2.7 341.3 
2016-10-22 11:46:46 413766773 114.541207 30.664628 114.541333 30.664278 2.7 345.0 
2016-10-22 11:47:26 413766773 114.54109 30.665023 114.541207 30.664628 2.9 344.0 
2016-10-22 11:47:58 413766773 114.540943 30.665413 114.54109 30.665023 2.9 340.8 
2016-10-22 11:48:27 413766773 114.54079 30.665798 114.540943 30.665413 2.8 341.2 
2016-10-22 11:48:58 413766773 114.540637 30.666173 114.54079 30.665798 2.7 339.3 
2016-10-22 11:49:40 413766773 114.540495 30.6665 114.540637 30.666173 0.0 340.1 
2016-10-22 11:50:15 413766773 114.540163 30.667232 114.540495 30.6665 2.6 335.8 
2016-10-22 11:50:46 413766773 114.53998 30.667567 114.540163 30.667232 2.6 334.3 
2016-10-22 11:51:12 413766773 114.539805 30.667862 114.53998 30.667567 2.6 332.4 
2016-10-22 11:51:52 413766773 114.53961 30.66818 114.539805 30.667862 1.2 332.2 
2016-10-22 11:52:48 413766773 114.539233 30.66884 114.53961 30.66818 0.0 333.7 
2016-10-22 11:53:52 413766773 114.538828 30.669508 114.539233 30.66884 2.7 331.3 
2016-10-22 11:54:25 413766773 114.538612 30.669838 114.538828 30.669508 2.6 328.3 
2016-10-22 11:54:52 413766773 114.538357 30.67017 114.538612 30.669838 1.3 324.7 
2016-10-22 11:55:21 413766773 114.538113 30.670458 114.538357 30.67017 2.6 323.9 
2016-10-22 11:56:04 413766773 114.537885 30.670767 114.538113 30.670458 2.6 328.6 
2016-10-22 11:57:28 413766773 114.537145 30.671693 114.537885 30.670767 2.7 324.1 
2016-10-22 11:58:35 413766773 114.536467 30.672563 114.537145 30.671693 0.0 326.4 
2016-10-22 11:59:37 413766773 114.536217 30.672892 114.536467 30.672563 0.0 325.9 
2016-10-22 12:00:29 413766773 114.53569 30.673433 114.536217 30.672892 0.0 318.7 
2016-10-22 12:01:32 413766773 114.535108 30.673973 114.53569 30.673433 0.0 314.9 
2016-10-22 12:02:37 413766773 114.534127 30.674682 114.535108 30.673973 0.0 314.9 
2016-10-22 12:03:06 413766773 114.533818 30.674962 114.534127 30.674682 0.0 315.8 
2016-10-22 12:04:01 413766773 114.5335 30.675232 114.533818 30.674962 0.0 312.7 
2016-10-22 12:04:41 413766773 114.532818 30.675768 114.5335 30.675232 0.0 310.8 
2016-10-22 12:05:38 413766773 114.532148 30.676295 114.532818 30.675768 2.7 312.8 
2016-10-22 12:06:38 413766773 114.531517 30.676843 114.532148 30.676295 2.9 312.7 
2016-10-22 12:07:07 413766773 114.531148 30.67712 114.531517 30.676843 0.0 309.5 
2016-10-22 12:07:41 413766773 114.530775 30.677367 114.531148 30.67712 3.0 306.4 
2016-10-22 12:09:30 413766773 114.529575 30.67812 114.530775 30.677367 3.1 307.1 
2016-10-22 12:10:28 413766773 114.52879 30.678645 114.529575 30.67812 3.2 307.2 
2016-10-22 12:11:11 413766773 114.527923 30.679163 114.52879 30.678645 3.2 302.6 
2016-10-22 12:11:46 413766773 114.527505 30.679392 114.527923 30.679163 3.1 302.3 
2016-10-22 12:12:13 413766773 114.52706 30.67963 114.527505 30.679392 3.1 301.4 
2016-10-22 12:12:43 413766773 114.526653 30.679873 114.52706 30.67963 3.1 306.8 
2016-10-22 12:13:57 413766773 114.52585 30.68044 114.526653 30.679873 3.2 308.5 
2016-10-22 12:14:50 413766773 114.525037 30.680967 114.52585 30.68044 3.1 305.2 
2016-10-22 12:15:33 413766773 114.524205 30.681467 114.525037 30.680967 3.0 304.6 
2016-10-22 12:16:09 413766773 114.52379 30.681682 114.524205 30.681467 2.9 298.4 
2016-10-22 12:16:36 413766773 114.52332 30.681915 114.52379 30.681682 2.8 300.7 
2016-10-22 12:17:05 413766773 114.52301 30.682083 114.52332 30.681915 2.8 307.0 
2016-10-22 12:17:50 413766773 114.522653 30.68237 114.52301 30.682083 2.9 315.6 
2016-10-22 12:18:49 413766773 114.52186 30.682843 114.522653 30.68237 3.0 289.8 
2016-10-22 12:19:57 413766773 114.520878 30.683112 114.52186 30.682843 3.2 288.1 
2016-10-22 12:21:00 413766773 114.519905 30.683383 114.520878 30.683112 3.2 288.0 
2016-10-22 12:22:40 413766773 114.517792 30.683937 114.519905 30.683383 3.2 283.6 
2016-10-22 12:23:03 413766773 114.517423 30.68401 114.517792 30.683937 3.1 282.6 
2016-10-22 12:23:27 413766773 114.516942 30.68412 114.517423 30.68401 3.1 283.1 
2016-10-22 12:24:10 413766773 114.516473 30.684213 114.516942 30.68412 3.2 284.1 
2016-10-22 12:25:06 413766773 114.515447 30.68446 114.516473 30.684213 3.2 286.8 
2016-10-22 12:25:33 413766773 114.514952 30.684595 114.515447 30.68446 3.2 287.9 
2016-10-22 12:26:10 413766773 114.514455 30.684725 114.514952 30.684595 3.1 286.5 
2016-10-22 12:26:37 413766773 114.51396 30.684848 114.514455 30.684725 3.2 286.6 
2016-10-22 12:27:04 413766773 114.513463 30.68497 114.51396 30.684848 3.2 285.6 
2016-10-22 12:27:28 413766773 114.512982 30.68511 114.513463 30.68497 3.3 290.0 
2016-10-22 12:28:01 413766773 114.512475 30.68529 114.512982 30.68511 3.4 291.6 
2016-10-22 12:28:29 413766773 114.511968 30.685467 114.512475 30.68529 3.5 292.4 
2016-10-22 12:29:16 413766773 114.511423 30.685653 114.511968 30.685467 3.5 290.7 
2016-10-22 12:30:24 413766773 114.5098 30.686048 114.511423 30.685653 3.4 282.7 
2016-10-22 12:31:17 413766773 114.509262 30.686135 114.5098 30.686048 3.3 280.0 
2016-10-22 12:32:33 413766773 114.50781 30.686557 114.509262 30.686135 3.2 294.6 
2016-10-22 12:33:02 413766773 114.50734 30.686723 114.50781 30.686557 3.2 287.8 
2016-10-22 12:33:26 413766773 114.506793 30.686885 114.50734 30.686723 3.4 288.2 
2016-10-22 12:33:59 413766773 114.506295 30.687037 114.506793 30.686885 3.6 289.8 
2016-10-22 12:34:31 413766773 114.5057 30.687205 114.506295 30.687037 3.7 288.1 
2016-10-22 12:34:59 413766773 114.505117 30.687335 114.5057 30.687205 3.8 282.7 
2016-10-22 12:35:27 413766773 114.504545 30.687408 114.505117 30.687335 3.9 281.1 
2016-10-22 12:36:10 413766773 114.503938 30.687517 114.504545 30.687408 3.9 277.6 
2016-10-22 12:36:44 413766773 114.503305 30.687563 114.503938 30.687517 3.9 269.3 
2016-10-22 12:37:38 413766773 114.50207 30.687498 114.503305 30.687563 3.9 267.0 
2016-10-22 12:38:58 413766773 114.500183 30.687423 114.50207 30.687498 3.9 264.6 
2016-10-22 12:39:53 413766773 114.498923 30.687383 114.500183 30.687423 3.9 268.5 
2016-10-22 12:40:34 413766773 114.498273 30.687352 114.498923 30.687383 3.8 264.0 
2016-10-22 12:41:02 413766773 114.497673 30.687293 114.498273 30.687352 3.8 263.9 
2016-10-22 12:41:29 413766773 114.49706 30.687247 114.497673 30.687293 3.7 263.2 
2016-10-22 12:41:54 413766773 114.496457 30.687183 114.49706 30.687247 3.7 262.1 
2016-10-22 12:42:39 413766773 114.49586 30.6871 114.496457 30.687183 3.7 259.8 
2016-10-22 12:43:36 413766773 114.4947 30.686928 114.49586 30.6871 3.6 260.6 
2016-10-22 12:44:03 413766773 114.494117 30.686833 114.4947 30.686928 3.6 258.8 
2016-10-22 12:44:47 413766773 114.493535 30.686727 114.494117 30.686833 3.6 257.9 
2016-10-22 12:45:20 413766773 114.49241 30.686512 114.493535 30.686727 3.5 256.3 
2016-10-22 12:46:07 413766773 114.491863 30.686378 114.49241 30.686512 3.4 254.1 
2016-10-22 12:46:41 413766773 114.49102 30.686175 114.491863 30.686378 3.2 257.5 
2016-10-22 12:47:37 413766773 114.49034 30.68606 114.49102 30.686175 3.0 257.4 
2016-10-22 12:48:02 413766773 114.48987 30.685945 114.49034 30.68606 2.8 253.1 
2016-10-22 12:48:39 413766773 114.489447 30.685802 114.48987 30.685945 2.8 247.4 
2016-10-22 12:49:38 413766773 114.488623 30.685515 114.489447 30.685802 2.9 251.0 
2016-10-22 12:50:52 413766773 114.48723 30.685148 114.488623 30.685515 3.2 256.4 
2016-10-22 12:51:23 413766773 114.48667 30.685035 114.48723 30.685148 3.4 256.7 
2016-10-22 12:51:48 413766773 114.48614 30.684922 114.48667 30.685035 3.5 255.5 
2016-10-22 12:52:51 413766773 114.48504 30.684582 114.48614 30.684922 3.5 248.5 
2016-10-22 12:53:20 413766773 114.484527 30.684423 114.48504 30.684582 3.2 252.7 
2016-10-22 12:54:12 413766773 114.484052 30.684302 114.484527 30.684423 3.1 254.3 
2016-10-22 12:54:53 413766773 114.483108 30.684063 114.484052 30.684302 3.1 249.2 
2016-10-22 12:55:21 413766773 114.482638 30.683925 114.483108 30.684063 2.9 252.6 
2016-10-22 12:55:51 413766773 114.48221 30.683808 114.482638 30.683925 2.8 253.8 
2016-10-22 12:56:15 413766773 114.481763 30.683692 114.48221 30.683808 2.7 254.9 
2016-10-22 12:56:52 413766773 114.481355 30.683583 114.481763 30.683692 2.7 248.7 
2016-10-22 12:57:19 413766773 114.480955 30.68346 114.481355 30.683583 2.7 252.1 
2016-10-22 12:57:47 413766773 114.480507 30.683335 114.480955 30.68346 2.9 251.3 
2016-10-22 12:58:48 413766773 114.479713 30.683138 114.480507 30.683335 2.7 257.2 
2016-10-22 12:59:18 413766773 114.479232 30.683032 114.479713 30.683138 2.7 253.1 
2016-10-22 12:59:49 413766773 114.478768 30.6829 114.479232 30.683032 2.9 248.4 
2016-10-22 13:00:18 413766773 114.478357 30.682742 114.478768 30.6829 2.8 247.6 
2016-10-22 13:01:02 413766773 114.477937 30.682607 114.478357 30.682742 2.7 248.5 
2016-10-22 13:01:32 413766773 114.477532 30.682457 114.477937 30.682607 2.7 246.8 
2016-10-22 13:02:26 413766773 114.476735 30.682157 114.477532 30.682457 2.8 246.9 
2016-10-22 13:03:15 413766773 114.476302 30.682023 114.476735 30.682157 2.9 251.2 
2016-10-22 13:03:44 413766773 114.47545 30.68173 114.476302 30.682023 2.9 244.9 
2016-10-22 13:04:30 413766773 114.475033 30.681537 114.47545 30.68173 2.9 238.8 
2016-10-22 13:05:36 413766773 114.474232 30.681127 114.475033 30.681537 2.8 241.3 
2016-10-22 13:06:29 413766773 114.473427 30.680748 114.474232 30.681127 2.9 242.7 
2016-10-22 13:07:43 413766773 114.472587 30.680343 114.473427 30.680748 3.1 240.9 
2016-10-22 13:08:33 413766773 114.47171 30.679903 114.472587 30.680343 3.1 240.8 
2016-10-22 13:10:09 413766773 114.47 30.679107 114.47171 30.679903 3.0 242.6 
2016-10-22 13:11:15 413766773 114.469138 30.67871 114.47 30.679107 3.0 241.9 
2016-10-22 13:11:44 413766773 114.468723 30.678522 114.469138 30.67871 3.0 242.2 
2016-10-22 13:12:06 413766773 114.468275 30.678343 114.468723 30.678522 3.0 242.4 
2016-10-22 13:13:13 413766773 114.467855 30.678157 114.468275 30.678343 3.0 243.0 
2016-10-22 13:13:45 413766773 114.466993 30.677778 114.467855 30.678157 3.1 245.5 
2016-10-22 13:14:10 413766773 114.466507 30.677595 114.466993 30.677778 3.0 245.7 
2016-10-22 13:15:14 413766773 114.465598 30.677235 114.466507 30.677595 3.1 241.2 
2016-10-22 13:15:42 413766773 114.465173 30.677038 114.465598 30.677235 3.1 240.5 
2016-10-22 13:16:08 413766773 114.464733 30.676827 114.465173 30.677038 3.1 240.1 
2016-10-22 13:17:08 413766773 114.464263 30.676615 114.464733 30.676827 3.0 242.4 
2016-10-22 13:18:24 413766773 114.462923 30.676195 114.464263 30.676615 3.0 256.3 
2016-10-22 13:19:02 413766773 114.462462 30.676078 114.462923 30.676195 3.1 251.2 
2016-10-22 13:20:48 413766773 114.46052 30.675573 114.462462 30.676078 3.2 255.3 
2016-10-22 13:21:11 413766773 114.460027 30.675448 114.46052 30.675573 3.2 250.9 
2016-10-22 13:21:58 413766773 114.45956 30.675318 114.460027 30.675448 3.3 250.6 
2016-10-22 13:22:38 413766773 114.458512 30.674965 114.45956 30.675318 3.4 247.5 
2016-10-22 13:23:52 413766773 114.457498 30.674572 114.458512 30.674965 3.5 244.8 
2016-10-22 13:24:31 413766773 114.456967 30.674375 114.457498 30.674572 3.6 246.9 
2016-10-22 13:25:19 413766773 114.45593 30.673908 114.456967 30.674375 3.6 239.3 
2016-10-22 13:25:42 413766773 114.455425 30.673665 114.45593 30.673908 3.5 240.0 
2016-10-22 13:26:19 413766773 114.454948 30.673457 114.455425 30.673665 3.5 243.6 
2016-10-22 13:26:43 413766773 114.454413 30.673243 114.454948 30.673457 3.5 244.8 
2016-10-22 13:28:03 413766773 114.453397 30.672852 114.454413 30.673243 3.4 247.6 
2016-10-22 13:28:43 413766773 114.452207 30.672437 114.453397 30.672852 3.4 250.7 
2016-10-22 13:29:04 413766773 114.45184 30.672313 114.452207 30.672437 3.4 247.2 
2016-10-22 13:29:41 413766773 114.451303 30.672128 114.45184 30.672313 3.4 249.9 
2016-10-22 13:30:09 413766773 114.45078 30.671958 114.451303 30.672128 3.4 249.9 
2016-10-22 13:30:38 413766773 114.45024 30.671817 114.45078 30.671958 3.5 255.5 
2016-10-22 13:31:02 413766773 114.449698 30.671723 114.45024 30.671817 3.5 266.4 
2016-10-22 13:31:41 413766773 114.449117 30.671733 114.449698 30.671723 3.6 274.0 
2016-10-22 13:32:08 413766773 114.448553 30.671778 114.449117 30.671733 3.6 277.5 
2016-10-22 13:32:31 413766773 114.447963 30.671867 114.448553 30.671778 3.5 282.8 
2016-10-22 13:33:27 413766773 114.44741 30.672003 114.447963 30.671867 3.5 288.7 
2016-10-22 13:34:13 413766773 114.4464 30.672472 114.44741 30.672003 3.6 306.1 
2016-10-22 13:34:35 413766773 114.44596 30.672802 114.4464 30.672472 3.7 313.0 
2016-10-22 13:35:13 413766773 114.445528 30.673188 114.44596 30.672802 3.9 319.7 
2016-10-22 13:35:36 413766773 114.445185 30.67357 114.445528 30.673188 3.7 322.9 
2016-10-22 13:36:15 413766773 114.444812 30.674022 114.445185 30.67357 3.6 323.5 
2016-10-22 13:36:51 413766773 114.444468 30.674335 114.444812 30.674022 2.7 310.9 
2016-10-22 13:37:42 413766773 114.443817 30.67467 114.444468 30.674335 2.2 295.3 
2016-10-22 13:38:08 413766773 114.443477 30.674828 114.443817 30.67467 2.3 298.8 
2016-10-22 13:38:45 413766773 114.443138 30.674998 114.443477 30.674828 2.4 299.1 
2016-10-22 13:39:11 413766773 114.442777 30.675162 114.443138 30.674998 2.5 295.2 
2016-10-22 13:39:35 413766773 114.442382 30.675305 114.442777 30.675162 2.7 291.2 
2016-10-22 13:39:57 413766773 114.44198 30.675412 114.442382 30.675305 2.8 286.8 
2016-10-22 13:40:32 413766773 114.44152 30.675512 114.44198 30.675412 2.8 277.7 
2016-10-22 13:41:02 413766773 114.441107 30.67553 114.44152 30.675512 2.6 261.7 
2016-10-22 13:41:45 413766773 114.440652 30.675457 114.441107 30.67553 2.8 259.6 
2016-10-22 13:42:23 413766773 114.440203 30.675368 114.440652 30.675457 2.9 252.0 
2016-10-22 13:43:13 413766773 114.439288 30.675078 114.440203 30.675368 3.1 247.3 
2016-10-22 13:44:17 413766773 114.438308 30.674793 114.439288 30.675078 3.3 249.6 
2016-10-22 13:45:06 413766773 114.437272 30.674458 114.438308 30.674793 3.5 246.8 
2016-10-22 13:45:29 413766773 114.436775 30.674267 114.437272 30.674458 3.5 243.6 
2016-10-22 13:46:12 413766773 114.436263 30.67406 114.436775 30.674267 3.5 247.9 
2016-10-22 13:46:40 413766773 114.435452 30.673815 114.436263 30.67406 3.6 252.3 
2016-10-22 13:47:07 413766773 114.435177 30.673738 114.435452 30.673815 3.6 250.1 
2016-10-22 13:47:32 413766773 114.434668 30.673555 114.435177 30.673738 3.5 247.4 
2016-10-22 13:48:14 413766773 114.434142 30.673367 114.434668 30.673555 3.5 247.4 
2016-10-22 13:49:33 413766773 114.432578 30.672753 114.434142 30.673367 3.5 242.0 
2016-10-22 13:50:11 413766773 114.43208 30.672535 114.432578 30.672753 3.6 243.0 
2016-10-22 13:50:35 413766773 114.431587 30.67231 114.43208 30.672535 3.5 239.6 
2016-10-22 13:50:59 413766773 114.43106 30.672038 114.431587 30.67231 3.6 240.0 
2016-10-22 13:51:23 413766773 114.430567 30.671778 114.43106 30.672038 3.6 237.5 
2016-10-22 13:51:58 413766773 114.430085 30.671493 114.430567 30.671778 3.6 233.7 
2016-10-22 13:52:25 413766773 114.429638 30.671197 114.430085 30.671493 3.6 231.5 
2016-10-22 13:52:48 413766773 114.429348 30.670998 114.429638 30.671197 3.6 232.0 
2016-10-22 13:53:46 413766773 114.428758 30.67058 114.429348 30.670998 3.6 230.4 
2016-10-22 13:54:28 413766773 114.42782 30.66996 114.428758 30.67058 3.5 234.1 
2016-10-22 13:54:50 413766773 114.42736 30.66967 114.42782 30.66996 3.5 234.0 
2016-10-22 13:55:34 413766773 114.426907 30.66937 114.42736 30.66967 3.5 230.1 
2016-10-22 13:56:03 413766773 114.426492 30.669062 114.426907 30.66937 3.4 228.8 
2016-10-22 13:56:26 413766773 114.426047 30.668745 114.426492 30.669062 3.4 232.6 
2016-10-22 13:57:28 413766773 114.425167 30.66818 114.426047 30.668745 3.4 236.0 
2016-10-22 13:57:52 413766773 114.424712 30.667945 114.425167 30.66818 3.3 240.7 
2016-10-22 13:58:39 413766773 114.424228 30.667733 114.424712 30.667945 3.3 246.2 
2016-10-22 13:59:20 413766773 114.423258 30.667363 114.424228 30.667733 3.2 245.6 
2016-10-22 13:59:51 413766773 114.42278 30.667177 114.423258 30.667363 3.2 246.0 
2016-10-22 14:00:36 413766773 114.422302 30.66701 114.42278 30.667177 3.1 249.1 
2016-10-22 14:01:14 413766773 114.421835 30.666857 114.422302 30.66701 3.2 248.5 
2016-10-22 14:02:01 413766773 114.420882 30.66651 114.421835 30.666857 3.2 248.4 
2016-10-22 14:02:18 413766773 114.420378 30.666322 114.420882 30.66651 3.2 245.1 
2016-10-22 14:02:49 413766773 114.419928 30.66615 114.420378 30.666322 3.3 251.9 
2016-10-22 14:03:35 413766773 114.419395 30.665987 114.419928 30.66615 3.3 247.3 
2016-10-22 14:03:56 413766773 114.418938 30.665777 114.419395 30.665987 3.2 244.3 
2016-10-22 14:04:32 413766773 114.418472 30.665647 114.418938 30.665777 3.2 246.5 
2016-10-22 14:04:56 413766773 114.41801 30.665467 114.418472 30.665647 3.3 252.8 
2016-10-22 14:05:18 413766773 114.417458 30.665293 114.41801 30.665467 3.4 247.9 
2016-10-22 14:06:35 413766773 114.416435 30.664895 114.417458 30.665293 3.5 247.4 
2016-10-22 14:06:54 413766773 114.415922 30.664685 114.416435 30.664895 3.5 244.3 
2016-10-22 14:07:53 413766773 114.414883 30.664292 114.415922 30.664685 3.5 247.4 
2016-10-22 14:08:16 413766773 114.414373 30.664092 114.414883 30.664292 3.4 247.2 
2016-10-22 14:09:43 413766773 114.412885 30.663508 114.414373 30.664092 3.4 242.8 
2016-10-22 14:10:22 413766773 114.412352 30.663292 114.412885 30.663508 3.3 245.9 
2016-10-22 14:10:58 413766773 114.411908 30.663158 114.412352 30.663292 3.3 251.9 
2016-10-22 14:11:16 413766773 114.411348 30.662983 114.411908 30.663158 3.2 249.6 
2016-10-22 14:12:31 413766773 114.410362 30.662697 114.411348 30.662983 3.2 250.0 
2016-10-22 14:12:56 413766773 114.409885 30.662548 114.410362 30.662697 3.2 252.6 
2016-10-22 14:13:18 413766773 114.409383 30.662408 114.409885 30.662548 3.2 250.0 
2016-10-22 14:13:48 413766773 114.408907 30.662242 114.409383 30.662408 3.1 246.0 
2016-10-22 14:14:46 413766773 114.407952 30.661895 114.408907 30.662242 3.2 251.3 
2016-10-22 14:15:26 413766773 114.40746 30.661735 114.407952 30.661895 3.2 249.3 
2016-10-22 14:15:58 413766773 114.406985 30.661575 114.40746 30.661735 3.2 245.4 
2016-10-22 14:16:23 413766773 114.406517 30.661367 114.406985 30.661575 3.2 241.0 
2016-10-22 14:16:52 413766773 114.406048 30.661153 114.406517 30.661367 3.3 243.3 
2016-10-22 14:17:15 413766773 114.405577 30.660947 114.406048 30.661153 3.2 243.1 
2016-10-22 14:17:57 413766773 114.405118 30.660767 114.405577 30.660947 3.2 248.2 
2016-10-22 14:19:49 413766773 114.403307 30.66014 114.405118 30.660767 2.9 247.4 
2016-10-22 14:20:16 413766773 114.402895 30.65998 114.403307 30.66014 2.8 244.3 
2016-10-22 14:20:59 413766773 114.402463 30.659822 114.402895 30.65998 2.8 250.0 
2016-10-22 14:21:35 413766773 114.402043 30.659688 114.402463 30.659822 2.7 249.9 
2016-10-22 14:22:20 413766773 114.40121 30.659415 114.402043 30.659688 2.7 248.0 
2016-10-22 14:22:42 413766773 114.40078 30.659278 114.40121 30.659415 2.7 250.9 
2016-10-22 14:23:21 413766773 114.400402 30.659162 114.40078 30.659278 0.0 247.6 
2016-10-22 14:24:26 413766773 114.399632 30.658875 114.400402 30.659162 0.0 244.8 
2016-10-22 14:25:00 413766773 114.399243 30.65875 114.399632 30.658875 2.5 249.8 
2016-10-22 14:26:40 413766773 114.398065 30.65844 114.399243 30.65875 2.6 255.5 
2016-10-22 14:27:25 413766773 114.39724 30.65827 114.398065 30.65844 2.6 258.8 
2016-10-22 14:27:48 413766773 114.396833 30.658197 114.39724 30.65827 2.6 256.7 
2016-10-22 14:28:19 413766773 114.396427 30.65808 114.396833 30.658197 2.6 249.3 
2016-10-22 14:28:42 413766773 114.39596 30.65796 114.396427 30.65808 2.6 256.3 
2016-10-22 14:29:24 413766773 114.395598 30.657878 114.39596 30.65796 2.6 253.1 
2016-10-22 14:30:01 413766773 114.395207 30.65779 114.395598 30.657878 2.6 256.8 
2016-10-22 14:30:45 413766773 114.394308 30.657677 114.395207 30.65779 2.7 265.2 
2016-10-22 14:31:06 413766773 114.393877 30.657635 114.394308 30.657677 2.6 263.0 
2016-10-22 14:31:43 413766773 114.393587 30.657623 114.393877 30.657635 2.5 259.1 
2016-10-22 14:32:08 413766773 114.393098 30.65749 114.393587 30.657623 2.4 253.1 
2016-10-22 14:32:52 413766773 114.392693 30.657387 114.393098 30.65749 2.5 257.7 
2016-10-22 14:33:28 413766773 114.392275 30.657332 114.392693 30.657387 2.6 265.1 
2016-10-22 14:34:10 413766773 114.391377 30.657262 114.392275 30.657332 2.8 258.0 
2016-10-22 14:35:06 413766773 114.3908 30.657147 114.391377 30.657262 3.0 257.5 
2016-10-22 14:35:50 413766773 114.389963 30.656953 114.3908 30.657147 3.2 252.9 
2016-10-22 14:36:11 413766773 114.38944 30.656818 114.389963 30.656953 3.2 254.1 
2016-10-22 14:36:45 413766773 114.388927 30.656682 114.38944 30.656818 3.3 252.2 
2016-10-22 14:37:11 413766773 114.388413 30.656532 114.388927 30.656682 3.3 249.2 
2016-10-22 14:38:33 413766773 114.387432 30.656138 114.388413 30.656532 3.3 244.2 
2016-10-22 14:39:16 413766773 114.386403 30.655812 114.387432 30.656138 3.5 249.6 
2016-10-22 14:40:10 413766773 114.385318 30.65544 114.386403 30.655812 3.6 244.9 
2016-10-22 14:40:36 413766773 114.384798 30.655202 114.385318 30.65544 3.6 243.1 
2016-10-22 14:41:17 413766773 114.384282 30.654958 114.384798 30.655202 3.6 239.9 
2016-10-22 14:41:54 413766773 114.383823 30.654725 114.384282 30.654958 3.6 237.7 
2016-10-22 14:42:43 413766773 114.38281 30.654152 114.383823 30.654725 3.7 237.2 
2016-10-22 14:43:09 413766773 114.382305 30.653877 114.38281 30.654152 3.6 237.2 
2016-10-22 14:43:42 413766773 114.381805 30.653597 114.382305 30.653877 3.6 236.6 
2016-10-22 14:44:08 413766773 114.381313 30.653308 114.381805 30.653597 3.6 235.8 
2016-10-22 14:44:52 413766773 114.380837 30.653028 114.381313 30.653308 3.6 235.7 
2016-10-22 14:45:30 413766773 114.380347 30.652738 114.380837 30.653028 3.7 235.7 
2016-10-22 14:46:18 413766773 114.379372 30.652147 114.380347 30.652738 3.6 235.0 
2016-10-22 14:46:41 413766773 114.378893 30.65186 114.379372 30.652147 3.6 235.6 
2016-10-22 14:48:14 413766773 114.37754 30.651033 114.378893 30.65186 3.3 234.3 
2016-10-22 14:48:46 413766773 114.37713 30.650773 114.37754 30.651033 3.1 231.6 
2016-10-22 14:49:08 413766773 114.376708 30.650573 114.37713 30.650773 2.8 252.9 
2016-10-22 14:49:47 413766773 114.376277 30.650495 114.376708 30.650573 2.6 260.1 
2016-10-22 14:50:18 413766773 114.375858 30.650457 114.376277 30.650495 2.6 265.4 
2016-10-22 14:50:40 413766773 114.375465 30.650407 114.375858 30.650457 2.7 259.6 
2016-10-22 14:51:00 413766773 114.375003 30.650303 114.375465 30.650407 3.0 254.6 
2016-10-22 14:51:53 413766773 114.374505 30.650172 114.375003 30.650303 3.2 249.7 
2016-10-22 14:52:33 413766773 114.37352 30.649808 114.374505 30.650172 3.6 245.2 
2016-10-22 14:52:59 413766773 114.37323 30.649698 114.37352 30.649808 3.7 245.9 
2016-10-22 14:53:32 413766773 114.372445 30.649327 114.37323 30.649698 3.8 239.4 
2016-10-22 14:54:16 413766773 114.371892 30.649035 114.372445 30.649327 3.9 238.8 
2016-10-22 14:54:36 413766773 114.371342 30.648755 114.371892 30.649035 4.0 240.5 
2016-10-22 14:55:09 413766773 114.37079 30.6485 114.371342 30.648755 4.0 243.8 
2016-10-22 14:55:33 413766773 114.370222 30.648227 114.37079 30.6485 4.0 238.9 
2016-10-22 14:56:09 413766773 114.369653 30.647913 114.370222 30.648227 4.0 235.8 
2016-10-22 14:56:43 413766773 114.369137 30.647602 114.369653 30.647913 4.0 235.2 
2016-10-22 14:57:04 413766773 114.368598 30.647283 114.369137 30.647602 4.0 235.6 
2016-10-22 14:57:42 413766773 114.368092 30.647002 114.368598 30.647283 4.0 238.3 
2016-10-22 14:58:17 413766773 114.367553 30.646677 114.368092 30.647002 3.9 235.8 
2016-10-22 14:58:39 413766773 114.36706 30.646405 114.367553 30.646677 3.9 237.3 
2016-10-22 14:59:04 413766773 114.366507 30.64609 114.36706 30.646405 3.8 235.6 
2016-10-22 14:59:30 413766773 114.366017 30.645768 114.366507 30.64609 3.8 233.1 
2016-10-22 15:00:04 413766773 114.365532 30.645448 114.366017 30.645768 3.7 233.5 
2016-10-22 15:00:44 413766773 114.365043 30.645143 114.365532 30.645448 3.7 233.2 
2016-10-22 15:01:04 413766773 114.364582 30.644847 114.365043 30.645143 3.7 234.1 
2016-10-22 15:01:42 413766773 114.364215 30.644613 114.364582 30.644847 3.6 235.0 
2016-10-22 15:02:08 413766773 114.363708 30.644332 114.364215 30.644613 3.5 234.7 
2016-10-22 15:02:29 413766773 114.36323 30.644038 114.363708 30.644332 3.5 234.4 
2016-10-22 15:03:25 413766773 114.362802 30.643767 114.36323 30.644038 3.5 230.9 
2016-10-22 15:04:08 413766773 114.361905 30.64313 114.362802 30.643767 3.5 232.1 
2016-10-22 15:04:30 413766773 114.361475 30.64285 114.361905 30.64313 3.6 233.7 
2016-10-22 15:05:07 413766773 114.36096 30.642545 114.361475 30.64285 3.6 234.5 
2016-10-22 15:05:32 413766773 114.360475 30.642243 114.36096 30.642545 3.7 232.4 
2016-10-22 15:05:59 413766773 114.360013 30.641912 114.360475 30.642243 3.7 228.8 
2016-10-22 15:06:57 413766773 114.3591 30.6413 114.360013 30.641912 3.8 229.4 
2016-10-22 15:07:44 413766773 114.358663 30.640957 114.3591 30.6413 3.8 227.7 
2016-10-22 15:08:08 413766773 114.358182 30.6406 114.358663 30.640957 3.8 229.2 
2016-10-22 15:08:43 413766773 114.357712 30.640242 114.358182 30.6406 3.8 228.1 
2016-10-22 15:09:03 413766773 114.357257 30.639892 114.357712 30.640242 3.8 228.9 
2016-10-22 15:09:22 413766773 114.356797 30.639542 114.357257 30.639892 3.9 229.5 
2016-10-22 15:10:17 413766773 114.356343 30.639142 114.356797 30.639542 3.8 221.4 
2016-10-22 15:11:07 413766773 114.355568 30.63832 114.356343 30.639142 3.8 215.7 
2016-10-22 15:11:28 413766773 114.3552 30.637885 114.355568 30.63832 3.8 218.0 
2016-10-22 15:12:04 413766773 114.354795 30.637457 114.3552 30.637885 3.8 220.4 
2016-10-22 15:12:33 413766773 114.35441 30.637065 114.354795 30.637457 3.8 220.0 
2016-10-22 15:12:54 413766773 114.35403 30.636682 114.35441 30.637065 3.7 221.0 
2016-10-22 15:13:52 413766773 114.353638 30.63631 114.35403 30.636682 0.0 223.4 
2016-10-22 15:14:38 413766773 114.352897 30.635615 114.353638 30.63631 3.2 219.7 
2016-10-22 15:14:57 413766773 114.352593 30.63529 114.352897 30.635615 3.2 217.7 
2016-10-22 15:15:38 413766773 114.352268 30.63491 114.352593 30.63529 0.0 218.9 
2016-10-22 15:16:02 413766773 114.351897 30.63456 114.352268 30.63491 3.4 224.3 
2016-10-22 15:16:24 413766773 114.351495 30.63424 114.351897 30.63456 3.5 229.7 
2016-10-22 15:16:49 413766773 114.351117 30.63394 114.351495 30.63424 3.5 226.2 
2016-10-22 15:17:28 413766773 114.35068 30.633575 114.351117 30.63394 3.4 225.5 
2016-10-22 15:17:54 413766773 114.350312 30.63325 114.35068 30.633575 3.1 224.8 
2016-10-22 15:18:38 413766773 114.349997 30.63297 114.350312 30.63325 0.0 223.3 
2016-10-22 15:19:21 413766773 114.349665 30.632667 114.349997 30.63297 0.0 222.0 
2016-10-22 15:20:11 413766773 114.348973 30.632072 114.349665 30.632667 2.8 228.5 
2016-10-22 15:21:07 413766773 114.348302 30.631537 114.348973 30.632072 2.8 228.6 
2016-10-22 15:21:31 413766773 114.347958 30.631278 114.348302 30.631537 0.0 230.5 
2016-10-22 15:21:54 413766773 114.347583 30.630992 114.347958 30.631278 3.0 226.8 
2016-10-22 15:22:46 413766773 114.346923 30.630405 114.347583 30.630992 3.1 222.5 
2016-10-22 15:23:32 413766773 114.346555 30.630082 114.346923 30.630405 3.1 223.8 
2016-10-22 15:23:50 413766773 114.34622 30.629788 114.346555 30.630082 0.0 224.4 
2016-10-22 15:24:19 413766773 114.345825 30.629453 114.34622 30.629788 0.0 226.7 
2016-10-22 15:25:01 413766773 114.345487 30.629147 114.345825 30.629453 1.5 223.6 
2016-10-22 15:25:20 413766773 114.34515 30.628815 114.345487 30.629147 1.5 220.5 
2016-10-22 15:25:55 413766773 114.344805 30.628495 114.34515 30.628815 3.1 226.5 
2016-10-22 15:26:19 413766773 114.344475 30.628207 114.344805 30.628495 3.1 224.1 
2016-10-22 15:26:59 413766773 114.344107 30.627883 114.344475 30.628207 3.0 225.4 
2016-10-22 15:27:37 413766773 114.343778 30.627623 114.344107 30.627883 2.9 229.2 
2016-10-22 15:28:00 413766773 114.343402 30.62734 114.343778 30.627623 2.8 227.5 
2016-10-22 15:28:20 413766773 114.343077 30.627068 114.343402 30.62734 2.7 225.2 
2016-10-22 15:29:22 413766773 114.342398 30.626608 114.343077 30.627068 0.0 235.9 
2016-10-22 15:29:50 413766773 114.342015 30.626408 114.342398 30.626608 2.7 240.8 
2016-10-22 15:30:34 413766773 114.341608 30.626207 114.342015 30.626408 2.8 234.4 
2016-10-22 15:31:14 413766773 114.34127 30.625955 114.341608 30.626207 2.8 226.4 
2016-10-22 15:32:02 413766773 114.340622 30.62543 114.34127 30.625955 2.8 228.9 
2016-10-22 15:32:23 413766773 114.340275 30.625185 114.340622 30.62543 2.8 229.6 
2016-10-22 15:33:00 413766773 114.339883 30.624943 114.340275 30.625185 0.0 236.3 
2016-10-22 15:33:26 413766773 114.339488 30.624742 114.339883 30.624943 2.9 240.4 
2016-10-22 15:33:47 413766773 114.339072 30.624533 114.339488 30.624742 3.0 238.3 
2016-10-22 15:34:39 413766773 114.338677 30.624328 114.339072 30.624533 2.9 240.7 
2016-10-22 15:35:28 413766773 114.337853 30.623918 114.338677 30.624328 2.8 239.9 
2016-10-22 15:35:49 413766773 114.337488 30.623718 114.337853 30.623918 0.0 236.7 
2016-10-22 15:36:25 413766773 114.3371 30.623498 114.337488 30.623718 2.8 237.7 
2016-10-22 15:36:46 413766773 114.33668 30.623288 114.3371 30.623498 2.9 240.6 
2016-10-22 15:37:30 413766773 114.336265 30.623118 114.33668 30.623288 2.9 245.6 
2016-10-22 15:38:14 413766773 114.335837 30.622938 114.336265 30.623118 2.9 243.6 
2016-10-22 15:39:04 413766773 114.33499 30.622545 114.335837 30.622938 2.8 239.7 
2016-10-22 15:39:59 413766773 114.334262 30.622157 114.33499 30.622545 0.0 237.0 
2016-10-22 15:40:24 413766773 114.333838 30.62189 114.334262 30.622157 2.9 237.1 
2016-10-22 15:40:48 413766773 114.33344 30.621668 114.333838 30.62189 2.9 237.5 
2016-10-22 15:41:42 413766773 114.332722 30.621168 114.33344 30.621668 2.9 229.1 
2016-10-22 15:42:25 413766773 114.332362 30.620878 114.332722 30.621168 2.9 225.1 
2016-10-22 15:42:46 413766773 114.332053 30.620613 114.332362 30.620878 0.0 226.3 
2016-10-22 15:43:14 413766773 114.331695 30.620267 114.332053 30.620613 3.0 220.3 
2016-10-22 15:43:40 413766773 114.331385 30.619955 114.331695 30.620267 3.0 220.1 
2016-10-22 15:44:25 413766773 114.331068 30.619573 114.331385 30.619955 3.0 220.4 
2016-10-22 15:45:00 413766773 114.330773 30.619263 114.331068 30.619573 0.0 221.2 
2016-10-22 15:45:26 413766773 114.330443 30.618937 114.330773 30.619263 0.0 220.7 
2016-10-22 15:45:45 413766773 114.330108 30.618608 114.330443 30.618937 0.0 222.2 
2016-10-22 15:46:32 413766773 114.329773 30.618278 114.330108 30.618608 0.0 219.9 
2016-10-22 15:46:54 413766773 114.32936 30.617848 114.329773 30.618278 3.0 222.6 
2016-10-22 15:47:18 413766773 114.32914 30.617635 114.32936 30.617848 0.0 220.4 
2016-10-22 15:48:16 413766773 114.32846 30.617005 114.32914 30.617635 0.0 221.1 
2016-10-22 15:48:43 413766773 114.328158 30.616685 114.32846 30.617005 0.0 217.5 
2016-10-22 15:49:30 413766773 114.32785 30.616367 114.328158 30.616685 0.0 219.8 
2016-10-22 15:50:14 413766773 114.327182 30.615685 114.32785 30.616367 3.1 220.9 
2016-10-22 15:50:42 413766773 114.32686 30.615352 114.327182 30.615685 3.1 217.9 
2016-10-22 15:51:29 413766773 114.32659 30.615057 114.32686 30.615352 0.0 219.2 
2016-10-22 15:52:06 413766773 114.326268 30.614713 114.32659 30.615057 0.0 219.1 
2016-10-22 15:52:59 413766773 114.32555 30.61379 114.326268 30.614713 3.2 208.8 
2016-10-22 15:54:00 413766773 114.325155 30.613193 114.32555 30.61379 3.2 212.5 
2016-10-22 15:54:47 413766773 114.324658 30.612395 114.325155 30.613193 3.2 206.7 
2016-10-22 15:55:07 413766773 114.324382 30.611997 114.324658 30.612395 3.2 212.2 
2016-10-22 15:55:42 413766773 114.32409 30.61162 114.324382 30.611997 0.0 215.0 
2016-10-22 15:56:08 413766773 114.323815 30.611245 114.32409 30.61162 3.3 211.3 
2016-10-22 15:56:49 413766773 114.323522 30.610838 114.323815 30.611245 3.3 212.6 
2016-10-22 15:57:26 413766773 114.32322 30.610453 114.323522 30.610838 3.3 215.2 
2016-10-22 15:58:15 413766773 114.322613 30.609702 114.32322 30.610453 3.3 210.4 
2016-10-22 15:58:35 413766773 114.322337 30.609327 114.322613 30.609702 3.2 214.1 
2016-10-22 15:59:12 413766773 114.322028 30.608952 114.322337 30.609327 3.3 217.2 
2016-10-22 15:59:40 413766773 114.32169 30.608575 114.322028 30.608952 3.3 218.7 
2016-10-22 16:00:29 413766773 114.321393 30.608245 114.32169 30.608575 1.6 218.8 
2016-10-22 16:01:59 413766773 114.32035 30.607145 114.321393 30.608245 3.3 219.5 
2016-10-22 16:02:56 413766773 114.319693 30.606452 114.32035 30.607145 1.6 221.3 
2016-10-22 16:03:37 413766773 114.31894 30.605737 114.319693 30.606452 3.4 224.0 
2016-10-22 16:04:37 413766773 114.3182 30.605065 114.31894 30.605737 3.3 221.9 
2016-10-22 16:05:03 413766773 114.317857 30.60471 114.3182 30.605065 3.2 218.7 
2016-10-22 16:05:45 413766773 114.317548 30.604358 114.317857 30.60471 3.3 216.3 
2016-10-22 16:06:17 413766773 114.317247 30.604003 114.317548 30.604358 0.0 215.8 
2016-10-22 16:06:40 413766773 114.31692 30.603623 114.317247 30.604003 3.3 216.9 
2016-10-22 16:07:05 413766773 114.3166 30.603257 114.31692 30.603623 3.3 218.4 
2016-10-22 16:08:02 413766773 114.316283 30.602892 114.3166 30.603257 3.2 214.7 
2016-10-22 16:08:52 413766773 114.315672 30.602177 114.316283 30.602892 3.2 216.5 
2016-10-22 16:09:48 413766773 114.315082 30.601493 114.315672 30.602177 0.0 216.5 
2016-10-22 16:10:14 413766773 114.314733 30.601092 114.315082 30.601493 0.0 218.4 
2016-10-22 16:10:34 413766773 114.314395 30.600718 114.314733 30.601092 3.3 218.4 
2016-10-22 16:10:57 413766773 114.314177 30.600475 114.314395 30.600718 0.0 218.8 
2016-10-22 16:11:35 413766773 114.313745 30.59998 114.314177 30.600475 3.3 219.3 
2016-10-22 16:12:00 413766773 114.313393 30.599623 114.313745 30.59998 3.4 221.3 
2016-10-22 16:12:35 413766773 114.313042 30.599262 114.313393 30.599623 3.3 219.1 
2016-10-22 16:13:10 413766773 114.31273 30.598933 114.313042 30.599262 0.0 219.7 
2016-10-22 16:13:35 413766773 114.312363 30.59853 114.31273 30.598933 1.6 216.3 
2016-10-22 16:14:01 413766773 114.312035 30.59817 114.312363 30.59853 3.3 217.8 
2016-10-22 16:15:01 413766773 114.311377 30.59746 114.312035 30.59817 3.3 217.6 
2016-10-22 16:15:49 413766773 114.311048 30.59709 114.311377 30.59746 0.0 218.1 
2016-10-22 16:16:10 413766773 114.31071 30.596725 114.311048 30.59709 3.4 219.5 
2016-10-22 16:16:43 413766773 114.310358 30.59636 114.31071 30.596725 3.3 217.5 
2016-10-22 16:17:10 413766773 114.310017 30.596005 114.310358 30.59636 3.3 221.7 
2016-10-22 16:17:32 413766773 114.309688 30.595675 114.310017 30.596005 0.0 220.7 
2016-10-22 16:18:32 413766773 114.308933 30.594935 114.309688 30.595675 3.5 218.9 
2016-10-22 16:19:12 413766773 114.308605 30.594563 114.308933 30.594935 3.4 215.3 
2016-10-22 16:20:06 413766773 114.30796 30.593775 114.308605 30.594563 3.5 212.9 
2016-10-22 16:20:30 413766773 114.307662 30.593373 114.30796 30.593775 3.3 212.8 
2016-10-22 16:21:07 413766773 114.307383 30.593012 114.307662 30.593373 0.0 214.5 
2016-10-22 16:21:39 413766773 114.307072 30.592635 114.307383 30.593012 3.3 217.3 
2016-10-22 16:22:01 413766773 114.30676 30.592258 114.307072 30.592635 3.3 215.3 
2016-10-22 16:22:37 413766773 114.306445 30.591857 114.30676 30.592258 3.3 212.0 
2016-10-22 16:23:13 413766773 114.30618 30.591492 114.306445 30.591857 0.0 211.7 
2016-10-22 16:23:40 413766773 114.305897 30.59107 114.30618 30.591492 3.3 208.8 
2016-10-22 16:24:56 413766773 114.305378 30.590323 114.305897 30.59107 0.0 213.2 
2016-10-22 16:25:46 413766773 114.30481 30.589495 114.305378 30.590323 3.3 209.2 
2016-10-22 16:26:09 413766773 114.304543 30.589103 114.30481 30.589495 3.4 209.4 
2016-10-22 16:26:45 413766773 114.304283 30.588675 114.304543 30.589103 3.3 207.3 
2016-10-22 16:27:09 413766773 114.304037 30.58828 114.304283 30.588675 3.3 210.4 
2016-10-22 16:27:29 413766773 114.303735 30.587898 114.304037 30.58828 3.3 215.5 
2016-10-22 16:28:26 413766773 114.303167 30.587133 114.303735 30.587898 3.3 210.9 
2016-10-22 16:29:12 413766773 114.302903 30.586742 114.303167 30.587133 3.3 209.5 
2016-10-22 16:29:34 413766773 114.302608 30.586312 114.302903 30.586742 3.4 210.1 
2016-10-22 16:30:10 413766773 114.302345 30.585928 114.302608 30.586312 3.4 211.0 
2016-10-22 16:30:35 413766773 114.302048 30.585485 114.302345 30.585928 3.4 207.6 
2016-10-22 16:30:56 413766773 114.301815 30.585088 114.302048 30.585485 3.4 208.3 
2016-10-22 16:31:50 413766773 114.301548 30.584652 114.301815 30.585088 3.4 207.0 
2016-10-22 16:32:34 413766773 114.301062 30.583787 114.301548 30.584652 3.4 205.5 
2016-10-22 16:32:56 413766773 114.300838 30.583378 114.301062 30.583787 3.4 206.5 
2016-10-22 16:33:33 413766773 114.300585 30.582953 114.300838 30.583378 3.4 208.7 
2016-10-22 16:33:57 413766773 114.30033 30.582537 114.300585 30.582953 3.4 205.9 
2016-10-22 16:34:41 413766773 114.300075 30.582118 114.30033 30.582537 3.4 209.8 
2016-10-22 16:35:21 413766773 114.29982 30.5817 114.300075 30.582118 3.3 205.9 
2016-10-22 16:36:17 413766773 114.29925 30.580918 114.29982 30.5817 3.2 215.5 
2016-10-22 16:37:15 413766773 114.298682 30.580232 114.29925 30.580918 3.1 218.4 
2016-10-22 16:38:04 413766773 114.298057 30.579527 114.298682 30.580232 0.0 217.6 
2016-10-22 16:38:29 413766773 114.297752 30.579188 114.298057 30.579527 3.2 218.3 
2016-10-22 16:39:08 413766773 114.297393 30.578795 114.297752 30.579188 3.4 219.7 
2016-10-22 16:39:55 413766773 114.296727 30.578058 114.297393 30.578795 0.0 217.9 
2016-10-22 16:40:50 413766773 114.296393 30.577697 114.296727 30.578058 3.3 220.2 
2016-10-22 16:41:40 413766773 114.295738 30.57699 114.296393 30.577697 3.2 217.9 
2016-10-22 16:42:46 413766773 114.295127 30.576267 114.295738 30.57699 3.2 214.9 
2016-10-22 16:43:38 413766773 114.29455 30.57548 114.295127 30.576267 3.3 211.5 
2016-10-22 16:44:38 413766773 114.294033 30.574683 114.29455 30.57548 3.3 208.2 
2016-10-22 16:45:02 413766773 114.293773 30.574268 114.294033 30.574683 3.4 209.3 
2016-10-22 16:45:28 413766773 114.29351 30.573857 114.293773 30.574268 3.3 208.7 
2016-10-22 16:45:48 413766773 114.29325 30.573443 114.29351 30.573857 3.3 208.4 
2016-10-22 16:46:19 413766773 114.29302 30.573067 114.29325 30.573443 3.4 206.8 
2016-10-22 16:47:05 413766773 114.292705 30.572527 114.29302 30.573067 3.4 203.9 
2016-10-22 16:47:28 413766773 114.292522 30.572177 114.292705 30.572527 3.4 204.4 
2016-10-22 16:48:10 413766773 114.292305 30.571748 114.292522 30.572177 3.4 202.8 
2016-10-22 16:48:59 413766773 114.291883 30.570867 114.292305 30.571748 3.4 202.8 
2016-10-22 16:49:25 413766773 114.291648 30.570423 114.291883 30.570867 3.5 206.4 
2016-10-22 16:49:55 413766773 114.29139 30.569963 114.291648 30.570423 3.5 206.8 
2016-10-22 16:50:20 413766773 114.291145 30.569515 114.29139 30.569963 3.5 204.2 
2016-10-22 16:51:39 413766773 114.290677 30.568622 114.291145 30.569515 3.5 203.7 
2016-10-22 16:52:27 413766773 114.290215 30.567698 114.290677 30.568622 3.5 206.9 
2016-10-22 16:52:45 413766773 114.289947 30.567262 114.290215 30.567698 3.5 211.4 
2016-10-22 16:53:51 413766773 114.289323 30.566453 114.289947 30.567262 3.5 216.1 
2016-10-22 16:54:15 413766773 114.288997 30.566065 114.289323 30.566453 3.5 214.3 
2016-10-22 16:55:13 413766773 114.288658 30.565645 114.288997 30.566065 3.5 216.7 
2016-10-22 16:56:00 413766773 114.287988 30.564837 114.288658 30.565645 3.5 214.6 
2016-10-22 16:56:27 413766773 114.287678 30.56442 114.287988 30.564837 3.5 211.8 
2016-10-22 16:57:05 413766773 114.287373 30.564002 114.287678 30.56442 3.5 212.1 
2016-10-22 16:57:53 413766773 114.286807 30.56319 114.287373 30.564002 3.4 206.8 
2016-10-22 16:58:14 413766773 114.286513 30.562757 114.286807 30.56319 3.5 212.7 
2016-10-22 16:58:46 413766773 114.286248 30.562347 114.286513 30.562757 3.4 209.2 
2016-10-22 16:59:27 413766773 114.28597 30.561905 114.286248 30.562347 3.5 208.8 
2016-10-22 16:59:48 413766773 114.285707 30.561488 114.28597 30.561905 3.5 206.9 
2016-10-22 17:00:25 413766773 114.285483 30.561058 114.285707 30.561488 3.5 203.5 
2016-10-22 17:00:53 413766773 114.285275 30.56059 114.285483 30.561058 3.4 200.1 
2016-10-22 17:01:14 413766773 114.28509 30.560145 114.285275 30.56059 3.4 198.0 
2016-10-22 17:02:11 413766773 114.284902 30.559672 114.28509 30.560145 3.4 199.8 
2016-10-22 17:03:05 413766773 114.28452 30.55878 114.284902 30.559672 3.4 200.9 
2016-10-22 17:03:59 413766773 114.284115 30.557912 114.28452 30.55878 3.5 201.2 
2016-10-22 17:04:21 413766773 114.2839 30.557403 114.284115 30.557912 3.5 204.8 
2016-10-22 17:04:41 413766773 114.283663 30.557035 114.2839 30.557403 3.5 205.8 
2016-10-22 17:05:07 413766773 114.283537 30.556813 114.283663 30.557035 3.5 206.5 
2016-10-22 17:05:54 413766773 114.283108 30.556138 114.283537 30.556813 3.6 210.6 
2016-10-22 17:06:22 413766773 114.282825 30.555717 114.283108 30.556138 3.5 209.7 
2016-10-22 17:06:46 413766773 114.28253 30.555263 114.282825 30.555717 3.6 210.3 
2016-10-22 17:07:12 413766773 114.282245 30.554825 114.28253 30.555263 3.5 209.5 
2016-10-22 17:07:49 413766773 114.28197 30.554383 114.282245 30.554825 3.5 207.8 
2016-10-22 17:08:22 413766773 114.281707 30.553958 114.28197 30.554383 3.5 208.7 
2016-10-22 17:08:48 413766773 114.281438 30.55352 114.281707 30.553958 3.5 207.2 
2016-10-22 17:09:14 413766773 114.281187 30.553078 114.281438 30.55352 3.5 207.5 
2016-10-22 17:09:47 413766773 114.280958 30.552648 114.281187 30.553078 3.4 203.9 
2016-10-22 17:10:16 413766773 114.280713 30.552197 114.280958 30.552648 3.4 205.3 
2016-10-22 17:10:59 413766773 114.28036 30.551532 114.280713 30.552197 3.4 203.9 
2016-10-22 17:12:00 413766773 114.280033 30.55091 114.28036 30.551532 3.4 202.3 
2016-10-22 17:12:40 413766773 114.279637 30.550052 114.280033 30.55091 3.4 201.7 
2016-10-22 17:13:19 413766773 114.279415 30.54959 114.279637 30.550052 3.4 203.6 
2016-10-22 17:13:45 413766773 114.279207 30.549147 114.279415 30.54959 3.3 201.2 
2016-10-22 17:14:06 413766773 114.279007 30.548708 114.279207 30.549147 3.3 204.1 
2016-10-22 17:15:08 413766773 114.27881 30.548302 114.279007 30.548708 3.2 202.6 
2016-10-22 17:17:08 413766773 114.277795 30.546362 114.27881 30.548302 3.0 204.3 
2016-10-22 17:18:28 413766773 114.277382 30.54558 114.277795 30.546362 2.9 204.1 
2016-10-22 17:19:14 413766773 114.276975 30.544842 114.277382 30.54558 3.0 205.2 
2016-10-22 17:20:27 413766773 114.276582 30.544117 114.276975 30.544842 0.0 206.4 
2016-10-22 17:21:10 413766773 114.27619 30.54338 114.276582 30.544117 2.9 204.9 
2016-10-22 17:21:47 413766773 114.27597 30.543005 114.27619 30.54338 0.0 208.3 
2016-10-22 17:22:08 413766773 114.275743 30.542645 114.27597 30.543005 0.0 210.7 
2016-10-22 17:22:45 413766773 114.275518 30.54232 114.275743 30.542645 0.0 209.0 
2016-10-22 17:23:22 413766773 114.275367 30.541948 114.275518 30.54232 2.7 205.5 
2016-10-22 17:23:44 413766773 114.275108 30.541643 114.275367 30.541948 2.6 211.1 
2016-10-22 17:24:53 413766773 114.274655 30.541015 114.275108 30.541643 2.7 212.2 
2016-10-22 17:25:15 413766773 114.274423 30.540692 114.274655 30.541015 2.7 210.8 
2016-10-22 17:25:38 413766773 114.274222 30.54041 114.274423 30.540692 2.6 210.0 
2016-10-22 17:26:56 413766773 114.273803 30.539772 114.274222 30.54041 2.5 209.9 
2016-10-22 17:28:09 413766773 114.273273 30.538922 114.273803 30.539772 2.3 212.5 
2016-10-22 17:28:58 413766773 114.272938 30.538443 114.273273 30.538922 0.0 210.3 
2016-10-22 17:29:52 413766773 114.27268 30.538078 114.272938 30.538443 2.3 210.6 
2016-10-22 17:30:35 413766773 114.272292 30.537515 114.27268 30.538078 2.5 210.1 
2016-10-22 17:31:24 413766773 114.272078 30.537205 114.272292 30.537515 2.5 212.2 
2016-10-22 17:33:46 413766773 114.270953 30.535727 114.272078 30.537205 0.0 209.1 
2016-10-22 17:34:38 413766773 114.270468 30.535112 114.270953 30.535727 0.0 211.9 
2016-10-22 17:35:00 413766773 114.270305 30.534855 114.270468 30.535112 1.0 209.4 
2016-10-22 17:36:09 413766773 114.269913 30.534345 114.270305 30.534855 0.0 214.3 
2016-10-22 17:36:32 413766773 114.269705 30.534065 114.269913 30.534345 1.9 211.1 
2016-10-22 17:37:10 413766773 114.269538 30.533837 114.269705 30.534065 1.9 210.5 
2016-10-22 17:47:21 413766773 114.265595 30.529168 114.267517 30.531358 1.2 219.4 
2016-10-22 17:49:05 413766773 114.264503 30.528208 114.265595 30.529168 0.0 225.3 
2016-10-22 17:52:09 413766773 114.262942 30.52671 114.264503 30.528208 0.0 215.9 
2016-10-22 17:52:58 413766773 114.262518 30.526183 114.262942 30.52671 0.0 213.0 
2016-10-22 17:55:18 413766773 114.261562 30.525042 114.262518 30.526183 2.4 217.2 
2016-10-22 18:07:05 413766773 114.255363 30.5177 114.257003 30.519755 0.0 213.6 
2016-10-22 18:11:10 413766773 114.253478 30.51514 114.255363 30.5177 2.5 215.6 
2016-10-22 18:17:07 413766773 114.250572 30.511643 114.251078 30.512295 2.7 215.7 
2016-10-22 18:22:17 413766773 114.248003 30.508162 114.250572 30.511643 2.9 210.8 
2016-10-22 18:25:09 413766773 114.246567 30.505873 114.248003 30.508162 3.1 207.2 
2016-10-22 18:28:11 413766773 114.245068 30.50375 114.246567 30.505873 2.8 209.7 
2016-10-22 18:31:07 413766773 114.243607 30.50175 114.245068 30.50375 2.8 215.5 
2016-10-22 18:53:05 413766773 114.233415 30.487987 114.235202 30.490092 2.2 228.2 
2016-10-22 18:55:11 413766773 114.232328 30.48716 114.233415 30.487987 1.2 224.6 
