2016-10-20 0:37:48 413978947 114.250605 30.49742 114.250605 30.497418 0.0 219.3 
2016-10-20 1:10:52 413978947 114.2506 30.49741 114.250597 30.49741 0.0 219.3 
2016-10-20 2:17:59 413978947 114.250605 30.497402 114.250607 30.497402 0.0 219.3 
2016-10-20 2:30:10 413978947 114.250613 30.497403 114.25061 30.4974 0.0 219.3 
2016-10-20 2:35:02 413978947 114.250613 30.497405 114.250613 30.497403 0.0 219.3 
2016-10-20 2:42:04 413978947 114.25061 30.497408 114.250612 30.497407 0.0 219.3 
2016-10-20 3:18:05 413978947 114.250613 30.497407 114.250615 30.497408 0.0 219.3 
2016-10-20 4:48:24 413978947 114.248045 30.502277 114.246657 30.499268 7.5 31.2 
2016-10-20 4:52:56 413978947 114.253665 30.511298 114.248045 30.502277 7.7 36.5 
2016-10-20 4:53:18 413978947 114.254435 30.512087 114.253665 30.511298 8.0 42.9 
2016-10-20 4:54:22 413978947 114.256248 30.513598 114.254435 30.512087 7.9 45.7 
2016-10-20 4:56:08 413978947 114.259272 30.517063 114.256248 30.513598 7.7 31.8 
2016-10-20 4:58:54 413978947 114.262645 30.52167 114.259272 30.517063 8.0 32.6 
2016-10-20 5:00:24 413978947 114.264647 30.524488 114.262645 30.52167 8.0 27.9 
2016-10-20 5:00:41 413978947 114.265268 30.525498 114.264647 30.524488 8.0 27.2 
2016-10-20 5:02:54 413978947 114.268208 30.52907 114.265268 30.525498 8.0 38.1 
2016-10-20 5:03:22 413978947 114.268953 30.529977 114.268208 30.52907 8.0 35.5 
2016-10-20 5:04:58 413978947 114.271105 30.53272 114.268953 30.529977 7.7 32.7 
2016-10-20 5:05:43 413978947 114.272557 30.534588 114.271105 30.53272 7.8 34.9 
2016-10-20 5:06:32 413978947 114.273143 30.535458 114.272557 30.534588 7.0 27.6 
2016-10-20 5:06:56 413978947 114.273983 30.536425 114.273143 30.535458 7.9 29.8 
2016-10-20 5:08:05 413978947 114.27518 30.538227 114.273983 30.536425 7.5 31.4 
2016-10-20 5:09:43 413978947 114.277033 30.540965 114.27518 30.538227 7.7 29.1 
2016-10-20 5:10:50 413978947 114.278918 30.54371 114.277033 30.540965 7.2 27.8 
2016-10-20 5:11:17 413978947 114.279458 30.544558 114.278918 30.54371 7.1 29.1 
2016-10-20 5:12:52 413978947 114.280998 30.547168 114.279458 30.544558 7.0 27.4 
2016-10-20 5:13:13 413978947 114.281487 30.548012 114.280998 30.547168 7.0 27.3 
2016-10-20 5:13:55 413978947 114.281977 30.548885 114.281487 30.548012 6.8 23.8 
2016-10-20 5:14:48 413978947 114.282988 30.550595 114.281977 30.548885 7.2 21.9 
2016-10-20 5:15:30 413978947 114.283347 30.55149 114.282988 30.550595 7.2 27.5 
2016-10-20 5:15:57 413978947 114.283892 30.552345 114.283347 30.55149 6.7 27.9 
2016-10-20 5:16:20 413978947 114.28443 30.553227 114.283892 30.552345 6.6 29.6 
2016-10-20 5:16:58 413978947 114.284928 30.554022 114.28443 30.553227 6.6 29.8 
2016-10-20 5:17:51 413978947 114.28615 30.555593 114.284928 30.554022 6.8 35.7 
2016-10-20 5:18:31 413978947 114.286698 30.556342 114.28615 30.555593 6.7 29.3 
2016-10-20 5:19:22 413978947 114.288037 30.557913 114.286698 30.556342 7.0 37.9 
2016-10-20 5:20:25 413978947 114.289432 30.559445 114.288037 30.557913 7.0 36.1 
2016-10-20 5:20:47 413978947 114.290068 30.56022 114.289432 30.559445 7.0 35.4 
2016-10-20 5:22:07 413978947 114.291305 30.56187 114.290068 30.56022 7.2 29.9 
2016-10-20 5:22:56 413978947 114.292455 30.563672 114.291305 30.56187 6.9 28.8 
2016-10-20 5:23:20 413978947 114.29306 30.564577 114.292455 30.563672 6.8 30.5 
2016-10-20 5:23:49 413978947 114.293618 30.565415 114.29306 30.564577 7.1 31.0 
2016-10-20 5:24:32 413978947 114.294428 30.566512 114.293618 30.565415 7.7 30.5 
2016-10-20 5:24:57 413978947 114.29488 30.567082 114.294428 30.566512 7.1 31.9 
2016-10-20 5:25:27 413978947 114.295537 30.567973 114.29488 30.567082 7.1 31.3 
2016-10-20 5:25:50 413978947 114.296138 30.568853 114.295537 30.567973 7.2 31.5 
2016-10-20 5:26:30 413978947 114.296753 30.569725 114.296138 30.568853 7.1 29.6 
2016-10-20 5:26:58 413978947 114.29739 30.570613 114.296753 30.569725 7.3 31.7 
2016-10-20 5:27:22 413978947 114.297988 30.571478 114.29739 30.570613 7.1 28.7 
2016-10-20 5:28:35 413978947 114.299228 30.57329 114.297988 30.571478 7.3 29.4 
2016-10-20 5:29:00 413978947 114.299827 30.574088 114.299228 30.57329 7.1 33.9 
2016-10-20 5:29:22 413978947 114.300512 30.574987 114.299827 30.574088 7.0 33.3 
2016-10-20 5:30:13 413978947 114.301093 30.575727 114.300512 30.574987 6.8 35.5 
2016-10-20 5:30:40 413978947 114.301822 30.576727 114.301093 30.575727 6.7 31.7 
2016-10-20 5:31:28 413978947 114.302955 30.57814 114.301822 30.576727 7.1 34.3 
2016-10-20 5:31:52 413978947 114.303505 30.57892 114.302955 30.57814 6.7 31.3 
2016-10-20 5:32:56 413978947 114.30465 30.580628 114.303505 30.57892 7.7 30.0 
2016-10-20 5:33:21 413978947 114.305268 30.581632 114.30465 30.580628 8.1 27.3 
2016-10-20 5:34:04 413978947 114.305847 30.582575 114.305268 30.581632 7.8 29.6 
2016-10-20 5:34:27 413978947 114.30649 30.58351 114.305847 30.582575 7.6 31.4 
2016-10-20 5:34:52 413978947 114.307128 30.584392 114.30649 30.58351 7.4 33.6 
2016-10-20 5:35:37 413978947 114.307735 30.585263 114.307128 30.584392 7.9 24.7 
2016-10-20 5:35:59 413978947 114.308337 30.5862 114.307735 30.585263 8.0 30.7 
2016-10-20 5:36:29 413978947 114.308843 30.58714 114.308337 30.5862 8.3 21.8 
2016-10-20 5:36:51 413978947 114.309552 30.588133 114.308843 30.58714 8.1 29.4 
2016-10-20 5:37:33 413978947 114.310148 30.58911 114.309552 30.588133 8.2 22.7 
2016-10-20 5:38:01 413978947 114.310742 30.590093 114.310148 30.58911 8.1 28.5 
2016-10-20 5:38:24 413978947 114.311322 30.591083 114.310742 30.590093 7.9 26.8 
2016-10-20 5:39:09 413978947 114.311902 30.59205 114.311322 30.591083 8.0 27.0 
2016-10-20 5:39:33 413978947 114.312537 30.593145 114.311902 30.59205 8.2 26.8 
2016-10-20 5:39:54 413978947 114.313075 30.594207 114.312537 30.593145 8.2 22.4 
2016-10-20 5:40:36 413978947 114.313572 30.595248 114.313075 30.594207 8.0 22.5 
2016-10-20 5:41:01 413978947 114.31408 30.596235 114.313572 30.595248 7.9 26.1 
2016-10-20 5:41:25 413978947 114.314643 30.597257 114.31408 30.596235 8.1 25.1 
2016-10-20 5:42:38 413978947 114.316018 30.599545 114.314643 30.597257 7.4 29.2 
2016-10-20 5:43:01 413978947 114.316435 30.60018 114.316018 30.599545 7.4 28.6 
2016-10-20 5:43:23 413978947 114.31705 30.601023 114.316435 30.60018 7.5 33.3 
2016-10-20 5:44:05 413978947 114.317718 30.601818 114.31705 30.601023 7.0 37.2 
2016-10-20 5:44:24 413978947 114.318383 30.60263 114.317718 30.601818 7.0 36.8 
2016-10-20 5:45:07 413978947 114.319113 30.603468 114.318383 30.60263 7.2 37.7 
2016-10-20 5:45:36 413978947 114.319762 30.60421 114.319113 30.603468 7.2 37.7 
2016-10-20 5:46:42 413978947 114.32126 30.605918 114.319762 30.60421 7.3 38.5 
2016-10-20 5:47:09 413978947 114.321998 30.606677 114.32126 30.605918 7.2 37.6 
2016-10-20 5:47:35 413978947 114.322792 30.60745 114.321998 30.606677 7.3 42.8 
2016-10-20 5:47:58 413978947 114.323608 30.608175 114.322792 30.60745 7.3 45.6 
2016-10-20 5:48:48 413978947 114.32489 30.609215 114.323608 30.608175 7.6 48.0 
2016-10-20 5:49:11 413978947 114.32547 30.609703 114.32489 30.609215 7.4 50.7 
2016-10-20 5:49:33 413978947 114.326272 30.610375 114.32547 30.609703 7.5 47.9 
2016-10-20 5:50:21 413978947 114.327088 30.611065 114.326272 30.610375 7.5 43.9 
2016-10-20 5:51:06 413978947 114.328838 30.612565 114.327088 30.611065 7.4 42.4 
2016-10-20 5:51:30 413978947 114.329648 30.613298 114.328838 30.612565 7.4 41.6 
2016-10-20 5:52:44 413978947 114.331258 30.614747 114.329648 30.613298 6.8 42.0 
2016-10-20 5:53:06 413978947 114.331987 30.615392 114.331258 30.614747 6.8 40.7 
2016-10-20 5:53:34 413978947 114.332705 30.61611 114.331987 30.615392 6.7 41.4 
2016-10-20 5:54:23 413978947 114.333437 30.616795 114.332705 30.61611 6.5 43.2 
2016-10-20 5:54:45 413978947 114.334507 30.61772 114.333437 30.616795 6.7 46.8 
2016-10-20 5:55:42 413978947 114.335777 30.618845 114.334507 30.61772 6.7 45.5 
2016-10-20 5:56:05 413978947 114.336593 30.619523 114.335777 30.618845 7.3 48.5 
2016-10-20 5:57:00 413978947 114.337505 30.62023 114.336593 30.619523 7.7 48.9 
2016-10-20 5:57:51 413978947 114.339513 30.621623 114.337505 30.62023 8.1 51.9 
2016-10-20 5:58:16 413978947 114.340548 30.62237 114.339513 30.621623 8.3 50.0 
2016-10-20 5:58:44 413978947 114.34158 30.623102 114.340548 30.62237 7.9 52.2 
2016-10-20 5:59:10 413978947 114.342587 30.623868 114.34158 30.623102 8.3 50.6 
2016-10-20 5:59:35 413978947 114.343592 30.624535 114.342587 30.623868 8.4 50.2 
2016-10-20 6:00:26 413978947 114.344595 30.625233 114.343592 30.624535 7.9 55.0 
2016-10-20 6:01:11 413978947 114.346577 30.626895 114.344595 30.625233 8.2 49.0 
2016-10-20 6:01:33 413978947 114.34757 30.627638 114.346577 30.626895 8.1 49.5 
2016-10-20 6:02:02 413978947 114.348482 30.628248 114.34757 30.627638 8.1 52.0 
2016-10-20 6:02:53 413978947 114.349553 30.628982 114.348482 30.628248 8.0 52.6 
2016-10-20 6:03:48 413978947 114.351605 30.630497 114.349553 30.628982 8.2 49.5 
2016-10-20 6:04:14 413978947 114.352655 30.631195 114.351605 30.630497 8.2 50.9 
2016-10-20 6:04:37 413978947 114.353728 30.63193 114.352655 30.631195 8.2 52.0 
2016-10-20 6:04:58 413978947 114.354765 30.63259 114.353728 30.63193 8.2 54.0 
2016-10-20 6:05:52 413978947 114.35581 30.633287 114.354765 30.63259 8.0 55.7 
2016-10-20 6:06:17 413978947 114.35682 30.633975 114.35581 30.633287 8.0 51.2 
2016-10-20 6:06:37 413978947 114.357922 30.634678 114.35682 30.633975 7.8 52.3 
2016-10-20 6:07:04 413978947 114.358917 30.635382 114.357922 30.634678 7.9 51.0 
2016-10-20 6:07:54 413978947 114.359942 30.636122 114.358917 30.635382 8.0 48.1 
2016-10-20 6:08:15 413978947 114.360907 30.636922 114.359942 30.636122 8.1 47.1 
2016-10-20 6:08:41 413978947 114.361853 30.637658 114.360907 30.636922 7.9 46.6 
2016-10-20 6:09:07 413978947 114.362823 30.638423 114.361853 30.637658 7.8 48.1 
2016-10-20 6:09:52 413978947 114.363743 30.639163 114.362823 30.638423 7.9 45.9 
2016-10-20 6:10:17 413978947 114.364683 30.639853 114.363743 30.639163 7.9 46.1 
2016-10-20 6:11:23 413978947 114.366728 30.641303 114.364683 30.639853 8.1 49.9 
2016-10-20 6:11:50 413978947 114.367818 30.641992 114.366728 30.641303 7.8 57.7 
2016-10-20 6:12:15 413978947 114.368833 30.642653 114.367818 30.641992 7.7 58.1 
2016-10-20 6:12:58 413978947 114.370442 30.643552 114.368833 30.642653 8.1 56.9 
2016-10-20 6:13:48 413978947 114.372148 30.644477 114.370442 30.643552 7.9 57.6 
2016-10-20 6:15:07 413978947 114.374252 30.645703 114.372148 30.644477 7.9 54.3 
2016-10-20 6:15:56 413978947 114.376315 30.646967 114.374252 30.645703 7.6 59.0 
2016-10-20 6:16:22 413978947 114.377347 30.647508 114.376315 30.646967 7.2 61.1 
2016-10-20 6:17:42 413978947 114.38069 30.64904 114.377347 30.647508 7.8 62.5 
2016-10-20 6:18:35 413978947 114.381695 30.649473 114.38069 30.64904 7.7 65.4 
2016-10-20 6:18:58 413978947 114.383468 30.65017 114.381695 30.649473 8.2 64.0 
2016-10-20 6:19:20 413978947 114.384057 30.650412 114.383468 30.65017 7.8 64.9 
2016-10-20 6:19:41 413978947 114.385143 30.650838 114.384057 30.650412 7.6 66.5 
2016-10-20 6:20:09 413978947 114.386247 30.651272 114.385143 30.650838 7.6 63.7 
2016-10-20 6:20:56 413978947 114.387393 30.651683 114.386247 30.651272 6.5 67.0 
2016-10-20 6:21:18 413978947 114.3885 30.652127 114.387393 30.651683 7.9 66.7 
2016-10-20 6:21:45 413978947 114.389578 30.65254 114.3885 30.652127 7.7 64.2 
2016-10-20 6:22:35 413978947 114.390732 30.653025 114.389578 30.65254 7.8 62.6 
2016-10-20 6:23:53 413978947 114.394173 30.65433 114.390732 30.653025 8.1 59.1 
2016-10-20 6:24:18 413978947 114.395367 30.654693 114.394173 30.65433 7.7 70.1 
2016-10-20 6:24:42 413978947 114.396502 30.655108 114.395367 30.654693 7.5 70.8 
2016-10-20 6:25:35 413978947 114.397742 30.655558 114.396502 30.655108 7.5 70.9 
2016-10-20 6:26:49 413978947 114.401323 30.656858 114.397742 30.655558 7.8 65.3 
2016-10-20 6:27:12 413978947 114.402427 30.657213 114.401323 30.656858 7.8 66.9 
2016-10-20 6:28:27 413978947 114.4047 30.65801 114.402427 30.657213 7.7 74.2 
2016-10-20 6:28:52 413978947 114.405863 30.658382 114.4047 30.65801 7.8 70.0 
2016-10-20 6:29:16 413978947 114.407073 30.658738 114.405863 30.658382 7.7 72.0 
2016-10-20 6:30:07 413978947 114.40834 30.659107 114.407073 30.658738 7.5 73.7 
2016-10-20 6:31:17 413978947 114.411857 30.66011 114.40834 30.659107 7.5 72.5 
2016-10-20 6:31:48 413978947 114.412985 30.660445 114.411857 30.66011 7.4 67.9 
2016-10-20 6:33:24 413978947 114.416417 30.661513 114.412985 30.660445 7.5 68.1 
2016-10-20 6:33:50 413978947 114.41753 30.661867 114.416417 30.661513 7.4 68.7 
2016-10-20 6:35:34 413978947 114.420998 30.662997 114.41753 30.661867 7.0 75.7 
2016-10-20 6:35:57 413978947 114.42212 30.66335 114.420998 30.662997 7.0 72.2 
2016-10-20 6:36:24 413978947 114.423223 30.663693 114.42212 30.66335 7.1 71.3 
2016-10-20 6:37:21 413978947 114.424998 30.664218 114.423223 30.663693 7.4 69.3 
2016-10-20 6:38:07 413978947 114.42669 30.664725 114.424998 30.664218 7.4 68.3 
2016-10-20 6:38:33 413978947 114.427773 30.665078 114.42669 30.664725 7.4 69.8 
2016-10-20 6:39:47 413978947 114.429968 30.665815 114.427773 30.665078 7.5 67.4 
2016-10-20 6:41:01 413978947 114.433375 30.667057 114.429968 30.665815 7.1 69.8 
2016-10-20 6:41:26 413978947 114.434553 30.6675 114.433375 30.667057 6.8 66.5 
2016-10-20 6:42:46 413978947 114.436823 30.668338 114.434553 30.6675 7.5 65.5 
2016-10-20 6:43:10 413978947 114.437977 30.668743 114.436823 30.668338 7.5 67.9 
2016-10-20 6:43:37 413978947 114.439077 30.669098 114.437977 30.668743 7.6 71.3 
2016-10-20 6:44:03 413978947 114.440148 30.66955 114.439077 30.669098 7.5 64.6 
2016-10-20 6:45:18 413978947 114.442382 30.670503 114.440148 30.66955 7.3 65.3 
2016-10-20 6:46:00 413978947 114.444598 30.671413 114.442382 30.670503 7.8 61.5 
2016-10-20 6:46:52 413978947 114.445702 30.671885 114.444598 30.671413 7.8 62.1 
2016-10-20 6:47:42 413978947 114.447888 30.673035 114.445702 30.671885 7.9 56.4 
2016-10-20 6:48:32 413978947 114.44997 30.674033 114.447888 30.673035 7.5 60.4 
2016-10-20 6:49:00 413978947 114.451062 30.674607 114.44997 30.674033 7.4 60.7 
2016-10-20 6:49:23 413978947 114.45174 30.67493 114.451062 30.674607 7.5 61.2 
2016-10-20 6:50:11 413978947 114.453275 30.675602 114.45174 30.67493 7.3 64.7 
2016-10-20 6:50:38 413978947 114.454418 30.676092 114.453275 30.675602 7.3 65.2 
2016-10-20 6:51:03 413978947 114.455483 30.676507 114.454418 30.676092 7.6 66.2 
2016-10-20 6:51:55 413978947 114.456608 30.676978 114.455483 30.676507 7.6 66.4 
2016-10-20 6:55:39 413978947 114.46538 30.68074 114.456608 30.676978 7.7 59.5 
2016-10-20 6:56:54 413978947 114.467653 30.681868 114.46538 30.68074 7.1 63.8 
2016-10-20 6:57:20 413978947 114.468673 30.682267 114.467653 30.681868 7.4 63.1 
2016-10-20 6:58:09 413978947 114.471 30.683105 114.468673 30.682267 7.4 69.2 
2016-10-20 6:59:26 413978947 114.473177 30.683637 114.471 30.683105 7.3 71.4 
2016-10-20 6:59:50 413978947 114.474363 30.683977 114.473177 30.683637 7.3 73.3 
2016-10-20 7:00:20 413978947 114.475468 30.684263 114.474363 30.683977 7.0 77.5 
2016-10-20 7:01:27 413978947 114.477678 30.684765 114.475468 30.684263 7.4 75.5 
2016-10-20 7:03:06 413978947 114.482363 30.68581 114.477678 30.684765 7.5 75.7 
2016-10-20 7:03:58 413978947 114.48353 30.686093 114.482363 30.68581 7.2 75.6 
2016-10-20 7:04:21 413978947 114.484672 30.686405 114.48353 30.686093 7.7 72.9 
2016-10-20 7:04:41 413978947 114.485873 30.686762 114.484672 30.686405 7.2 69.6 
2016-10-20 7:05:11 413978947 114.487002 30.687117 114.485873 30.686762 7.7 70.5 
2016-10-20 7:06:23 413978947 114.489383 30.687812 114.487002 30.687117 7.7 73.3 
2016-10-20 7:06:50 413978947 114.490642 30.688133 114.489383 30.687812 7.7 73.1 
2016-10-20 7:07:35 413978947 114.492645 30.688622 114.490642 30.688133 7.7 75.9 
2016-10-20 7:08:22 413978947 114.494218 30.68891 114.492645 30.688622 7.5 76.9 
2016-10-20 7:09:31 413978947 114.496665 30.689295 114.494218 30.68891 7.8 80.0 
2016-10-20 7:10:51 413978947 114.500345 30.68954 114.496665 30.689295 7.6 90.1 
2016-10-20 7:11:15 413978947 114.501578 30.689518 114.500345 30.68954 7.6 93.4 
2016-10-20 7:12:29 413978947 114.504032 30.689328 114.501578 30.689518 7.5 97.4 
2016-10-20 7:12:50 413978947 114.505232 30.689202 114.504032 30.689328 7.5 95.4 
2016-10-20 7:13:20 413978947 114.506463 30.689063 114.505232 30.689202 7.5 98.8 
2016-10-20 7:13:43 413978947 114.507768 30.688943 114.506463 30.689063 7.4 99.5 
2016-10-20 7:14:29 413978947 114.508955 30.688802 114.507768 30.688943 7.7 104.1 
2016-10-20 7:15:20 413978947 114.511365 30.688322 114.508955 30.688802 7.6 106.3 
2016-10-20 7:16:04 413978947 114.512558 30.688 114.511365 30.688322 7.6 108.2 
2016-10-20 7:16:35 413978947 114.513702 30.68763 114.512558 30.688 7.5 112.6 
2016-10-20 7:17:27 413978947 114.516003 30.686823 114.513702 30.68763 7.7 110.8 
2016-10-20 7:17:47 413978947 114.517212 30.686405 114.516003 30.686823 7.8 115.2 
2016-10-20 7:18:38 413978947 114.518418 30.68597 114.517212 30.686405 7.9 112.0 
2016-10-20 7:19:24 413978947 114.520678 30.685185 114.518418 30.68597 7.9 110.1 
2016-10-20 7:21:02 413978947 114.524345 30.683832 114.520678 30.685185 7.9 114.4 
2016-10-20 7:22:24 413978947 114.527702 30.682268 114.524345 30.683832 8.0 119.6 
2016-10-20 7:23:48 413978947 114.529868 30.681063 114.527702 30.682268 7.9 126.2 
2016-10-20 7:25:53 413978947 114.534422 30.677288 114.529868 30.681063 7.8 137.5 
2016-10-20 7:27:11 413978947 114.536085 30.675568 114.534422 30.677288 8.1 141.9 
2016-10-20 7:28:03 413978947 114.537715 30.67379 114.536085 30.675568 8.1 144.0 
2016-10-20 7:28:56 413978947 114.539098 30.671873 114.537715 30.67379 8.2 154.4 
2016-10-20 7:29:42 413978947 114.539737 30.670867 114.539098 30.671873 7.5 150.2 
2016-10-20 7:31:10 413978947 114.541545 30.667917 114.539737 30.670867 7.8 150.4 
2016-10-20 7:34:47 413978947 114.545328 30.660562 114.541545 30.667917 8.5 158.4 
2016-10-20 7:35:41 413978947 114.546405 30.658363 114.545328 30.660562 8.4 157.2 
2016-10-20 7:38:17 413978947 114.549097 30.653088 114.546405 30.658363 8.3 151.3 
2016-10-20 7:38:44 413978947 114.549682 30.652103 114.549097 30.653088 8.0 151.9 
2016-10-20 7:40:41 413978947 114.552112 30.648278 114.549682 30.652103 7.6 149.7 
2016-10-20 7:43:29 413978947 114.555028 30.643435 114.552112 30.648278 7.4 156.2 
2016-10-20 7:44:19 413978947 114.556073 30.641532 114.555028 30.643435 6.8 157.6 
2016-10-20 7:44:53 413978947 114.556538 30.640667 114.556073 30.641532 6.9 157.3 
2016-10-20 7:46:03 413978947 114.557782 30.638117 114.556538 30.640667 6.6 155.8 
2016-10-20 7:47:27 413978947 114.55881 30.636165 114.557782 30.638117 7.3 156.3 
2016-10-20 7:48:58 413978947 114.560282 30.633235 114.55881 30.636165 7.4 156.3 
2016-10-20 7:50:38 413978947 114.562078 30.629265 114.560282 30.633235 7.5 162.4 
2016-10-20 7:53:53 413978947 114.5644 30.623082 114.562078 30.629265 7.6 163.4 
2016-10-20 7:57:10 413978947 114.566623 30.616962 114.5644 30.623082 7.6 162.8 
2016-10-20 7:58:02 413978947 114.567428 30.61497 114.566623 30.616962 8.0 156.2 
2016-10-20 8:00:19 413978947 114.569447 30.609845 114.567428 30.61497 7.6 162.5 
2016-10-20 8:02:55 413978947 114.571305 30.6049 114.569447 30.609845 7.9 161.9 
2016-10-20 8:03:18 413978947 114.57168 30.603918 114.571305 30.6049 7.3 161.8 
2016-10-20 8:06:08 413978947 114.573635 30.598907 114.57168 30.603918 7.8 161.2 
2016-10-20 8:10:28 413978947 114.576917 30.589893 114.573635 30.598907 7.3 162.0 
