2016-10-17 5:30:53 413831848 114.179032 30.424448 114.178453 30.42314 5.0 22.4 22
2016-10-17 6:28:47 413831848 114.238505 30.492047 114.237972 30.491338 5.9 32.9 32
2016-10-17 6:29:09 413831848 114.23901 30.492725 114.238505 30.492047 5.8 32.5 32
2016-10-17 6:29:58 413831848 114.239492 30.49338 114.23901 30.492725 5.7 32.5 32
2016-10-17 6:35:03 413831848 114.244648 30.500957 114.239492 30.49338 5.9 32.6 32
2016-10-17 6:36:20 413831848 114.245907 30.502678 114.244648 30.500957 5.9 31.9 31
2016-10-17 6:40:22 413831848 114.249657 30.507698 114.245907 30.502678 5.6 32.5 32
2016-10-17 6:41:56 413831848 114.25127 30.509877 114.249657 30.507698 5.3 32.5 32
2016-10-17 6:43:01 413831848 114.252152 30.511078 114.25127 30.509877 5.0 32.5 32
2016-10-17 6:46:00 413831848 114.254895 30.514602 114.252152 30.511078 4.5 35.1 35
2016-10-17 6:46:26 413831848 114.255323 30.515122 114.254895 30.514602 4.4 35.3 35
2016-10-17 6:54:20 413831848 114.262063 30.523852 114.261125 30.522733 5.0 35.6 35
2016-10-17 6:55:05 413831848 114.262537 30.52442 114.262063 30.523852 5.0 35.9 35
2016-10-17 7:01:00 413831848 114.268852 30.53095 114.262537 30.52442 5.4 40.5 40
2016-10-17 7:02:36 413831848 114.27045 30.532748 114.268852 30.53095 5.5 35.5 35
2016-10-17 7:04:25 413831848 114.270942 30.533377 114.27045 30.532748 5.6 33.7 33
2016-10-17 7:05:10 413831848 114.273228 30.536243 114.270942 30.533377 5.7 35.6 35
2016-10-17 7:07:46 413831848 114.275928 30.539542 114.273228 30.536243 5.9 35.5 35
2016-10-17 7:08:10 413831848 114.27667 30.5405 114.275928 30.539542 5.9 33.4 33
2016-10-17 7:10:29 413831848 114.27862 30.543373 114.27667 30.5405 5.9 28.5 28
2016-10-17 7:11:32 413831848 114.279515 30.544895 114.27862 30.543373 5.9 26.2 26
2016-10-17 7:11:58 413831848 114.28009 30.545955 114.279515 30.544895 5.9 25.1 25
2016-10-17 7:12:26 413831848 114.280483 30.546678 114.28009 30.545955 6.0 24.7 24
2016-10-17 7:13:54 413831848 114.281313 30.548212 114.280483 30.546678 6.1 25.4 25
2016-10-17 7:15:15 413831848 114.282815 30.550782 114.281313 30.548212 6.1 27.7 27
2016-10-17 7:16:09 413831848 114.283737 30.552268 114.282815 30.550782 6.2 28.8 28
2016-10-17 7:17:55 413831848 114.285198 30.554533 114.283737 30.552268 6.1 29.9 29
2016-10-17 7:18:54 413831848 114.286355 30.556248 114.285198 30.554533 6.0 30.0 30
2016-10-17 7:21:09 413831848 114.288217 30.559113 114.286355 30.556248 5.9 29.5 29
2016-10-17 7:22:36 413831848 114.289758 30.561423 114.288217 30.559113 5.5 30.0 30
2016-10-17 7:23:00 413831848 114.29022 30.56211 114.289758 30.561423 5.6 29.9 29
2016-10-17 7:23:44 413831848 114.290645 30.562748 114.29022 30.56211 5.4 29.9 29
2016-10-17 7:25:08 413831848 114.291108 30.563433 114.290645 30.562748 5.4 30.3 30
2016-10-17 7:25:59 413831848 114.292615 30.565557 114.291108 30.563433 5.3 32.3 32
2016-10-17 7:26:47 413831848 114.293505 30.566817 114.292615 30.565557 5.2 31.1 31
2016-10-17 7:28:26 413831848 114.294817 30.568668 114.293505 30.566817 5.1 31.6 31
2016-10-17 7:28:52 413831848 114.295228 30.569257 114.294817 30.568668 5.1 31.1 31
2016-10-17 7:30:38 413831848 114.296703 30.571318 114.295228 30.569257 5.1 32.4 32
2016-10-17 7:31:42 413831848 114.297617 30.572543 114.296703 30.571318 5.1 32.8 32
2016-10-17 7:32:08 413831848 114.298203 30.573373 114.297617 30.572543 5.1 31.2 31
2016-10-17 7:33:09 413831848 114.29906 30.574582 114.298203 30.573373 5.1 31.5 31
2016-10-17 7:34:03 413831848 114.299472 30.57517 114.29906 30.574582 5.1 30.8 30
2016-10-17 7:34:52 413831848 114.300498 30.576643 114.299472 30.57517 5.1 30.8 30
2016-10-17 7:36:11 413831848 114.30135 30.577907 114.300498 30.576643 5.2 30.2 30
2016-10-17 7:37:08 413831848 114.302167 30.579132 114.30135 30.577907 5.1 29.8 29
2016-10-17 7:38:24 413831848 114.302553 30.57973 114.302167 30.579132 5.1 28.9 28
2016-10-17 7:39:37 413831848 114.304223 30.582488 114.302553 30.57973 5.0 26.7 26
2016-10-17 7:40:11 413831848 114.304585 30.583095 114.304223 30.582488 5.1 27.4 27
2016-10-17 7:40:38 413831848 114.304985 30.583727 114.304585 30.583095 5.0 28.6 28
2016-10-17 7:41:03 413831848 114.305357 30.58432 114.304985 30.583727 5.0 28.3 28
2016-10-17 7:42:04 413831848 114.30589 30.585183 114.305357 30.58432 5.0 27.9 27
2016-10-17 7:43:00 413831848 114.306685 30.5864 114.30589 30.585183 5.0 29.8 29
2016-10-17 7:44:25 413831848 114.306977 30.586837 114.306685 30.5864 4.9 29.8 29
2016-10-17 7:45:15 413831848 114.308453 30.589022 114.306977 30.586837 5.0 30.7 30
2016-10-17 7:46:13 413831848 114.309287 30.590282 114.308453 30.589022 5.1 29.3 29
2016-10-17 7:47:08 413831848 114.31011 30.591538 114.309287 30.590282 5.2 29.2 29
2016-10-17 7:47:44 413831848 114.310662 30.592402 114.31011 30.591538 5.2 29.3 29
2016-10-17 7:48:08 413831848 114.31106 30.593 114.310662 30.592402 5.2 29.9 29
2016-10-17 7:49:00 413831848 114.311508 30.593655 114.31106 30.593 5.1 30.4 30
2016-10-17 7:50:01 413831848 114.312323 30.594865 114.311508 30.593655 5.2 30.9 30
2016-10-17 7:50:26 413831848 114.312922 30.595698 114.312323 30.594865 5.2 31.6 31
2016-10-17 7:50:52 413831848 114.313372 30.596333 114.312922 30.595698 5.2 31.3 31
2016-10-17 7:51:30 413831848 114.313793 30.596925 114.313372 30.596333 5.2 31.5 31
2016-10-17 7:51:58 413831848 114.314278 30.597597 114.313793 30.596925 5.2 32.1 32
2016-10-17 7:52:27 413831848 114.314715 30.598178 114.314278 30.597597 5.2 32.8 32
2016-10-17 7:53:52 413831848 114.315745 30.59959 114.314715 30.598178 5.1 32.3 32
2016-10-17 7:54:40 413831848 114.316668 30.60085 114.315745 30.59959 5.2 31.7 31
2016-10-17 7:55:14 413831848 114.317103 30.601432 114.316668 30.60085 5.1 33.1 33
2016-10-17 7:56:34 413831848 114.318273 30.602843 114.317103 30.601432 5.2 36.5 36
2016-10-17 7:57:30 413831848 114.319307 30.604008 114.318273 30.602843 5.2 38.1 38
2016-10-17 7:58:19 413831848 114.320335 30.605128 114.319307 30.604008 5.2 38.1 38
2016-10-17 7:59:39 413831848 114.321575 30.60654 114.320335 30.605128 5.3 37.1 37
2016-10-17 8:00:04 413831848 114.322062 30.607105 114.321575 30.60654 5.2 36.7 36
2016-10-17 8:00:41 413831848 114.322608 30.607665 114.322062 30.607105 5.3 40.4 40
2016-10-17 8:01:31 413831848 114.323187 30.608225 114.322608 30.607665 5.2 41.8 41
2016-10-17 8:02:30 413831848 114.32454 30.609488 114.323187 30.608225 5.2 42.9 42
2016-10-17 8:03:24 413831848 114.325848 30.610713 114.32454 30.609488 5.3 42.0 42
2016-10-17 8:03:52 413831848 114.326422 30.611225 114.325848 30.610713 5.4 44.2 44
2016-10-17 8:04:54 413831848 114.327713 30.612353 114.326422 30.611225 5.4 45.1 45
2016-10-17 8:05:20 413831848 114.328353 30.612892 114.327713 30.612353 5.4 45.7 45
2016-10-17 8:06:12 413831848 114.328958 30.613392 114.328353 30.612892 5.4 46.5 46
2016-10-17 8:07:06 413831848 114.33029 30.614438 114.328958 30.613392 5.4 48.0 48
2016-10-17 8:08:08 413831848 114.331797 30.615603 114.33029 30.614438 5.4 48.2 48
2016-10-17 8:08:34 413831848 114.332477 30.616125 114.331797 30.615603 5.5 48.3 48
2016-10-17 8:09:35 413831848 114.333142 30.616628 114.332477 30.616125 5.5 48.7 48
2016-10-17 8:10:07 413831848 114.333877 30.617182 114.333142 30.616628 5.5 48.9 48
2016-10-17 8:10:59 413831848 114.335428 30.618337 114.333877 30.617182 5.6 48.8 48
2016-10-17 8:12:02 413831848 114.336775 30.619362 114.335428 30.618337 5.6 48.5 48
2016-10-17 8:12:58 413831848 114.338158 30.620448 114.336775 30.619362 5.6 47.8 47
2016-10-17 8:15:41 413831848 114.342087 30.623547 114.338158 30.620448 5.8 47.6 47
2016-10-17 8:16:30 413831848 114.342788 30.624092 114.342087 30.623547 5.9 47.9 47
2016-10-17 8:17:34 413831848 114.344203 30.625188 114.342788 30.624092 5.9 48.3 48
2016-10-17 8:18:28 413831848 114.345898 30.626493 114.344203 30.625188 6.0 48.7 48
2016-10-17 8:18:56 413831848 114.346607 30.627027 114.345898 30.626493 6.0 48.9 48
2016-10-17 8:19:29 413831848 114.3474 30.627612 114.346607 30.627027 6.1 49.5 49
2016-10-17 8:19:57 413831848 114.348118 30.628142 114.3474 30.627612 6.1 49.2 49
2016-10-17 8:20:22 413831848 114.348882 30.628723 114.348118 30.628142 6.1 48.4 48
2016-10-17 8:21:18 413831848 114.349908 30.629492 114.348882 30.628723 6.0 49.6 49
2016-10-17 8:22:06 413831848 114.351398 30.630532 114.349908 30.629492 6.1 51.7 51
2016-10-17 8:23:01 413831848 114.352207 30.631048 114.351398 30.630532 6.0 53.7 53
2016-10-17 8:23:52 413831848 114.353802 30.631995 114.352207 30.631048 6.0 55.7 55
2016-10-17 8:24:19 413831848 114.354892 30.632648 114.353802 30.631995 6.0 54.8 54
2016-10-17 8:24:56 413831848 114.3557 30.63316 114.354892 30.632648 6.0 53.3 53
2016-10-17 8:26:06 413831848 114.35724 30.63423 114.3557 30.63316 6.0 50.5 50
2016-10-17 8:27:04 413831848 114.358975 30.63547 114.35724 30.63423 6.0 50.2 50
2016-10-17 8:27:29 413831848 114.35978 30.63606 114.358975 30.63547 6.0 49.6 49
2016-10-17 8:28:29 413831848 114.361182 30.637072 114.35978 30.63606 6.0 50.3 50
2016-10-17 8:29:20 413831848 114.36197 30.637638 114.361182 30.637072 6.0 50.3 50
2016-10-17 8:29:46 413831848 114.363002 30.638383 114.36197 30.637638 6.0 49.6 49
2016-10-17 8:30:23 413831848 114.363685 30.638887 114.363002 30.638383 6.0 49.5 49
2016-10-17 8:30:50 413831848 114.364497 30.639472 114.363685 30.638887 6.0 50.0 50
2016-10-17 8:31:20 413831848 114.365188 30.640003 114.364497 30.639472 5.9 47.9 47
2016-10-17 8:31:51 413831848 114.365888 30.640555 114.365188 30.640003 5.9 47.4 47
2016-10-17 8:32:28 413831848 114.36656 30.641095 114.365888 30.640555 5.9 46.9 46
2016-10-17 8:32:58 413831848 114.367538 30.641872 114.36656 30.641095 5.9 47.7 47
2016-10-17 8:33:53 413831848 114.369052 30.642982 114.367538 30.641872 5.9 50.0 50
2016-10-17 8:34:31 413831848 114.369798 30.643487 114.369052 30.642982 5.9 52.9 52
2016-10-17 8:34:59 413831848 114.370553 30.643962 114.369798 30.643487 5.8 54.3 54
2016-10-17 8:37:04 413831848 114.372393 30.645003 114.370553 30.643962 5.8 56.4 56
2016-10-17 8:39:34 413831848 114.377383 30.647788 114.372393 30.645003 5.7 59.4 59
2016-10-17 8:56:33 413831848 114.404372 30.659018 114.377383 30.647788 5.6 67.6 67
2016-10-17 8:57:33 413831848 114.407298 30.660037 114.404372 30.659018 5.5 68.9 68
2016-10-17 8:58:04 413831848 114.408108 30.66029 114.407298 30.660037 5.5 70.2 70
2016-10-17 8:58:49 413831848 114.408897 30.660512 114.408108 30.66029 5.5 72.4 72
2016-10-17 8:59:41 413831848 114.4098 30.660735 114.408897 30.660512 5.5 74.3 74
2016-10-17 9:01:03 413831848 114.412673 30.66154 114.4098 30.660735 5.5 69.8 69
2016-10-17 9:13:47 413831848 114.431695 30.668395 114.412673 30.66154 5.5 66.9 66
2016-10-17 9:14:55 413831848 114.435007 30.669633 114.431695 30.668395 5.5 66.2 66
2016-10-17 9:15:48 413831848 114.436947 30.670367 114.435007 30.669633 5.6 66.2 66
2016-10-17 9:16:36 413831848 114.438152 30.670827 114.436947 30.670367 5.6 65.8 65
2016-10-17 9:17:19 413831848 114.43941 30.67132 114.438152 30.670827 5.6 65.5 65
2016-10-17 9:18:29 413831848 114.44026 30.671648 114.43941 30.67132 5.6 66.0 66
2016-10-17 9:19:43 413831848 114.443132 30.672632 114.44026 30.671648 5.6 69.8 69
2016-10-17 9:20:18 413831848 114.44403 30.672922 114.443132 30.672632 5.8 69.3 69
2016-10-17 9:21:06 413831848 114.445728 30.673495 114.44403 30.672922 5.9 68.0 68
2016-10-17 9:22:19 413831848 114.447693 30.674302 114.445728 30.673495 5.6 61.3 61
2016-10-17 9:22:42 413831848 114.448493 30.674693 114.447693 30.674302 5.5 60.2 60
2016-10-17 9:23:40 413831848 114.449323 30.67507 114.448493 30.674693 5.4 63.0 63
2016-10-17 9:24:25 413831848 114.45009 30.675383 114.449323 30.67507 5.5 64.8 64
2016-10-17 9:25:21 413831848 114.452018 30.676138 114.45009 30.675383 5.4 65.0 65
2016-10-17 9:26:06 413831848 114.45352 30.676758 114.452018 30.676138 5.3 64.2 64
2016-10-17 9:28:15 413831848 114.45666 30.67801 114.45352 30.676758 5.3 66.9 66
2016-10-17 9:29:59 413831848 114.45927 30.678842 114.45666 30.67801 5.2 72.7 72
2016-10-17 9:30:55 413831848 114.46094 30.679288 114.45927 30.678842 5.2 72.8 72
2016-10-17 9:32:12 413831848 114.462823 30.679815 114.46094 30.679288 5.2 71.0 71
2016-10-17 9:33:05 413831848 114.464363 30.680308 114.462823 30.679815 5.1 69.3 69
2016-10-17 9:34:02 413831848 114.466247 30.680918 114.464363 30.680308 5.1 69.8 69
2016-10-17 9:34:45 413831848 114.467022 30.681162 114.466247 30.680918 5.1 69.9 69
2016-10-17 9:35:42 413831848 114.46856 30.681652 114.467022 30.681162 5.1 69.8 69
2016-10-17 9:37:23 413831848 114.471117 30.682342 114.46856 30.681652 4.8 73.3 73
2016-10-17 9:37:44 413831848 114.471812 30.682523 114.471117 30.682342 4.7 73.2 73
2016-10-17 9:38:32 413831848 114.472543 30.682718 114.471812 30.682523 4.6 72.5 72
2016-10-17 9:39:28 413831848 114.473935 30.683153 114.472543 30.682718 4.4 69.4 69
2016-10-17 9:41:12 413831848 114.47614 30.683882 114.473935 30.683153 4.3 69.5 69
2016-10-17 9:41:58 413831848 114.47741 30.684282 114.47614 30.683882 4.2 69.5 69
2016-10-17 9:43:17 413831848 114.478998 30.684822 114.47741 30.684282 4.1 68.1 68
2016-10-17 9:44:08 413831848 114.480168 30.685248 114.478998 30.684822 4.1 66.9 66
2016-10-17 9:45:20 413831848 114.481348 30.685685 114.480168 30.685248 4.0 67.0 67
2016-10-17 9:45:50 413831848 114.482153 30.68596 114.481348 30.685685 3.9 68.2 68
2016-10-17 9:46:38 413831848 114.483128 30.686287 114.482153 30.68596 3.9 69.1 69
2016-10-17 9:47:56 413831848 114.484288 30.686643 114.483128 30.686287 3.8 70.7 70
2016-10-17 9:48:42 413831848 114.485443 30.686968 114.484288 30.686643 3.7 71.8 71
2016-10-17 9:51:09 413831848 114.487948 30.687638 114.485443 30.686968 3.6 73.4 73
2016-10-17 9:51:56 413831848 114.489085 30.687928 114.487948 30.687638 3.6 73.1 73
2016-10-17 9:52:25 413831848 114.489635 30.688073 114.489085 30.687928 3.7 73.3 73
2016-10-17 9:53:14 413831848 114.490485 30.688283 114.489635 30.688073 3.9 74.2 74
2016-10-17 9:53:38 413831848 114.491095 30.688422 114.490485 30.688283 3.9 75.6 75
2016-10-17 9:54:32 413831848 114.492357 30.688673 114.491095 30.688422 4.0 78.2 78
2016-10-17 9:55:22 413831848 114.493007 30.688785 114.492357 30.688673 4.1 78.6 78
2016-10-17 9:56:10 413831848 114.493693 30.68889 114.493007 30.688785 4.2 80.5 80
2016-10-17 9:56:56 413831848 114.495347 30.6891 114.493693 30.68889 4.3 83.5 83
2016-10-17 9:57:47 413831848 114.496737 30.689182 114.495347 30.6891 4.5 85.9 85
2016-10-17 9:58:35 413831848 114.497463 30.689207 114.496737 30.689182 4.5 88.0 88
2016-10-17 9:59:05 413831848 114.498482 30.689222 114.497463 30.689207 4.6 90.0 90
2016-10-17 9:59:30 413831848 114.499267 30.689198 114.498482 30.689222 4.7 92.3 92
2016-10-17 10:00:20 413831848 114.50006 30.689173 114.499267 30.689198 4.8 91.8 91
2016-10-17 10:01:23 413831848 114.501643 30.689105 114.50006 30.689173 5.0 94.4 94
2016-10-17 10:02:33 413831848 114.503623 30.688917 114.501643 30.689105 5.2 96.3 96
2016-10-17 10:07:03 413831848 114.511783 30.687667 114.503623 30.688917 5.5 104.8 104
2016-10-17 10:09:14 413831848 114.515588 30.686547 114.511783 30.687667 5.6 111.2 111
2016-10-17 10:09:35 413831848 114.516475 30.686265 114.515588 30.686547 5.7 110.3 110
2016-10-17 10:15:20 413831848 114.5258 30.682848 114.524918 30.683233 5.9 116.9 116
2016-10-17 10:18:08 413831848 114.531062 30.680237 114.5258 30.682848 5.9 127.4 127
2016-10-17 10:19:21 413831848 114.532598 30.679107 114.531062 30.680237 6.0 131.0 131
2016-10-17 10:20:51 413831848 114.534835 30.677053 114.532598 30.679107 6.2 136.9 136
2016-10-17 10:24:37 413831848 114.539645 30.672272 114.534835 30.677053 6.7 144.1 144
2016-10-17 10:26:42 413831848 114.542077 30.66865 114.539645 30.672272 6.9 154.1 154
2016-10-17 10:28:48 413831848 114.543793 30.664678 114.542077 30.66865 7.0 161.5 161
2016-10-17 10:39:15 413831848 114.553683 30.645472 114.553095 30.646742 7.2 158.1 158
2016-10-17 10:39:41 413831848 114.554088 30.644577 114.553683 30.645472 7.2 158.8 158
2016-10-17 10:40:47 413831848 114.554937 30.642717 114.554088 30.644577 7.2 158.2 158
2016-10-17 10:42:19 413831848 114.556573 30.639688 114.554937 30.642717 7.0 153.7 153
2016-10-17 10:42:50 413831848 114.557093 30.638763 114.556573 30.639688 6.9 154.2 154
2016-10-17 10:44:01 413831848 114.557978 30.63707 114.557093 30.638763 7.0 155.9 155
2016-10-17 11:52:15 413831848 114.62212 30.553932 114.616608 30.55393 6.2 86.7 86
2016-10-17 11:54:35 413831848 114.622842 30.553975 114.62212 30.553932 6.1 86.1 86
2016-10-17 12:03:50 413831848 114.637995 30.56436 114.63748 30.563453 7.6 26.3 26
2016-10-17 12:04:50 413831848 114.639302 30.566172 114.637995 30.56436 7.3 33.9 33
2016-10-17 12:12:55 413831848 114.65231 30.573092 114.639302 30.566172 5.7 69.9 69
2016-10-17 12:14:01 413831848 114.654332 30.573747 114.65231 30.573092 5.6 68.9 68
2016-10-17 12:19:44 413831848 114.664098 30.57656 114.654332 30.573747 5.5 75.3 75
2016-10-17 12:23:22 413831848 114.670245 30.578338 114.664098 30.57656 5.4 68.4 68
