2016-10-23 2:41:05 413804342 114.402102 30.659472 114.402278 30.659523 2.5 252.6 
2016-10-23 2:41:20 413804342 114.401947 30.659397 114.402102 30.659472 2.4 253.2 
2016-10-23 2:41:34 413804342 114.40178 30.659322 114.401947 30.659397 2.5 251.0 
2016-10-23 2:41:56 413804342 114.401568 30.659272 114.40178 30.659322 2.5 252.6 
2016-10-23 2:42:28 413804342 114.40113 30.659207 114.401568 30.659272 2.6 261.9 
2016-10-23 2:42:43 413804342 114.400892 30.659168 114.40113 30.659207 2.6 250.7 
2016-10-23 2:43:16 413804342 114.400213 30.659043 114.400892 30.659168 2.4 225.1 
2016-10-23 2:43:30 413804342 114.40017 30.65888 114.400213 30.659043 1.7 244.9 
2016-10-23 2:44:03 413804342 114.399972 30.659093 114.40017 30.65888 2.1 254.1 
2016-10-23 2:44:18 413804342 114.39959 30.658948 114.399972 30.659093 2.5 241.5 
2016-10-23 2:45:03 413804342 114.398847 30.658657 114.39959 30.658948 2.2 253.2 
2016-10-23 2:45:18 413804342 114.398507 30.658572 114.398847 30.658657 2.5 255.6 
2016-10-23 2:45:46 413804342 114.398348 30.658442 114.398507 30.658572 2.7 249.1 
2016-10-23 2:46:11 413804342 114.39825 30.658363 114.398348 30.658442 2.5 250.4 
2016-10-23 2:46:26 413804342 114.398103 30.658305 114.39825 30.658363 2.5 249.8 
2016-10-23 2:46:41 413804342 114.39789 30.658203 114.398103 30.658305 2.4 251.4 
2016-10-23 2:46:56 413804342 114.397743 30.658168 114.39789 30.658203 2.5 251.5 
2016-10-23 2:47:16 413804342 114.397322 30.658038 114.397743 30.658168 2.6 254.0 
2016-10-23 2:48:03 413804342 114.3967 30.65794 114.397322 30.658038 2.7 259.3 
2016-10-23 2:48:24 413804342 114.39647 30.657963 114.3967 30.65794 2.8 263.9 
2016-10-23 2:48:38 413804342 114.39625 30.657987 114.39647 30.657963 2.5 247.3 
2016-10-23 2:48:51 413804342 114.396082 30.6579 114.39625 30.657987 2.6 262.2 
2016-10-23 2:49:03 413804342 114.395912 30.657803 114.396082 30.6579 2.8 256.9 
2016-10-23 2:49:24 413804342 114.395715 30.657735 114.395912 30.657803 2.7 259.7 
2016-10-23 2:49:39 413804342 114.395448 30.657673 114.395715 30.657735 2.7 259.5 
2016-10-23 2:49:53 413804342 114.39531 30.657653 114.395448 30.657673 2.5 260.5 
2016-10-23 2:50:05 413804342 114.395103 30.657623 114.39531 30.657653 2.8 265.1 
2016-10-23 2:50:24 413804342 114.394902 30.657647 114.395103 30.657623 2.7 266.3 
2016-10-23 2:50:40 413804342 114.394658 30.657622 114.394902 30.657647 2.9 267.1 
2016-10-23 2:50:53 413804342 114.394405 30.657598 114.394658 30.657622 2.8 273.6 
2016-10-23 2:51:06 413804342 114.394175 30.657588 114.394405 30.657598 2.8 270.7 
2016-10-23 2:51:26 413804342 114.393962 30.657605 114.394175 30.657588 3.1 271.1 
2016-10-23 2:51:39 413804342 114.393715 30.657615 114.393962 30.657605 3.1 272.2 
2016-10-23 2:52:05 413804342 114.393217 30.657648 114.393715 30.657615 3.0 268.8 
2016-10-23 2:52:24 413804342 114.39294 30.657595 114.393217 30.657648 3.1 261.7 
2016-10-23 2:52:39 413804342 114.392632 30.657587 114.39294 30.657595 3.0 268.0 
2016-10-23 2:52:55 413804342 114.392463 30.657582 114.392632 30.657587 3.0 264.1 
2016-10-23 2:53:08 413804342 114.39224 30.657563 114.392463 30.657582 2.9 261.4 
2016-10-23 2:53:48 413804342 114.391778 30.657507 114.39224 30.657563 2.9 260.3 
2016-10-23 2:54:04 413804342 114.39128 30.657402 114.391778 30.657507 3.0 258.2 
2016-10-23 2:54:21 413804342 114.391047 30.65738 114.39128 30.657402 3.0 260.1 
2016-10-23 2:54:44 413804342 114.390808 30.657312 114.391047 30.65738 3.1 253.9 
2016-10-23 2:55:17 413804342 114.390147 30.657122 114.390808 30.657312 3.2 253.0 
2016-10-23 2:55:56 413804342 114.389718 30.65694 114.390147 30.657122 3.0 246.6 
2016-10-23 2:56:27 413804342 114.389202 30.656747 114.389718 30.65694 3.2 243.5 
2016-10-23 2:56:46 413804342 114.38896 30.656628 114.389202 30.656747 3.3 242.7 
2016-10-23 2:57:10 413804342 114.38848 30.656462 114.38896 30.656628 3.1 248.2 
2016-10-23 2:57:27 413804342 114.388248 30.656363 114.38848 30.656462 3.6 245.6 
2016-10-23 2:57:57 413804342 114.387773 30.656168 114.388248 30.656363 3.5 245.5 
2016-10-23 2:58:21 413804342 114.387332 30.656005 114.387773 30.656168 3.3 244.2 
2016-10-23 2:58:37 413804342 114.387078 30.655882 114.387332 30.656005 3.2 242.7 
2016-10-23 2:58:50 413804342 114.38686 30.655785 114.387078 30.655882 3.2 249.3 
2016-10-23 2:59:04 413804342 114.386625 30.655707 114.38686 30.655785 3.4 251.2 
2016-10-23 2:59:29 413804342 114.38639 30.655623 114.386625 30.655707 3.2 247.9 
2016-10-23 3:00:42 413804342 114.385198 30.655133 114.38639 30.655623 3.3 242.7 
2016-10-23 3:00:57 413804342 114.38496 30.655008 114.385198 30.655133 3.4 241.5 
2016-10-23 3:01:13 413804342 114.384695 30.654905 114.38496 30.655008 3.4 243.8 
2016-10-23 3:01:29 413804342 114.38448 30.654808 114.384695 30.654905 3.4 242.6 
2016-10-23 3:01:57 413804342 114.383998 30.654575 114.38448 30.654808 3.3 237.3 
2016-10-23 3:02:15 413804342 114.383723 30.65444 114.383998 30.654575 3.4 241.2 
2016-10-23 3:02:31 413804342 114.383492 30.654325 114.383723 30.65444 3.4 241.7 
2016-10-23 3:03:02 413804342 114.383035 30.65411 114.383492 30.654325 3.4 241.8 
2016-10-23 3:03:32 413804342 114.38253 30.653898 114.383035 30.65411 3.4 243.9 
2016-10-23 3:03:47 413804342 114.382288 30.653797 114.38253 30.653898 3.4 244.6 
2016-10-23 3:04:08 413804342 114.381768 30.653542 114.382288 30.653797 3.4 241.8 
2016-10-23 3:04:38 413804342 114.381287 30.653308 114.381768 30.653542 3.4 238.3 
2016-10-23 3:04:55 413804342 114.381097 30.653207 114.381287 30.653308 3.4 238.1 
2016-10-23 3:05:17 413804342 114.380872 30.65309 114.381097 30.653207 3.3 239.4 
2016-10-23 3:05:52 413804342 114.380383 30.652895 114.380872 30.65309 3.1 247.3 
2016-10-23 3:06:08 413804342 114.379975 30.652632 114.380383 30.652895 3.3 230.1 
2016-10-23 3:06:38 413804342 114.379573 30.652347 114.379975 30.652632 3.3 226.3 
2016-10-23 3:06:56 413804342 114.37937 30.652193 114.379573 30.652347 3.4 227.1 
2016-10-23 3:07:10 413804342 114.37918 30.652015 114.37937 30.652193 3.3 223.4 
2016-10-23 3:07:26 413804342 114.378995 30.651857 114.37918 30.652015 3.4 224.9 
2016-10-23 3:07:47 413804342 114.378687 30.65161 114.378995 30.651857 3.3 229.8 
2016-10-23 3:08:01 413804342 114.378592 30.651558 114.378687 30.65161 3.3 227.5 
2016-10-23 3:08:14 413804342 114.378377 30.651427 114.378592 30.651558 3.3 233.2 
2016-10-23 3:08:27 413804342 114.378162 30.651298 114.378377 30.651427 3.3 233.9 
2016-10-23 3:08:45 413804342 114.377958 30.651158 114.378162 30.651298 3.3 231.2 
2016-10-23 3:09:03 413804342 114.377753 30.65102 114.377958 30.651158 3.3 234.9 
2016-10-23 3:09:29 413804342 114.377315 30.650795 114.377753 30.65102 3.2 244.6 
2016-10-23 3:09:55 413804342 114.376843 30.65057 114.377315 30.650795 3.3 241.5 
2016-10-23 3:10:09 413804342 114.3766 30.650457 114.376843 30.65057 3.3 244.4 
2016-10-23 3:10:36 413804342 114.37613 30.650282 114.3766 30.650457 3.3 245.3 
2016-10-23 3:10:57 413804342 114.37598 30.650222 114.37613 30.650282 3.3 244.7 
2016-10-23 3:11:14 413804342 114.375663 30.650095 114.37598 30.650222 3.3 239.9 
2016-10-23 3:11:30 413804342 114.37543 30.64997 114.375663 30.650095 3.3 238.7 
2016-10-23 3:11:47 413804342 114.37522 30.64984 114.37543 30.64997 3.3 239.7 
2016-10-23 3:12:16 413804342 114.374747 30.64962 114.37522 30.64984 3.4 241.3 
2016-10-23 3:12:49 413804342 114.374277 30.649412 114.374747 30.64962 3.3 251.7 
2016-10-23 3:13:30 413804342 114.373528 30.64911 114.374277 30.649412 3.4 240.3 
2016-10-23 3:13:47 413804342 114.373262 30.649007 114.373528 30.64911 3.4 242.8 
2016-10-23 3:14:03 413804342 114.373038 30.648877 114.373262 30.649007 3.5 241.3 
2016-10-23 3:14:35 413804342 114.372547 30.648668 114.373038 30.648877 3.5 244.3 
2016-10-23 3:14:54 413804342 114.37204 30.648493 114.372547 30.648668 3.5 243.8 
2016-10-23 3:15:26 413804342 114.371482 30.648235 114.37204 30.648493 3.9 242.2 
2016-10-23 3:15:48 413804342 114.371237 30.64811 114.371482 30.648235 3.6 240.2 
2016-10-23 3:16:04 413804342 114.371015 30.648002 114.371237 30.64811 3.8 243.9 
2016-10-23 3:16:18 413804342 114.370767 30.647903 114.371015 30.648002 3.7 248.8 
2016-10-23 3:16:31 413804342 114.370477 30.647802 114.370767 30.647903 3.6 242.1 
2016-10-23 3:16:55 413804342 114.369982 30.647558 114.370477 30.647802 3.7 243.2 
2016-10-23 3:17:11 413804342 114.369678 30.647403 114.369982 30.647558 3.7 239.0 
2016-10-23 3:17:28 413804342 114.369438 30.647255 114.369678 30.647403 3.7 237.0 
2016-10-23 3:17:43 413804342 114.369203 30.647128 114.369438 30.647255 3.7 242.1 
2016-10-23 3:18:06 413804342 114.36894 30.646975 114.369203 30.647128 3.7 235.6 
2016-10-23 3:18:53 413804342 114.368212 30.64649 114.36894 30.646975 3.7 235.0 
2016-10-23 3:19:14 413804342 114.367732 30.646233 114.368212 30.64649 3.7 235.4 
2016-10-23 3:19:32 413804342 114.367477 30.64607 114.367732 30.646233 3.7 236.7 
2016-10-23 3:20:06 413804342 114.367007 30.645802 114.367477 30.64607 3.7 235.5 
2016-10-23 3:20:28 413804342 114.366752 30.645662 114.367007 30.645802 3.6 236.7 
2016-10-23 3:20:44 413804342 114.366235 30.645368 114.366752 30.645662 3.7 236.1 
2016-10-23 3:20:59 413804342 114.365983 30.645252 114.366235 30.645368 3.7 240.3 
2016-10-23 3:21:13 413804342 114.365727 30.645135 114.365983 30.645252 3.6 240.5 
2016-10-23 3:21:33 413804342 114.365488 30.644998 114.365727 30.645135 3.7 238.0 
2016-10-23 3:21:52 413804342 114.365233 30.644873 114.365488 30.644998 3.7 242.3 
2016-10-23 3:22:17 413804342 114.36472 30.644598 114.365233 30.644873 3.7 239.0 
2016-10-23 3:22:35 413804342 114.364478 30.644453 114.36472 30.644598 3.6 235.4 
2016-10-23 3:22:49 413804342 114.364237 30.644337 114.364478 30.644453 3.7 235.8 
2016-10-23 3:23:05 413804342 114.36398 30.64426 114.364237 30.644337 3.7 238.9 
2016-10-23 3:23:18 413804342 114.363765 30.644043 114.36398 30.64426 3.5 229.4 
2016-10-23 3:23:44 413804342 114.363545 30.643873 114.363765 30.644043 3.5 231.8 
2016-10-23 3:24:03 413804342 114.363075 30.64359 114.363545 30.643873 3.4 239.7 
2016-10-23 3:24:20 413804342 114.362863 30.643485 114.363075 30.64359 3.5 233.6 
2016-10-23 3:24:35 413804342 114.362632 30.643367 114.362863 30.643485 3.5 236.9 
2016-10-23 3:24:59 413804342 114.362412 30.64322 114.362632 30.643367 3.5 232.8 
2016-10-23 3:25:17 413804342 114.361967 30.642888 114.362412 30.64322 3.5 231.5 
2016-10-23 3:25:34 413804342 114.361775 30.642728 114.361967 30.642888 3.5 227.1 
2016-10-23 3:25:48 413804342 114.361587 30.642552 114.361775 30.642728 3.4 222.6 
2016-10-23 3:26:08 413804342 114.361398 30.642388 114.361587 30.642552 3.4 225.1 
2016-10-23 3:26:25 413804342 114.361217 30.642225 114.361398 30.642388 3.4 225.6 
2016-10-23 3:26:56 413804342 114.360813 30.641883 114.361217 30.642225 3.4 225.1 
2016-10-23 3:27:17 413804342 114.360438 30.641567 114.360813 30.641883 3.4 231.1 
2016-10-23 3:27:33 413804342 114.360217 30.641417 114.360438 30.641567 3.4 230.6 
2016-10-23 3:27:49 413804342 114.359995 30.641238 114.360217 30.641417 3.4 229.8 
2016-10-23 3:28:04 413804342 114.3598 30.641082 114.359995 30.641238 3.4 228.7 
2016-10-23 3:28:27 413804342 114.35961 30.640927 114.3598 30.641082 3.4 227.6 
2016-10-23 3:29:04 413804342 114.358973 30.640447 114.35961 30.640927 3.4 228.0 
2016-10-23 3:29:22 413804342 114.358772 30.640297 114.358973 30.640447 3.4 225.9 
2016-10-23 3:29:55 413804342 114.358402 30.639967 114.358772 30.640297 3.5 227.3 
2016-10-23 3:30:29 413804342 114.357995 30.63962 114.358402 30.639967 3.5 225.9 
2016-10-23 3:30:46 413804342 114.357572 30.639272 114.357995 30.63962 3.6 227.5 
2016-10-23 3:31:09 413804342 114.357387 30.639112 114.357572 30.639272 3.5 226.2 
2016-10-23 3:31:25 413804342 114.357168 30.638945 114.357387 30.639112 3.5 226.6 
2016-10-23 3:31:42 413804342 114.356957 30.638765 114.357168 30.638945 3.5 225.9 
2016-10-23 3:32:18 413804342 114.356368 30.638247 114.356957 30.638765 3.4 225.3 
2016-10-23 3:32:37 413804342 114.356168 30.638078 114.356368 30.638247 3.4 225.5 
2016-10-23 3:32:53 413804342 114.355978 30.637925 114.356168 30.638078 3.6 229.7 
2016-10-23 3:33:06 413804342 114.355782 30.637767 114.355978 30.637925 3.4 228.3 
2016-10-23 3:33:51 413804342 114.355268 30.637287 114.355782 30.637767 3.3 221.3 
2016-10-23 3:34:07 413804342 114.355113 30.637117 114.355268 30.637287 3.4 220.5 
2016-10-23 3:34:25 413804342 114.354982 30.63694 114.355113 30.637117 3.3 219.5 
2016-10-23 3:34:50 413804342 114.354592 30.636582 114.354982 30.63694 3.3 224.8 
2016-10-23 3:35:07 413804342 114.354382 30.636403 114.354592 30.636582 3.2 224.5 
2016-10-23 3:35:23 413804342 114.354245 30.636258 114.354382 30.636403 3.2 223.1 
2016-10-23 3:35:40 413804342 114.35407 30.636098 114.354245 30.636258 3.1 225.5 
2016-10-23 3:36:08 413804342 114.353757 30.63578 114.35407 30.636098 3.0 217.6 
2016-10-23 3:36:29 413804342 114.35361 30.635618 114.353757 30.63578 3.1 220.5 
2016-10-23 3:36:47 413804342 114.353303 30.635303 114.35361 30.635618 2.9 224.2 
2016-10-23 3:37:06 413804342 114.353148 30.635163 114.353303 30.635303 3.0 224.5 
2016-10-23 3:37:30 413804342 114.35296 30.63501 114.353148 30.635163 2.9 224.7 
2016-10-23 3:37:47 413804342 114.352628 30.634705 114.35296 30.63501 2.9 216.2 
2016-10-23 3:38:01 413804342 114.352472 30.634543 114.352628 30.634705 2.9 220.2 
2016-10-23 3:38:16 413804342 114.352317 30.63439 114.352472 30.634543 2.8 221.6 
2016-10-23 3:38:43 413804342 114.35219 30.634248 114.352317 30.63439 3.0 221.6 
2016-10-23 3:39:02 413804342 114.351908 30.633938 114.35219 30.634248 2.8 214.8 
2016-10-23 3:39:17 413804342 114.35175 30.633793 114.351908 30.633938 2.7 219.2 
2016-10-23 3:39:32 413804342 114.35166 30.633655 114.35175 30.633793 2.7 220.5 
2016-10-23 3:39:53 413804342 114.351522 30.633537 114.35166 30.633655 2.8 225.2 
2016-10-23 3:40:09 413804342 114.351375 30.633398 114.351522 30.633537 2.7 222.3 
2016-10-23 3:40:25 413804342 114.351268 30.633265 114.351375 30.633398 2.5 220.5 
2016-10-23 3:41:11 413804342 114.350818 30.632827 114.351268 30.633265 2.7 222.9 
2016-10-23 3:41:32 413804342 114.350595 30.632565 114.350818 30.632827 2.7 221.9 
2016-10-23 3:41:50 413804342 114.350388 30.632447 114.350595 30.632565 2.8 228.2 
2016-10-23 3:42:08 413804342 114.350223 30.632333 114.350388 30.632447 2.7 233.3 
2016-10-23 3:42:40 413804342 114.349897 30.632103 114.350223 30.632333 2.7 227.1 
2016-10-23 3:43:05 413804342 114.349618 30.63179 114.349897 30.632103 2.7 222.1 
2016-10-23 3:43:25 413804342 114.349457 30.631707 114.349618 30.63179 2.8 228.6 
2016-10-23 3:43:43 413804342 114.3493 30.631607 114.349457 30.631707 2.8 228.7 
2016-10-23 3:44:08 413804342 114.348953 30.631282 114.3493 30.631607 2.7 221.4 
2016-10-23 3:44:24 413804342 114.348785 30.631173 114.348953 30.631282 2.7 222.3 
2016-10-23 3:44:39 413804342 114.348672 30.631017 114.348785 30.631173 3.0 224.1 
2016-10-23 3:44:54 413804342 114.348565 30.630877 114.348672 30.631017 3.0 228.6 
2016-10-23 3:45:12 413804342 114.348368 30.630752 114.348565 30.630877 2.8 231.6 
2016-10-23 3:45:27 413804342 114.348208 30.630652 114.348368 30.630752 2.8 229.8 
2016-10-23 3:45:44 413804342 114.348047 30.63053 114.348208 30.630652 2.8 229.6 
2016-10-23 3:46:24 413804342 114.34756 30.630122 114.348047 30.63053 2.6 231.5 
2016-10-23 3:46:43 413804342 114.347398 30.630028 114.34756 30.630122 3.0 235.4 
2016-10-23 3:47:16 413804342 114.346993 30.629743 114.347398 30.630028 2.8 232.6 
2016-10-23 3:47:46 413804342 114.346707 30.629562 114.346993 30.629743 2.9 236.7 
2016-10-23 3:48:06 413804342 114.346358 30.629333 114.346707 30.629562 2.7 235.8 
2016-10-23 3:48:25 413804342 114.346163 30.62922 114.346358 30.629333 2.6 235.7 
2016-10-23 3:48:41 413804342 114.346007 30.629122 114.346163 30.62922 2.4 236.6 
2016-10-23 3:49:05 413804342 114.345675 30.628908 114.346007 30.629122 2.6 231.7 
2016-10-23 3:49:23 413804342 114.345503 30.628798 114.345675 30.628908 2.5 225.0 
2016-10-23 3:49:39 413804342 114.345387 30.628673 114.345503 30.628798 2.5 227.5 
2016-10-23 3:49:57 413804342 114.345202 30.628553 114.345387 30.628673 2.8 232.3 
2016-10-23 3:50:18 413804342 114.345005 30.628377 114.345202 30.628553 2.5 220.3 
2016-10-23 3:50:37 413804342 114.34477 30.628165 114.345005 30.628377 2.5 226.3 
2016-10-23 3:50:54 413804342 114.344637 30.628045 114.34477 30.628165 3.0 225.1 
2016-10-23 3:51:07 413804342 114.344498 30.627912 114.344637 30.628045 2.5 224.9 
2016-10-23 3:51:36 413804342 114.344332 30.62777 114.344498 30.627912 2.6 226.6 
2016-10-23 3:51:56 413804342 114.34405 30.627548 114.344332 30.62777 2.6 227.5 
2016-10-23 3:52:12 413804342 114.343915 30.627448 114.34405 30.627548 2.6 224.8 
2016-10-23 3:52:27 413804342 114.343713 30.627355 114.343915 30.627448 2.6 233.8 
2016-10-23 3:52:49 413804342 114.343445 30.627167 114.343713 30.627355 2.5 228.4 
2016-10-23 3:53:07 413804342 114.343247 30.627053 114.343445 30.627167 2.9 223.7 
2016-10-23 3:53:23 413804342 114.343137 30.626732 114.343247 30.627053 2.8 214.5 
2016-10-23 3:53:42 413804342 114.342968 30.626447 114.343137 30.626732 2.6 223.2 
2016-10-23 3:54:10 413804342 114.34252 30.626332 114.342968 30.626447 3.1 232.4 
2016-10-23 3:54:30 413804342 114.342372 30.626258 114.34252 30.626332 2.6 226.2 
2016-10-23 3:55:03 413804342 114.342035 30.625905 114.342372 30.626258 2.6 223.3 
2016-10-23 3:55:29 413804342 114.34188 30.625762 114.342035 30.625905 2.7 227.1 
2016-10-23 3:56:04 413804342 114.341382 30.625408 114.34188 30.625762 2.6 227.4 
2016-10-23 3:56:20 413804342 114.341233 30.6253 114.341382 30.625408 2.6 229.4 
2016-10-23 3:56:43 413804342 114.341075 30.625177 114.341233 30.6253 2.6 229.9 
2016-10-23 3:57:00 413804342 114.34094 30.625073 114.341075 30.625177 2.6 231.7 
2016-10-23 3:57:16 413804342 114.340772 30.624955 114.34094 30.625073 2.6 231.9 
2016-10-23 3:57:59 413804342 114.340308 30.624613 114.340772 30.624955 2.2 227.4 
2016-10-23 3:58:17 413804342 114.340172 30.624505 114.340308 30.624613 2.6 229.4 
2016-10-23 3:58:49 413804342 114.339738 30.624323 114.340172 30.624505 2.7 238.8 
2016-10-23 3:59:17 413804342 114.339367 30.624067 114.339738 30.624323 2.7 236.8 
2016-10-23 3:59:38 413804342 114.339128 30.623907 114.339367 30.624067 2.6 229.8 
2016-10-23 3:59:55 413804342 114.338952 30.623782 114.339128 30.623907 2.8 227.4 
2016-10-23 4:00:14 413804342 114.338802 30.623637 114.338952 30.623782 2.6 225.3 
2016-10-23 4:00:35 413804342 114.338643 30.623505 114.338802 30.623637 2.7 227.1 
2016-10-23 4:00:54 413804342 114.338333 30.623265 114.338643 30.623505 2.6 234.0 
2016-10-23 4:01:10 413804342 114.33817 30.623163 114.338333 30.623265 2.7 240.4 
2016-10-23 4:01:23 413804342 114.337982 30.623043 114.33817 30.623163 2.6 234.0 
2016-10-23 4:01:44 413804342 114.337792 30.622952 114.337982 30.623043 2.4 235.1 
2016-10-23 4:02:05 413804342 114.33743 30.622733 114.337792 30.622952 2.7 233.5 
2016-10-23 4:02:25 413804342 114.337267 30.62264 114.33743 30.622733 2.6 235.0 
2016-10-23 4:02:40 413804342 114.337085 30.622548 114.337267 30.62264 2.6 240.1 
2016-10-23 4:03:03 413804342 114.33689 30.622483 114.337085 30.622548 2.7 243.5 
2016-10-23 4:03:23 413804342 114.33651 30.6223 114.33689 30.622483 2.7 243.3 
2016-10-23 4:04:00 413804342 114.336163 30.622142 114.33651 30.6223 2.6 243.1 
2016-10-23 4:04:29 413804342 114.335862 30.621952 114.336163 30.622142 2.7 240.1 
2016-10-23 4:04:47 413804342 114.335673 30.621882 114.335862 30.621952 2.5 244.4 
2016-10-23 4:05:19 413804342 114.335087 30.621635 114.335673 30.621882 2.8 236.8 
2016-10-23 4:05:47 413804342 114.334883 30.621505 114.335087 30.621635 2.6 236.6 
2016-10-23 4:06:09 413804342 114.334542 30.621288 114.334883 30.621505 2.8 233.6 
2016-10-23 4:06:31 413804342 114.334378 30.621182 114.334542 30.621288 2.8 236.6 
2016-10-23 4:07:18 413804342 114.333833 30.620875 114.334378 30.621182 2.8 239.2 
2016-10-23 4:07:40 413804342 114.333473 30.620652 114.333833 30.620875 2.7 226.2 
2016-10-23 4:07:56 413804342 114.333357 30.62051 114.333473 30.620652 2.7 225.8 
2016-10-23 4:08:15 413804342 114.333217 30.62039 114.333357 30.62051 2.9 225.5 
2016-10-23 4:08:43 413804342 114.332895 30.620143 114.333217 30.62039 2.7 227.6 
2016-10-23 4:09:03 413804342 114.332722 30.620007 114.332895 30.620143 2.5 222.9 
2016-10-23 4:09:19 413804342 114.33254 30.619877 114.332722 30.620007 3.1 230.1 
2016-10-23 4:10:04 413804342 114.332147 30.619478 114.33254 30.619877 2.5 220.3 
2016-10-23 4:10:27 413804342 114.331827 30.619202 114.332147 30.619478 2.5 220.0 
2016-10-23 4:10:45 413804342 114.331638 30.61906 114.331827 30.619202 2.8 226.3 
2016-10-23 4:11:05 413804342 114.3315 30.618927 114.331638 30.61906 2.8 224.0 
2016-10-23 4:11:37 413804342 114.331237 30.61865 114.3315 30.618927 2.8 225.3 
2016-10-23 4:12:03 413804342 114.3309 30.61838 114.331237 30.61865 2.7 226.5 
2016-10-23 4:12:22 413804342 114.330703 30.618228 114.3309 30.61838 2.9 228.2 
2016-10-23 4:12:40 413804342 114.330402 30.617925 114.330703 30.618228 2.7 227.1 
2016-10-23 4:13:08 413804342 114.330265 30.617792 114.330402 30.617925 2.9 225.0 
2016-10-23 4:13:47 413804342 114.329812 30.617397 114.330265 30.617792 2.8 226.0 
2016-10-23 4:14:34 413804342 114.329388 30.617042 114.329812 30.617397 2.8 218.0 
2016-10-23 4:14:54 413804342 114.329067 30.616717 114.329388 30.617042 2.9 225.8 
2016-10-23 4:15:12 413804342 114.328957 30.616628 114.329067 30.616717 2.8 223.7 
2016-10-23 4:15:30 413804342 114.328675 30.616438 114.328957 30.616628 3.1 228.0 
2016-10-23 4:15:58 413804342 114.328432 30.616182 114.328675 30.616438 2.6 228.4 
2016-10-23 4:16:18 413804342 114.328293 30.616047 114.328432 30.616182 2.5 229.2 
2016-10-23 4:16:47 413804342 114.328 30.615803 114.328293 30.616047 3.3 222.1 
2016-10-23 4:17:13 413804342 114.327725 30.61549 114.328 30.615803 2.8 217.7 
2016-10-23 4:17:34 413804342 114.327602 30.61532 114.327725 30.61549 2.8 212.6 
2016-10-23 4:17:53 413804342 114.327315 30.61506 114.327602 30.61532 3.0 223.7 
2016-10-23 4:18:14 413804342 114.327168 30.6149 114.327315 30.61506 2.6 222.2 
2016-10-23 4:18:49 413804342 114.326902 30.614605 114.327168 30.6149 3.2 228.3 
2016-10-23 4:19:23 413804342 114.326465 30.614073 114.326902 30.614605 3.4 212.6 
2016-10-23 4:19:39 413804342 114.326363 30.613925 114.326465 30.614073 3.2 220.7 
2016-10-23 4:20:06 413804342 114.326177 30.613735 114.326363 30.613925 2.8 222.9 
2016-10-23 4:20:30 413804342 114.325838 30.613388 114.326177 30.613735 3.1 216.1 
2016-10-23 4:20:49 413804342 114.3257 30.613225 114.325838 30.613388 3.1 212.3 
2016-10-23 4:21:31 413804342 114.325273 30.612698 114.3257 30.613225 3.2 217.0 
2016-10-23 4:21:50 413804342 114.325113 30.612533 114.325273 30.612698 3.2 219.3 
2016-10-23 4:22:07 413804342 114.324822 30.61215 114.325113 30.612533 3.4 215.3 
2016-10-23 4:22:25 413804342 114.324692 30.611985 114.324822 30.61215 3.0 217.6 
2016-10-23 4:22:49 413804342 114.324517 30.611793 114.324692 30.611985 3.2 215.7 
2016-10-23 4:23:09 413804342 114.32421 30.611427 114.324517 30.611793 3.3 214.2 
2016-10-23 4:23:25 413804342 114.324062 30.611247 114.32421 30.611427 3.3 214.6 
2016-10-23 4:23:44 413804342 114.323898 30.611042 114.324062 30.611247 3.2 210.0 
2016-10-23 4:24:12 413804342 114.323613 30.610658 114.323898 30.611042 3.2 211.8 
2016-10-23 4:24:36 413804342 114.323477 30.610482 114.323613 30.610658 3.3 215.8 
2016-10-23 4:24:53 413804342 114.323173 30.610123 114.323477 30.610482 3.2 218.9 
2016-10-23 4:25:10 413804342 114.323015 30.60992 114.323173 30.610123 3.2 212.7 
2016-10-23 4:25:38 413804342 114.322875 30.609733 114.323015 30.60992 3.2 211.5 
2016-10-23 4:26:00 413804342 114.3226 30.609358 114.322875 30.609733 3.2 217.2 
2016-10-23 4:26:17 413804342 114.322458 30.609178 114.3226 30.609358 3.2 217.3 
2016-10-23 4:26:35 413804342 114.322297 30.609005 114.322458 30.609178 3.2 219.7 
2016-10-23 4:27:05 413804342 114.321955 30.608658 114.322297 30.609005 3.2 220.7 
2016-10-23 4:27:26 413804342 114.321633 30.608327 114.321955 30.608658 3.2 221.2 
2016-10-23 4:27:44 413804342 114.321465 30.608145 114.321633 30.608327 3.2 220.4 
2016-10-23 4:28:31 413804342 114.32095 30.607632 114.321465 30.608145 3.4 219.5 
2016-10-23 4:28:56 413804342 114.320658 30.60727 114.32095 30.607632 3.3 216.2 
2016-10-23 4:29:16 413804342 114.320488 30.607098 114.320658 30.60727 3.2 216.1 
2016-10-23 4:29:35 413804342 114.320323 30.606908 114.320488 30.607098 3.2 218.3 
2016-10-23 4:30:03 413804342 114.320015 30.60658 114.320323 30.606908 3.1 222.3 
2016-10-23 4:30:23 413804342 114.319868 30.606425 114.320015 30.60658 3.0 215.1 
2016-10-23 4:30:39 413804342 114.319595 30.606062 114.319868 30.606425 3.1 210.2 
2016-10-23 4:30:59 413804342 114.319408 30.605922 114.319595 30.606062 3.3 222.4 
2016-10-23 4:31:33 413804342 114.319175 30.605385 114.319408 30.605922 3.4 220.6 
2016-10-23 4:31:57 413804342 114.318547 30.60507 114.319175 30.605385 3.4 227.0 
2016-10-23 4:32:16 413804342 114.31847 30.604938 114.318547 30.60507 3.3 219.4 
2016-10-23 4:32:32 413804342 114.318337 30.60474 114.31847 30.604938 3.3 216.4 
2016-10-23 4:32:52 413804342 114.318143 30.6046 114.318337 30.60474 3.3 224.8 
2016-10-23 4:33:12 413804342 114.317792 30.604263 114.318143 30.6046 3.7 223.5 
2016-10-23 4:33:26 413804342 114.317613 30.604105 114.317792 30.604263 3.7 228.5 
2016-10-23 4:33:43 413804342 114.317445 30.603948 114.317613 30.604105 3.3 228.4 
2016-10-23 4:34:01 413804342 114.317213 30.603767 114.317445 30.603948 3.2 222.7 
2016-10-23 4:34:20 413804342 114.31709 30.603612 114.317213 30.603767 3.6 223.8 
2016-10-23 4:34:55 413804342 114.316588 30.603112 114.31709 30.603612 3.2 221.9 
2016-10-23 4:35:21 413804342 114.31647 30.602938 114.316588 30.603112 3.2 216.1 
2016-10-23 4:35:41 413804342 114.316095 30.602623 114.31647 30.602938 3.1 224.2 
2016-10-23 4:35:57 413804342 114.315958 30.602467 114.316095 30.602623 3.0 222.7 
2016-10-23 4:36:14 413804342 114.315813 30.602303 114.315958 30.602467 3.2 218.8 
2016-10-23 4:36:39 413804342 114.315673 30.602147 114.315813 30.602303 3.1 217.9 
2016-10-23 4:36:58 413804342 114.315318 30.601845 114.315673 30.602147 2.6 223.8 
2016-10-23 4:37:29 413804342 114.314943 30.601547 114.315318 30.601845 3.2 236.6 
2016-10-23 4:37:54 413804342 114.314727 30.6014 114.314943 30.601547 3.2 226.9 
2016-10-23 4:38:11 413804342 114.314173 30.601118 114.314727 30.6014 3.2 236.1 
2016-10-23 4:38:28 413804342 114.31407 30.600978 114.314173 30.601118 3.3 229.2 
2016-10-23 4:38:45 413804342 114.313857 30.600875 114.31407 30.600978 3.4 235.7 
2016-10-23 4:39:17 413804342 114.313457 30.600645 114.313857 30.600875 3.1 237.0 
2016-10-23 4:39:41 413804342 114.313078 30.600395 114.313457 30.600645 3.2 238.8 
2016-10-23 4:40:02 413804342 114.312883 30.60026 114.313078 30.600395 3.2 226.2 
2016-10-23 4:40:21 413804342 114.31272 30.600117 114.312883 30.60026 3.3 230.2 
2016-10-23 4:40:53 413804342 114.312292 30.599808 114.31272 30.600117 3.3 228.8 
2016-10-23 4:41:14 413804342 114.311867 30.599478 114.312292 30.599808 3.4 227.4 
2016-10-23 4:41:32 413804342 114.311658 30.599267 114.311867 30.599478 3.5 221.5 
2016-10-23 4:41:53 413804342 114.311553 30.599138 114.311658 30.599267 3.4 224.8 
2016-10-23 4:42:23 413804342 114.311263 30.598762 114.311553 30.599138 3.3 210.9 
2016-10-23 4:42:50 413804342 114.310895 30.598417 114.311263 30.598762 3.4 220.2 
2016-10-23 4:43:25 413804342 114.310463 30.597853 114.310895 30.598417 3.3 211.5 
2016-10-23 4:43:54 413804342 114.31034 30.597648 114.310463 30.597853 3.3 207.6 
2016-10-23 4:44:13 413804342 114.310063 30.597272 114.31034 30.597648 3.3 216.9 
2016-10-23 4:44:30 413804342 114.309843 30.597002 114.310063 30.597272 3.3 214.6 
2016-10-23 4:44:49 413804342 114.309752 30.596868 114.309843 30.597002 3.3 214.7 
2016-10-23 4:45:13 413804342 114.309488 30.596498 114.309752 30.596868 3.3 212.0 
2016-10-23 4:45:31 413804342 114.309353 30.596318 114.309488 30.596498 3.3 207.9 
2016-10-23 4:45:48 413804342 114.309195 30.596105 114.309353 30.596318 3.3 213.2 
2016-10-23 4:46:05 413804342 114.309038 30.59593 114.309195 30.596105 3.3 213.8 
2016-10-23 4:46:33 413804342 114.308707 30.595548 114.309038 30.59593 3.3 215.7 
2016-10-23 4:46:53 413804342 114.308562 30.595382 114.308707 30.595548 3.5 220.6 
2016-10-23 4:47:12 413804342 114.308282 30.595032 114.308562 30.595382 3.5 221.4 
2016-10-23 4:47:28 413804342 114.308123 30.594818 114.308282 30.595032 3.3 217.7 
2016-10-23 4:47:59 413804342 114.307802 30.594447 114.308123 30.594818 3.4 216.9 
2016-10-23 4:48:22 413804342 114.307605 30.59424 114.307802 30.594447 3.3 215.1 
2016-10-23 4:48:46 413804342 114.307257 30.593873 114.307605 30.59424 3.4 220.6 
2016-10-23 4:49:38 413804342 114.3067 30.593368 114.307257 30.593873 3.5 222.7 
2016-10-23 4:50:22 413804342 114.306135 30.592843 114.3067 30.593368 3.4 221.8 
2016-10-23 4:50:40 413804342 114.305935 30.592608 114.306135 30.592843 3.4 215.6 
2016-10-23 4:51:08 413804342 114.305662 30.592272 114.305935 30.592608 3.6 218.6 
2016-10-23 4:51:28 413804342 114.305312 30.591872 114.305662 30.592272 3.4 218.1 
2016-10-23 4:51:47 413804342 114.305138 30.591727 114.305312 30.591872 3.4 220.2 
2016-10-23 4:52:05 413804342 114.305007 30.591555 114.305138 30.591727 3.5 216.8 
2016-10-23 4:52:32 413804342 114.304857 30.591385 114.305007 30.591555 3.5 212.9 
2016-10-23 4:52:54 413804342 114.304435 30.590953 114.304857 30.591385 3.6 217.8 
2016-10-23 4:53:15 413804342 114.304113 30.590553 114.304435 30.590953 3.4 214.0 
2016-10-23 4:53:35 413804342 114.304043 30.590372 114.304113 30.590553 3.3 210.3 
2016-10-23 4:54:07 413804342 114.303765 30.589977 114.304043 30.590372 3.3 209.8 
2016-10-23 4:54:47 413804342 114.303383 30.589358 114.303765 30.589977 3.4 210.4 
2016-10-23 4:55:31 413804342 114.303005 30.588715 114.303383 30.589358 3.1 208.2 
2016-10-23 4:55:50 413804342 114.302842 30.588508 114.303005 30.588715 3.6 211.0 
2016-10-23 4:56:10 413804342 114.302673 30.588272 114.302842 30.588508 3.9 208.2 
2016-10-23 4:56:29 413804342 114.302358 30.58784 114.302673 30.588272 3.7 216.8 
2016-10-23 4:56:56 413804342 114.302233 30.5876 114.302358 30.58784 3.8 202.7 
2016-10-23 4:57:36 413804342 114.301802 30.586927 114.302233 30.5876 3.9 210.6 
2016-10-23 4:57:53 413804342 114.301633 30.58672 114.301802 30.586927 3.7 213.6 
2016-10-23 4:58:21 413804342 114.301302 30.586238 114.301633 30.58672 3.8 208.9 
2016-10-23 4:58:44 413804342 114.301168 30.585992 114.301302 30.586238 3.8 205.8 
2016-10-23 4:59:23 413804342 114.30073 30.58531 114.301168 30.585992 3.9 213.7 
2016-10-23 4:59:58 413804342 114.3004 30.58486 114.30073 30.58531 3.8 208.5 
2016-10-23 5:00:23 413804342 114.300083 30.584408 114.3004 30.58486 3.9 208.8 
2016-10-23 5:00:40 413804342 114.299953 30.584165 114.300083 30.584408 3.9 203.8 
2016-10-23 5:01:01 413804342 114.299638 30.583675 114.299953 30.584165 3.8 206.2 
2016-10-23 5:01:26 413804342 114.299513 30.583427 114.299638 30.583675 3.8 204.1 
2016-10-23 5:01:50 413804342 114.299277 30.58294 114.299513 30.583427 3.5 201.6 
2016-10-23 5:02:10 413804342 114.299148 30.582723 114.299277 30.58294 3.8 202.5 
2016-10-23 5:03:00 413804342 114.29858 30.581812 114.299148 30.582723 3.4 210.7 
2016-10-23 5:03:25 413804342 114.298468 30.581612 114.29858 30.581812 3.7 207.1 
2016-10-23 5:03:42 413804342 114.298293 30.581397 114.298468 30.581612 3.7 210.6 
2016-10-23 5:04:06 413804342 114.298072 30.58094 114.298293 30.581397 3.8 204.5 
2016-10-23 5:04:40 413804342 114.297773 30.580532 114.298072 30.58094 3.7 207.5 
2016-10-23 5:05:20 413804342 114.297342 30.579908 114.297773 30.580532 3.2 204.6 
2016-10-23 5:06:03 413804342 114.296942 30.579272 114.297342 30.579908 3.5 216.5 
2016-10-23 5:06:22 413804342 114.296797 30.579038 114.296942 30.579272 3.5 210.1 
2016-10-23 5:06:40 413804342 114.296657 30.57884 114.296797 30.579038 3.5 209.5 
2016-10-23 5:07:01 413804342 114.296397 30.578452 114.296657 30.57884 3.5 209.5 
2016-10-23 5:07:30 413804342 114.296265 30.578217 114.296397 30.578452 3.5 210.8 
2016-10-23 5:07:52 413804342 114.295922 30.577825 114.296265 30.578217 3.6 215.2 
2016-10-23 5:08:25 413804342 114.295703 30.577423 114.295922 30.577825 3.3 213.3 
2016-10-23 5:08:52 413804342 114.295425 30.577048 114.295703 30.577423 3.3 215.4 
2016-10-23 5:09:12 413804342 114.295102 30.57667 114.295425 30.577048 3.3 214.2 
2016-10-23 5:09:34 413804342 114.294927 30.576457 114.295102 30.57667 3.3 213.8 
2016-10-23 5:09:53 413804342 114.294823 30.576243 114.294927 30.576457 3.2 213.3 
2016-10-23 5:10:22 413804342 114.294597 30.575838 114.294823 30.576243 3.3 204.2 
2016-10-23 5:10:45 413804342 114.294402 30.575662 114.294597 30.575838 3.4 217.6 
2016-10-23 5:11:24 413804342 114.293935 30.575133 114.294402 30.575662 3.3 213.2 
2016-10-23 5:11:52 413804342 114.293582 30.574708 114.293935 30.575133 3.2 202.5 
2016-10-23 5:12:17 413804342 114.293228 30.574332 114.293582 30.574708 3.3 214.5 
2016-10-23 5:12:56 413804342 114.292963 30.573982 114.293228 30.574332 3.4 211.2 
2016-10-23 5:13:27 413804342 114.292712 30.573643 114.292963 30.573982 3.4 224.1 
2016-10-23 5:13:51 413804342 114.292417 30.573237 114.292712 30.573643 3.6 213.6 
2016-10-23 5:14:12 413804342 114.292267 30.57303 114.292417 30.573237 3.5 211.0 
2016-10-23 5:15:07 413804342 114.291763 30.57214 114.292267 30.57303 3.6 205.1 
