2016-10-22 12:53:38 413794012 114.627172 30.55665 114.628612 30.556963 4.2 265.8 265
2016-10-22 12:55:43 413794012 114.62443 30.556728 114.627172 30.55665 4.2 267.2 267
2016-10-22 12:56:43 413794012 114.62338 30.556587 114.62443 30.556728 4.4 258.0 258
2016-10-22 12:57:14 413794012 114.622673 30.556473 114.62338 30.556587 4.4 263.6 263
2016-10-22 12:59:42 413794012 114.619487 30.55636 114.622673 30.556473 4.4 268.0 268
2016-10-22 13:00:11 413794012 114.618353 30.556267 114.619487 30.55636 4.5 262.1 262
2016-10-22 13:01:24 413794012 114.616885 30.556143 114.618353 30.556267 4.5 266.8 266
2016-10-22 13:08:02 413794012 114.607833 30.55817 114.60886 30.557855 4.3 289.4 289
2016-10-22 13:08:27 413794012 114.607525 30.558263 114.607833 30.55817 4.3 289.0 289
2016-10-22 13:09:05 413794012 114.6065 30.558567 114.607525 30.558263 4.4 288.6 288
2016-10-22 13:10:28 413794012 114.604797 30.559102 114.6065 30.558567 4.4 290.9 290
2016-10-22 13:11:07 413794012 114.60411 30.55934 114.604797 30.559102 4.4 292.1 292
2016-10-22 13:11:38 413794012 114.603395 30.559593 114.60411 30.55934 4.5 291.7 291
2016-10-22 13:15:06 413794012 114.598148 30.560667 114.603395 30.559593 4.9 268.6 268
2016-10-22 13:18:19 413794012 114.593283 30.56166 114.598148 30.560667 4.5 302.2 302
2016-10-22 13:30:32 413794012 114.580798 30.574137 114.582085 30.572155 5.2 328.3 328
2016-10-22 13:32:02 413794012 114.579197 30.576483 114.580798 30.574137 5.3 333.8 333
2016-10-22 13:35:51 413794012 114.576433 30.581798 114.579197 30.576483 5.6 335.6 335
2016-10-22 13:39:29 413794012 114.573602 30.586883 114.576433 30.581798 5.6 333.4 333
2016-10-22 14:10:00 413794012 114.555628 30.634877 114.555985 30.634102 5.6 339.3 339
2016-10-22 14:10:52 413794012 114.554992 30.636335 114.555628 30.634877 5.6 339.4 339
2016-10-22 14:12:53 413794012 114.55376 30.639348 114.554992 30.636335 5.6 341.5 341
2016-10-22 14:13:15 413794012 114.553597 30.639767 114.55376 30.639348 5.6 342.1 342
2016-10-22 14:13:42 413794012 114.55331 30.640538 114.553597 30.639767 5.6 341.8 341
2016-10-22 14:14:40 413794012 114.552688 30.64203 114.55331 30.640538 5.5 337.9 337
2016-10-22 14:15:03 413794012 114.55253 30.642388 114.552688 30.64203 5.4 339.3 339
2016-10-22 14:15:51 413794012 114.552203 30.643132 114.55253 30.642388 5.5 338.6 338
2016-10-22 14:19:42 413794012 114.549852 30.648612 114.552203 30.643132 5.3 339.4 339
2016-10-22 14:21:57 413794012 114.548287 30.651642 114.549852 30.648612 5.1 336.5 336
2016-10-22 14:22:38 413794012 114.547688 30.653063 114.548287 30.651642 5.0 342.1 342
2016-10-22 14:23:13 413794012 114.547448 30.653735 114.547688 30.653063 5.0 343.9 343
2016-10-22 14:24:01 413794012 114.547073 30.654718 114.547448 30.653735 4.9 338.7 338
2016-10-22 14:24:21 413794012 114.546768 30.65536 114.547073 30.654718 4.8 336.3 336
2016-10-22 14:24:56 413794012 114.54661 30.655665 114.546768 30.65536 4.7 335.8 335
2016-10-22 14:27:21 413794012 114.544532 30.658553 114.54661 30.655665 4.7 328.2 328
2016-10-22 14:27:44 413794012 114.544135 30.659127 114.544532 30.658553 4.7 330.8 330
2016-10-22 14:30:19 413794012 114.542955 30.662335 114.544135 30.659127 4.1 355.1 355
2016-10-22 14:31:03 413794012 114.542907 30.663165 114.542955 30.662335 3.7 359.0 359
2016-10-22 14:31:36 413794012 114.542905 30.663415 114.542907 30.663165 3.5 0.0 0
2016-10-22 14:32:03 413794012 114.542928 30.66413 114.542905 30.663415 3.1 3.0 3
2016-10-22 14:32:26 413794012 114.542943 30.66435 114.542928 30.66413 3.0 3.0 3
2016-10-22 14:33:23 413794012 114.542992 30.664987 114.542943 30.66435 2.8 2.0 2
2016-10-22 14:33:46 413794012 114.543018 30.665415 114.542992 30.664987 2.8 1.0 1
2016-10-22 14:34:28 413794012 114.542945 30.665995 114.543018 30.665415 2.7 351.8 351
2016-10-22 14:35:47 413794012 114.542898 30.66696 114.542945 30.665995 2.6 7.0 7
2016-10-22 14:36:41 413794012 114.543043 30.667517 114.542898 30.66696 2.3 15.2 15
2016-10-22 14:37:06 413794012 114.543168 30.66781 114.543043 30.667517 2.0 21.3 21
2016-10-22 14:39:33 413794012 114.543625 30.66873 114.543168 30.66781 1.1 15.7 15
2016-10-22 14:40:06 413794012 114.543657 30.668882 114.543625 30.66873 1.0 2.0 2
2016-10-22 14:41:48 413794012 114.543663 30.669438 114.543657 30.668882 0.9 8.0 8
2016-10-22 14:42:16 413794012 114.543677 30.66949 114.543663 30.669438 0.6 15.4 15
2016-10-22 14:42:39 413794012 114.543718 30.669552 114.543677 30.66949 0.4 37.0 37
2016-10-22 14:43:03 413794012 114.543732 30.669575 114.543718 30.669552 0.3 13.2 13
2016-10-22 14:44:24 413794012 114.543742 30.669698 114.543732 30.669575 0.3 351.5 351
2016-10-22 14:44:47 413794012 114.54374 30.669723 114.543742 30.669698 0.3 357.2 357
2016-10-22 14:45:24 413794012 114.543748 30.669758 114.54374 30.669723 0.0 0.0 0
2016-10-22 14:45:52 413794012 114.543762 30.669773 114.543748 30.669758 0.0 0.0 0
2016-10-22 14:46:14 413794012 114.543768 30.669777 114.543762 30.669773 0.1 0.0 0
2016-10-22 14:46:37 413794012 114.543778 30.66978 114.543768 30.669777 0.1 0.0 0
2016-10-22 14:47:49 413794012 114.543813 30.669805 114.543778 30.66978 0.1 0.0 0
2016-10-22 14:48:10 413794012 114.543822 30.669815 114.543813 30.669805 0.0 0.0 0
2016-10-22 14:49:04 413794012 114.543817 30.669817 114.543822 30.669815 0.0 0.0 0
2016-10-22 14:49:24 413794012 114.543823 30.669813 114.543817 30.669817 0.0 0.0 0
2016-10-22 14:50:14 413794012 114.543828 30.669797 114.543823 30.669813 0.0 0.0 0
2016-10-22 14:50:37 413794012 114.543833 30.669802 114.543828 30.669797 0.0 0.0 0
2016-10-22 14:53:28 413794012 114.543845 30.6698 114.543833 30.669802 0.0 0.0 0
2016-10-22 14:54:33 413794012 114.543842 30.6698 114.543845 30.6698 0.0 0.0 0
2016-10-22 14:55:03 413794012 114.543833 30.669803 114.543842 30.6698 0.0 0.0 0
2016-10-22 14:55:30 413794012 114.543833 30.669803 114.543833 30.669803 0.0 0.0 0
2016-10-22 14:57:18 413794012 114.54382 30.669808 114.543833 30.669803 0.0 0.0 0
2016-10-22 14:59:00 413794012 114.543812 30.669802 114.54382 30.669808 0.0 0.0 0
2016-10-22 14:59:58 413794012 114.543817 30.669805 114.543812 30.669802 0.0 0.0 0
2016-10-22 15:00:20 413794012 114.543815 30.669803 114.543817 30.669805 0.0 0.0 0
2016-10-22 15:05:02 413794012 114.54381 30.669795 114.543815 30.669803 0.0 0.0 0
2016-10-22 15:05:54 413794012 114.543837 30.66979 114.54381 30.669795 0.0 0.0 0
2016-10-22 15:06:16 413794012 114.54384 30.669793 114.543837 30.66979 0.0 0.0 0
2016-10-22 15:06:51 413794012 114.543848 30.669803 114.54384 30.669793 0.0 0.0 0
2016-10-22 15:08:02 413794012 114.543852 30.669793 114.543848 30.669803 0.0 0.0 0
2016-10-22 15:10:12 413794012 114.54386 30.669805 114.543852 30.669793 0.0 0.0 0
2016-10-22 15:10:38 413794012 114.543853 30.66981 114.54386 30.669805 0.0 0.0 0
2016-10-22 15:11:25 413794012 114.543842 30.669817 114.543853 30.66981 0.0 0.0 0
2016-10-22 15:12:27 413794012 114.543845 30.6698 114.543842 30.669817 0.0 0.0 0
2016-10-22 15:13:45 413794012 114.54383 30.669763 114.543845 30.6698 0.0 0.0 0
2016-10-22 15:14:13 413794012 114.543835 30.669753 114.54383 30.669763 0.0 0.0 0
2016-10-22 15:15:32 413794012 114.543833 30.66975 114.543835 30.669753 0.0 0.0 0
2016-10-22 15:15:58 413794012 114.54383 30.669752 114.543833 30.66975 0.0 0.0 0
2016-10-22 15:17:23 413794012 114.543837 30.669775 114.54383 30.669752 0.0 0.0 0
2016-10-22 15:17:50 413794012 114.543837 30.669773 114.543837 30.669775 0.0 0.0 0
2016-10-22 15:20:28 413794012 114.54383 30.669788 114.543837 30.669773 0.0 0.0 0
2016-10-22 15:21:03 413794012 114.543822 30.669805 114.54383 30.669788 0.2 311.7 311
2016-10-22 15:21:27 413794012 114.543758 30.669833 114.543822 30.669805 0.5 310.0 310
2016-10-22 15:21:49 413794012 114.543678 30.669912 114.543758 30.669833 0.8 320.3 320
2016-10-22 15:24:15 413794012 114.543418 30.670407 114.543678 30.669912 0.7 350.3 350
2016-10-22 15:24:40 413794012 114.543397 30.670497 114.543418 30.670407 0.6 345.4 345
2016-10-22 15:26:37 413794012 114.543352 30.670717 114.543397 30.670497 0.2 0.0 0
2016-10-22 15:27:30 413794012 114.54336 30.670767 114.543352 30.670717 0.2 358.7 358
2016-10-22 15:27:57 413794012 114.543362 30.670788 114.54336 30.670767 0.1 0.0 0
2016-10-22 15:28:16 413794012 114.543372 30.670802 114.543362 30.670788 0.0 0.0 0
2016-10-22 15:28:36 413794012 114.543378 30.670805 114.543372 30.670802 0.0 0.0 0
2016-10-22 15:29:17 413794012 114.54338 30.670817 114.543378 30.670805 0.1 0.0 0
2016-10-22 15:30:31 413794012 114.543373 30.670808 114.54338 30.670817 0.0 0.0 0
2016-10-22 15:31:08 413794012 114.54337 30.670803 114.543373 30.670808 0.0 0.0 0
2016-10-22 15:35:23 413794012 114.543377 30.670843 114.54337 30.670803 0.0 0.0 0
2016-10-22 15:36:20 413794012 114.54337 30.670837 114.543377 30.670843 0.0 0.0 0
2016-10-22 15:37:02 413794012 114.54335 30.670823 114.54337 30.670837 0.0 0.0 0
2016-10-22 15:38:09 413794012 114.543352 30.670818 114.54335 30.670823 0.0 0.0 0
2016-10-22 15:39:00 413794012 114.543335 30.670818 114.543352 30.670818 0.0 0.0 0
2016-10-22 15:39:20 413794012 114.543332 30.670822 114.543335 30.670818 0.0 0.0 0
2016-10-22 15:39:54 413794012 114.543342 30.670822 114.543332 30.670822 0.0 0.0 0
2016-10-22 15:42:22 413794012 114.543363 30.670823 114.543342 30.670822 0.0 0.0 0
2016-10-22 15:42:43 413794012 114.543367 30.670823 114.543363 30.670823 0.0 0.0 0
2016-10-22 15:43:11 413794012 114.543372 30.670825 114.543367 30.670823 0.0 0.0 0
2016-10-22 15:43:36 413794012 114.54338 30.670827 114.543372 30.670825 0.0 0.0 0
2016-10-22 15:43:57 413794012 114.543388 30.670833 114.54338 30.670827 0.0 0.0 0
2016-10-22 15:44:21 413794012 114.543393 30.670833 114.543388 30.670833 0.0 0.0 0
2016-10-22 15:45:22 413794012 114.543408 30.670833 114.543393 30.670833 0.0 0.0 0
2016-10-22 15:45:42 413794012 114.543403 30.670833 114.543408 30.670833 0.0 0.0 0
2016-10-22 15:45:58 413794012 114.543398 30.670832 114.543403 30.670833 0.0 0.0 0
2016-10-22 15:47:14 413794012 114.543387 30.670838 114.543398 30.670832 0.0 0.0 0
2016-10-22 15:49:03 413794012 114.543408 30.67083 114.543387 30.670838 0.0 0.0 0
2016-10-22 15:49:25 413794012 114.54341 30.670823 114.543408 30.67083 0.0 0.0 0
2016-10-22 15:50:08 413794012 114.543403 30.670822 114.54341 30.670823 0.0 0.0 0
2016-10-22 15:50:38 413794012 114.5434 30.670822 114.543403 30.670822 0.0 0.0 0
2016-10-22 15:51:24 413794012 114.543392 30.670825 114.5434 30.670822 0.0 0.0 0
2016-10-22 15:51:59 413794012 114.543385 30.670825 114.543392 30.670825 0.0 0.0 0
2016-10-22 15:53:18 413794012 114.543358 30.670842 114.543385 30.670825 0.0 0.0 0
2016-10-22 15:53:55 413794012 114.543362 30.670838 114.543358 30.670842 0.0 0.0 0
2016-10-22 15:54:18 413794012 114.543358 30.670838 114.543362 30.670838 0.0 0.0 0
2016-10-22 15:54:43 413794012 114.543357 30.67084 114.543358 30.670838 0.0 0.0 0
2016-10-22 15:55:37 413794012 114.543355 30.670848 114.543357 30.67084 0.0 0.0 0
2016-10-22 15:56:44 413794012 114.543363 30.67085 114.543355 30.670848 0.0 0.0 0
2016-10-22 15:57:21 413794012 114.543353 30.67085 114.543363 30.67085 0.0 0.0 0
2016-10-22 15:57:48 413794012 114.543352 30.670847 114.543353 30.67085 0.0 0.0 0
2016-10-22 15:58:11 413794012 114.54335 30.67084 114.543352 30.670847 0.0 0.0 0
2016-10-22 15:59:07 413794012 114.543358 30.670835 114.54335 30.67084 0.0 0.0 0
2016-10-22 15:59:34 413794012 114.543377 30.67084 114.543358 30.670835 0.0 0.0 0
2016-10-22 16:00:00 413794012 114.543382 30.670847 114.543377 30.67084 0.0 0.0 0
2016-10-22 16:01:04 413794012 114.54338 30.670865 114.543382 30.670847 0.0 0.0 0
2016-10-22 16:01:30 413794012 114.543368 30.670865 114.54338 30.670865 0.0 0.0 0
2016-10-22 16:01:54 413794012 114.543363 30.670865 114.543368 30.670865 0.0 0.0 0
2016-10-22 16:02:50 413794012 114.543338 30.670858 114.543363 30.670865 0.0 0.0 0
2016-10-22 16:03:16 413794012 114.543328 30.670863 114.543338 30.670858 0.0 0.0 0
2016-10-22 16:03:56 413794012 114.54332 30.67086 114.543328 30.670863 0.0 0.0 0
2016-10-22 16:04:32 413794012 114.543327 30.67086 114.54332 30.67086 0.0 0.0 0
2016-10-22 16:05:20 413794012 114.543338 30.670858 114.543327 30.67086 0.0 0.0 0
2016-10-22 16:06:13 413794012 114.543315 30.670843 114.543338 30.670858 0.0 0.0 0
2016-10-22 16:07:00 413794012 114.54332 30.670842 114.543315 30.670843 0.0 0.0 0
2016-10-22 16:07:57 413794012 114.543325 30.670847 114.54332 30.670842 0.0 0.0 0
2016-10-22 16:08:24 413794012 114.543348 30.670855 114.543325 30.670847 0.0 0.0 0
2016-10-22 16:08:46 413794012 114.543358 30.67086 114.543348 30.670855 0.0 0.0 0
2016-10-22 16:09:42 413794012 114.543363 30.670862 114.543358 30.67086 0.0 0.0 0
2016-10-22 16:10:09 413794012 114.543365 30.670858 114.543363 30.670862 0.0 0.0 0
2016-10-22 16:10:30 413794012 114.543365 30.670858 114.543365 30.670858 0.0 0.0 0
2016-10-22 16:10:52 413794012 114.543367 30.670852 114.543365 30.670858 0.0 0.0 0
2016-10-22 16:11:29 413794012 114.543385 30.670857 114.543367 30.670852 0.0 0.0 0
2016-10-22 16:12:16 413794012 114.5434 30.67085 114.543385 30.670857 0.0 0.0 0
2016-10-22 16:13:56 413794012 114.543403 30.670848 114.5434 30.67085 0.0 0.0 0
2016-10-22 16:14:57 413794012 114.543403 30.670842 114.543403 30.670848 0.0 0.0 0
2016-10-22 16:16:38 413794012 114.543395 30.67085 114.543403 30.670842 0.0 0.0 0
2016-10-22 16:17:06 413794012 114.543395 30.67085 114.543395 30.67085 0.0 0.0 0
2016-10-22 16:17:27 413794012 114.543393 30.670853 114.543395 30.67085 0.0 0.0 0
2016-10-22 16:17:52 413794012 114.543392 30.670855 114.543393 30.670853 0.0 0.0 0
2016-10-22 16:20:44 413794012 114.543405 30.670865 114.543392 30.670855 0.0 0.0 0
2016-10-22 16:21:05 413794012 114.54341 30.67086 114.543405 30.670865 0.0 0.0 0
2016-10-22 16:23:09 413794012 114.543382 30.670845 114.54341 30.67086 0.0 0.0 0
2016-10-22 16:23:35 413794012 114.543385 30.670848 114.543382 30.670845 0.0 0.0 0
2016-10-22 16:23:57 413794012 114.543395 30.67085 114.543385 30.670848 0.0 0.0 0
2016-10-22 16:25:19 413794012 114.543408 30.670847 114.543395 30.67085 0.0 0.0 0
2016-10-22 16:26:04 413794012 114.543413 30.670845 114.543408 30.670847 0.0 0.0 0
2016-10-22 16:28:20 413794012 114.543425 30.670828 114.543413 30.670845 0.0 0.0 0
2016-10-22 16:28:45 413794012 114.543425 30.670827 114.543425 30.670828 0.0 0.0 0
2016-10-22 16:29:29 413794012 114.543452 30.670843 114.543425 30.670827 0.0 0.0 0
2016-10-22 16:30:04 413794012 114.543465 30.67083 114.543452 30.670843 0.0 0.0 0
2016-10-22 16:32:09 413794012 114.543458 30.670812 114.543465 30.67083 0.0 0.0 0
2016-10-22 16:32:51 413794012 114.543452 30.670822 114.543458 30.670812 0.0 0.0 0
2016-10-22 16:35:16 413794012 114.5434 30.670818 114.543452 30.670822 0.0 0.0 0
2016-10-22 16:37:10 413794012 114.543395 30.670815 114.5434 30.670818 0.0 0.0 0
2016-10-22 16:38:23 413794012 114.54341 30.670827 114.543395 30.670815 0.0 0.0 0
2016-10-22 16:39:02 413794012 114.543408 30.670828 114.54341 30.670827 0.0 0.0 0
2016-10-22 16:40:13 413794012 114.543408 30.670822 114.543408 30.670828 0.0 0.0 0
2016-10-22 16:40:44 413794012 114.543407 30.67082 114.543408 30.670822 0.0 0.0 0
2016-10-22 16:41:35 413794012 114.543403 30.670813 114.543407 30.67082 0.0 0.0 0
2016-10-22 16:43:08 413794012 114.543402 30.670813 114.543403 30.670813 0.0 0.0 0
2016-10-22 16:43:34 413794012 114.543403 30.670815 114.543402 30.670813 0.0 0.0 0
2016-10-22 16:44:32 413794012 114.543398 30.670823 114.543403 30.670815 0.0 0.0 0
2016-10-22 16:46:13 413794012 114.543395 30.670828 114.543398 30.670823 0.0 0.0 0
2016-10-22 16:47:23 413794012 114.543398 30.670817 114.543395 30.670828 0.0 0.0 0
2016-10-22 16:49:50 413794012 114.543392 30.670817 114.543398 30.670817 0.0 0.0 0
2016-10-22 16:52:23 413794012 114.543372 30.670795 114.543392 30.670817 0.0 0.0 0
2016-10-22 16:53:20 413794012 114.543373 30.670795 114.543372 30.670795 0.0 0.0 0
2016-10-22 16:55:07 413794012 114.543377 30.670782 114.543373 30.670795 0.0 0.0 0
2016-10-22 16:55:33 413794012 114.543382 30.670783 114.543377 30.670782 0.0 0.0 0
2016-10-22 16:56:22 413794012 114.543383 30.670783 114.543382 30.670783 0.0 0.0 0
2016-10-22 16:58:41 413794012 114.543382 30.67078 114.543383 30.670783 0.0 0.0 0
2016-10-22 16:59:03 413794012 114.543377 30.670782 114.543382 30.67078 0.0 0.0 0
2016-10-22 16:59:45 413794012 114.543378 30.670785 114.543377 30.670782 0.0 0.0 0
2016-10-22 17:00:49 413794012 114.543382 30.670787 114.543378 30.670785 0.0 0.0 0
2016-10-22 17:01:33 413794012 114.543382 30.670783 114.543382 30.670787 0.0 0.0 0
2016-10-22 17:02:05 413794012 114.543385 30.670783 114.543382 30.670783 0.0 0.0 0
2016-10-22 17:02:36 413794012 114.543383 30.670785 114.543385 30.670783 0.0 0.0 0
2016-10-22 17:05:46 413794012 114.543387 30.670792 114.543383 30.670785 0.0 0.0 0
2016-10-22 17:06:42 413794012 114.54338 30.670807 114.543387 30.670792 0.0 0.0 0
2016-10-22 17:07:07 413794012 114.54338 30.670807 114.54338 30.670807 0.0 0.0 0
2016-10-22 17:09:42 413794012 114.54337 30.670798 114.54338 30.670807 0.0 0.0 0
2016-10-22 17:10:34 413794012 114.543387 30.670795 114.54337 30.670798 0.0 0.0 0
2016-10-22 17:10:54 413794012 114.543393 30.670793 114.543387 30.670795 0.0 0.0 0
2016-10-22 17:12:37 413794012 114.543385 30.670795 114.543393 30.670793 0.0 0.0 0
2016-10-22 17:13:14 413794012 114.543387 30.670795 114.543385 30.670795 0.0 0.0 0
2016-10-22 17:14:22 413794012 114.543393 30.670792 114.543387 30.670795 0.0 0.0 0
2016-10-22 17:15:29 413794012 114.543412 30.670785 114.543393 30.670792 0.0 0.0 0
2016-10-22 17:18:50 413794012 114.543395 30.670807 114.543412 30.670785 0.0 0.0 0
2016-10-22 17:19:58 413794012 114.543378 30.670817 114.543395 30.670807 0.0 0.0 0
2016-10-22 17:20:22 413794012 114.543378 30.67082 114.543378 30.670817 0.0 0.0 0
2016-10-22 17:21:06 413794012 114.543365 30.670822 114.543378 30.67082 0.0 0.0 0
2016-10-22 17:21:42 413794012 114.543363 30.670827 114.543365 30.670822 0.0 0.0 0
2016-10-22 17:22:42 413794012 114.543367 30.670828 114.543363 30.670827 0.0 0.0 0
2016-10-22 17:24:47 413794012 114.543372 30.670833 114.543367 30.670828 0.0 0.0 0
2016-10-22 17:25:53 413794012 114.543372 30.67084 114.543372 30.670833 0.0 0.0 0
2016-10-22 17:28:04 413794012 114.543377 30.670838 114.543372 30.67084 0.0 0.0 0
2016-10-22 17:28:32 413794012 114.543373 30.670842 114.543377 30.670838 0.0 0.0 0
2016-10-22 17:28:55 413794012 114.543377 30.670845 114.543373 30.670842 0.0 0.0 0
2016-10-22 17:30:11 413794012 114.543373 30.670847 114.543377 30.670845 0.0 0.0 0
2016-10-22 17:33:17 413794012 114.543363 30.670847 114.543373 30.670847 0.0 0.0 0
2016-10-22 17:33:43 413794012 114.543362 30.67085 114.543363 30.670847 0.0 0.0 0
2016-10-22 17:36:28 413794012 114.543357 30.67085 114.543362 30.67085 0.0 0.0 0
2016-10-22 17:36:47 413794012 114.543358 30.670848 114.543357 30.67085 0.0 0.0 0
2016-10-22 17:37:07 413794012 114.543357 30.670848 114.543358 30.670848 0.0 0.0 0
2016-10-22 17:37:41 413794012 114.543357 30.67085 114.543357 30.670848 0.0 0.0 0
2016-10-22 17:39:14 413794012 114.543358 30.670843 114.543357 30.67085 0.0 0.0 0
2016-10-22 17:40:12 413794012 114.543355 30.670835 114.543358 30.670843 0.0 0.0 0
2016-10-22 17:40:40 413794012 114.543353 30.670833 114.543355 30.670835 0.0 0.0 0
2016-10-22 17:42:18 413794012 114.543357 30.670833 114.543353 30.670833 0.0 0.0 0
2016-10-22 17:42:45 413794012 114.543358 30.670833 114.543357 30.670833 0.0 0.0 0
2016-10-22 17:45:19 413794012 114.543373 30.670822 114.543358 30.670833 0.0 0.0 0
2016-10-22 17:46:01 413794012 114.543378 30.670807 114.543373 30.670822 0.0 0.0 0
2016-10-22 17:46:22 413794012 114.543378 30.670805 114.543378 30.670807 0.0 0.0 0
2016-10-22 17:49:02 413794012 114.543387 30.670783 114.543378 30.670805 0.0 0.0 0
2016-10-22 17:49:19 413794012 114.543383 30.670782 114.543387 30.670783 0.0 0.0 0
2016-10-22 17:49:46 413794012 114.543387 30.670777 114.543383 30.670782 0.0 0.0 0
2016-10-22 17:51:12 413794012 114.543395 30.67077 114.543387 30.670777 0.0 0.0 0
2016-10-22 17:51:49 413794012 114.5434 30.67077 114.543395 30.67077 0.0 0.0 0
2016-10-22 17:52:06 413794012 114.5434 30.670767 114.5434 30.67077 0.0 0.0 0
2016-10-22 17:52:35 413794012 114.543407 30.670762 114.5434 30.670767 0.0 0.0 0
2016-10-22 17:54:12 413794012 114.543402 30.670777 114.543407 30.670762 0.0 0.0 0
2016-10-22 17:54:29 413794012 114.5434 30.670777 114.543402 30.670777 0.0 0.0 0
2016-10-22 17:55:13 413794012 114.543397 30.670782 114.5434 30.670777 0.0 0.0 0
2016-10-22 17:57:19 413794012 114.543382 30.670792 114.543397 30.670782 0.0 0.0 0
2016-10-22 17:58:26 413794012 114.543377 30.67079 114.543382 30.670792 0.0 0.0 0
2016-10-22 18:00:07 413794012 114.543378 30.67079 114.543377 30.67079 0.0 0.0 0
2016-10-22 18:00:23 413794012 114.543373 30.67079 114.543378 30.67079 0.0 0.0 0
2016-10-22 18:01:08 413794012 114.543378 30.670778 114.543373 30.67079 0.0 0.0 0
2016-10-22 18:01:31 413794012 114.543373 30.67078 114.543378 30.670778 0.0 0.0 0
2016-10-22 18:01:51 413794012 114.543377 30.670777 114.543373 30.67078 0.0 0.0 0
2016-10-22 18:03:07 413794012 114.543385 30.67078 114.543377 30.670777 0.0 0.0 0
2016-10-22 18:03:21 413794012 114.543383 30.67078 114.543385 30.67078 0.0 0.0 0
2016-10-22 18:03:35 413794012 114.54338 30.670783 114.543383 30.67078 0.0 0.0 0
2016-10-22 18:03:59 413794012 114.54338 30.670783 114.54338 30.670783 0.0 0.0 0
2016-10-22 18:04:15 413794012 114.543383 30.670785 114.54338 30.670783 0.0 0.0 0
2016-10-22 18:04:30 413794012 114.54338 30.670785 114.543383 30.670785 0.0 0.0 0
2016-10-22 18:04:47 413794012 114.543378 30.670778 114.54338 30.670785 0.0 0.0 0
2016-10-22 18:05:55 413794012 114.543375 30.670785 114.543378 30.670778 0.0 0.0 0
2016-10-22 18:06:24 413794012 114.543372 30.670792 114.543375 30.670785 0.0 0.0 0
2016-10-22 18:06:47 413794012 114.543373 30.67079 114.543372 30.670792 0.0 0.0 0
2016-10-22 18:07:21 413794012 114.543372 30.670798 114.543373 30.67079 0.0 0.0 0
2016-10-22 18:08:51 413794012 114.543365 30.670803 114.543372 30.670798 0.0 0.0 0
2016-10-22 18:09:15 413794012 114.543368 30.670798 114.543365 30.670803 0.0 0.0 0
2016-10-22 18:09:53 413794012 114.543367 30.670795 114.543368 30.670798 0.0 0.0 0
2016-10-22 18:10:08 413794012 114.543368 30.670797 114.543367 30.670795 0.0 0.0 0
2016-10-22 18:11:49 413794012 114.543373 30.670797 114.543368 30.670797 0.0 0.0 0
2016-10-22 18:12:46 413794012 114.543368 30.670788 114.543373 30.670797 0.0 0.0 0
2016-10-22 18:13:08 413794012 114.543368 30.670792 114.543368 30.670788 0.0 0.0 0
2016-10-22 18:13:28 413794012 114.54337 30.67079 114.543368 30.670792 0.0 0.0 0
2016-10-22 18:14:48 413794012 114.543368 30.670793 114.54337 30.67079 0.0 0.0 0
2016-10-22 18:15:02 413794012 114.543368 30.670792 114.543368 30.670793 0.0 0.0 0
2016-10-22 18:15:47 413794012 114.543367 30.670793 114.543368 30.670792 0.0 0.0 0
2016-10-22 18:17:55 413794012 114.543372 30.67079 114.543367 30.670793 0.0 0.0 0
2016-10-22 18:18:41 413794012 114.543367 30.67079 114.543372 30.67079 0.0 0.0 0
2016-10-22 18:18:59 413794012 114.543368 30.670792 114.543367 30.67079 0.0 0.0 0
2016-10-22 18:19:36 413794012 114.543372 30.670793 114.543368 30.670792 0.0 0.0 0
2016-10-22 18:20:53 413794012 114.543382 30.670798 114.543372 30.670793 0.0 0.0 0
2016-10-22 18:21:11 413794012 114.543383 30.670798 114.543382 30.670798 0.0 0.0 0
2016-10-22 18:21:46 413794012 114.543382 30.670802 114.543383 30.670798 0.0 0.0 0
2016-10-22 18:22:13 413794012 114.543377 30.670795 114.543382 30.670802 0.0 0.0 0
2016-10-22 18:22:32 413794012 114.543383 30.670795 114.543377 30.670795 0.0 0.0 0
2016-10-22 18:23:56 413794012 114.543383 30.670795 114.543383 30.670795 0.0 0.0 0
2016-10-22 18:24:16 413794012 114.543383 30.670795 114.543383 30.670795 0.0 0.0 0
2016-10-22 18:24:36 413794012 114.543382 30.670797 114.543383 30.670795 0.0 0.0 0
2016-10-22 18:25:05 413794012 114.543382 30.670795 114.543382 30.670797 0.0 0.0 0
2016-10-22 18:25:26 413794012 114.543382 30.670795 114.543382 30.670795 0.0 0.0 0
2016-10-22 18:25:40 413794012 114.54338 30.670795 114.543382 30.670795 0.0 0.0 0
2016-10-22 18:27:02 413794012 114.543388 30.670793 114.54338 30.670795 0.0 0.0 0
2016-10-22 18:28:06 413794012 114.543383 30.670788 114.543388 30.670793 0.0 0.0 0
2016-10-22 18:28:29 413794012 114.54338 30.670788 114.543383 30.670788 0.0 0.0 0
2016-10-22 18:28:49 413794012 114.54338 30.670788 114.54338 30.670788 0.0 0.0 0
2016-10-22 18:30:13 413794012 114.543385 30.670795 114.54338 30.670788 0.0 0.0 0
2016-10-22 18:31:00 413794012 114.543373 30.670797 114.543385 30.670795 0.0 0.0 0
2016-10-22 18:31:41 413794012 114.543368 30.670798 114.543373 30.670797 0.0 0.0 0
2016-10-22 18:33:01 413794012 114.543358 30.670798 114.543368 30.670798 0.0 0.0 0
2016-10-22 18:33:58 413794012 114.543362 30.6708 114.543358 30.670798 0.0 0.0 0
2016-10-22 18:34:14 413794012 114.54336 30.6708 114.543362 30.6708 0.0 0.0 0
2016-10-22 18:34:31 413794012 114.543358 30.670802 114.54336 30.6708 0.0 0.0 0
2016-10-22 18:34:58 413794012 114.543357 30.6708 114.543358 30.670802 0.0 0.0 0
2016-10-22 18:36:36 413794012 114.543358 30.670812 114.543357 30.6708 0.0 0.0 0
2016-10-22 18:36:51 413794012 114.543367 30.670805 114.543358 30.670812 0.0 0.0 0
2016-10-22 18:37:06 413794012 114.54337 30.670802 114.543367 30.670805 0.0 0.0 0
2016-10-22 18:37:48 413794012 114.543365 30.670802 114.54337 30.670802 0.0 0.0 0
2016-10-22 18:38:49 413794012 114.543368 30.670797 114.543365 30.670802 0.0 0.0 0
2016-10-22 18:39:27 413794012 114.543365 30.670798 114.543368 30.670797 0.0 0.0 0
2016-10-22 18:40:13 413794012 114.543372 30.670795 114.543365 30.670798 0.0 0.0 0
2016-10-22 18:43:08 413794012 114.543388 30.6708 114.543372 30.670795 0.0 0.0 0
2016-10-22 18:43:26 413794012 114.543388 30.670798 114.543388 30.6708 0.0 0.0 0
2016-10-22 18:43:43 413794012 114.54339 30.6708 114.543388 30.670798 0.0 0.0 0
2016-10-22 18:44:57 413794012 114.543395 30.670802 114.54339 30.6708 0.0 0.0 0
2016-10-22 18:45:15 413794012 114.543395 30.670798 114.543395 30.670802 0.0 0.0 0
2016-10-22 18:46:34 413794012 114.543382 30.670802 114.543395 30.670798 0.0 0.0 0
2016-10-22 18:47:52 413794012 114.543375 30.670807 114.543382 30.670802 0.0 0.0 0
2016-10-22 18:48:39 413794012 114.543378 30.670803 114.543375 30.670807 0.0 0.0 0
2016-10-22 18:48:56 413794012 114.543378 30.670803 114.543378 30.670803 0.0 0.0 0
2016-10-22 18:49:44 413794012 114.543377 30.670807 114.543378 30.670803 0.0 0.0 0
2016-10-22 18:51:35 413794012 114.543387 30.670808 114.543377 30.670807 0.0 0.0 0
2016-10-22 18:51:50 413794012 114.543387 30.670807 114.543387 30.670808 0.0 0.0 0
2016-10-22 18:52:43 413794012 114.543392 30.670808 114.543387 30.670807 0.0 0.0 0
2016-10-22 18:54:26 413794012 114.543388 30.670803 114.543392 30.670808 0.0 0.0 0
2016-10-22 18:54:42 413794012 114.543385 30.670803 114.543388 30.670803 0.0 0.0 0
2016-10-22 18:55:06 413794012 114.543387 30.670805 114.543385 30.670803 0.0 0.0 0
2016-10-22 18:55:25 413794012 114.543387 30.670807 114.543387 30.670805 0.0 0.0 0
2016-10-22 18:55:39 413794012 114.543388 30.670805 114.543387 30.670807 0.0 0.0 0
2016-10-22 18:57:40 413794012 114.543392 30.6708 114.543388 30.670805 0.0 0.0 0
2016-10-22 18:57:59 413794012 114.543387 30.670802 114.543392 30.6708 0.0 0.0 0
2016-10-22 18:58:32 413794012 114.54338 30.670805 114.543387 30.670802 0.0 0.0 0
2016-10-22 18:59:48 413794012 114.54338 30.6708 114.54338 30.670805 0.0 0.0 0
2016-10-22 19:00:04 413794012 114.543378 30.6708 114.54338 30.6708 0.0 0.0 0
2016-10-22 19:00:31 413794012 114.54338 30.670798 114.543378 30.6708 0.0 0.0 0
2016-10-22 19:00:48 413794012 114.543388 30.6708 114.54338 30.670798 0.0 0.0 0
2016-10-22 19:03:17 413794012 114.543382 30.670813 114.543388 30.6708 0.0 0.0 0
2016-10-22 19:03:49 413794012 114.543388 30.670815 114.543382 30.670813 0.0 0.0 0
2016-10-22 19:06:15 413794012 114.543385 30.67082 114.543388 30.670815 0.0 0.0 0
2016-10-22 19:06:39 413794012 114.543387 30.670818 114.543385 30.67082 0.0 0.0 0
2016-10-22 19:07:24 413794012 114.543382 30.670815 114.543387 30.670818 0.0 0.0 0
2016-10-22 19:08:48 413794012 114.543378 30.670823 114.543382 30.670815 0.0 0.0 0
2016-10-22 19:09:19 413794012 114.54338 30.670823 114.543378 30.670823 0.0 0.0 0
2016-10-22 19:09:58 413794012 114.54338 30.670825 114.54338 30.670823 0.0 0.0 0
2016-10-22 19:10:14 413794012 114.543375 30.670827 114.54338 30.670825 0.0 0.0 0
2016-10-22 19:11:35 413794012 114.54338 30.670818 114.543375 30.670827 0.0 0.0 0
2016-10-22 19:12:15 413794012 114.543382 30.67082 114.54338 30.670818 0.0 0.0 0
2016-10-22 19:12:33 413794012 114.543383 30.670817 114.543382 30.67082 0.0 0.0 0
2016-10-22 19:13:22 413794012 114.543385 30.670813 114.543383 30.670817 0.0 0.0 0
2016-10-22 19:14:34 413794012 114.543382 30.670803 114.543385 30.670813 0.0 0.0 0
2016-10-22 19:17:35 413794012 114.543378 30.670777 114.543382 30.670803 0.0 0.0 0
2016-10-22 19:18:00 413794012 114.543377 30.670783 114.543378 30.670777 0.0 0.0 0
2016-10-22 19:18:34 413794012 114.543378 30.670788 114.543377 30.670783 0.0 0.0 0
2016-10-22 19:19:15 413794012 114.543378 30.670795 114.543378 30.670788 0.0 0.0 0
2016-10-22 19:21:04 413794012 114.54338 30.6708 114.543378 30.670795 0.0 0.0 0
2016-10-22 19:21:42 413794012 114.543382 30.670795 114.54338 30.6708 0.0 0.0 0
2016-10-22 19:24:19 413794012 114.543398 30.670773 114.543382 30.670795 0.0 0.0 0
2016-10-22 19:24:37 413794012 114.543402 30.67078 114.543398 30.670773 0.0 0.0 0
2016-10-22 19:25:13 413794012 114.543395 30.670793 114.543402 30.67078 0.0 0.0 0
2016-10-22 19:26:34 413794012 114.54338 30.670802 114.543395 30.670793 0.0 0.0 0
2016-10-22 19:26:47 413794012 114.543375 30.670808 114.54338 30.670802 0.0 0.0 0
2016-10-22 19:27:24 413794012 114.543377 30.670807 114.543375 30.670808 0.0 0.0 0
2016-10-22 19:27:44 413794012 114.543378 30.670812 114.543377 30.670807 0.0 0.0 0
2016-10-22 19:28:13 413794012 114.543378 30.670813 114.543378 30.670812 0.0 0.0 0
2016-10-22 19:29:35 413794012 114.543382 30.670805 114.543378 30.670813 0.0 0.0 0
2016-10-22 19:29:53 413794012 114.543383 30.670798 114.543382 30.670805 0.0 0.0 0
2016-10-22 19:30:09 413794012 114.543382 30.670788 114.543383 30.670798 0.0 0.0 0
2016-10-22 19:33:05 413794012 114.543383 30.670795 114.543382 30.670788 0.1 0.0 0
2016-10-22 19:33:35 413794012 114.543385 30.670798 114.543383 30.670795 0.0 0.0 0
2016-10-22 19:35:25 413794012 114.543397 30.670798 114.543385 30.670798 0.0 0.0 0
2016-10-22 19:36:39 413794012 114.543395 30.6708 114.543397 30.670798 0.0 0.0 0
2016-10-22 19:38:40 413794012 114.543393 30.670808 114.543395 30.6708 0.0 0.0 0
2016-10-22 19:39:02 413794012 114.543388 30.670807 114.543393 30.670808 0.0 0.0 0
2016-10-22 19:39:36 413794012 114.543385 30.670798 114.543388 30.670807 0.0 0.0 0
2016-10-22 19:40:18 413794012 114.543385 30.6708 114.543385 30.670798 0.0 0.0 0
2016-10-22 19:41:34 413794012 114.543388 30.67079 114.543385 30.6708 0.0 0.0 0
2016-10-22 19:41:55 413794012 114.543392 30.670785 114.543388 30.67079 0.0 0.0 0
2016-10-22 19:42:14 413794012 114.543392 30.67078 114.543392 30.670785 0.0 0.0 0
2016-10-22 19:42:29 413794012 114.543398 30.670783 114.543392 30.67078 0.0 0.0 0
2016-10-22 19:43:09 413794012 114.543392 30.670783 114.543398 30.670783 0.0 0.0 0
2016-10-22 19:45:09 413794012 114.543393 30.670778 114.543392 30.670783 0.0 0.0 0
2016-10-22 19:45:38 413794012 114.543393 30.670778 114.543393 30.670778 0.0 0.0 0
2016-10-22 19:47:39 413794012 114.543392 30.670775 114.543393 30.670778 0.0 0.0 0
2016-10-22 19:48:33 413794012 114.54338 30.670785 114.543392 30.670775 0.0 0.0 0
2016-10-22 19:49:02 413794012 114.543383 30.670787 114.54338 30.670785 0.0 0.0 0
2016-10-22 19:50:50 413794012 114.543393 30.670782 114.543383 30.670787 0.0 0.0 0
2016-10-22 19:51:36 413794012 114.543395 30.670782 114.543393 30.670782 0.0 0.0 0
2016-10-22 19:53:36 413794012 114.5434 30.67078 114.543395 30.670782 0.0 0.0 0
2016-10-22 19:54:11 413794012 114.543398 30.67079 114.5434 30.67078 0.0 0.0 0
2016-10-22 19:54:26 413794012 114.543403 30.67079 114.543398 30.67079 0.0 0.0 0
2016-10-22 19:55:22 413794012 114.54341 30.670783 114.543403 30.67079 0.0 0.0 0
2016-10-22 19:57:01 413794012 114.543407 30.670788 114.54341 30.670783 0.0 0.0 0
2016-10-22 19:57:13 413794012 114.543405 30.670793 114.543407 30.670788 0.0 0.0 0
2016-10-22 19:57:46 413794012 114.543403 30.670788 114.543405 30.670793 0.0 0.0 0
2016-10-22 19:58:00 413794012 114.543402 30.67079 114.543403 30.670788 0.0 0.0 0
2016-10-22 19:59:26 413794012 114.543397 30.670798 114.543402 30.67079 0.0 0.0 0
2016-10-22 20:00:00 413794012 114.54338 30.670793 114.543397 30.670798 0.0 0.0 0
2016-10-22 20:00:29 413794012 114.543388 30.670798 114.54338 30.670793 0.0 0.0 0
2016-10-22 20:01:09 413794012 114.543397 30.670798 114.543388 30.670798 0.0 0.0 0
2016-10-22 20:04:07 413794012 114.543398 30.670787 114.543397 30.670798 0.0 0.0 0
2016-10-22 20:04:30 413794012 114.543392 30.670787 114.543398 30.670787 0.1 0.0 0
2016-10-22 20:05:41 413794012 114.543385 30.670797 114.543392 30.670787 0.0 0.0 0
2016-10-22 20:06:36 413794012 114.543388 30.670803 114.543385 30.670797 0.0 0.0 0
2016-10-22 20:07:03 413794012 114.543385 30.670803 114.543388 30.670803 0.0 0.0 0
2016-10-22 20:08:32 413794012 114.54338 30.670788 114.543385 30.670803 0.0 0.0 0
2016-10-22 20:09:41 413794012 114.54339 30.670787 114.54338 30.670788 0.0 0.0 0
2016-10-22 20:12:00 413794012 114.543392 30.670785 114.54339 30.670787 0.0 0.0 0
2016-10-22 20:12:19 413794012 114.54339 30.670797 114.543392 30.670785 0.0 0.0 0
2016-10-22 20:12:41 413794012 114.543392 30.670798 114.54339 30.670797 0.0 0.0 0
2016-10-22 20:12:59 413794012 114.543395 30.670793 114.543392 30.670798 0.0 0.0 0
2016-10-22 20:14:29 413794012 114.5434 30.670798 114.543395 30.670793 0.0 0.0 0
2016-10-22 20:14:46 413794012 114.543403 30.670798 114.5434 30.670798 0.0 0.0 0
2016-10-22 20:15:37 413794012 114.543413 30.670797 114.543403 30.670798 0.0 0.0 0
2016-10-22 20:16:10 413794012 114.543415 30.670795 114.543413 30.670797 0.0 0.0 0
2016-10-22 20:17:31 413794012 114.543397 30.670795 114.543415 30.670795 0.0 0.0 0
2016-10-22 20:17:50 413794012 114.543393 30.670797 114.543397 30.670795 0.0 0.0 0
2016-10-22 20:18:23 413794012 114.543388 30.670802 114.543393 30.670797 0.0 0.0 0
2016-10-22 20:19:09 413794012 114.543395 30.6708 114.543388 30.670802 0.0 0.0 0
2016-10-22 20:20:23 413794012 114.543388 30.67081 114.543395 30.6708 0.0 0.0 0
2016-10-22 20:21:01 413794012 114.543395 30.670807 114.543388 30.67081 0.0 0.0 0
2016-10-22 20:21:34 413794012 114.543403 30.670805 114.543395 30.670807 0.0 0.0 0
2016-10-22 20:21:46 413794012 114.543408 30.670805 114.543403 30.670805 0.0 0.0 0
2016-10-22 20:22:03 413794012 114.543407 30.670803 114.543408 30.670805 0.0 0.0 0
2016-10-22 20:22:21 413794012 114.543405 30.670802 114.543407 30.670803 0.0 0.0 0
2016-10-22 20:23:28 413794012 114.5434 30.670808 114.543405 30.670802 0.0 0.0 0
2016-10-22 20:24:19 413794012 114.543397 30.670812 114.5434 30.670808 0.0 0.0 0
2016-10-22 20:24:48 413794012 114.543403 30.670813 114.543397 30.670812 0.0 0.0 0
2016-10-22 20:26:32 413794012 114.543402 30.670808 114.543403 30.670813 0.0 0.0 0
2016-10-22 20:26:49 413794012 114.543402 30.670808 114.543402 30.670808 0.0 0.0 0
2016-10-22 20:27:03 413794012 114.543402 30.670805 114.543402 30.670808 0.0 0.0 0
2016-10-22 20:27:20 413794012 114.543405 30.670802 114.543402 30.670805 0.0 0.0 0
2016-10-22 20:27:44 413794012 114.543405 30.6708 114.543405 30.670802 0.0 0.0 0
2016-10-22 20:28:02 413794012 114.543405 30.670802 114.543405 30.6708 0.0 0.0 0
2016-10-22 20:29:57 413794012 114.543408 30.670797 114.543405 30.670802 0.0 0.0 0
2016-10-22 20:30:12 413794012 114.543408 30.670795 114.543408 30.670797 0.0 0.0 0
2016-10-22 20:30:29 413794012 114.543407 30.670798 114.543408 30.670795 0.0 0.0 0
2016-10-22 20:30:44 413794012 114.543405 30.670798 114.543407 30.670798 0.0 0.0 0
2016-10-22 20:31:07 413794012 114.543403 30.670798 114.543405 30.670798 0.0 0.0 0
2016-10-22 20:32:20 413794012 114.543413 30.670798 114.543403 30.670798 0.0 0.0 0
2016-10-22 20:32:40 413794012 114.54341 30.6708 114.543413 30.670798 0.0 0.0 0
2016-10-22 20:32:57 413794012 114.543407 30.670803 114.54341 30.6708 0.0 0.0 0
2016-10-22 20:33:11 413794012 114.543408 30.670805 114.543407 30.670803 0.0 0.0 0
2016-10-22 20:33:33 413794012 114.543408 30.670807 114.543408 30.670805 0.0 0.0 0
2016-10-22 20:34:07 413794012 114.543412 30.670807 114.543408 30.670807 0.0 0.0 0
2016-10-22 20:35:25 413794012 114.543412 30.670808 114.543412 30.670807 0.0 0.0 0
2016-10-22 20:35:51 413794012 114.543413 30.670805 114.543412 30.670808 0.0 0.0 0
2016-10-22 20:36:27 413794012 114.54342 30.670803 114.543413 30.670805 0.0 0.0 0
2016-10-22 20:37:11 413794012 114.543417 30.670803 114.54342 30.670803 0.0 0.0 0
2016-10-22 20:38:18 413794012 114.543422 30.670802 114.543417 30.670803 0.0 0.0 0
2016-10-22 20:38:36 413794012 114.543423 30.6708 114.543422 30.670802 0.0 0.0 0
2016-10-22 20:39:04 413794012 114.543418 30.670798 114.543423 30.6708 0.0 0.0 0
2016-10-22 20:39:47 413794012 114.54342 30.670802 114.543418 30.670798 0.0 0.0 0
2016-10-22 20:41:00 413794012 114.543428 30.670802 114.54342 30.670802 0.0 0.0 0
2016-10-22 20:41:18 413794012 114.543428 30.670803 114.543428 30.670802 0.0 0.0 0
2016-10-22 20:41:33 413794012 114.543425 30.670802 114.543428 30.670803 0.0 0.0 0
2016-10-22 20:43:53 413794012 114.543417 30.670798 114.543425 30.670802 0.0 0.0 0
2016-10-22 20:44:32 413794012 114.54342 30.670798 114.543417 30.670798 0.0 0.0 0
2016-10-22 20:44:48 413794012 114.54342 30.670798 114.54342 30.670798 0.0 0.0 0
2016-10-22 20:45:03 413794012 114.543418 30.670797 114.54342 30.670798 0.0 0.0 0
2016-10-22 20:45:30 413794012 114.543418 30.670798 114.543418 30.670797 0.0 0.0 0
2016-10-22 20:45:48 413794012 114.543417 30.670798 114.543418 30.670798 0.0 0.0 0
2016-10-22 20:46:58 413794012 114.543422 30.670802 114.543417 30.670798 0.0 0.0 0
2016-10-22 20:47:32 413794012 114.543423 30.670808 114.543422 30.670802 0.0 0.0 0
2016-10-22 20:47:52 413794012 114.543423 30.670813 114.543423 30.670808 0.0 0.0 0
2016-10-22 20:49:56 413794012 114.543422 30.67081 114.543423 30.670813 0.0 0.0 0
2016-10-22 20:50:38 413794012 114.543422 30.670807 114.543422 30.67081 0.0 0.0 0
2016-10-22 20:53:18 413794012 114.54343 30.6708 114.543422 30.670807 0.0 0.0 0
2016-10-22 20:53:33 413794012 114.543432 30.6708 114.54343 30.6708 0.0 0.0 0
2016-10-22 20:53:55 413794012 114.543432 30.670802 114.543432 30.6708 0.0 0.0 0
2016-10-22 20:54:26 413794012 114.543437 30.670803 114.543432 30.670802 0.0 0.0 0
2016-10-22 20:54:39 413794012 114.543438 30.670803 114.543437 30.670803 0.0 0.0 0
2016-10-22 20:55:49 413794012 114.543438 30.6708 114.543438 30.670803 0.0 0.0 0
2016-10-22 20:56:30 413794012 114.543437 30.670798 114.543438 30.6708 0.0 0.0 0
2016-10-22 20:56:58 413794012 114.543437 30.670795 114.543437 30.670798 0.0 0.0 0
2016-10-22 20:58:56 413794012 114.54343 30.670792 114.543437 30.670795 0.0 0.0 0
2016-10-22 20:59:11 413794012 114.543428 30.670792 114.54343 30.670792 0.0 0.0 0
2016-10-22 20:59:36 413794012 114.543423 30.670788 114.543428 30.670792 0.0 0.0 0
2016-10-22 20:59:54 413794012 114.54342 30.670787 114.543423 30.670788 0.0 0.0 0
2016-10-22 21:00:07 413794012 114.54342 30.670785 114.54342 30.670787 0.0 0.0 0
2016-10-22 21:00:44 413794012 114.543415 30.670787 114.54342 30.670785 0.0 0.0 0
2016-10-22 21:02:15 413794012 114.543418 30.670795 114.543415 30.670787 0.0 0.0 0
2016-10-22 21:03:27 413794012 114.543415 30.670798 114.543418 30.670795 0.0 0.0 0
2016-10-22 21:03:41 413794012 114.543417 30.670798 114.543415 30.670798 0.0 0.0 0
2016-10-22 21:05:33 413794012 114.543417 30.670798 114.543417 30.670798 0.0 0.0 0
2016-10-22 21:06:05 413794012 114.543417 30.670798 114.543417 30.670798 0.0 0.0 0
2016-10-22 21:06:39 413794012 114.543417 30.670795 114.543417 30.670798 0.0 0.0 0
2016-10-22 21:08:00 413794012 114.54342 30.670792 114.543417 30.670795 0.0 0.0 0
2016-10-22 21:08:16 413794012 114.543422 30.67079 114.54342 30.670792 0.0 0.0 0
2016-10-22 21:08:30 413794012 114.543425 30.670792 114.543422 30.67079 0.0 0.0 0
2016-10-22 21:08:54 413794012 114.54343 30.670795 114.543425 30.670792 0.0 0.0 0
2016-10-22 21:09:28 413794012 114.543428 30.670795 114.54343 30.670795 0.0 0.0 0
2016-10-22 21:09:44 413794012 114.543427 30.670795 114.543428 30.670795 0.0 0.0 0
2016-10-22 21:11:07 413794012 114.543423 30.670793 114.543427 30.670795 0.0 0.0 0
2016-10-22 21:12:03 413794012 114.54342 30.670792 114.543423 30.670793 0.0 0.0 0
2016-10-22 21:12:19 413794012 114.54342 30.67079 114.54342 30.670792 0.0 0.0 0
2016-10-22 21:12:37 413794012 114.54342 30.67079 114.54342 30.67079 0.0 0.0 0
2016-10-22 21:14:03 413794012 114.543425 30.670793 114.54342 30.67079 0.0 0.0 0
2016-10-22 21:14:37 413794012 114.543425 30.670795 114.543425 30.670793 0.0 0.0 0
2016-10-22 21:15:06 413794012 114.543422 30.670798 114.543425 30.670795 0.0 0.0 0
2016-10-22 21:15:40 413794012 114.543417 30.670795 114.543422 30.670798 0.0 0.0 0
2016-10-22 21:17:36 413794012 114.543415 30.670788 114.543417 30.670795 0.0 0.0 0
2016-10-22 21:18:29 413794012 114.54342 30.670788 114.543415 30.670788 0.0 0.0 0
2016-10-22 21:18:53 413794012 114.54342 30.670788 114.54342 30.670788 0.0 0.0 0
2016-10-22 21:20:03 413794012 114.543422 30.670792 114.54342 30.670788 0.0 0.0 0
2016-10-22 21:20:22 413794012 114.54342 30.670792 114.543422 30.670792 0.0 0.0 0
2016-10-22 21:20:36 413794012 114.543422 30.670792 114.54342 30.670792 0.0 0.0 0
2016-10-22 21:20:50 413794012 114.543422 30.67079 114.543422 30.670792 0.0 0.0 0
2016-10-22 21:21:12 413794012 114.543423 30.670792 114.543422 30.67079 0.0 0.0 0
2016-10-22 21:21:30 413794012 114.543425 30.670793 114.543423 30.670792 0.0 0.0 0
2016-10-22 21:23:02 413794012 114.543427 30.670785 114.543425 30.670793 0.0 0.0 0
2016-10-22 21:23:19 413794012 114.543427 30.670783 114.543427 30.670785 0.0 0.0 0
2016-10-22 21:23:42 413794012 114.543423 30.670785 114.543427 30.670783 0.0 0.0 0
2016-10-22 21:24:33 413794012 114.54342 30.670788 114.543423 30.670785 0.0 0.0 0
2016-10-22 21:25:30 413794012 114.543413 30.67079 114.54342 30.670788 0.0 0.0 0
2016-10-22 21:26:12 413794012 114.543417 30.670792 114.543413 30.67079 0.0 0.0 0
2016-10-22 21:26:33 413794012 114.543418 30.670793 114.543417 30.670792 0.0 0.0 0
2016-10-22 21:26:50 413794012 114.543417 30.670795 114.543418 30.670793 0.0 0.0 0
2016-10-22 21:27:04 413794012 114.543418 30.670795 114.543417 30.670795 0.0 0.0 0
2016-10-22 21:27:32 413794012 114.543423 30.6708 114.543418 30.670795 0.0 0.0 0
2016-10-22 21:28:04 413794012 114.543423 30.670798 114.543423 30.6708 0.0 0.0 0
2016-10-22 21:28:18 413794012 114.543423 30.670798 114.543423 30.670798 0.0 0.0 0
2016-10-22 21:28:52 413794012 114.543415 30.670805 114.543423 30.670798 0.0 0.0 0
2016-10-22 21:29:12 413794012 114.543415 30.670803 114.543415 30.670805 0.0 0.0 0
2016-10-22 21:29:54 413794012 114.54341 30.670805 114.543415 30.670803 0.0 0.0 0
2016-10-22 21:32:24 413794012 114.543413 30.670817 114.54341 30.670805 0.0 0.0 0
2016-10-22 21:32:44 413794012 114.543415 30.670815 114.543413 30.670817 0.0 0.0 0
2016-10-22 21:33:55 413794012 114.543412 30.670813 114.543415 30.670815 0.0 0.0 0
2016-10-22 21:35:20 413794012 114.543402 30.67081 114.543412 30.670813 0.0 0.0 0
2016-10-22 21:35:55 413794012 114.543395 30.670807 114.543402 30.67081 0.0 0.0 0
2016-10-22 21:36:11 413794012 114.543393 30.670802 114.543395 30.670807 0.0 0.0 0
2016-10-22 21:36:42 413794012 114.543395 30.670805 114.543393 30.670802 0.0 0.0 0
2016-10-22 21:38:18 413794012 114.543382 30.67081 114.543395 30.670805 0.0 0.0 0
2016-10-22 21:39:11 413794012 114.543385 30.67081 114.543382 30.67081 0.0 0.0 0
2016-10-22 21:40:53 413794012 114.543387 30.670807 114.543385 30.67081 0.0 0.0 0
2016-10-22 21:41:14 413794012 114.543392 30.670807 114.543387 30.670807 0.0 0.0 0
2016-10-22 21:41:49 413794012 114.5434 30.670805 114.543392 30.670807 0.0 0.0 0
2016-10-22 21:44:29 413794012 114.5434 30.67082 114.5434 30.670805 0.0 0.0 0
2016-10-22 21:46:23 413794012 114.543397 30.67082 114.5434 30.67082 0.0 0.0 0
2016-10-22 21:46:45 413794012 114.543398 30.670818 114.543397 30.67082 0.0 0.0 0
2016-10-22 21:47:02 413794012 114.543402 30.670815 114.543398 30.670818 0.0 0.0 0
2016-10-22 21:47:34 413794012 114.543402 30.67082 114.543402 30.670815 0.0 0.0 0
2016-10-22 21:48:08 413794012 114.543402 30.670813 114.543402 30.67082 0.1 0.0 0
2016-10-22 21:49:25 413794012 114.543397 30.670812 114.543402 30.670813 0.0 0.0 0
2016-10-22 21:50:02 413794012 114.543397 30.670812 114.543397 30.670812 0.0 0.0 0
2016-10-22 21:50:42 413794012 114.543393 30.67082 114.543397 30.670812 0.0 0.0 0
2016-10-22 21:52:13 413794012 114.543392 30.67082 114.543393 30.67082 0.0 0.0 0
2016-10-22 21:52:35 413794012 114.543395 30.670818 114.543392 30.67082 0.0 0.0 0
2016-10-22 21:53:06 413794012 114.543397 30.670815 114.543395 30.670818 0.0 0.0 0
2016-10-22 21:53:24 413794012 114.543398 30.670815 114.543397 30.670815 0.0 0.0 0
2016-10-22 21:55:15 413794012 114.543407 30.670817 114.543398 30.670815 0.0 0.0 0
2016-10-22 21:55:47 413794012 114.5434 30.670817 114.543407 30.670817 0.0 0.0 0
2016-10-22 21:56:29 413794012 114.543397 30.670825 114.5434 30.670817 0.0 0.0 0
2016-10-22 21:57:25 413794012 114.543397 30.670823 114.543397 30.670825 0.0 0.0 0
2016-10-22 21:57:43 413794012 114.543402 30.67082 114.543397 30.670823 0.0 0.0 0
2016-10-22 21:58:16 413794012 114.543403 30.670822 114.543402 30.67082 0.0 0.0 0
2016-10-22 21:58:56 413794012 114.543407 30.670822 114.543403 30.670822 0.0 0.0 0
2016-10-22 21:59:54 413794012 114.543402 30.670825 114.543407 30.670822 0.0 0.0 0
2016-10-22 22:00:28 413794012 114.543407 30.670828 114.543402 30.670825 0.0 0.0 0
2016-10-22 22:00:43 413794012 114.543407 30.670825 114.543407 30.670828 0.0 0.0 0
2016-10-22 22:01:26 413794012 114.543408 30.670823 114.543407 30.670825 0.0 0.0 0
2016-10-22 22:01:55 413794012 114.5434 30.670825 114.543408 30.670823 0.0 0.0 0
2016-10-22 22:02:25 413794012 114.5434 30.670823 114.5434 30.670825 0.0 0.0 0
2016-10-22 22:04:26 413794012 114.543417 30.670817 114.5434 30.670823 0.0 0.0 0
2016-10-22 22:04:48 413794012 114.543415 30.670817 114.543417 30.670817 0.0 0.0 0
2016-10-22 22:05:56 413794012 114.543412 30.67081 114.543415 30.670817 0.0 0.0 0
2016-10-22 22:06:31 413794012 114.543412 30.670813 114.543412 30.67081 0.0 0.0 0
2016-10-22 22:07:07 413794012 114.543413 30.670815 114.543412 30.670813 0.0 0.0 0
2016-10-22 22:07:25 413794012 114.543418 30.67081 114.543413 30.670815 0.0 0.0 0
2016-10-22 22:07:53 413794012 114.543423 30.670805 114.543418 30.67081 0.0 0.0 0
2016-10-22 22:08:12 413794012 114.543425 30.670805 114.543423 30.670805 0.0 0.0 0
2016-10-22 22:08:27 413794012 114.543427 30.670805 114.543425 30.670805 0.0 0.0 0
2016-10-22 22:08:41 413794012 114.543427 30.670808 114.543427 30.670805 0.0 0.0 0
2016-10-22 22:08:57 413794012 114.543427 30.670808 114.543427 30.670808 0.0 0.0 0
2016-10-22 22:09:35 413794012 114.54343 30.67081 114.543427 30.670808 0.0 0.0 0
2016-10-22 22:09:53 413794012 114.543428 30.670815 114.54343 30.67081 0.0 0.0 0
2016-10-22 22:10:34 413794012 114.543432 30.670813 114.543428 30.670815 0.0 0.0 0
2016-10-22 22:10:52 413794012 114.543427 30.670813 114.543432 30.670813 0.0 0.0 0
2016-10-22 22:11:09 413794012 114.543425 30.670815 114.543427 30.670813 0.0 0.0 0
2016-10-22 22:11:23 413794012 114.543417 30.670817 114.543425 30.670815 0.0 0.0 0
2016-10-22 22:12:04 413794012 114.543415 30.670818 114.543417 30.670817 0.0 0.0 0
2016-10-22 22:12:18 413794012 114.543412 30.670818 114.543415 30.670818 0.0 0.0 0
2016-10-22 22:12:32 413794012 114.54341 30.67082 114.543412 30.670818 0.0 0.0 0
2016-10-22 22:13:12 413794012 114.543397 30.670832 114.54341 30.67082 0.0 0.0 0
2016-10-22 22:13:27 413794012 114.543397 30.67083 114.543397 30.670832 0.0 0.0 0
2016-10-22 22:14:04 413794012 114.543397 30.670825 114.543397 30.67083 0.0 0.0 0
2016-10-22 22:15:51 413794012 114.543397 30.670808 114.543397 30.670825 0.0 0.0 0
2016-10-22 22:16:07 413794012 114.543395 30.670807 114.543397 30.670808 0.0 0.0 0
2016-10-22 22:16:30 413794012 114.543397 30.670815 114.543395 30.670807 0.0 0.0 0
2016-10-22 22:16:49 413794012 114.543395 30.670817 114.543397 30.670815 0.0 0.0 0
2016-10-22 22:17:10 413794012 114.543395 30.670815 114.543395 30.670817 0.0 0.0 0
2016-10-22 22:19:04 413794012 114.543392 30.670807 114.543395 30.670815 0.0 0.0 0
2016-10-22 22:19:35 413794012 114.543403 30.670808 114.543392 30.670807 0.0 0.0 0
2016-10-22 22:20:10 413794012 114.543407 30.670813 114.543403 30.670808 0.0 0.0 0
2016-10-22 22:20:28 413794012 114.543408 30.670817 114.543407 30.670813 0.0 0.0 0
2016-10-22 22:21:40 413794012 114.54341 30.670808 114.543408 30.670817 0.0 0.0 0
2016-10-22 22:22:33 413794012 114.5434 30.670808 114.54341 30.670808 0.0 0.0 0
2016-10-22 22:22:50 413794012 114.5434 30.67081 114.5434 30.670808 0.0 0.0 0
2016-10-22 22:23:22 413794012 114.543392 30.670807 114.5434 30.67081 0.0 0.0 0
2016-10-22 22:23:44 413794012 114.543395 30.670805 114.543392 30.670807 0.0 0.0 0
2016-10-22 22:24:01 413794012 114.543395 30.670803 114.543395 30.670805 0.0 0.0 0
2016-10-22 22:24:17 413794012 114.543402 30.670803 114.543395 30.670803 0.0 0.0 0
2016-10-22 22:24:30 413794012 114.543402 30.67081 114.543402 30.670803 0.0 0.0 0
2016-10-22 22:24:55 413794012 114.543403 30.670807 114.543402 30.67081 0.0 0.0 0
2016-10-22 22:25:18 413794012 114.543402 30.670812 114.543403 30.670807 0.0 0.0 0
2016-10-22 22:25:34 413794012 114.543397 30.670808 114.543402 30.670812 0.0 0.0 0
2016-10-22 22:25:48 413794012 114.543398 30.670805 114.543397 30.670808 0.0 0.0 0
2016-10-22 22:26:10 413794012 114.543398 30.670805 114.543398 30.670805 0.0 0.0 0
2016-10-22 22:26:45 413794012 114.543392 30.670795 114.543398 30.670805 0.0 0.0 0
2016-10-22 22:27:16 413794012 114.543387 30.670795 114.543392 30.670795 0.0 0.0 0
2016-10-22 22:27:30 413794012 114.543383 30.6708 114.543387 30.670795 0.0 0.0 0
2016-10-22 22:27:42 413794012 114.543383 30.670793 114.543383 30.6708 0.0 0.0 0
2016-10-22 22:28:22 413794012 114.543382 30.670788 114.543383 30.670793 0.0 0.0 0
2016-10-22 22:28:37 413794012 114.543382 30.67079 114.543382 30.670788 0.0 0.0 0
2016-10-22 22:28:52 413794012 114.543383 30.670788 114.543382 30.67079 0.0 0.0 0
2016-10-22 22:29:09 413794012 114.543385 30.670797 114.543383 30.670788 0.0 0.0 0
2016-10-22 22:29:30 413794012 114.543385 30.670793 114.543385 30.670797 0.0 0.0 0
2016-10-22 22:31:14 413794012 114.54339 30.670787 114.543385 30.670793 0.0 0.0 0
2016-10-22 22:33:33 413794012 114.5434 30.67079 114.54339 30.670787 0.0 0.0 0
2016-10-22 22:34:30 413794012 114.543395 30.670795 114.5434 30.67079 0.0 0.0 0
2016-10-22 22:35:24 413794012 114.543383 30.670793 114.543395 30.670795 0.0 0.0 0
2016-10-22 22:35:56 413794012 114.543383 30.67079 114.543383 30.670793 0.0 0.0 0
2016-10-22 22:36:31 413794012 114.543392 30.670795 114.543383 30.67079 0.0 0.0 0
2016-10-22 22:37:02 413794012 114.5434 30.670802 114.543392 30.670795 0.0 0.0 0
2016-10-22 22:37:54 413794012 114.543403 30.670792 114.5434 30.670802 0.0 0.0 0
2016-10-22 22:39:16 413794012 114.543412 30.670807 114.543403 30.670792 0.0 0.0 0
2016-10-22 22:39:29 413794012 114.543407 30.670813 114.543412 30.670807 0.0 0.0 0
2016-10-22 22:39:49 413794012 114.543407 30.670812 114.543407 30.670813 0.0 0.0 0
2016-10-22 22:40:38 413794012 114.5434 30.670813 114.543407 30.670812 0.0 0.0 0
2016-10-22 22:41:16 413794012 114.543402 30.670817 114.5434 30.670813 0.0 0.0 0
2016-10-22 22:41:30 413794012 114.543402 30.670818 114.543402 30.670817 0.0 0.0 0
2016-10-22 22:42:06 413794012 114.5434 30.670823 114.543402 30.670818 0.0 0.0 0
2016-10-22 22:42:33 413794012 114.543402 30.670825 114.5434 30.670823 0.0 0.0 0
2016-10-22 22:43:13 413794012 114.543398 30.670815 114.543402 30.670825 0.0 0.0 0
2016-10-22 22:43:46 413794012 114.543405 30.670825 114.543398 30.670815 0.0 0.0 0
2016-10-22 22:45:09 413794012 114.543393 30.67081 114.543405 30.670825 0.0 0.0 0
2016-10-22 22:46:18 413794012 114.543388 30.67079 114.543393 30.67081 0.0 0.0 0
2016-10-22 22:46:32 413794012 114.543392 30.670787 114.543388 30.67079 0.0 0.0 0
2016-10-22 22:46:57 413794012 114.543395 30.670775 114.543392 30.670787 0.0 0.0 0
2016-10-22 22:48:12 413794012 114.543392 30.670775 114.543395 30.670775 0.0 0.0 0
2016-10-22 22:48:54 413794012 114.543392 30.670787 114.543392 30.670775 0.0 0.0 0
2016-10-22 22:49:17 413794012 114.543392 30.67079 114.543392 30.670787 0.0 0.0 0
2016-10-22 22:50:26 413794012 114.543387 30.670805 114.543392 30.67079 0.0 0.0 0
2016-10-22 22:50:45 413794012 114.543383 30.67081 114.543387 30.670805 0.0 0.0 0
2016-10-22 22:51:18 413794012 114.543383 30.670813 114.543383 30.67081 0.0 0.0 0
2016-10-22 22:51:39 413794012 114.543385 30.670813 114.543383 30.670813 0.0 0.0 0
2016-10-22 22:51:56 413794012 114.543383 30.670813 114.543385 30.670813 0.0 0.0 0
2016-10-22 22:52:12 413794012 114.543385 30.670813 114.543383 30.670813 0.0 0.0 0
2016-10-22 22:52:28 413794012 114.543385 30.670815 114.543385 30.670813 0.0 0.0 0
2016-10-22 22:52:49 413794012 114.543377 30.670813 114.543385 30.670815 0.0 0.0 0
2016-10-22 22:53:25 413794012 114.543378 30.670812 114.543377 30.670813 0.0 0.0 0
2016-10-22 22:54:06 413794012 114.543388 30.670808 114.543378 30.670812 0.0 0.0 0
2016-10-22 22:54:25 413794012 114.543388 30.67081 114.543388 30.670808 0.1 0.0 0
2016-10-22 22:54:56 413794012 114.543392 30.67081 114.543388 30.67081 0.0 0.0 0
2016-10-22 22:55:22 413794012 114.543392 30.670803 114.543392 30.67081 0.0 0.0 0
2016-10-22 22:57:00 413794012 114.543375 30.670802 114.543392 30.670803 0.0 0.0 0
2016-10-22 22:57:36 413794012 114.543367 30.67081 114.543375 30.670802 0.0 0.0 0
2016-10-22 22:58:08 413794012 114.54336 30.670813 114.543367 30.67081 0.0 0.0 0
2016-10-22 22:58:49 413794012 114.543367 30.670808 114.54336 30.670813 0.0 0.0 0
2016-10-22 22:59:07 413794012 114.543375 30.670807 114.543367 30.670808 0.0 0.0 0
2016-10-22 22:59:27 413794012 114.543395 30.670802 114.543375 30.670807 0.0 0.0 0
2016-10-22 23:00:09 413794012 114.543403 30.670797 114.543395 30.670802 0.0 0.0 0
2016-10-22 23:00:39 413794012 114.543405 30.670797 114.543403 30.670797 0.0 0.0 0
2016-10-22 23:02:39 413794012 114.543393 30.670808 114.543405 30.670797 0.0 0.0 0
2016-10-22 23:02:52 413794012 114.543397 30.67081 114.543393 30.670808 0.0 0.0 0
2016-10-22 23:03:08 413794012 114.543397 30.670815 114.543397 30.67081 0.0 0.0 0
2016-10-22 23:03:26 413794012 114.543393 30.670818 114.543397 30.670815 0.0 0.0 0
2016-10-22 23:03:43 413794012 114.543392 30.670822 114.543393 30.670818 0.0 0.0 0
2016-10-22 23:04:11 413794012 114.543395 30.670817 114.543392 30.670822 0.0 0.0 0
2016-10-22 23:04:38 413794012 114.543393 30.670812 114.543395 30.670817 0.0 0.0 0
2016-10-22 23:05:53 413794012 114.543397 30.670817 114.543393 30.670812 0.0 0.0 0
2016-10-22 23:06:11 413794012 114.543397 30.670818 114.543397 30.670817 0.0 0.0 0
2016-10-22 23:06:45 413794012 114.543407 30.670815 114.543397 30.670818 0.0 0.0 0
2016-10-22 23:07:21 413794012 114.543407 30.670813 114.543407 30.670815 0.0 0.0 0
2016-10-22 23:08:54 413794012 114.543397 30.670818 114.543407 30.670813 0.0 0.0 0
2016-10-22 23:09:11 413794012 114.543397 30.67082 114.543397 30.670818 0.0 0.0 0
2016-10-22 23:09:52 413794012 114.543382 30.670827 114.543397 30.67082 0.0 0.0 0
2016-10-22 23:10:11 413794012 114.543387 30.670827 114.543382 30.670827 0.0 0.0 0
2016-10-22 23:11:06 413794012 114.543408 30.670815 114.543387 30.670827 0.0 0.0 0
2016-10-22 23:11:26 413794012 114.543407 30.670815 114.543408 30.670815 0.0 0.0 0
2016-10-22 23:12:26 413794012 114.543395 30.670812 114.543407 30.670815 0.0 0.0 0
2016-10-22 23:12:43 413794012 114.543395 30.670813 114.543395 30.670812 0.0 0.0 0
2016-10-22 23:12:57 413794012 114.543397 30.670817 114.543395 30.670813 0.0 0.0 0
2016-10-22 23:13:20 413794012 114.543398 30.670817 114.543397 30.670817 0.0 0.0 0
2016-10-22 23:13:53 413794012 114.543407 30.670813 114.543398 30.670817 0.0 0.0 0
2016-10-22 23:14:33 413794012 114.543408 30.67082 114.543407 30.670813 0.0 0.0 0
2016-10-22 23:14:51 413794012 114.54342 30.670817 114.543408 30.67082 0.0 0.0 0
2016-10-22 23:15:49 413794012 114.543425 30.670817 114.54342 30.670817 0.0 0.0 0
2016-10-22 23:16:05 413794012 114.543422 30.670822 114.543425 30.670817 0.1 0.0 0
2016-10-22 23:16:20 413794012 114.543415 30.670823 114.543422 30.670822 0.0 0.0 0
2016-10-22 23:16:33 413794012 114.543402 30.67083 114.543415 30.670823 0.0 0.0 0
2016-10-22 23:16:57 413794012 114.543398 30.67083 114.543402 30.67083 0.0 0.0 0
2016-10-22 23:17:14 413794012 114.543392 30.670832 114.543398 30.67083 0.0 0.0 0
2016-10-22 23:18:36 413794012 114.5434 30.670818 114.543392 30.670832 0.0 0.0 0
2016-10-22 23:20:02 413794012 114.5434 30.670808 114.5434 30.670818 0.0 0.0 0
2016-10-22 23:20:20 413794012 114.543393 30.670808 114.5434 30.670808 0.0 0.0 0
2016-10-22 23:20:40 413794012 114.543407 30.670805 114.543393 30.670808 0.0 0.0 0
2016-10-22 23:20:54 413794012 114.543407 30.670813 114.543407 30.670805 0.0 0.0 0
2016-10-22 23:21:12 413794012 114.5434 30.670817 114.543407 30.670813 0.0 0.0 0
2016-10-22 23:21:27 413794012 114.5434 30.670812 114.5434 30.670817 0.0 0.0 0
2016-10-22 23:21:46 413794012 114.543393 30.670815 114.5434 30.670812 0.0 0.0 0
2016-10-22 23:22:03 413794012 114.543387 30.67082 114.543393 30.670815 0.0 0.0 0
2016-10-22 23:22:19 413794012 114.543385 30.670818 114.543387 30.67082 0.0 0.0 0
2016-10-22 23:23:43 413794012 114.543415 30.67081 114.543385 30.670818 0.0 0.0 0
2016-10-22 23:24:04 413794012 114.543423 30.670812 114.543415 30.67081 0.0 0.0 0
2016-10-22 23:24:19 413794012 114.543422 30.670812 114.543423 30.670812 0.0 0.0 0
2016-10-22 23:24:33 413794012 114.543417 30.670815 114.543422 30.670812 0.0 0.0 0
2016-10-22 23:25:10 413794012 114.543413 30.670813 114.543417 30.670815 0.0 0.0 0
2016-10-22 23:25:40 413794012 114.54341 30.670817 114.543413 30.670813 0.0 0.0 0
2016-10-22 23:26:16 413794012 114.543405 30.670825 114.54341 30.670817 0.0 0.0 0
2016-10-22 23:27:38 413794012 114.543427 30.670805 114.543405 30.670825 0.0 0.0 0
2016-10-22 23:27:50 413794012 114.543425 30.670808 114.543427 30.670805 0.0 0.0 0
2016-10-22 23:28:09 413794012 114.543418 30.670808 114.543425 30.670808 0.0 0.0 0
2016-10-22 23:28:32 413794012 114.543405 30.670815 114.543418 30.670808 0.0 0.0 0
2016-10-22 23:29:06 413794012 114.543415 30.670815 114.543405 30.670815 0.0 0.0 0
2016-10-22 23:29:45 413794012 114.543417 30.670813 114.543415 30.670815 0.0 0.0 0
2016-10-22 23:30:06 413794012 114.543435 30.67081 114.543417 30.670813 0.0 0.0 0
2016-10-22 23:30:22 413794012 114.543435 30.67081 114.543435 30.67081 0.0 0.0 0
2016-10-22 23:31:18 413794012 114.543412 30.670812 114.543435 30.67081 0.0 0.0 0
2016-10-22 23:31:34 413794012 114.543398 30.670813 114.543412 30.670812 0.0 0.0 0
2016-10-22 23:32:15 413794012 114.543388 30.670825 114.543398 30.670813 0.0 0.0 0
2016-10-22 23:32:47 413794012 114.543392 30.670815 114.543388 30.670825 0.0 0.0 0
2016-10-22 23:33:27 413794012 114.543403 30.67082 114.543392 30.670815 0.0 0.0 0
2016-10-22 23:36:12 413794012 114.5434 30.670825 114.543403 30.67082 0.0 0.0 0
2016-10-22 23:36:43 413794012 114.543395 30.670827 114.5434 30.670825 0.0 0.0 0
2016-10-22 23:37:20 413794012 114.543403 30.670812 114.543395 30.670827 0.0 0.0 0
2016-10-22 23:38:55 413794012 114.543407 30.670813 114.543403 30.670812 0.0 0.0 0
2016-10-22 23:39:17 413794012 114.543407 30.670817 114.543407 30.670813 0.0 0.0 0
2016-10-22 23:39:50 413794012 114.543407 30.67082 114.543407 30.670817 0.0 0.0 0
2016-10-22 23:40:35 413794012 114.543408 30.670813 114.543407 30.67082 0.0 0.0 0
2016-10-22 23:40:53 413794012 114.543408 30.670812 114.543408 30.670813 0.0 0.0 0
2016-10-22 23:41:20 413794012 114.543403 30.670817 114.543408 30.670812 0.0 0.0 0
2016-10-22 23:41:55 413794012 114.543405 30.670817 114.543403 30.670817 0.0 0.0 0
2016-10-22 23:42:28 413794012 114.5434 30.670813 114.543405 30.670817 0.0 0.0 0
2016-10-22 23:42:51 413794012 114.543402 30.670813 114.5434 30.670813 0.0 0.0 0
2016-10-22 23:43:08 413794012 114.543402 30.670812 114.543402 30.670813 0.0 0.0 0
2016-10-22 23:44:28 413794012 114.543407 30.6708 114.543402 30.670812 0.0 0.0 0
2016-10-22 23:45:05 413794012 114.543405 30.670803 114.543407 30.6708 0.0 0.0 0
2016-10-22 23:45:28 413794012 114.543395 30.670812 114.543405 30.670803 0.0 0.0 0
2016-10-22 23:46:02 413794012 114.543388 30.670805 114.543395 30.670812 0.0 0.0 0
2016-10-22 23:47:28 413794012 114.543397 30.670833 114.543388 30.670805 0.0 0.0 0
2016-10-22 23:48:04 413794012 114.543398 30.670833 114.543397 30.670833 0.0 0.0 0
2016-10-22 23:48:37 413794012 114.543402 30.670827 114.543398 30.670833 0.0 0.0 0
2016-10-22 23:49:04 413794012 114.543403 30.670827 114.543402 30.670827 0.0 0.0 0
2016-10-22 23:50:02 413794012 114.543413 30.670837 114.543403 30.670827 0.0 0.0 0
2016-10-22 23:50:43 413794012 114.543417 30.670832 114.543413 30.670837 0.0 0.0 0
2016-10-22 23:51:41 413794012 114.543398 30.670822 114.543417 30.670832 0.0 0.0 0
2016-10-22 23:52:00 413794012 114.543398 30.670822 114.543398 30.670822 0.0 0.0 0
2016-10-22 23:52:19 413794012 114.543395 30.670815 114.543398 30.670822 0.0 0.0 0
2016-10-22 23:53:20 413794012 114.543397 30.67081 114.543395 30.670815 0.0 0.0 0
2016-10-22 23:53:50 413794012 114.543402 30.670827 114.543397 30.67081 0.0 0.0 0
2016-10-22 23:54:16 413794012 114.543407 30.670827 114.543402 30.670827 0.0 0.0 0
2016-10-22 23:54:50 413794012 114.543408 30.670845 114.543407 30.670827 0.0 0.0 0
2016-10-22 23:55:06 413794012 114.543418 30.670837 114.543408 30.670845 0.0 0.0 0
2016-10-22 23:56:45 413794012 114.543413 30.67082 114.543418 30.670837 0.0 0.0 0
2016-10-22 23:57:14 413794012 114.543413 30.670817 114.543413 30.67082 0.0 0.0 0
2016-10-22 23:57:29 413794012 114.543413 30.670815 114.543413 30.670817 0.0 0.0 0
2016-10-22 23:58:43 413794012 114.543408 30.67082 114.543413 30.670815 0.0 0.0 0
2016-10-22 23:59:10 413794012 114.543407 30.670825 114.543408 30.67082 0.0 0.0 0
2016-10-22 23:59:29 413794012 114.543402 30.670822 114.543407 30.670825 0.0 0.0 0
2016-10-22 23:59:45 413794012 114.5434 30.670822 114.543402 30.670822 0.0 0.0 0
