2016-10-17 0:00:22 413965112 114.490082 30.680502 114.490082 30.680507 0 0 0
2016-10-17 0:01:35 413965112 114.49008 30.680488 114.490082 30.680502 0 0 0
2016-10-17 0:02:11 413965112 114.490075 30.680495 114.49008 30.680488 0 0 0
2016-10-17 0:03:23 413965112 114.490077 30.680497 114.490075 30.680495 0 0 0
2016-10-17 0:05:40 413965112 114.490083 30.68049 114.490077 30.680497 0 0 0
2016-10-17 0:05:58 413965112 114.490083 30.680488 114.490083 30.68049 0 0 0
2016-10-17 0:06:56 413965112 114.490088 30.6805 114.490083 30.680488 0 0 0
2016-10-17 0:09:27 413965112 114.490075 30.68052 114.490088 30.6805 0 0 0
2016-10-17 0:09:46 413965112 114.490077 30.68053 114.490075 30.68052 0 0 0
2016-10-17 0:12:13 413965112 114.490065 30.68052 114.490077 30.68053 0 0 0
2016-10-17 0:15:19 413965112 114.490072 30.68053 114.490065 30.68052 0 0 0
2016-10-17 0:18:11 413965112 114.49005 30.680533 114.490072 30.68053 0 0 0
2016-10-17 0:20:51 413965112 114.490057 30.680528 114.49005 30.680533 0 0 0
2016-10-17 0:24:26 413965112 114.490065 30.680523 114.490057 30.680528 0 0 0
2016-10-17 0:25:23 413965112 114.490053 30.680512 114.490065 30.680523 0 0 0
2016-10-17 0:26:00 413965112 114.490055 30.68051 114.490053 30.680512 0 0 0
2016-10-17 0:26:40 413965112 114.490062 30.680507 114.490055 30.68051 0 0 0
2016-10-17 0:27:15 413965112 114.490065 30.680513 114.490062 30.680507 0 0 0
2016-10-17 0:28:19 413965112 114.490087 30.680508 114.490065 30.680513 0 0 0
2016-10-17 0:28:36 413965112 114.49008 30.680502 114.490087 30.680508 0 0 0
2016-10-17 0:29:29 413965112 114.490072 30.680497 114.49008 30.680502 0 0 0
2016-10-17 0:33:16 413965112 114.490072 30.680497 114.490072 30.680497 0 0 0
2016-10-17 0:33:34 413965112 114.490072 30.680495 114.490072 30.680497 0 0 0
2016-10-17 0:34:15 413965112 114.490077 30.680488 114.490072 30.680495 0 0 0
2016-10-17 0:36:42 413965112 114.49008 30.680497 114.490077 30.680488 0 0 0
2016-10-17 0:37:16 413965112 114.490072 30.680492 114.49008 30.680497 0 0 0
2016-10-17 0:38:47 413965112 114.490075 30.680495 114.490072 30.680492 0 0 0
2016-10-17 0:39:06 413965112 114.490083 30.680508 114.490075 30.680495 0 0 0
2016-10-17 0:39:23 413965112 114.490087 30.680508 114.490083 30.680508 0 0 0
2016-10-17 0:40:15 413965112 114.490093 30.680512 114.490087 30.680508 0 0 0
2016-10-17 0:40:51 413965112 114.490093 30.680512 114.490093 30.680512 0 0 0
2016-10-17 0:41:08 413965112 114.490092 30.68051 114.490093 30.680512 0 0 0
2016-10-17 0:41:30 413965112 114.490083 30.680503 114.490092 30.68051 0 0 0
2016-10-17 0:42:17 413965112 114.490082 30.680502 114.490083 30.680503 0 0 0
2016-10-17 0:44:50 413965112 114.490085 30.680507 114.490082 30.680502 0 0 0
2016-10-17 0:45:50 413965112 114.490087 30.680498 114.490085 30.680507 0 0 0
2016-10-17 0:47:28 413965112 114.49008 30.680493 114.490087 30.680498 0 0 0
2016-10-17 0:51:42 413965112 114.490077 30.680495 114.49008 30.680493 0 0 0
2016-10-17 0:52:36 413965112 114.49007 30.68049 114.490077 30.680495 0 0 0
2016-10-17 0:52:53 413965112 114.490065 30.680485 114.49007 30.68049 0 0 0
2016-10-17 0:54:26 413965112 114.490062 30.68049 114.490065 30.680485 0 0 0
2016-10-17 0:55:14 413965112 114.490073 30.680492 114.490062 30.68049 0 0 0
2016-10-17 0:58:14 413965112 114.490067 30.680493 114.490073 30.680492 0 0 0
2016-10-17 1:00:07 413965112 114.490067 30.68049 114.490067 30.680493 0 0 0
2016-10-17 1:01:14 413965112 114.490077 30.680503 114.490067 30.68049 0 0 0
2016-10-17 1:01:49 413965112 114.490085 30.680507 114.490077 30.680503 0 0 0
2016-10-17 1:02:23 413965112 114.490083 30.680513 114.490085 30.680507 0 0 0
2016-10-17 1:03:37 413965112 114.490077 30.680508 114.490083 30.680513 0 0 0
2016-10-17 1:04:12 413965112 114.490082 30.680505 114.490077 30.680508 0 0 0
2016-10-17 1:12:39 413965112 114.490085 30.68051 114.490083 30.680513 0 0 0
2016-10-17 1:13:00 413965112 114.490085 30.680508 114.490085 30.68051 0 0 0
2016-10-17 1:15:48 413965112 114.490107 30.680507 114.490085 30.680508 0 0 0
2016-10-17 1:16:59 413965112 114.490095 30.680512 114.490107 30.680507 0 0 0
2016-10-17 1:18:52 413965112 114.490085 30.680505 114.490095 30.680512 0 0 0
2016-10-17 1:19:41 413965112 114.490087 30.680508 114.490085 30.680505 0 0 0
2016-10-17 1:20:04 413965112 114.490088 30.680507 114.490087 30.680508 0 0 0
2016-10-17 1:22:25 413965112 114.49008 30.680523 114.490088 30.680507 0 0 0
2016-10-17 1:24:44 413965112 114.490067 30.680532 114.49008 30.680523 0 0 0
2016-10-17 1:25:31 413965112 114.490067 30.680538 114.490067 30.680532 0 0 0
2016-10-17 1:26:40 413965112 114.490065 30.680525 114.490067 30.680538 0 0 0
2016-10-17 1:29:51 413965112 114.490062 30.68054 114.490065 30.680525 0 0 0
2016-10-17 1:30:29 413965112 114.490062 30.68054 114.490062 30.68054 0 0 0
2016-10-17 1:31:05 413965112 114.490055 30.68054 114.490062 30.68054 0 0 0
2016-10-17 1:32:36 413965112 114.49008 30.68053 114.490055 30.68054 0 0 0
2016-10-17 1:35:19 413965112 114.490093 30.680528 114.49008 30.68053 0 0 0
2016-10-17 1:35:39 413965112 114.490093 30.680523 114.490093 30.680528 0 0 0
2016-10-17 1:37:01 413965112 114.49009 30.680523 114.490093 30.680523 0 0 0
2016-10-17 1:37:35 413965112 114.490085 30.680518 114.49009 30.680523 0 0 0
2016-10-17 1:38:09 413965112 114.490085 30.68052 114.490085 30.680518 0 0 0
2016-10-17 1:39:01 413965112 114.490085 30.680517 114.490085 30.68052 0 0 0
2016-10-17 1:41:26 413965112 114.49009 30.68052 114.490085 30.680517 0 0 0
2016-10-17 1:42:41 413965112 114.490085 30.680522 114.49009 30.68052 0 0 0
2016-10-17 1:43:50 413965112 114.490083 30.680515 114.490085 30.680522 0 0 0
2016-10-17 1:44:22 413965112 114.490082 30.680515 114.490083 30.680515 0 0 0
2016-10-17 1:49:48 413965112 114.490073 30.680517 114.490075 30.680518 0 0 0
2016-10-17 1:52:52 413965112 114.490082 30.680515 114.490073 30.680517 0 0 0
2016-10-17 1:53:27 413965112 114.490083 30.68052 114.490082 30.680515 0 0 0
2016-10-17 1:55:57 413965112 114.490072 30.680498 114.490083 30.68052 0 0 0
2016-10-17 1:57:30 413965112 114.490078 30.6805 114.490072 30.680498 0 0 0
2016-10-17 1:58:02 413965112 114.490073 30.6805 114.490078 30.6805 0 0 0
2016-10-17 1:58:35 413965112 114.490073 30.680507 114.490073 30.6805 0 0 0
2016-10-17 2:00:07 413965112 114.49007 30.680523 114.490073 30.680507 0 0 0
2016-10-17 2:01:48 413965112 114.490073 30.680507 114.49007 30.680523 0 0 0
2016-10-17 2:02:05 413965112 114.49007 30.680505 114.490073 30.680507 0 0 0
2016-10-17 2:02:22 413965112 114.490072 30.680505 114.49007 30.680505 0 0 0
2016-10-17 2:03:30 413965112 114.490072 30.680515 114.490072 30.680505 0 0 0
2016-10-17 2:04:52 413965112 114.490082 30.68051 114.490072 30.680515 0 0 0
2016-10-17 2:07:12 413965112 114.490073 30.680503 114.490082 30.68051 0 0 0
2016-10-17 2:07:49 413965112 114.490073 30.680505 114.490073 30.680503 0 0 0
2016-10-17 2:08:39 413965112 114.490073 30.680508 114.490073 30.680505 0 0 0
2016-10-17 2:11:37 413965112 114.49008 30.680495 114.490073 30.680508 0 0 0
2016-10-17 2:12:19 413965112 114.490082 30.680492 114.49008 30.680495 0 0 0
2016-10-17 2:13:37 413965112 114.490083 30.680492 114.490082 30.680492 0 0 0
2016-10-17 2:16:20 413965112 114.490085 30.680485 114.490083 30.680492 0 0 0
2016-10-17 2:17:47 413965112 114.490082 30.680493 114.490085 30.680485 0 0 0
2016-10-17 2:18:25 413965112 114.490082 30.680492 114.490082 30.680493 0 0 0
2016-10-17 2:19:48 413965112 114.490075 30.680495 114.490082 30.680492 0 0 0
2016-10-17 2:23:30 413965112 114.49007 30.680475 114.490075 30.680495 0 0 0
2016-10-17 2:23:47 413965112 114.49007 30.680477 114.49007 30.680475 0 0 0
2016-10-17 2:24:58 413965112 114.49007 30.68048 114.49007 30.680477 0 0 0
2016-10-17 2:29:52 413965112 114.490077 30.680507 114.49007 30.68048 0 0 0
2016-10-17 2:30:41 413965112 114.490085 30.680503 114.490077 30.680507 0 0 0
2016-10-17 2:35:00 413965112 114.49008 30.68051 114.490085 30.680503 0 0 0
2016-10-17 2:35:33 413965112 114.490082 30.680505 114.49008 30.68051 0 0 0
2016-10-17 2:35:51 413965112 114.490082 30.680503 114.490082 30.680505 0 0 0
2016-10-17 2:37:29 413965112 114.490087 30.6805 114.490082 30.680503 0 0 0
2016-10-17 2:40:18 413965112 114.490062 30.680508 114.490087 30.6805 0 0 0
2016-10-17 2:43:52 413965112 114.490058 30.680508 114.490062 30.680508 0 0 0
2016-10-17 2:44:46 413965112 114.490062 30.680507 114.490058 30.680508 0 0 0
2016-10-17 2:47:39 413965112 114.49007 30.68051 114.490062 30.680507 0 0 0
2016-10-17 2:48:18 413965112 114.490068 30.680512 114.49007 30.68051 0 0 0
2016-10-17 2:48:40 413965112 114.490068 30.680508 114.490068 30.680512 0 0 0
2016-10-17 2:49:37 413965112 114.490072 30.680507 114.490068 30.680508 0 0 0
2016-10-17 2:49:56 413965112 114.490072 30.68051 114.490072 30.680507 0 0 0
2016-10-17 2:53:47 413965112 114.490072 30.680503 114.490072 30.68051 0 0 0
2016-10-17 2:54:46 413965112 114.490068 30.680502 114.490072 30.680503 0 0 0
2016-10-17 2:55:18 413965112 114.490073 30.680502 114.490068 30.680502 0 0 0
2016-10-17 2:55:43 413965112 114.490072 30.6805 114.490073 30.680502 0 0 0
2016-10-17 2:56:34 413965112 114.490063 30.680503 114.490072 30.6805 0 0 0
2016-10-17 2:58:51 413965112 114.490077 30.680493 114.490063 30.680503 0 0 0
2016-10-17 3:00:03 413965112 114.49007 30.680495 114.490077 30.680493 0 0 0
2016-10-17 3:01:18 413965112 114.490067 30.68051 114.49007 30.680495 0 0 0
2016-10-17 3:01:59 413965112 114.49006 30.68051 114.490067 30.68051 0 0 0
2016-10-17 3:04:55 413965112 114.490067 30.680517 114.49006 30.68051 0 0 0
2016-10-17 3:05:53 413965112 114.490053 30.680517 114.490067 30.680517 0 0 0
2016-10-17 3:06:11 413965112 114.490053 30.680512 114.490053 30.680517 0 0 0
2016-10-17 3:07:42 413965112 114.490072 30.680498 114.490053 30.680512 0 0 0
2016-10-17 3:10:10 413965112 114.490067 30.680505 114.490072 30.680498 0 0 0
2016-10-17 3:13:04 413965112 114.490067 30.680502 114.490067 30.680505 0 0 0
2016-10-17 3:15:28 413965112 114.490065 30.680497 114.490067 30.680502 0 0 0
2016-10-17 3:18:46 413965112 114.49008 30.68049 114.490065 30.680497 0 0 0
2016-10-17 3:22:30 413965112 114.490067 30.68051 114.49008 30.68049 0 0 0
2016-10-17 3:23:06 413965112 114.490067 30.680515 114.490067 30.68051 0 0 0
2016-10-17 3:23:42 413965112 114.490067 30.68052 114.490067 30.680515 0 0 0
2016-10-17 3:33:19 413965112 114.490072 30.680507 114.49007 30.680507 0 0 0
2016-10-17 3:36:22 413965112 114.490083 30.680518 114.490072 30.680507 0 0 0
2016-10-17 3:43:28 413965112 114.49008 30.68051 114.490072 30.680523 0 0 0
2016-10-17 3:44:40 413965112 114.490088 30.680502 114.49008 30.68051 0 0 0
2016-10-17 3:46:50 413965112 114.490083 30.68051 114.490088 30.680502 0 0 0
2016-10-17 3:49:41 413965112 114.490075 30.680488 114.490083 30.68051 0 0 0
2016-10-17 3:51:15 413965112 114.490075 30.680488 114.490075 30.680488 0 0 0
2016-10-17 3:53:33 413965112 114.490072 30.68048 114.490075 30.680488 0 0 0
2016-10-17 3:54:08 413965112 114.490073 30.680478 114.490072 30.68048 0 0 0
2016-10-17 3:58:29 413965112 114.490055 30.680495 114.490073 30.680478 0 0 0
2016-10-17 3:59:59 413965112 114.490045 30.680492 114.490055 30.680495 0 0 0
2016-10-17 4:01:10 413965112 114.490047 30.680497 114.490045 30.680492 0 0 0
2016-10-17 4:01:28 413965112 114.490048 30.680495 114.490047 30.680497 0 0 0
2016-10-17 4:04:31 413965112 114.490053 30.680497 114.490048 30.680495 0 0 0
2016-10-17 4:05:11 413965112 114.49005 30.680492 114.490053 30.680497 0 0 0
2016-10-17 4:05:33 413965112 114.490048 30.68049 114.49005 30.680492 0 0 0
2016-10-17 4:07:53 413965112 114.490055 30.68051 114.490048 30.68049 0 0 0
2016-10-17 4:09:27 413965112 114.490068 30.68051 114.490055 30.68051 0 0 0
2016-10-17 4:10:23 413965112 114.490068 30.680517 114.490068 30.68051 0 0 0
2016-10-17 4:13:43 413965112 114.490057 30.680523 114.490068 30.680517 0 0 0
2016-10-17 4:16:02 413965112 114.490075 30.680515 114.490057 30.680523 0 0 0
2016-10-17 4:16:41 413965112 114.490073 30.680515 114.490075 30.680515 0 0 0
2016-10-17 4:16:59 413965112 114.490077 30.680515 114.490073 30.680515 0 0 0
2016-10-17 4:18:33 413965112 114.490063 30.680523 114.490077 30.680515 0 0 0
2016-10-17 4:20:13 413965112 114.490057 30.68053 114.490063 30.680523 0 0 0
2016-10-17 4:21:51 413965112 114.490055 30.680532 114.490057 30.68053 0 0 0
2016-10-17 4:23:45 413965112 114.49006 30.680515 114.490055 30.680532 0 0 0
2016-10-17 4:24:56 413965112 114.490063 30.680508 114.49006 30.680515 0 0 0
2016-10-17 4:25:36 413965112 114.490057 30.6805 114.490063 30.680508 0 0 0
2016-10-17 4:26:13 413965112 114.49006 30.680498 114.490057 30.6805 0 0 0
2016-10-17 4:27:46 413965112 114.490072 30.680503 114.49006 30.680498 0 0 0
2016-10-17 4:28:45 413965112 114.490087 30.680517 114.490072 30.680503 0 0 0
2016-10-17 4:29:58 413965112 114.490062 30.680535 114.490087 30.680517 0 0 0
2016-10-17 4:32:10 413965112 114.490058 30.680532 114.490062 30.680535 0 0 0
2016-10-17 4:34:56 413965112 114.49007 30.680518 114.490058 30.680532 0 0 0
2016-10-17 4:35:34 413965112 114.490075 30.680515 114.49007 30.680518 0 0 0
2016-10-17 4:38:57 413965112 114.490075 30.680518 114.490075 30.680515 0 0 0
2016-10-17 4:39:55 413965112 114.490058 30.680508 114.490075 30.680518 0 0 0
2016-10-17 4:40:36 413965112 114.490067 30.680512 114.490058 30.680508 0 0 0
2016-10-17 4:43:25 413965112 114.490058 30.680518 114.490067 30.680512 0 0 0
2016-10-17 4:44:37 413965112 114.490055 30.680507 114.490058 30.680518 0 0 0
2016-10-17 4:46:28 413965112 114.490062 30.680513 114.490055 30.680507 0 0 0
2016-10-17 4:47:10 413965112 114.490065 30.680515 114.490062 30.680513 0 0 0
2016-10-17 4:50:22 413965112 114.490072 30.680518 114.490065 30.680515 0 0 0
2016-10-17 4:51:25 413965112 114.490075 30.680518 114.490072 30.680518 0 0 0
2016-10-17 4:53:22 413965112 114.490068 30.680517 114.490075 30.680518 0 0 0
2016-10-17 4:53:57 413965112 114.490068 30.680518 114.490068 30.680517 0 0 0
2016-10-17 4:54:14 413965112 114.490062 30.680517 114.490068 30.680518 0 0 0
2016-10-17 4:55:10 413965112 114.490055 30.680515 114.490062 30.680517 0 0 0
2016-10-17 4:55:54 413965112 114.490067 30.680512 114.490055 30.680515 0 0 0
2016-10-17 4:58:10 413965112 114.490073 30.680505 114.490067 30.680512 0 0 0
2016-10-17 4:59:06 413965112 114.49007 30.680505 114.490073 30.680505 0 0 0
2016-10-17 4:59:28 413965112 114.49007 30.680507 114.49007 30.680505 0 0 0
2016-10-17 5:01:09 413965112 114.490082 30.680503 114.49007 30.680507 0 0 0
2016-10-17 5:01:48 413965112 114.49008 30.680503 114.490082 30.680503 0 0 0
2016-10-17 5:02:27 413965112 114.490077 30.680502 114.49008 30.680503 0 0 0
2016-10-17 5:02:45 413965112 114.490075 30.680498 114.490077 30.680502 0 0 0
2016-10-17 5:03:42 413965112 114.49007 30.6805 114.490075 30.680498 0 0 0
2016-10-17 5:07:27 413965112 114.490062 30.6805 114.49007 30.6805 0 0 0
2016-10-17 5:09:09 413965112 114.49006 30.680493 114.490062 30.6805 0 0 0
2016-10-17 5:11:26 413965112 114.490057 30.680482 114.49006 30.680493 0 0 0
2016-10-17 5:13:00 413965112 114.490062 30.680497 114.490057 30.680482 0 0 0
2016-10-17 5:14:19 413965112 114.49005 30.68051 114.490062 30.680497 0 0 0
2016-10-17 5:15:39 413965112 114.490057 30.680502 114.49005 30.68051 0 0 0
2016-10-17 5:15:57 413965112 114.490063 30.680498 114.490057 30.680502 0 0 0
2016-10-17 5:16:15 413965112 114.490062 30.680497 114.490063 30.680498 0 0 0
2016-10-17 5:19:19 413965112 114.490063 30.680503 114.490062 30.680497 0 0 0
2016-10-17 5:20:13 413965112 114.49006 30.680502 114.490063 30.680503 0 0 0
2016-10-17 5:22:35 413965112 114.490052 30.680515 114.49006 30.680502 0 0 0
2016-10-17 5:23:38 413965112 114.490062 30.680523 114.490052 30.680515 0 0 0
2016-10-17 5:24:36 413965112 114.490055 30.680523 114.490062 30.680523 0 0 0
2016-10-17 5:28:32 413965112 114.490053 30.680512 114.490055 30.680523 0 0 0
2016-10-17 5:31:16 413965112 114.49005 30.680503 114.490053 30.680512 0 0 0
2016-10-17 5:32:15 413965112 114.490045 30.680505 114.49005 30.680503 0 0 0
2016-10-17 5:32:37 413965112 114.490048 30.680502 114.490045 30.680505 0 0 0
2016-10-17 5:35:42 413965112 114.490062 30.680488 114.490048 30.680502 0 0 0
2016-10-17 5:36:17 413965112 114.490058 30.680483 114.490062 30.680488 0 0 0
2016-10-17 5:36:41 413965112 114.490057 30.68049 114.490058 30.680483 0 0 0
2016-10-17 5:37:21 413965112 114.49005 30.680497 114.490057 30.68049 0 0 0
2016-10-17 5:45:32 413965112 114.490072 30.6805 114.49007 30.680502 0 0 0
2016-10-17 5:46:36 413965112 114.490073 30.6805 114.490072 30.6805 0 0 0
2016-10-17 5:46:55 413965112 114.49007 30.680498 114.490073 30.6805 0 0 0
2016-10-17 5:47:41 413965112 114.490073 30.6805 114.49007 30.680498 0 0 0
2016-10-17 5:49:45 413965112 114.490078 30.680498 114.490073 30.6805 0 0 0
2016-10-17 5:51:09 413965112 114.490077 30.680497 114.490078 30.680498 0 0 0
2016-10-17 5:52:32 413965112 114.490083 30.680487 114.490077 30.680497 0 0 0
2016-10-17 5:53:20 413965112 114.490092 30.680493 114.490083 30.680487 0 0 0
2016-10-17 5:54:01 413965112 114.490093 30.680497 114.490092 30.680493 0 0 0
2016-10-17 5:56:33 413965112 114.490087 30.680483 114.490093 30.680497 0 0 0
2016-10-17 5:59:02 413965112 114.490088 30.680495 114.490087 30.680483 0 0 0
2016-10-17 6:00:21 413965112 114.490095 30.680498 114.490088 30.680495 0 0 0
2016-10-17 6:03:55 413965112 114.490075 30.680497 114.490095 30.680498 0 0 0
2016-10-17 6:04:15 413965112 114.490072 30.680495 114.490075 30.680497 0 0 0
2016-10-17 6:05:02 413965112 114.490075 30.680493 114.490072 30.680495 0 0 0
2016-10-17 6:06:11 413965112 114.490077 30.680502 114.490075 30.680493 0 0 0
2016-10-17 6:07:35 413965112 114.49008 30.680518 114.490077 30.680502 0 0 0
2016-10-17 6:10:03 413965112 114.490075 30.680507 114.49008 30.680518 0 0 0
2016-10-17 6:10:24 413965112 114.49008 30.680507 114.490075 30.680507 0 0 0
2016-10-17 6:11:40 413965112 114.490087 30.680495 114.49008 30.680507 0 0 0
2016-10-17 6:13:00 413965112 114.490077 30.680508 114.490087 30.680495 0 0 0
2016-10-17 6:14:03 413965112 114.490087 30.680495 114.490077 30.680508 0 0 0
2016-10-17 6:16:38 413965112 114.490087 30.680488 114.490087 30.680495 0 0 0
2016-10-17 6:17:46 413965112 114.49009 30.680488 114.490087 30.680488 0 0 0
2016-10-17 6:18:06 413965112 114.490092 30.680488 114.49009 30.680488 0 0 0
2016-10-17 6:18:55 413965112 114.49009 30.680485 114.490092 30.680488 0 0 0
2016-10-17 6:19:36 413965112 114.490075 30.68048 114.49009 30.680485 0 0 0
2016-10-17 6:20:45 413965112 114.490068 30.680483 114.490075 30.68048 0 0 0
2016-10-17 6:21:29 413965112 114.490073 30.680493 114.490068 30.680483 0 0 0
2016-10-17 6:24:09 413965112 114.490083 30.680507 114.490073 30.680493 0 0 0
2016-10-17 6:25:40 413965112 114.490095 30.680472 114.490083 30.680507 0 0 0
2016-10-17 6:27:15 413965112 114.490085 30.680502 114.490095 30.680472 0 0 0
2016-10-17 6:28:25 413965112 114.49008 30.680515 114.490085 30.680502 0 0 0
2016-10-17 6:30:20 413965112 114.490087 30.680505 114.49008 30.680515 0 0 0
2016-10-17 6:32:21 413965112 114.490075 30.680507 114.490087 30.680505 0 0 0
2016-10-17 6:32:51 413965112 114.490075 30.680507 114.490075 30.680507 0 0 0
2016-10-17 6:33:35 413965112 114.490082 30.680512 114.490075 30.680507 0 0 0
2016-10-17 6:36:19 413965112 114.49009 30.680508 114.490082 30.680512 0 0 0
2016-10-17 6:37:04 413965112 114.490087 30.680512 114.49009 30.680508 0 0 0
2016-10-17 6:38:26 413965112 114.490085 30.680507 114.490087 30.680512 0 0 0
2016-10-17 6:39:55 413965112 114.490075 30.680515 114.490085 30.680507 0 0 0
2016-10-17 6:40:21 413965112 114.490075 30.680513 114.490075 30.680515 0 0 0
2016-10-17 6:41:26 413965112 114.490083 30.680507 114.490075 30.680513 0 0 0
2016-10-17 6:41:55 413965112 114.490083 30.680512 114.490083 30.680507 0 0 0
2016-10-17 6:43:23 413965112 114.490088 30.680513 114.490083 30.680512 0 0 0
2016-10-17 6:44:27 413965112 114.490087 30.680505 114.490088 30.680513 0 0 0
2016-10-17 6:45:15 413965112 114.49008 30.680497 114.490087 30.680505 0 0 0
2016-10-17 6:47:10 413965112 114.490087 30.680502 114.49008 30.680497 0 0 0
2016-10-17 6:47:36 413965112 114.490087 30.680505 114.490087 30.680502 0 0 0
2016-10-17 6:49:38 413965112 114.490082 30.680507 114.490087 30.680505 0 0 0
2016-10-17 6:59:11 413965112 114.490097 30.680503 114.490092 30.680502 0 0 0
2016-10-17 7:01:45 413965112 114.49009 30.680508 114.490097 30.680503 0 0 0
2016-10-17 7:02:07 413965112 114.490093 30.68051 114.49009 30.680508 0 0 0
2016-10-17 7:03:28 413965112 114.4901 30.68051 114.490093 30.68051 0 0 0
2016-10-17 7:04:45 413965112 114.490098 30.680507 114.4901 30.68051 0 0 0
2016-10-17 7:05:34 413965112 114.490097 30.680512 114.490098 30.680507 0 0 0
2016-10-17 7:06:00 413965112 114.490093 30.680517 114.490097 30.680512 0 0 0
2016-10-17 7:06:50 413965112 114.490093 30.680517 114.490093 30.680517 0 0 0
2016-10-17 7:07:45 413965112 114.490097 30.680513 114.490093 30.680517 0 0 0
2016-10-17 7:09:32 413965112 114.490112 30.680517 114.490097 30.680513 0 0 0
2016-10-17 7:10:01 413965112 114.490108 30.68052 114.490112 30.680517 0 0 0
2016-10-17 7:11:31 413965112 114.490103 30.680522 114.490108 30.68052 0 0 0
2016-10-17 7:12:50 413965112 114.490107 30.680507 114.490103 30.680522 0 0 0
2016-10-17 7:13:24 413965112 114.490102 30.680503 114.490107 30.680507 0 0 0
2016-10-17 7:14:16 413965112 114.4901 30.680502 114.490102 30.680503 0 0 0
2016-10-17 7:16:06 413965112 114.4901 30.680503 114.4901 30.680502 0 0 0
2016-10-17 7:17:02 413965112 114.490098 30.680493 114.4901 30.680503 0 0 0
2016-10-17 7:17:53 413965112 114.490098 30.68049 114.490098 30.680493 0 0 0
2016-10-17 7:19:19 413965112 114.490092 30.680497 114.490098 30.68049 0 0 0
2016-10-17 7:21:36 413965112 114.490097 30.680508 114.490092 30.680497 0 0 0
2016-10-17 7:30:12 413965112 114.490098 30.680508 114.49009 30.680518 0 0 0
2016-10-17 7:32:35 413965112 114.490113 30.68051 114.490098 30.680508 0 0 0
2016-10-17 7:34:02 413965112 114.490122 30.680502 114.490113 30.68051 0 0 0
2016-10-17 7:35:40 413965112 114.490127 30.680493 114.490122 30.680502 0 0 0
2016-10-17 7:37:08 413965112 114.490128 30.680482 114.490127 30.680493 0 0 0
2016-10-17 7:39:36 413965112 114.490125 30.680507 114.490128 30.680482 0 0 0
2016-10-17 7:41:01 413965112 114.490123 30.680498 114.490125 30.680507 0 0 0
2016-10-17 7:42:59 413965112 114.490125 30.680505 114.490123 30.680498 0 0 0
2016-10-17 7:43:26 413965112 114.490123 30.680507 114.490125 30.680505 0 0 0
2016-10-17 7:44:24 413965112 114.490125 30.680507 114.490123 30.680507 0 0 0
2016-10-17 7:46:38 413965112 114.490117 30.680503 114.490125 30.680507 0 0 0
2016-10-17 7:47:42 413965112 114.49012 30.680498 114.490117 30.680503 0 0 0
2016-10-17 7:48:59 413965112 114.490112 30.680508 114.49012 30.680498 0 0 0
2016-10-17 7:51:28 413965112 114.49011 30.680515 114.490112 30.680508 0 0 0
2016-10-17 7:52:26 413965112 114.490112 30.680515 114.49011 30.680515 0 0 0
2016-10-17 7:53:25 413965112 114.490113 30.680502 114.490112 30.680515 0 0 0
2016-10-17 7:55:13 413965112 114.490105 30.680502 114.490113 30.680502 0 0 0
2016-10-17 7:57:29 413965112 114.490117 30.680492 114.490105 30.680502 0 0 0
2016-10-17 7:58:47 413965112 114.490125 30.680495 114.490117 30.680492 0 0 0
2016-10-17 8:01:05 413965112 114.490132 30.680477 114.490125 30.680495 0 0 0
2016-10-17 8:01:56 413965112 114.490135 30.680482 114.490132 30.680477 0 0 0
2016-10-17 8:07:31 413965112 114.490125 30.680507 114.490135 30.680482 0 0 0
2016-10-17 8:08:06 413965112 114.490127 30.680503 114.490125 30.680507 0 0 0
2016-10-17 8:10:05 413965112 114.490132 30.680503 114.490127 30.680503 0 0 0
2016-10-17 8:12:00 413965112 114.490125 30.680513 114.490132 30.680503 0 0 0
2016-10-17 8:12:30 413965112 114.49012 30.680508 114.490125 30.680513 0 0 0
2016-10-17 8:13:23 413965112 114.49012 30.680515 114.49012 30.680508 0 0 0
2016-10-17 8:13:58 413965112 114.490123 30.68052 114.49012 30.680515 0 0 0
2016-10-17 8:16:30 413965112 114.490117 30.680517 114.490123 30.68052 0 0 0
2016-10-17 8:17:32 413965112 114.490118 30.680512 114.490117 30.680517 0 0 0
2016-10-17 8:18:54 413965112 114.490117 30.680513 114.490118 30.680512 0 0 0
2016-10-17 8:19:56 413965112 114.490113 30.680507 114.490117 30.680513 0 0 0
2016-10-17 8:22:05 413965112 114.490147 30.680513 114.490113 30.680507 0 0 0
2016-10-17 8:25:18 413965112 114.490138 30.680508 114.490147 30.680513 0 0 0
2016-10-17 8:26:05 413965112 114.490137 30.680517 114.490138 30.680508 0 0 0
2016-10-17 8:28:26 413965112 114.49014 30.680513 114.490137 30.680517 0 0 0
2016-10-17 8:29:45 413965112 114.490148 30.680505 114.49014 30.680513 0 0 0
2016-10-17 8:30:20 413965112 114.490143 30.680507 114.490148 30.680505 0 0 0
2016-10-17 8:31:17 413965112 114.49014 30.680517 114.490143 30.680507 0 0 0
2016-10-17 8:32:56 413965112 114.490138 30.680517 114.49014 30.680517 0 0 0
2016-10-17 8:39:32 413965112 114.490123 30.680523 114.490138 30.680517 0 0 0
2016-10-17 8:56:27 413965112 114.49014 30.680523 114.490123 30.680523 0 0 0
2016-10-17 8:58:28 413965112 114.490127 30.680515 114.49014 30.680523 0 0 0
2016-10-17 9:00:35 413965112 114.490137 30.680507 114.490127 30.680515 0 0 0
2016-10-17 9:13:42 413965112 114.49014 30.68052 114.490137 30.680507 0 0 0
2016-10-17 9:14:52 413965112 114.490132 30.680528 114.49014 30.68052 0 0 0
2016-10-17 9:17:18 413965112 114.490132 30.68053 114.490132 30.680528 0 0 0
2016-10-17 9:18:27 413965112 114.490132 30.680532 114.490132 30.68053 0 0 0
2016-10-17 9:19:42 413965112 114.490133 30.680518 114.490132 30.680532 0 0 0
2016-10-17 9:24:04 413965112 114.49014 30.680523 114.490133 30.680518 0 0 0
2016-10-17 9:25:44 413965112 114.490135 30.68053 114.49014 30.680523 0 0 0
2016-10-17 9:29:07 413965112 114.490125 30.680523 114.490135 30.68053 0 0 0
2016-10-17 9:32:10 413965112 114.490133 30.68053 114.490125 30.680523 0 0 0
2016-10-17 9:34:24 413965112 114.49013 30.68051 114.490133 30.68053 0 0 0
2016-10-17 9:35:08 413965112 114.49014 30.680507 114.49013 30.68051 0 0 0
2016-10-17 9:37:42 413965112 114.490152 30.680507 114.49014 30.680507 0 0 0
2016-10-17 9:39:04 413965112 114.49015 30.680505 114.490152 30.680507 0 0 0
2016-10-17 9:39:49 413965112 114.49015 30.680515 114.49015 30.680505 0 0 0
2016-10-17 9:41:57 413965112 114.490152 30.680508 114.49015 30.680515 0 0 0
2016-10-17 9:43:16 413965112 114.490152 30.680507 114.490152 30.680508 0 0 0
2016-10-17 9:45:49 413965112 114.490142 30.680507 114.490152 30.680507 0 0 0
2016-10-17 9:46:36 413965112 114.490147 30.68051 114.490142 30.680507 0 0 0
2016-10-17 9:46:58 413965112 114.490147 30.680508 114.490147 30.68051 0 0 0
2016-10-17 9:47:54 413965112 114.490143 30.680513 114.490147 30.680508 0 0 0
2016-10-17 9:49:56 413965112 114.490137 30.680513 114.490143 30.680513 0 0 0
2016-10-17 9:53:12 413965112 114.490155 30.68051 114.490137 30.680513 0 0 0
2016-10-17 9:54:07 413965112 114.49015 30.680502 114.490155 30.68051 0 0 0
2016-10-17 9:55:47 413965112 114.490133 30.68049 114.49015 30.680502 0 0 0
2016-10-17 9:58:09 413965112 114.490148 30.6805 114.490133 30.68049 0 0 0
2016-10-17 9:59:04 413965112 114.490148 30.680497 114.490148 30.6805 0 0 0
2016-10-17 10:00:55 413965112 114.490155 30.680497 114.490148 30.680497 0 0 0
2016-10-17 10:01:22 413965112 114.49015 30.68049 114.490155 30.680497 0 0 0
2016-10-17 10:03:21 413965112 114.490152 30.680492 114.49015 30.68049 0 0 0
2016-10-17 10:05:53 413965112 114.490153 30.680508 114.490152 30.680492 0 0 0
2016-10-17 10:06:37 413965112 114.490147 30.680502 114.490153 30.680508 0 0 0
2016-10-17 10:07:33 413965112 114.490142 30.680503 114.490147 30.680502 0 0 0
2016-10-17 10:07:58 413965112 114.490142 30.680505 114.490142 30.680503 0 0 0
2016-10-17 10:13:12 413965112 114.490137 30.680502 114.490145 30.680505 0 0 0
2016-10-17 10:16:32 413965112 114.490142 30.680503 114.490137 30.680502 0 0 0
2016-10-17 10:17:48 413965112 114.490142 30.680503 114.490142 30.680503 0 0 0
2016-10-17 10:19:20 413965112 114.490137 30.680503 114.490142 30.680503 0 0 0
2016-10-17 10:20:04 413965112 114.49014 30.68051 114.490137 30.680503 0 0 0
2016-10-17 10:23:08 413965112 114.49014 30.680508 114.49014 30.68051 0 0 0
2016-10-17 10:25:06 413965112 114.490147 30.680495 114.49014 30.680508 0 0 0
2016-10-17 10:27:05 413965112 114.490148 30.6805 114.490147 30.680495 0 0 0
2016-10-17 10:28:24 413965112 114.49014 30.680503 114.490148 30.6805 0 0 0
2016-10-17 10:29:31 413965112 114.490145 30.680502 114.49014 30.680503 0 0 0
2016-10-17 10:33:55 413965112 114.490138 30.680493 114.490145 30.680502 0 0 0
2016-10-17 10:35:24 413965112 114.490153 30.6805 114.490138 30.680493 0 0 0
2016-10-17 10:37:08 413965112 114.49015 30.680492 114.490153 30.6805 0 0 0
2016-10-17 10:38:05 413965112 114.490148 30.68049 114.49015 30.680492 0 0 0
2016-10-17 10:38:30 413965112 114.49015 30.680507 114.490148 30.68049 0 0 0
2016-10-17 10:41:35 413965112 114.490162 30.680532 114.49015 30.680507 0 0 0
2016-10-17 10:42:18 413965112 114.49017 30.680532 114.490162 30.680532 0 0 0
2016-10-17 10:45:47 413965112 114.490167 30.680532 114.49017 30.680532 0 0 0
2016-10-17 10:54:40 413965112 114.49015 30.680523 114.490152 30.680523 0 0 0
2016-10-17 10:56:28 413965112 114.490152 30.680513 114.49015 30.680523 0 0 0
2016-10-17 10:57:16 413965112 114.49016 30.68052 114.490152 30.680513 0 0 0
2016-10-17 10:58:13 413965112 114.490163 30.68052 114.49016 30.68052 0 0 0
2016-10-17 11:00:49 413965112 114.490167 30.680507 114.490163 30.68052 0 0 0
2016-10-17 11:02:28 413965112 114.49016 30.680512 114.490167 30.680507 0 0 0
2016-10-17 11:02:51 413965112 114.490163 30.68051 114.49016 30.680512 0 0 0
2016-10-17 11:03:49 413965112 114.490165 30.68051 114.490163 30.68051 0 0 0
2016-10-17 11:04:37 413965112 114.490162 30.680508 114.490165 30.68051 0 0 0
2016-10-17 11:05:10 413965112 114.490162 30.680505 114.490162 30.680508 0 0 0
2016-10-17 11:07:01 413965112 114.490173 30.680498 114.490162 30.680505 0 0 0
2016-10-17 11:07:27 413965112 114.490173 30.680503 114.490173 30.680498 0 0 0
2016-10-17 11:16:00 413965112 114.490158 30.68052 114.490157 30.680523 0 0 0
2016-10-17 11:17:18 413965112 114.490158 30.680532 114.490158 30.68052 0 0 0
2016-10-17 11:17:54 413965112 114.490148 30.680527 114.490158 30.680532 0 0 0
2016-10-17 11:18:50 413965112 114.490147 30.680543 114.490148 30.680527 0 0 0
2016-10-17 11:23:11 413965112 114.49015 30.680528 114.490147 30.680543 0 0 0
2016-10-17 11:24:24 413965112 114.49014 30.680537 114.49015 30.680528 0 0 0
2016-10-17 11:25:52 413965112 114.490113 30.680548 114.49014 30.680537 0 0 0
2016-10-17 11:28:10 413965112 114.490115 30.680532 114.490113 30.680548 0 0 0
2016-10-17 11:29:00 413965112 114.490117 30.680523 114.490115 30.680532 0 0 0
2016-10-17 11:30:48 413965112 114.490115 30.680513 114.490117 30.680523 0 0 0
2016-10-17 11:34:54 413965112 114.490125 30.680535 114.490115 30.680513 0 0 0
2016-10-17 11:37:56 413965112 114.490128 30.680537 114.490125 30.680535 0 0 0
2016-10-17 11:39:28 413965112 114.490135 30.680553 114.490128 30.680537 0 0 0
2016-10-17 11:39:45 413965112 114.490137 30.680555 114.490135 30.680553 0 0 0
2016-10-17 11:40:56 413965112 114.490142 30.68055 114.490137 30.680555 0 0 0
2016-10-17 11:45:09 413965112 114.490132 30.680523 114.490142 30.68055 0 0 0
2016-10-17 11:46:23 413965112 114.490145 30.68052 114.490132 30.680523 0 0 0
2016-10-17 11:47:30 413965112 114.490145 30.68052 114.490145 30.68052 0 0 0
2016-10-17 11:50:25 413965112 114.490143 30.68051 114.490145 30.68052 0 0 0
2016-10-17 11:53:14 413965112 114.490138 30.680505 114.490143 30.68051 0 0 0
2016-10-17 11:57:17 413965112 114.490138 30.680523 114.490138 30.680505 0 0 0
2016-10-17 12:07:04 413965112 114.490152 30.680517 114.490155 30.680515 0 0 0
2016-10-17 12:08:03 413965112 114.490145 30.680512 114.490152 30.680517 0 0 0
2016-10-17 12:08:55 413965112 114.490143 30.68051 114.490145 30.680512 0 0 0
2016-10-17 12:10:44 413965112 114.490145 30.680507 114.490143 30.68051 0 0 0
2016-10-17 12:11:41 413965112 114.490147 30.680508 114.490145 30.680507 0 0 0
2016-10-17 12:21:35 413965112 114.490147 30.680523 114.490147 30.68053 0 0 0
2016-10-17 12:22:00 413965112 114.490148 30.680525 114.490147 30.680523 0 0 0
2016-10-17 12:25:29 413965112 114.49015 30.680517 114.490148 30.680525 0 0 0
2016-10-17 12:28:20 413965112 114.490147 30.680523 114.49015 30.680517 0 0 0
2016-10-17 12:29:11 413965112 114.490152 30.68053 114.490147 30.680523 0 0 0
2016-10-17 12:29:37 413965112 114.490155 30.680533 114.490152 30.68053 0 0 0
2016-10-17 12:31:26 413965112 114.490157 30.680538 114.490155 30.680533 0 0 0
2016-10-17 12:33:12 413965112 114.490152 30.68055 114.490157 30.680538 0 0 0
2016-10-17 12:36:17 413965112 114.490155 30.680547 114.490152 30.68055 0 0 0
2016-10-17 12:37:15 413965112 114.490163 30.680547 114.490155 30.680547 0 0 0
2016-10-17 12:42:01 413965112 114.490147 30.680548 114.490163 30.680547 0 0 0
2016-10-17 12:43:31 413965112 114.490145 30.680548 114.490147 30.680548 0 0 0
2016-10-17 12:44:52 413965112 114.490142 30.68055 114.490145 30.680548 0 0 0
2016-10-17 12:47:12 413965112 114.490143 30.680553 114.490142 30.68055 0 0 0
2016-10-17 12:49:29 413965112 114.49014 30.680567 114.490143 30.680553 0 0 0
2016-10-17 12:51:57 413965112 114.490142 30.680562 114.49014 30.680567 0 0 0
2016-10-17 12:54:55 413965112 114.490152 30.680547 114.490142 30.680562 0 0 0
2016-10-17 12:55:25 413965112 114.490153 30.680548 114.490152 30.680547 0 0 0
2016-10-17 12:56:44 413965112 114.490153 30.680548 114.490153 30.680548 0 0 0
2016-10-17 12:57:46 413965112 114.490155 30.680548 114.490153 30.680548 0 0 0
2016-10-17 12:59:07 413965112 114.490153 30.680552 114.490155 30.680548 0 0 0
2016-10-17 13:03:11 413965112 114.490157 30.680555 114.490153 30.680552 0 0 0
2016-10-17 13:04:25 413965112 114.490167 30.680553 114.490157 30.680555 0 0 0
2016-10-17 13:05:37 413965112 114.490173 30.68056 114.490167 30.680553 0 0 0
2016-10-17 13:07:23 413965112 114.49016 30.68059 114.490173 30.68056 0 0 0
2016-10-17 13:08:25 413965112 114.490155 30.68059 114.49016 30.68059 0 0 0
2016-10-17 13:10:39 413965112 114.49015 30.680588 114.490155 30.68059 0 0 0
2016-10-17 13:13:52 413965112 114.490157 30.680555 114.49015 30.680588 0 0 0
2016-10-17 13:14:40 413965112 114.490158 30.680558 114.490157 30.680555 0 0 0
2016-10-17 13:17:43 413965112 114.490163 30.680562 114.490158 30.680558 0 0 0
2016-10-17 13:20:28 413965112 114.490167 30.680557 114.490163 30.680562 0 0 0
2016-10-17 13:21:45 413965112 114.490163 30.680553 114.490167 30.680557 0 0 0
2016-10-17 13:25:16 413965112 114.490172 30.680565 114.490163 30.680553 0 0 0
2016-10-17 13:25:47 413965112 114.490173 30.680568 114.490172 30.680565 0 0 0
2016-10-17 13:27:42 413965112 114.490172 30.68056 114.490173 30.680568 0 0 0
2016-10-17 13:30:18 413965112 114.490172 30.680555 114.490172 30.68056 0 0 0
2016-10-17 13:31:14 413965112 114.49017 30.680558 114.490172 30.680555 0 0 0
2016-10-17 13:46:24 413965112 114.490165 30.680587 114.490167 30.680577 0 0 0
2016-10-17 13:50:58 413965112 114.490167 30.680582 114.490165 30.680587 0 0 0
2016-10-17 14:05:46 413965112 114.490178 30.680608 114.490177 30.68061 0 0 0
2016-10-17 14:08:17 413965112 114.490182 30.680605 114.490178 30.680608 0 0 0
2016-10-17 14:15:51 413965112 114.490175 30.680577 114.490162 30.680585 0 0 0
2016-10-17 14:17:42 413965112 114.490183 30.680578 114.490175 30.680577 0 0 0
2016-10-17 14:21:10 413965112 114.49018 30.680598 114.490183 30.680578 0 0 0
2016-10-17 14:22:30 413965112 114.49018 30.680593 114.49018 30.680598 0 0 0
2016-10-17 14:26:07 413965112 114.490172 30.680583 114.49018 30.680593 0 0 0
2016-10-17 14:29:18 413965112 114.49017 30.680568 114.490172 30.680583 0 0 0
2016-10-17 14:30:11 413965112 114.490167 30.680568 114.49017 30.680568 0 0 0
2016-10-17 14:33:07 413965112 114.490148 30.680532 114.490167 30.680568 0 0 0
2016-10-17 14:34:02 413965112 114.49015 30.680523 114.490148 30.680532 0 0 0
2016-10-17 14:35:00 413965112 114.49015 30.68052 114.49015 30.680523 0 0 0
2016-10-17 14:35:29 413965112 114.49015 30.680518 114.49015 30.68052 0 0 0
2016-10-17 14:36:19 413965112 114.490148 30.680518 114.49015 30.680518 0 0 0
2016-10-17 14:44:10 413965112 114.490148 30.68052 114.490153 30.680523 0 0 0
2016-10-17 14:48:02 413965112 114.49016 30.68052 114.490148 30.68052 0 0 0
2016-10-17 14:56:27 413965112 114.490137 30.680523 114.490148 30.680515 0 0 0
2016-10-17 14:59:32 413965112 114.490143 30.680532 114.490137 30.680523 0 0 0
2016-10-17 15:01:11 413965112 114.490147 30.680545 114.490143 30.680532 0 0 0
2016-10-17 15:04:55 413965112 114.490142 30.680547 114.490147 30.680545 0 0 0
2016-10-17 15:08:58 413965112 114.49014 30.680542 114.490142 30.680547 0 0 0
2016-10-17 15:10:34 413965112 114.490138 30.68054 114.49014 30.680542 0 0 0
2016-10-17 15:11:04 413965112 114.490135 30.680543 114.490138 30.68054 0 0 0
2016-10-17 15:12:03 413965112 114.490137 30.680543 114.490135 30.680543 0 0 0
2016-10-17 15:15:07 413965112 114.490138 30.68054 114.490137 30.680543 0 0 0
2016-10-17 15:17:13 413965112 114.49014 30.680543 114.490138 30.68054 0 0 0
2016-10-17 15:18:11 413965112 114.49014 30.680532 114.49014 30.680543 0 0 0
2016-10-17 15:20:48 413965112 114.49013 30.680523 114.49014 30.680532 0 0 0
2016-10-17 15:25:44 413965112 114.490128 30.680548 114.49013 30.680523 0 0 0
2016-10-17 15:27:48 413965112 114.49013 30.68054 114.490128 30.680548 0 0 0
2016-10-17 15:31:24 413965112 114.490135 30.680572 114.49013 30.68054 0 0 0
2016-10-17 15:43:42 413965112 114.490125 30.680547 114.49013 30.680562 0 0 0
2016-10-17 15:48:01 413965112 114.490117 30.680553 114.490125 30.680547 0 0 0
2016-10-17 15:52:28 413965112 114.490128 30.680538 114.490117 30.680553 0 0 0
2016-10-17 15:52:55 413965112 114.490127 30.680538 114.490128 30.680538 0 0 0
2016-10-17 15:53:33 413965112 114.490127 30.68054 114.490127 30.680538 0 0 0
2016-10-17 15:55:01 413965112 114.490127 30.680548 114.490127 30.68054 0 0 0
2016-10-17 15:56:07 413965112 114.490133 30.680553 114.490127 30.680548 0 0 0
2016-10-17 16:01:25 413965112 114.490125 30.680543 114.490133 30.680553 0 0 0
2016-10-17 16:02:02 413965112 114.490127 30.680543 114.490125 30.680543 0 0 0
2016-10-17 16:04:10 413965112 114.490123 30.680547 114.490127 30.680543 0 0 0
2016-10-17 16:05:16 413965112 114.490122 30.680543 114.490123 30.680547 0 0 0
2016-10-17 16:06:28 413965112 114.490122 30.680545 114.490122 30.680543 0 0 0
2016-10-17 16:09:01 413965112 114.490127 30.680558 114.490122 30.680545 0 0 0
2016-10-17 16:12:52 413965112 114.490133 30.680545 114.490127 30.680558 0 0 0
2016-10-17 16:15:05 413965112 114.490125 30.680538 114.490133 30.680545 0 0 0
2016-10-17 16:17:09 413965112 114.49012 30.680538 114.490125 30.680538 0 0 0
2016-10-17 16:19:22 413965112 114.490133 30.680542 114.49012 30.680538 0 0 0
2016-10-17 16:21:40 413965112 114.490123 30.680533 114.490133 30.680542 0 0 0
2016-10-17 16:24:10 413965112 114.490135 30.680538 114.490123 30.680533 0 0 0
2016-10-17 16:28:36 413965112 114.490135 30.680545 114.490135 30.680538 0 0 0
2016-10-17 16:29:05 413965112 114.490135 30.680548 114.490135 30.680545 0 0 0
2016-10-17 16:31:43 413965112 114.490133 30.680547 114.490135 30.680548 0 0 0
2016-10-17 16:33:59 413965112 114.490122 30.680553 114.490133 30.680547 0 0 0
2016-10-17 16:34:41 413965112 114.490123 30.680555 114.490122 30.680553 0 0 0
2016-10-17 16:40:05 413965112 114.49014 30.680543 114.49014 30.68054 0 0 0
2016-10-17 16:41:09 413965112 114.490143 30.680553 114.49014 30.680543 0 0 0
2016-10-17 16:43:27 413965112 114.49013 30.680542 114.490143 30.680553 0 0 0
2016-10-17 16:46:59 413965112 114.490133 30.680528 114.49013 30.680542 0 0 0
2016-10-17 16:48:40 413965112 114.490138 30.680538 114.490133 30.680528 0 0 0
2016-10-17 16:51:08 413965112 114.490133 30.680533 114.490138 30.680538 0 0 0
2016-10-17 16:52:09 413965112 114.490135 30.680543 114.490133 30.680533 0 0 0
2016-10-17 16:55:31 413965112 114.490128 30.680565 114.490135 30.680543 0 0 0
2016-10-17 16:58:54 413965112 114.490133 30.680528 114.490128 30.680565 0 0 0
2016-10-17 17:00:23 413965112 114.490135 30.68053 114.490133 30.680528 0 0 0
2016-10-17 17:01:50 413965112 114.490128 30.680528 114.490135 30.68053 0 0 0
2016-10-17 17:02:45 413965112 114.490123 30.680535 114.490128 30.680528 0 0 0
2016-10-17 17:03:19 413965112 114.490127 30.680538 114.490123 30.680535 0 0 0
2016-10-17 17:26:26 413965112 114.490143 30.680533 114.490153 30.680522 0 0 0
2016-10-17 17:27:43 413965112 114.490147 30.68054 114.490143 30.680533 0 0 0
2016-10-17 17:28:59 413965112 114.490133 30.680545 114.490147 30.68054 0 0 0
2016-10-17 17:31:50 413965112 114.490145 30.680542 114.490133 30.680545 0 0 0
2016-10-17 17:33:59 413965112 114.49017 30.680557 114.490145 30.680542 0 0 0
2016-10-17 17:35:17 413965112 114.490163 30.680552 114.49017 30.680557 0 0 0
2016-10-17 17:38:57 413965112 114.490167 30.680545 114.490163 30.680552 0 0 0
2016-10-17 17:41:30 413965112 114.49015 30.680557 114.490167 30.680545 0 0 0
2016-10-17 17:46:23 413965112 114.490157 30.680553 114.49015 30.680557 0 0 0
2016-10-17 17:46:46 413965112 114.490155 30.680557 114.490157 30.680553 0 0 0
2016-10-17 17:50:32 413965112 114.490147 30.680545 114.490155 30.680557 0 0 0
2016-10-17 17:52:35 413965112 114.49014 30.680558 114.490147 30.680545 0 0 0
2016-10-17 17:53:05 413965112 114.490138 30.68056 114.49014 30.680558 0 0 0
2016-10-17 17:55:10 413965112 114.490135 30.68056 114.490138 30.68056 0 0 0
2016-10-17 17:57:01 413965112 114.490123 30.68056 114.490135 30.68056 0 0 0
2016-10-17 17:59:35 413965112 114.490125 30.680542 114.490123 30.68056 0 0 0
2016-10-17 18:03:57 413965112 114.490123 30.680533 114.490125 30.680542 0 0 0
2016-10-17 18:04:28 413965112 114.49012 30.680538 114.490123 30.680533 0 0 0
2016-10-17 18:06:02 413965112 114.490137 30.680538 114.49012 30.680538 0 0 0
2016-10-17 18:14:10 413965112 114.490133 30.680538 114.490143 30.680532 0 0 0
2016-10-17 18:22:04 413965112 114.490135 30.68053 114.490125 30.680553 0 0 0
2016-10-17 18:22:46 413965112 114.490135 30.680533 114.490135 30.68053 0 0 0
2016-10-17 18:23:39 413965112 114.490128 30.680532 114.490135 30.680533 0 0 0
2016-10-17 18:27:01 413965112 114.49014 30.680555 114.490128 30.680532 0 0 0
2016-10-17 18:29:56 413965112 114.490127 30.680558 114.49014 30.680555 0 0 0
2016-10-17 18:31:28 413965112 114.490133 30.680553 114.490127 30.680558 0 0 0
2016-10-17 18:33:22 413965112 114.490143 30.680545 114.490133 30.680553 0 0 0
2016-10-17 18:45:52 413965112 114.490153 30.680533 114.490152 30.680532 0 0 0
2016-10-17 18:48:15 413965112 114.49014 30.680523 114.490153 30.680533 0 0 0
2016-10-17 18:53:14 413965112 114.49015 30.680527 114.49014 30.680523 0 0 0
2016-10-17 18:53:57 413965112 114.490153 30.680538 114.49015 30.680527 0 0 0
2016-10-17 18:55:12 413965112 114.490158 30.68054 114.490153 30.680538 0 0 0
2016-10-17 18:57:27 413965112 114.490147 30.680542 114.490158 30.68054 0 0 0
2016-10-17 18:58:34 413965112 114.49014 30.68055 114.490147 30.680542 0 0 0
2016-10-17 19:00:28 413965112 114.490135 30.68056 114.49014 30.68055 0 0 0
2016-10-17 19:01:56 413965112 114.490145 30.680545 114.490135 30.68056 0 0 0
2016-10-17 19:03:08 413965112 114.490147 30.680545 114.490145 30.680545 0 0 0
2016-10-17 19:05:28 413965112 114.490143 30.680537 114.490147 30.680545 0 0 0
2016-10-17 19:07:03 413965112 114.49014 30.68052 114.490143 30.680537 0 0 0
2016-10-17 19:09:36 413965112 114.490147 30.68053 114.49014 30.68052 0 0 0
2016-10-17 19:11:27 413965112 114.490158 30.680538 114.490147 30.68053 0 0 0
2016-10-17 19:12:55 413965112 114.490152 30.680528 114.490158 30.680538 0 0 0
2016-10-17 19:14:57 413965112 114.490165 30.680537 114.490152 30.680528 0 0 0
2016-10-17 19:15:39 413965112 114.490162 30.680535 114.490165 30.680537 0 0 0
2016-10-17 19:19:02 413965112 114.490155 30.680518 114.490162 30.680535 0 0 0
2016-10-17 19:24:22 413965112 114.490148 30.68054 114.490155 30.680518 0 0 0
2016-10-17 19:25:46 413965112 114.490137 30.68054 114.490148 30.68054 0 0 0
2016-10-17 19:27:41 413965112 114.490147 30.680543 114.490137 30.68054 0 0 0
2016-10-17 19:28:49 413965112 114.490153 30.680548 114.490147 30.680543 0 0 0
2016-10-17 19:31:17 413965112 114.49016 30.680543 114.490153 30.680548 0 0 0
2016-10-17 19:43:46 413965112 114.490163 30.680523 114.490168 30.680542 0 0 0
2016-10-17 19:44:31 413965112 114.490157 30.680532 114.490163 30.680523 0 0 0
2016-10-17 19:47:50 413965112 114.490172 30.680523 114.490157 30.680532 0 0 0
2016-10-17 19:49:16 413965112 114.490172 30.680518 114.490172 30.680523 0 0 0
2016-10-17 19:50:51 413965112 114.490175 30.680512 114.490172 30.680518 0 0 0
