2016-10-25 10:18:42 413816246 114.2955 30.568168 114.29421 30.566435 4.8 32.4 
2016-10-25 10:19:25 413816246 114.296197 30.569338 114.2955 30.568168 4.8 29.6 
2016-10-25 10:20:01 413816246 114.296555 30.56995 114.296197 30.569338 4.9 25.7 
2016-10-25 10:21:43 413816246 114.297633 30.571742 114.296555 30.56995 5.0 27.5 
2016-10-25 10:22:26 413816246 114.298335 30.572973 114.297633 30.571742 4.9 26.5 
2016-10-25 10:24:36 413816246 114.299562 30.574757 114.298335 30.572973 4.9 27.9 
2016-10-25 10:25:46 413816246 114.300703 30.576592 114.299562 30.574757 5.1 29.8 
2016-10-25 10:27:11 413816246 114.301925 30.57849 114.300703 30.576592 5.3 27.2 
2016-10-25 10:30:00 413816246 114.304258 30.582437 114.301925 30.57849 5.4 26.3 
2016-10-25 10:30:37 413816246 114.304643 30.58308 114.304258 30.582437 5.2 27.4 
2016-10-25 10:31:47 413816246 114.305893 30.585088 114.304643 30.58308 5.4 27.4 
2016-10-25 10:32:39 413816246 114.306288 30.585742 114.305893 30.585088 5.4 27.2 
2016-10-25 10:33:44 413816246 114.307512 30.587662 114.306288 30.585742 5.4 30.8 
2016-10-25 10:35:13 413816246 114.308663 30.589293 114.307512 30.587662 5.2 33.8 
2016-10-25 10:35:53 413816246 114.309355 30.590183 114.308663 30.589293 5.1 31.3 
2016-10-25 10:36:55 413816246 114.310142 30.591407 114.309355 30.590183 5.0 24.7 
2016-10-25 10:37:50 413816246 114.310822 30.592637 114.310142 30.591407 4.8 24.4 
2016-10-25 10:38:31 413816246 114.311148 30.593223 114.310822 30.592637 4.8 31.1 
2016-10-25 10:39:32 413816246 114.311918 30.594312 114.311148 30.593223 4.4 31.9 
2016-10-25 10:40:28 413816246 114.312287 30.594847 114.311918 30.594312 4.6 31.3 
2016-10-25 10:41:12 413816246 114.313215 30.596237 114.312287 30.594847 4.7 31.4 
2016-10-25 10:43:05 413816246 114.314558 30.598145 114.313215 30.596237 4.5 29.6 
2016-10-25 10:44:24 413816246 114.315228 30.599265 114.314558 30.598145 4.4 25.7 
2016-10-25 10:44:57 413816246 114.315932 30.600343 114.315228 30.599265 4.5 31.5 
2016-10-25 10:45:49 413816246 114.316695 30.60136 114.315932 30.600343 4.5 33.5 
2016-10-25 10:47:07 413816246 114.317672 30.602712 114.316695 30.60136 4.5 33.0 
2016-10-25 10:48:41 413816246 114.318235 30.603467 114.317672 30.602712 4.4 33.5 
2016-10-25 10:49:24 413816246 114.319463 30.604943 114.318235 30.603467 4.4 38.5 
2016-10-25 10:50:00 413816246 114.319963 30.605322 114.319463 30.604943 4.4 45.5 
2016-10-25 10:50:30 413816246 114.320315 30.605932 114.319963 30.605322 4.4 38.1 
2016-10-25 10:51:32 413816246 114.321137 30.606832 114.320315 30.605932 4.1 39.3 
2016-10-25 10:52:12 413816246 114.321592 30.60728 114.321137 30.606832 4.2 43.0 
2016-10-25 10:52:48 413816246 114.32244 30.608185 114.321592 30.60728 4.2 34.5 
2016-10-25 10:53:21 413816246 114.322853 30.608653 114.32244 30.608185 4.2 38.2 
2016-10-25 10:54:27 413816246 114.323282 30.609107 114.322853 30.608653 4.2 39.1 
2016-10-25 10:55:08 413816246 114.324158 30.60997 114.323282 30.609107 4.1 38.3 
2016-10-25 10:55:47 413816246 114.325003 30.610818 114.324158 30.60997 4.2 40.5 
2016-10-25 10:57:10 413816246 114.325892 30.611712 114.325003 30.610818 4.4 41.8 
2016-10-25 10:57:52 413816246 114.326918 30.61262 114.325892 30.611712 4.7 43.4 
2016-10-25 10:58:28 413816246 114.327462 30.613082 114.326918 30.61262 4.8 42.4 
2016-10-25 10:59:01 413816246 114.328027 30.61355 114.327462 30.613082 4.8 45.7 
2016-10-25 10:59:56 413816246 114.329177 30.614517 114.328027 30.61355 5.0 45.2 
2016-10-25 11:00:38 413816246 114.329782 30.61501 114.329177 30.614517 5.4 48.8 
2016-10-25 11:01:44 413816246 114.331012 30.61602 114.329782 30.61501 5.3 43.9 
2016-10-25 11:02:45 413816246 114.332308 30.61708 114.331012 30.61602 5.4 46.2 
2016-10-25 11:03:26 413816246 114.333593 30.618123 114.332308 30.61708 5.4 46.8 
2016-10-25 11:04:01 413816246 114.334242 30.618637 114.333593 30.618123 5.5 51.2 
2016-10-25 11:05:31 413816246 114.336205 30.62013 114.334242 30.618637 5.4 48.1 
2016-10-25 11:06:07 413816246 114.336858 30.620642 114.336205 30.62013 5.4 48.8 
2016-10-25 11:07:18 413816246 114.338258 30.621692 114.336858 30.620642 5.6 48.6 
2016-10-25 11:08:23 413816246 114.34027 30.623257 114.338258 30.621692 5.6 50.3 
2016-10-25 11:09:03 413816246 114.340927 30.623755 114.34027 30.623257 5.6 47.8 
2016-10-25 11:09:31 413816246 114.341587 30.6243 114.340927 30.623755 5.6 48.4 
2016-10-25 11:10:04 413816246 114.342263 30.624832 114.341587 30.6243 5.7 47.8 
2016-10-25 11:10:58 413816246 114.343597 30.625845 114.342263 30.624832 5.8 44.9 
2016-10-25 11:11:35 413816246 114.344378 30.626315 114.343597 30.625845 5.7 40.9 
2016-10-25 11:12:36 413816246 114.345722 30.627442 114.344378 30.626315 6.0 49.8 
2016-10-25 11:13:46 413816246 114.34727 30.628473 114.345722 30.627442 5.9 52.2 
2016-10-25 11:14:27 413816246 114.348815 30.62946 114.34727 30.628473 6.0 51.1 
2016-10-25 11:15:37 413816246 114.350305 30.630583 114.348815 30.62946 6.2 48.5 
2016-10-25 11:16:27 413816246 114.351073 30.631148 114.350305 30.630583 6.6 48.5 
2016-10-25 11:17:03 413816246 114.352642 30.63229 114.351073 30.631148 6.7 47.6 
2016-10-25 11:17:37 413816246 114.35344 30.632843 114.352642 30.63229 6.3 51.8 
2016-10-25 11:19:07 413816246 114.355912 30.63454 114.35344 30.632843 6.6 51.0 
2016-10-25 11:19:47 413816246 114.356753 30.635127 114.355912 30.63454 6.8 50.3 
2016-10-25 11:20:25 413816246 114.35843 30.63628 114.356753 30.635127 6.7 53.1 
2016-10-25 11:21:55 413816246 114.360113 30.637457 114.35843 30.63628 6.7 49.9 
2016-10-25 11:23:05 413816246 114.362748 30.639157 114.360113 30.637457 6.4 52.6 
2016-10-25 11:23:32 413816246 114.363563 30.63975 114.362748 30.639157 6.6 50.5 
2016-10-25 11:24:25 413816246 114.365275 30.640908 114.363563 30.63975 6.6 50.9 
2016-10-25 11:25:01 413816246 114.366075 30.641502 114.365275 30.640908 6.4 50.6 
2016-10-25 11:26:09 413816246 114.367683 30.642592 114.366075 30.641502 6.2 53.5 
2016-10-25 11:27:01 413816246 114.369318 30.643657 114.367683 30.642592 6.1 52.8 
2016-10-25 11:27:41 413816246 114.370147 30.64413 114.369318 30.643657 5.6 61.9 
2016-10-25 11:29:42 413816246 114.37322 30.645908 114.370147 30.64413 5.5 55.3 
2016-10-25 11:32:24 413816246 114.376888 30.647902 114.37322 30.645908 5.5 56.1 
2016-10-25 11:34:03 413816246 114.379947 30.649415 114.376888 30.647902 5.4 62.6 
2016-10-25 11:34:54 413816246 114.380745 30.649827 114.379947 30.649415 5.6 59.9 
2016-10-25 11:35:34 413816246 114.382077 30.650507 114.380745 30.649827 5.7 61.4 
2016-10-25 11:37:50 413816246 114.385683 30.652112 114.382077 30.650507 5.8 65.1 
2016-10-25 11:39:43 413816246 114.38917 30.653632 114.385683 30.652112 6.3 61.3 
2016-10-25 11:41:30 413816246 114.39259 30.654995 114.38917 30.653632 6.5 62.2 
2016-10-25 11:43:25 413816246 114.395618 30.655955 114.39259 30.654995 6.2 68.7 
2016-10-25 11:44:08 413816246 114.397467 30.656483 114.395618 30.655955 6.2 72.7 
2016-10-25 11:44:38 413816246 114.398412 30.656748 114.397467 30.656483 6.3 71.7 
2016-10-25 11:46:06 413816246 114.401493 30.657643 114.398412 30.656748 6.5 77.6 
2016-10-25 11:48:58 413816246 114.406195 30.658942 114.401493 30.657643 6.2 72.7 
2016-10-25 11:50:43 413816246 114.409927 30.66015 114.406195 30.658942 6.1 69.9 
2016-10-25 11:51:26 413816246 114.410857 30.6604 114.409927 30.66015 6.1 70.4 
2016-10-25 12:03:41 413816246 114.432435 30.667968 114.429883 30.667055 5.6 68.5 
2016-10-25 12:05:37 413816246 114.435808 30.669175 114.432435 30.667968 5.8 66.2 
2016-10-25 12:08:01 413816246 114.440002 30.67081 114.435808 30.669175 5.7 65.1 
2016-10-25 12:40:51 413816246 114.492912 30.68833 114.491398 30.688038 4.7 79.1 
2016-10-25 12:43:44 413816246 114.496748 30.688842 114.492912 30.68833 5.0 81.9 
2016-10-25 12:44:26 413816246 114.4983 30.688983 114.496748 30.688842 5.0 84.1 
2016-10-25 12:46:13 413816246 114.501332 30.6891 114.4983 30.688983 4.6 90.6 
2016-10-25 12:47:56 413816246 114.503573 30.688953 114.501332 30.6891 4.2 92.1 
2016-10-25 12:50:58 413816246 114.507095 30.688628 114.503573 30.688953 3.6 94.2 
2016-10-25 12:55:37 413816246 114.510725 30.688122 114.507095 30.688628 2.9 99.4 
