2016-10-17 10:01:09 413812814 114.261253 30.522475 114.260465 30.521433 4.8 36.1 36
2016-10-17 10:03:07 413812814 114.263135 30.524657 114.261253 30.522475 4.9 39.5 38
2016-10-17 10:03:31 413812814 114.263637 30.525188 114.263135 30.524657 4.9 39.1 40
2016-10-17 10:05:37 413812814 114.265797 30.527282 114.263637 30.525188 4.8 40.2 40
2016-10-17 10:06:03 413812814 114.26639 30.527848 114.265797 30.527282 5.4 44.0 44
2016-10-17 10:08:32 413812814 114.269118 30.53068 114.26639 30.527848 5.4 36.9 37
2016-10-17 10:08:59 413812814 114.26963 30.531272 114.269118 30.53068 5.3 38.3 33
2016-10-17 10:09:22 413812814 114.270112 30.53187 114.26963 30.531272 5.4 36.7 35
2016-10-17 10:11:16 413812814 114.27214 30.534428 114.270112 30.53187 5.6 33.0 32
2016-10-17 10:13:51 413812814 114.274567 30.537713 114.27214 30.534428 5.7 31.7 31
2016-10-17 10:15:06 413812814 114.275848 30.539498 114.274567 30.537713 5.8 31.7 31
2016-10-17 10:15:34 413812814 114.275977 30.539688 114.275848 30.539498 5.3 30.4 28
2016-10-17 10:16:22 413812814 114.277015 30.54111 114.275977 30.539688 6.0 31.8 32
2016-10-17 10:21:00 413812814 114.281138 30.547615 114.277015 30.54111 6.0 26.2 26
2016-10-17 10:21:22 413812814 114.281542 30.548348 114.281138 30.547615 5.7 25.7 25
2016-10-17 10:22:36 413812814 114.282345 30.549863 114.281542 30.548348 6.0 23.9 24
2016-10-17 10:24:06 413812814 114.283718 30.552128 114.282345 30.549863 5.6 22.8 25
2016-10-17 10:24:26 413812814 114.284093 30.55284 114.283718 30.552128 5.9 23.5 24
2016-10-17 10:26:00 413812814 114.285325 30.554898 114.284093 30.55284 5.7 30.3 30
2016-10-17 10:26:28 413812814 114.285842 30.555587 114.285325 30.554898 5.7 33.1 33
2016-10-17 10:27:17 413812814 114.286803 30.5569 114.285842 30.555587 5.8 32.0 32
2016-10-17 10:28:08 413812814 114.287287 30.557605 114.286803 30.5569 5.7 30.3 30
2016-10-17 10:28:35 413812814 114.287765 30.558272 114.287287 30.557605 5.8 30.2 30
2016-10-17 10:28:57 413812814 114.288217 30.55895 114.287765 30.558272 5.6 31.0 30
2016-10-17 10:29:19 413812814 114.288678 30.559632 114.288217 30.55895 5.6 28.4 28
2016-10-17 10:30:33 413812814 114.289632 30.560942 114.288678 30.559632 5.3 32.6 32
2016-10-17 10:30:56 413812814 114.290093 30.561613 114.289632 30.560942 5.6 34.6 32
2016-10-17 10:31:24 413812814 114.290628 30.562273 114.290093 30.561613 5.6 35.9 35
2016-10-17 10:33:24 413812814 114.292493 30.56491 114.290628 30.562273 5.6 33.4 33
2016-10-17 10:34:05 413812814 114.292978 30.565557 114.292493 30.56491 5.6 32.8 34
2016-10-17 10:34:53 413812814 114.293997 30.56687 114.292978 30.565557 5.6 32.3 32
2016-10-17 10:35:35 413812814 114.294463 30.567538 114.293997 30.56687 5.6 29.8 31
2016-10-17 10:36:29 413812814 114.295345 30.568892 114.294463 30.567538 5.6 29.4 30
2016-10-17 10:36:55 413812814 114.295798 30.569573 114.295345 30.568892 5.6 32.0 29
2016-10-17 10:37:19 413812814 114.29624 30.570213 114.295798 30.569573 5.5 31.6 32
2016-10-17 10:37:52 413812814 114.296728 30.570933 114.29624 30.570213 5.5 32.1 31
2016-10-17 10:38:19 413812814 114.297215 30.571542 114.296728 30.570933 5.6 34.6 34
2016-10-17 10:39:02 413812814 114.297668 30.572187 114.297215 30.571542 5.6 31.8 31
2016-10-17 10:39:29 413812814 114.29817 30.57292 114.297668 30.572187 5.6 31.4 29
2016-10-17 10:39:52 413812814 114.298632 30.573553 114.29817 30.57292 5.7 30.5 32
2016-10-17 10:40:36 413812814 114.299148 30.574212 114.298632 30.573553 5.6 34.5 34
2016-10-17 10:41:01 413812814 114.299602 30.57485 114.299148 30.574212 5.7 31.2 32
2016-10-17 10:41:23 413812814 114.300033 30.575522 114.299602 30.57485 5.5 28.3 28
2016-10-17 10:44:18 413812814 114.302415 30.57892 114.300033 30.575522 5.5 31.8 31
2016-10-17 10:45:11 413812814 114.303347 30.580313 114.302415 30.57892 5.6 32.2 30
2016-10-17 10:45:35 413812814 114.303802 30.580982 114.303347 30.580313 5.6 29.6 30
2016-10-17 10:46:03 413812814 114.304272 30.581613 114.303802 30.580982 6.0 31.3 34
2016-10-17 10:46:29 413812814 114.304728 30.5823 114.304272 30.581613 5.7 31.1 29
2016-10-17 10:47:42 413812814 114.305658 30.583688 114.304728 30.5823 5.7 28.6 28
2016-10-17 10:48:07 413812814 114.306065 30.584358 114.305658 30.583688 5.6 29.3 29
2016-10-17 10:48:58 413812814 114.30696 30.585805 114.306065 30.584358 5.5 29.0 29
2016-10-17 10:49:30 413812814 114.307373 30.586498 114.30696 30.585805 5.7 29.8 29
2016-10-17 10:49:57 413812814 114.307888 30.587192 114.307373 30.586498 5.7 34.6 34
2016-10-17 10:50:39 413812814 114.308367 30.587842 114.307888 30.587192 5.7 32.3 33
2016-10-17 10:51:04 413812814 114.308872 30.58853 114.308367 30.587842 5.6 34.0 34
2016-10-17 10:51:29 413812814 114.309357 30.589223 114.308872 30.58853 5.8 30.1 32
2016-10-17 10:51:52 413812814 114.309862 30.589815 114.309357 30.589223 5.6 30.9 30
2016-10-17 10:52:45 413812814 114.310352 30.590473 114.309862 30.589815 5.6 31.3 30
2016-10-17 10:53:11 413812814 114.310798 30.591148 114.310352 30.590473 5.6 27.9 28
2016-10-17 10:53:34 413812814 114.311207 30.591812 114.310798 30.591148 5.6 28.3 28
2016-10-17 10:53:57 413812814 114.311647 30.592515 114.311207 30.591812 5.6 27.2 28
2016-10-17 10:54:26 413812814 114.312072 30.593232 114.311647 30.592515 5.7 27.6 28
2016-10-17 10:54:52 413812814 114.312512 30.593897 114.312072 30.593232 5.6 29.4 26
2016-10-17 10:55:42 413812814 114.312977 30.594562 114.312512 30.593897 5.6 29.4 29
2016-10-17 10:56:13 413812814 114.313417 30.595302 114.312977 30.594562 5.7 28.8 28
2016-10-17 10:56:41 413812814 114.31384 30.595973 114.313417 30.595302 5.7 28.6 27
2016-10-17 10:57:03 413812814 114.314258 30.59666 114.31384 30.595973 5.7 28.0 29
2016-10-17 10:57:28 413812814 114.314733 30.59736 114.314258 30.59666 5.6 33.5 32
2016-10-17 10:57:57 413812814 114.315182 30.59803 114.314733 30.59736 5.7 32.5 32
2016-10-17 10:58:25 413812814 114.315678 30.598683 114.315182 30.59803 5.6 35.4 32
2016-10-17 10:59:12 413812814 114.316195 30.599323 114.315678 30.598683 5.6 35.2 35
2016-10-17 10:59:42 413812814 114.316718 30.599962 114.316195 30.599323 5.6 34.1 33
2016-10-17 11:00:11 413812814 114.317252 30.600607 114.316718 30.599962 5.6 34.5 35
2016-10-17 11:00:34 413812814 114.317748 30.601252 114.317252 30.600607 5.6 33.1 34
2016-10-17 11:01:00 413812814 114.318247 30.601882 114.317748 30.601252 5.7 32.9 33
2016-10-17 11:01:31 413812814 114.31878 30.602557 114.318247 30.601882 5.7 34.9 34
2016-10-17 11:01:55 413812814 114.319278 30.603242 114.31878 30.602557 5.7 32.0 29
2016-10-17 11:02:39 413812814 114.319785 30.603878 114.319278 30.603242 5.7 38.8 38
2016-10-17 11:03:07 413812814 114.320353 30.604508 114.319785 30.603878 5.6 39.1 40
2016-10-17 11:03:36 413812814 114.321 30.605108 114.320353 30.604508 5.6 36.5 32
2016-10-17 11:04:00 413812814 114.321472 30.605747 114.321 30.605108 5.1 39.7 39
2016-10-17 11:04:23 413812814 114.322022 30.606348 114.321472 30.605747 5.7 39.2 39
2016-10-17 11:04:55 413812814 114.32258 30.606975 114.322022 30.606348 5.7 38.0 38
2016-10-17 11:05:23 413812814 114.323178 30.607605 114.32258 30.606975 5.7 38.7 38
2016-10-17 11:06:14 413812814 114.323773 30.608173 114.323178 30.607605 5.8 42.2 42
2016-10-17 11:07:14 413812814 114.324965 30.609417 114.323773 30.608173 5.7 39.2 39
2016-10-17 11:07:39 413812814 114.32555 30.61003 114.324965 30.609417 5.7 41.1 39
2016-10-17 11:08:01 413812814 114.326162 30.610632 114.32555 30.61003 5.7 43.3 41
2016-10-17 11:08:30 413812814 114.326793 30.611192 114.326162 30.610632 5.7 43.4 44
2016-10-17 11:08:56 413812814 114.327448 30.61177 114.326793 30.611192 5.7 42.8 42
2016-10-17 11:09:21 413812814 114.327938 30.612218 114.327448 30.61177 5.7 43.6 44
2016-10-17 11:10:17 413812814 114.328703 30.612903 114.327938 30.612218 5.8 44.9 44
2016-10-17 11:10:44 413812814 114.329345 30.613445 114.328703 30.612903 5.8 46.6 46
2016-10-17 11:11:08 413812814 114.330033 30.613973 114.329345 30.613445 5.7 45.5 45
2016-10-17 11:11:31 413812814 114.330713 30.614545 114.330033 30.613973 5.8 43.6 45
2016-10-17 11:12:00 413812814 114.33136 30.61512 114.330713 30.614545 5.8 44.4 45
2016-10-17 11:12:27 413812814 114.33202 30.615675 114.33136 30.61512 5.8 45.8 44
2016-10-17 11:12:56 413812814 114.332673 30.616238 114.33202 30.615675 5.7 46.4 46
2016-10-17 11:13:55 413812814 114.334003 30.617378 114.332673 30.616238 5.9 46.5 44
2016-10-17 11:14:26 413812814 114.334672 30.61793 114.334003 30.617378 5.8 46.9 44
2016-10-17 11:15:15 413812814 114.335323 30.618512 114.334672 30.61793 5.8 46.6 46
2016-10-17 11:16:12 413812814 114.336763 30.619697 114.335323 30.618512 5.9 45.5 46
2016-10-17 11:16:37 413812814 114.33744 30.620265 114.336763 30.619697 6.0 46.8 46
2016-10-17 11:17:03 413812814 114.33812 30.620802 114.33744 30.620265 5.9 46.2 46
2016-10-17 11:17:37 413812814 114.338857 30.621387 114.33812 30.620802 6.1 46.7 47
2016-10-17 11:18:07 413812814 114.33955 30.621952 114.338857 30.621387 5.9 46.0 46
2016-10-17 11:18:34 413812814 114.340252 30.62253 114.33955 30.621952 6.1 46.0 45
2016-10-17 11:19:03 413812814 114.340958 30.623103 114.340252 30.62253 5.9 47.6 47
2016-10-17 11:19:33 413812814 114.341683 30.623662 114.340958 30.623103 6.0 49.0 48
2016-10-17 11:19:59 413812814 114.342392 30.62418 114.341683 30.623662 6.0 51.2 51
2016-10-17 11:20:48 413812814 114.343155 30.624708 114.342392 30.62418 6.1 50.8 50
2016-10-17 11:21:14 413812814 114.343903 30.625225 114.343155 30.624708 5.8 49.0 52
2016-10-17 11:21:39 413812814 114.344705 30.625658 114.343903 30.625225 6.0 56.4 56
2016-10-17 11:22:04 413812814 114.345417 30.626357 114.344705 30.625658 5.7 47.8 46
2016-10-17 11:22:30 413812814 114.346128 30.626902 114.345417 30.626357 6.2 48.7 47
2016-10-17 11:22:58 413812814 114.34692 30.627485 114.346128 30.626902 6.2 47.5 46
2016-10-17 11:23:26 413812814 114.347647 30.628067 114.34692 30.627485 6.3 49.1 48
2016-10-17 11:24:42 413812814 114.349232 30.629182 114.347647 30.628067 6.3 50.6 51
2016-10-17 11:25:12 413812814 114.35004 30.62974 114.349232 30.629182 6.4 50.4 49
2016-10-17 11:25:39 413812814 114.350773 30.630292 114.35004 30.62974 6.4 49.3 49
2016-10-17 11:26:03 413812814 114.351553 30.630863 114.350773 30.630292 6.4 49.3 48
2016-10-17 11:26:35 413812814 114.352317 30.631458 114.351553 30.630863 6.4 47.8 48
2016-10-17 11:27:02 413812814 114.353137 30.632068 114.352317 30.631458 6.3 52.4 49
2016-10-17 11:27:29 413812814 114.353932 30.632665 114.353137 30.632068 6.5 49.2 49
2016-10-17 11:27:55 413812814 114.354677 30.63322 114.353932 30.632665 6.5 50.6 51
2016-10-17 11:29:12 413812814 114.35632 30.634278 114.354677 30.63322 6.5 51.3 51
2016-10-17 11:29:36 413812814 114.357162 30.634853 114.35632 30.634278 6.6 51.0 51
2016-10-17 11:30:34 413812814 114.358812 30.636025 114.357162 30.634853 6.6 51.6 51
2016-10-17 11:31:00 413812814 114.359657 30.636583 114.358812 30.636025 6.6 52.9 53
2016-10-17 11:32:12 413812814 114.361333 30.637665 114.359657 30.636583 6.6 54.0 54
2016-10-17 11:33:00 413812814 114.363018 30.63882 114.361333 30.637665 6.6 52.1 53
2016-10-17 11:33:31 413812814 114.363867 30.63935 114.363018 30.63882 6.6 54.2 54
2016-10-17 11:33:58 413812814 114.364765 30.639897 114.363867 30.63935 6.6 54.9 54
2016-10-17 11:34:43 413812814 114.365592 30.640385 114.364765 30.639897 6.6 55.0 55
2016-10-17 11:35:10 413812814 114.366473 30.640932 114.365592 30.640385 6.6 53.9 53
2016-10-17 11:35:39 413812814 114.36731 30.64146 114.366473 30.640932 6.6 53.4 53
2016-10-17 11:36:07 413812814 114.368205 30.642015 114.36731 30.64146 6.6 55.4 54
2016-10-17 11:36:30 413812814 114.369105 30.642578 114.368205 30.642015 6.6 53.9 53
2016-10-17 11:36:58 413812814 114.36995 30.6431 114.369105 30.642578 6.6 55.7 55
2016-10-17 11:37:45 413812814 114.370835 30.6436 114.36995 30.6431 6.6 56.9 57
2016-10-17 11:38:07 413812814 114.371735 30.6441 114.370835 30.6436 6.5 56.4 56
2016-10-17 11:38:32 413812814 114.372597 30.64463 114.371735 30.6441 6.5 54.7 54
2016-10-17 11:38:55 413812814 114.373392 30.645105 114.372597 30.64463 6.5 55.9 55
2016-10-17 11:39:36 413812814 114.374288 30.645627 114.373392 30.645105 6.4 57.0 57
2016-10-17 11:40:01 413812814 114.375167 30.646067 114.374288 30.645627 6.4 59.1 57
2016-10-17 11:40:26 413812814 114.376038 30.646542 114.375167 30.646067 6.4 57.6 56
2016-10-17 11:41:05 413812814 114.376922 30.647047 114.376038 30.646542 6.3 58.8 57
2016-10-17 11:41:33 413812814 114.37772 30.647488 114.376922 30.647047 6.3 56.4 56
2016-10-17 11:41:56 413812814 114.378625 30.647995 114.37772 30.647488 6.4 57.7 57
2016-10-17 11:42:38 413812814 114.379523 30.648463 114.378625 30.647995 6.3 61.5 61
2016-10-17 11:43:03 413812814 114.380412 30.648883 114.379523 30.648463 6.3 60.5 59
2016-10-17 11:43:28 413812814 114.381288 30.649317 114.380412 30.648883 6.3 60.3 60
2016-10-17 11:44:34 413812814 114.38305 30.650112 114.381288 30.649317 6.2 62.6 62
2016-10-17 11:44:57 413812814 114.383995 30.650503 114.38305 30.650112 6.2 64.6 65
2016-10-17 11:45:41 413812814 114.38488 30.650913 114.383995 30.650503 6.2 63.5 63
2016-10-17 11:46:09 413812814 114.385752 30.651302 114.38488 30.650913 6.3 63.2 62
2016-10-17 11:46:35 413812814 114.386687 30.651685 114.385752 30.651302 6.2 65.3 65
2016-10-17 11:46:57 413812814 114.387598 30.65207 114.386687 30.651685 6.3 64.1 64
2016-10-17 11:47:44 413812814 114.388522 30.652497 114.387598 30.65207 6.3 63.3 62
2016-10-17 11:48:07 413812814 114.3894 30.65283 114.388522 30.652497 6.3 65.6 65
2016-10-17 11:48:29 413812814 114.390287 30.653192 114.3894 30.65283 6.3 65.2 64
2016-10-17 11:49:21 413812814 114.391188 30.653583 114.390287 30.653192 6.3 63.8 64
2016-10-17 11:49:48 413812814 114.392135 30.653923 114.391188 30.653583 6.2 67.3 66
2016-10-17 11:50:11 413812814 114.393087 30.654247 114.392135 30.653923 6.3 67.5 68
2016-10-17 11:50:37 413812814 114.394007 30.654615 114.393087 30.654247 6.2 67.3 67
2016-10-17 11:51:06 413812814 114.394947 30.65494 114.394007 30.654615 6.2 67.6 65
2016-10-17 11:51:33 413812814 114.395678 30.655192 114.394947 30.65494 6.1 67.3 67
2016-10-17 11:52:59 413812814 114.398623 30.656227 114.395678 30.655192 6.0 70.8 70
2016-10-17 11:54:19 413812814 114.400435 30.656795 114.398623 30.656227 5.8 67.7 75
2016-10-17 11:54:51 413812814 114.401507 30.657117 114.400435 30.656795 6.0 63.3 63
2016-10-17 11:55:20 413812814 114.402267 30.657343 114.401507 30.657117 5.8 70.8 69
2016-10-17 11:55:42 413812814 114.403128 30.65761 114.402267 30.657343 5.8 69.1 68
2016-10-17 11:56:06 413812814 114.404002 30.657898 114.403128 30.65761 5.8 68.3 68
2016-10-17 11:56:37 413812814 114.404868 30.65818 114.404002 30.657898 5.7 71.2 71
2016-10-17 11:57:02 413812814 114.405728 30.658472 114.404868 30.65818 5.6 69.6 69
2016-10-17 11:57:27 413812814 114.406502 30.658722 114.405728 30.658472 5.6 71.8 73
2016-10-17 11:58:24 413812814 114.407448 30.659013 114.406502 30.658722 5.6 70.8 71
2016-10-17 11:58:52 413812814 114.408293 30.659287 114.407448 30.659013 5.5 70.1 70
2016-10-17 11:59:18 413812814 114.409093 30.659587 114.408293 30.659287 5.5 67.2 67
2016-10-17 11:59:45 413812814 114.409908 30.65985 114.409093 30.659587 5.5 68.6 68
2016-10-17 12:00:18 413812814 114.410737 30.660075 114.409908 30.65985 5.4 71.4 71
2016-10-17 12:01:15 413812814 114.412348 30.66059 114.410737 30.660075 5.3 67.8 67
2016-10-17 12:01:45 413812814 114.413162 30.660867 114.412348 30.66059 5.3 75.0 71
2016-10-17 12:02:45 413812814 114.414752 30.661382 114.413162 30.660867 5.2 71.7 71
2016-10-17 12:03:09 413812814 114.41556 30.661637 114.414752 30.661382 5.3 72.0 72
2016-10-17 12:03:35 413812814 114.416375 30.66186 114.41556 30.661637 5.2 72.2 73
2016-10-17 12:04:06 413812814 114.417165 30.662097 114.416375 30.66186 5.2 69.1 69
2016-10-17 12:04:34 413812814 114.417942 30.66235 114.417165 30.662097 5.2 70.5 69
2016-10-17 12:05:01 413812814 114.418742 30.662612 114.417942 30.66235 5.1 69.4 69
2016-10-17 12:05:57 413812814 114.419482 30.66283 114.418742 30.662612 5.1 73.6 73
2016-10-17 12:06:48 413812814 114.421047 30.663338 114.419482 30.66283 5.1 69.9 69
2016-10-17 12:07:16 413812814 114.421808 30.663623 114.421047 30.663338 5.1 67.4 66
2016-10-17 12:07:47 413812814 114.422558 30.663868 114.421808 30.663623 5.1 66.8 66
2016-10-17 12:08:17 413812814 114.423313 30.664148 114.422558 30.663868 5.1 67.2 66
2016-10-17 12:08:43 413812814 114.42402 30.664413 114.423313 30.664148 5.1 71.8 71
2016-10-17 12:09:06 413812814 114.424792 30.664672 114.42402 30.664413 5.1 64.7 65
2016-10-17 12:09:36 413812814 114.425567 30.664993 114.424792 30.664672 5.0 70.9 66
2016-10-17 12:10:02 413812814 114.426328 30.665222 114.425567 30.664993 5.0 66.5 66
2016-10-17 12:10:30 413812814 114.42702 30.665462 114.426328 30.665222 5.1 65.7 65
2016-10-17 12:11:26 413812814 114.427878 30.66576 114.42702 30.665462 5.1 68.5 70
2016-10-17 12:12:41 413812814 114.430182 30.666508 114.427878 30.66576 5.1 70.8 70
2016-10-17 12:13:13 413812814 114.430915 30.666772 114.430182 30.666508 5.1 66.8 68
2016-10-17 12:13:44 413812814 114.431683 30.667013 114.430915 30.666772 5.1 66.9 66
2016-10-17 12:14:13 413812814 114.432425 30.66729 114.431683 30.667013 5.1 68.2 67
2016-10-17 12:14:40 413812814 114.433153 30.667562 114.432425 30.66729 5.0 64.7 64
2016-10-17 12:15:11 413812814 114.433927 30.66785 114.433153 30.667562 5.1 67.4 67
2016-10-17 12:15:39 413812814 114.434698 30.668163 114.433927 30.66785 5.1 68.1 67
2016-10-17 12:16:04 413812814 114.43545 30.668422 114.434698 30.668163 5.1 65.9 66
2016-10-17 12:16:32 413812814 114.436162 30.668702 114.43545 30.668422 5.1 63.2 65
2016-10-17 12:17:05 413812814 114.436913 30.669017 114.436162 30.668702 5.1 68.9 68
2016-10-17 12:17:33 413812814 114.43767 30.669302 114.436913 30.669017 5.1 68.6 68
2016-10-17 12:17:59 413812814 114.438457 30.669563 114.43767 30.669302 5.1 67.1 66
2016-10-17 12:18:58 413812814 114.439195 30.66985 114.438457 30.669563 5.1 65.6 65
2016-10-17 12:19:30 413812814 114.440722 30.670432 114.439195 30.66985 5.1 67.8 67
2016-10-17 12:20:17 413812814 114.441448 30.670712 114.440722 30.670432 5.1 65.3 65
2016-10-17 12:20:52 413812814 114.442233 30.671045 114.441448 30.670712 5.1 64.6 65
2016-10-17 12:21:21 413812814 114.442965 30.67137 114.442233 30.671045 5.1 63.1 62
2016-10-17 12:21:46 413812814 114.443707 30.671723 114.442965 30.67137 5.2 67.9 66
2016-10-17 12:22:11 413812814 114.444442 30.672017 114.443707 30.671723 5.3 66.8 66
2016-10-17 12:22:39 413812814 114.445155 30.672263 114.444442 30.672017 5.4 69.9 69
2016-10-17 12:23:07 413812814 114.446055 30.672577 114.445155 30.672263 5.3 68.4 70
2016-10-17 12:23:33 413812814 114.446832 30.672833 114.446055 30.672577 5.2 70.5 70
2016-10-17 12:24:28 413812814 114.44766 30.67315 114.446832 30.672833 5.3 66.8 65
2016-10-17 12:25:18 413812814 114.449195 30.67377 114.44766 30.67315 5.2 64.2 64
2016-10-17 12:25:41 413812814 114.449927 30.674103 114.449195 30.67377 5.2 62.5 62
2016-10-17 12:26:10 413812814 114.450673 30.674443 114.449927 30.674103 5.2 61.5 62
2016-10-17 12:26:38 413812814 114.45138 30.674783 114.450673 30.674443 5.2 61.4 61
2016-10-17 12:27:05 413812814 114.452147 30.67514 114.45138 30.674783 5.1 64.7 64
2016-10-17 12:27:32 413812814 114.452892 30.675455 114.452147 30.67514 5.2 65.2 65
2016-10-17 12:28:03 413812814 114.453652 30.675742 114.452892 30.675455 5.1 66.3 66
2016-10-17 12:28:33 413812814 114.454427 30.676005 114.453652 30.675742 5.2 70.7 71
2016-10-17 12:29:56 413812814 114.455923 30.676605 114.454427 30.676005 5.1 65.7 67
2016-10-17 12:30:50 413812814 114.45743 30.677213 114.455923 30.676605 5.1 69.7 69
2016-10-17 12:31:14 413812814 114.458177 30.677477 114.45743 30.677213 5.0 70.9 68
2016-10-17 12:31:44 413812814 114.458923 30.677763 114.458177 30.677477 5.1 68.7 76
2016-10-17 12:32:13 413812814 114.459685 30.678078 114.458923 30.677763 5.0 66.3 66
2016-10-17 12:32:37 413812814 114.46043 30.678325 114.459685 30.678078 4.9 66.7 71
2016-10-17 12:33:00 413812814 114.461145 30.678562 114.46043 30.678325 5.0 66.6 66
2016-10-17 12:33:29 413812814 114.461957 30.678693 114.461145 30.678562 5.1 74.6 72
2016-10-17 12:35:37 413812814 114.46491 30.67994 114.461957 30.678693 5.0 66.7 65
2016-10-17 12:36:02 413812814 114.465658 30.680213 114.46491 30.67994 5.1 68.7 68
2016-10-17 12:36:29 413812814 114.466422 30.680483 114.465658 30.680213 5.0 71.2 71
2016-10-17 12:36:59 413812814 114.467192 30.680725 114.466422 30.680483 5.1 70.2 70
2016-10-17 12:38:45 413812814 114.469542 30.681527 114.467192 30.680725 4.9 68.6 68
2016-10-17 12:39:37 413812814 114.471062 30.682043 114.469542 30.681527 5.0 69.9 69
2016-10-17 12:40:28 413812814 114.471832 30.682295 114.471062 30.682043 5.0 71.3 71
2016-10-17 12:42:22 413812814 114.474948 30.683232 114.471832 30.682295 5.1 67.2 70
2016-10-17 12:42:52 413812814 114.475698 30.683497 114.474948 30.683232 4.9 68.6 67
2016-10-17 12:43:18 413812814 114.476445 30.683793 114.475698 30.683497 5.0 67.3 67
2016-10-17 12:43:43 413812814 114.47716 30.684062 114.476445 30.683793 5.1 68.3 68
2016-10-17 12:44:14 413812814 114.477898 30.68432 114.47716 30.684062 5.1 69.8 69
2016-10-17 12:44:40 413812814 114.478712 30.68458 114.477898 30.68432 5.2 69.6 69
2016-10-17 12:45:04 413812814 114.479498 30.684812 114.478712 30.68458 5.0 73.6 72
2016-10-17 12:46:01 413812814 114.481007 30.685392 114.479498 30.684812 5.0 65.2 65
2016-10-17 12:46:57 413812814 114.48179 30.685685 114.481007 30.685392 4.9 66.2 65
2016-10-17 12:47:25 413812814 114.482505 30.685973 114.48179 30.685685 5.1 62.5 62
2016-10-17 12:48:25 413812814 114.484013 30.686598 114.482505 30.685973 5.1 67.6 67
2016-10-17 12:48:51 413812814 114.484787 30.686873 114.484013 30.686598 5.2 68.3 68
2016-10-17 12:49:16 413812814 114.485577 30.687112 114.484787 30.686873 5.2 69.8 68
2016-10-17 12:49:49 413812814 114.486378 30.687363 114.485577 30.687112 5.2 70.5 70
2016-10-17 12:50:20 413812814 114.487187 30.687578 114.486378 30.687363 4.8 75.3 75
2016-10-17 12:50:47 413812814 114.487992 30.687783 114.487187 30.687578 5.3 72.2 72
2016-10-17 12:51:12 413812814 114.48881 30.688012 114.487992 30.687783 5.2 73.3 73
2016-10-17 12:51:42 413812814 114.489673 30.68827 114.48881 30.688012 5.4 71.1 70
2016-10-17 12:52:09 413812814 114.490423 30.68849 114.489673 30.68827 5.4 72.9 72
2016-10-17 12:53:55 413812814 114.492945 30.688853 114.490423 30.68849 4.9 85.9 87
2016-10-17 12:54:19 413812814 114.493773 30.688918 114.492945 30.688853 4.9 85.1 85
2016-10-17 12:55:11 413812814 114.495487 30.689035 114.493773 30.688918 5.5 83.4 83
2016-10-17 12:57:02 413812814 114.498873 30.689223 114.495487 30.689035 5.3 89.4 89
2016-10-17 12:57:32 413812814 114.499755 30.689233 114.498873 30.689223 5.4 86.7 86
2016-10-17 12:59:44 413812814 114.503242 30.689307 114.499755 30.689233 5.7 90.3 90
2016-10-17 13:00:10 413812814 114.504093 30.689287 114.503242 30.689307 5.2 96.1 96
2016-10-17 13:00:44 413812814 114.504978 30.68922 114.504093 30.689287 5.4 95.9 95
2016-10-17 13:01:12 413812814 114.505813 30.689125 114.504978 30.68922 5.4 97.0 96
2016-10-17 13:01:38 413812814 114.50669 30.689005 114.505813 30.689125 5.4 98.8 100
2016-10-17 13:02:02 413812814 114.507513 30.688855 114.50669 30.689005 5.4 102.9 102
2016-10-17 13:02:32 413812814 114.508372 30.688688 114.507513 30.688855 5.4 104.3 103
2016-10-17 13:03:20 413812814 114.509188 30.688507 114.508372 30.688688 5.4 105.4 105
2016-10-17 13:03:41 413812814 114.510068 30.688278 114.509188 30.688507 5.6 105.3 104
2016-10-17 13:04:10 413812814 114.510878 30.688048 114.510068 30.688278 5.4 108.1 109
2016-10-17 13:04:38 413812814 114.51175 30.687802 114.510878 30.688048 5.7 104.8 104
2016-10-17 13:05:03 413812814 114.51257 30.687585 114.51175 30.687802 5.3 108.9 108
2016-10-17 13:06:22 413812814 114.514245 30.687147 114.51257 30.687585 5.2 110.9 110
2016-10-17 13:08:12 413812814 114.51762 30.68608 114.514245 30.687147 5.8 107.1 107
2016-10-17 13:17:06 413812814 114.53204 30.67923 114.530008 30.6807 5.8 129.9 132
2016-10-17 13:18:25 413812814 114.533322 30.67814 114.53204 30.67923 5.7 135.8 135
2016-10-17 13:18:52 413812814 114.533995 30.677542 114.533322 30.67814 5.8 136.8 135
2016-10-17 13:19:40 413812814 114.53528 30.6764 114.533995 30.677542 5.9 133.0 133
2016-10-17 13:20:13 413812814 114.535963 30.675783 114.53528 30.6764 5.9 136.4 136
2016-10-17 13:21:31 413812814 114.537202 30.674525 114.535963 30.675783 5.9 137.7 137
2016-10-17 13:21:59 413812814 114.537878 30.673852 114.537202 30.674525 5.8 138.6 138
2016-10-17 13:22:27 413812814 114.538408 30.673278 114.537878 30.673852 5.9 142.7 144
2016-10-17 13:22:52 413812814 114.538948 30.672583 114.538408 30.673278 5.9 143.3 143
2016-10-17 13:26:29 413812814 114.542232 30.6675 114.538948 30.672583 6.0 160.3 160
2016-10-17 13:26:55 413812814 114.542615 30.666727 114.542232 30.6675 5.9 156.6 157
2016-10-17 13:27:28 413812814 114.54296 30.665982 114.542615 30.666727 6.0 160.6 161
2016-10-17 13:27:51 413812814 114.543267 30.66519 114.54296 30.665982 6.0 160.3 162
2016-10-17 13:28:36 413812814 114.543888 30.66359 114.543267 30.66519 5.9 159.5 159
2016-10-17 13:30:28 413812814 114.54482 30.661267 114.543888 30.66359 6.3 161.0 161
2016-10-17 13:30:59 413812814 114.545208 30.660377 114.54482 30.661267 6.2 156.0 158
2016-10-17 13:31:26 413812814 114.545598 30.659573 114.545208 30.660377 6.3 159.1 159
2016-10-17 13:31:54 413812814 114.546017 30.658802 114.545598 30.659573 6.5 159.2 155
2016-10-17 13:32:47 413812814 114.54687 30.657283 114.546017 30.658802 5.9 152.2 153
2016-10-17 13:34:04 413812814 114.547945 30.65572 114.54687 30.657283 6.2 151.2 151
2016-10-17 13:34:58 413812814 114.548762 30.65437 114.547945 30.65572 6.2 151.4 151
2016-10-17 13:36:21 413812814 114.550187 30.65212 114.548762 30.65437 6.1 148.1 148
2016-10-17 13:37:10 413812814 114.551163 30.650582 114.550187 30.65212 6.0 147.7 147
2016-10-17 13:41:49 413812814 114.555007 30.643673 114.551163 30.650582 6.1 158.6 156
2016-10-17 13:42:16 413812814 114.555373 30.642905 114.555007 30.643673 6.0 157.7 157
2016-10-17 13:42:41 413812814 114.55573 30.642127 114.555373 30.642905 6.0 158.7 156
2016-10-17 13:43:36 413812814 114.556105 30.641332 114.55573 30.642127 6.0 159.0 158
2016-10-17 13:44:31 413812814 114.55678 30.639763 114.556105 30.641332 6.3 160.1 158
2016-10-17 13:44:56 413812814 114.55711 30.639007 114.55678 30.639763 6.1 159.1 159
2016-10-17 13:46:11 413812814 114.558148 30.63661 114.55711 30.639007 5.8 158.5 158
2016-10-17 13:47:02 413812814 114.558473 30.635817 114.558148 30.63661 6.3 162.9 161
2016-10-17 13:48:28 413812814 114.559375 30.633473 114.558473 30.635817 6.1 158.5 158
2016-10-17 13:51:09 413812814 114.561258 30.628635 114.559375 30.633473 5.9 161.1 162
2016-10-17 13:52:37 413812814 114.562147 30.626325 114.561258 30.628635 5.8 162.4 160
2016-10-17 13:55:16 413812814 114.563407 30.622478 114.562147 30.626325 6.0 166.5 166
2016-10-17 13:58:07 413812814 114.564867 30.618587 114.563407 30.622478 6.0 167.8 167
2016-10-17 14:00:34 413812814 114.566042 30.615128 114.564867 30.618587 6.0 168.8 166
2016-10-17 14:02:18 413812814 114.56683 30.612335 114.566042 30.615128 4.9 163.2 163
2016-10-17 14:06:23 413812814 114.56847 30.606783 114.56683 30.612335 4.9 163.3 164
2016-10-17 14:08:01 413812814 114.569118 30.604852 114.56847 30.606783 4.7 169.0 166
