2016-10-21 13:36:38 413995358 114.507867 30.686967 114.510733 30.6865 3.6 276.2 
2016-10-21 13:40:33 413995358 114.503233 30.6872 114.507867 30.686967 3.6 270.0 
2016-10-21 13:41:04 413995358 114.502633 30.687217 114.503233 30.6872 3.6 271.1 
2016-10-21 13:42:02 413995358 114.501467 30.6872 114.502633 30.687217 3.7 272.2 
2016-10-21 14:34:28 413995358 114.448767 30.672083 114.450783 30.672617 3.2 269.0 
2016-10-21 14:36:34 413995358 114.446717 30.672417 114.448767 30.672083 3.2 282.3 
2016-10-21 14:37:03 413995358 114.445683 30.67255 114.446717 30.672417 3.2 278.5 
2016-10-21 14:37:57 413995358 114.444683 30.672783 114.445683 30.67255 3.2 291.0 
2016-10-21 14:38:36 413995358 114.444233 30.672983 114.444683 30.672783 3.1 300.2 
2016-10-21 14:39:06 413995358 114.4438 30.673167 114.444233 30.672983 2.9 298.1 
2016-10-21 14:39:59 413995358 114.44295 30.673533 114.4438 30.673167 2.9 293.8 
2016-10-21 14:40:43 413995358 114.442517 30.673667 114.44295 30.673533 2.8 287.3 
2016-10-21 14:41:45 413995358 114.4416 30.673867 114.442517 30.673667 3.0 282.1 
2016-10-21 14:43:26 413995358 114.440117 30.6739 114.4416 30.673867 3.1 261.8 
2016-10-21 14:43:56 413995358 114.4391 30.673733 114.440117 30.6739 3.2 260.2 
2016-10-21 14:44:26 413995358 114.438583 30.67365 114.4391 30.673733 3.3 255.4 
2016-10-21 14:45:17 413995358 114.438067 30.673533 114.438583 30.67365 3.3 253.8 
2016-10-21 14:47:29 413995358 114.436033 30.672717 114.438067 30.673533 3.4 240.2 
2016-10-21 14:48:25 413995358 114.434567 30.672017 114.436033 30.672717 3.4 242.1 
2016-10-21 14:51:02 413995358 114.432033 30.671 114.434567 30.672017 3.5 243.1 
2016-10-21 14:51:36 413995358 114.431533 30.670767 114.432033 30.671 3.5 241.4 
2016-10-21 14:52:05 413995358 114.431033 30.670533 114.431533 30.670767 3.5 240.6 
2016-10-21 14:52:58 413995358 114.43 30.670083 114.431033 30.670533 3.5 242.7 
2016-10-21 14:56:16 413995358 114.4269 30.668817 114.43 30.670083 3.5 247.0 
2016-10-21 14:57:05 413995358 114.4259 30.6684 114.4269 30.668817 3.4 242.0 
2016-10-21 15:03:43 413995358 114.419233 30.6656 114.420267 30.666 3.5 246.7 
2016-10-21 15:04:38 413995358 114.418167 30.665267 114.419233 30.6656 3.5 249.9 
2016-10-21 15:07:12 413995358 114.415583 30.66425 114.418167 30.665267 3.5 241.6 
2016-10-21 15:11:39 413995358 114.410217 30.662483 114.415583 30.66425 4.3 246.4 
2016-10-21 15:13:19 413995358 114.408317 30.66175 114.410217 30.662483 4.4 243.4 
2016-10-21 15:14:32 413995358 114.4064 30.660967 114.408317 30.66175 4.4 240.4 
2016-10-21 15:15:04 413995358 114.405767 30.660683 114.4064 30.660967 4.4 242.8 
2016-10-21 15:15:31 413995358 114.40515 30.660417 114.405767 30.660683 4.3 243.1 
2016-10-21 15:16:40 413995358 114.403617 30.659833 114.40515 30.660417 4.2 246.5 
2016-10-21 15:17:31 413995358 114.402667 30.659483 114.403617 30.659833 4.1 246.6 
2016-10-21 15:18:00 413995358 114.402067 30.659267 114.402667 30.659483 4.1 247.3 
2016-10-21 15:18:41 413995358 114.40145 30.659067 114.402067 30.659267 4.1 247.1 
2016-10-21 15:19:33 413995358 114.400217 30.65865 114.40145 30.659067 4.1 249.3 
2016-10-21 15:20:38 413995358 114.399017 30.6583 114.400217 30.65865 4.1 252.3 
2016-10-21 15:21:26 413995358 114.397717 30.657983 114.399017 30.6583 4.1 253.8 
2016-10-21 15:21:50 413995358 114.397083 30.657833 114.397717 30.657983 4.1 255.7 
2016-10-21 15:23:02 413995358 114.396067 30.657633 114.397083 30.657833 4.2 257.5 
2016-10-21 15:23:28 413995358 114.39515 30.6575 114.396067 30.657633 4.0 258.7 
2016-10-21 15:23:53 413995358 114.394517 30.657367 114.39515 30.6575 3.9 254.8 
2016-10-21 15:24:35 413995358 114.393917 30.657217 114.394517 30.657367 3.9 252.8 
2016-10-21 15:25:59 413995358 114.392067 30.6568 114.393917 30.657217 3.8 253.7 
2016-10-21 15:26:43 413995358 114.3915 30.656633 114.392067 30.6568 3.8 250.6 
2016-10-21 15:27:38 413995358 114.390317 30.656317 114.3915 30.656633 3.8 251.3 
2016-10-21 15:28:40 413995358 114.389133 30.655983 114.390317 30.656317 3.8 252.2 
2016-10-21 15:29:34 413995358 114.387967 30.655667 114.389133 30.655983 3.8 251.7 
2016-10-21 15:30:47 413995358 114.38675 30.655283 114.387967 30.655667 4.0 249.8 
2016-10-21 15:31:41 413995358 114.38555 30.654917 114.38675 30.655283 4.0 248.2 
2016-10-21 15:33:45 413995358 114.383183 30.65395 114.38555 30.654917 4.1 239.9 
2016-10-21 15:34:49 413995358 114.381633 30.653283 114.383183 30.65395 4.3 246.6 
2016-10-21 15:35:53 413995358 114.380033 30.652767 114.381633 30.653283 4.4 249.6 
2016-10-21 15:37:04 413995358 114.378683 30.652317 114.380033 30.652767 4.5 244.7 
2016-10-21 15:37:34 413995358 114.378033 30.652033 114.378683 30.652317 4.5 240.0 
2016-10-21 15:38:02 413995358 114.3774 30.6517 114.378033 30.652033 4.6 237.1 
2016-10-21 15:38:29 413995358 114.3768 30.651367 114.3774 30.6517 4.6 235.4 
2016-10-21 15:39:39 413995358 114.375567 30.650633 114.3768 30.651367 4.7 235.7 
2016-10-21 15:40:39 413995358 114.3743 30.6499 114.375567 30.650633 4.7 235.0 
2016-10-21 15:42:01 413995358 114.372467 30.648783 114.3743 30.6499 4.8 232.7 
2016-10-21 15:42:50 413995358 114.371233 30.647983 114.372467 30.648783 4.8 232.6 
2016-10-21 15:43:32 413995358 114.370633 30.6476 114.371233 30.647983 4.7 232.9 
2016-10-21 15:44:03 413995358 114.37 30.6472 114.370633 30.6476 4.7 233.3 
2016-10-21 15:44:55 413995358 114.368767 30.646433 114.37 30.6472 4.6 234.3 
2016-10-21 15:45:38 413995358 114.368167 30.646083 114.368767 30.646433 4.6 237.2 
2016-10-21 15:46:31 413995358 114.366933 30.645433 114.368167 30.646083 4.4 239.7 
2016-10-21 15:47:42 413995358 114.3657 30.644833 114.366933 30.645433 4.4 239.2 
2016-10-21 15:48:39 413995358 114.364467 30.644183 114.3657 30.644833 4.3 238.5 
2016-10-21 15:49:47 413995358 114.363367 30.643517 114.364467 30.644183 4.1 231.5 
2016-10-21 15:51:51 413995358 114.361683 30.641983 114.363367 30.643517 3.7 222.1 
2016-10-21 15:52:21 413995358 114.360867 30.641267 114.361683 30.641983 3.6 224.0 
2016-10-21 15:53:13 413995358 114.36045 30.640933 114.360867 30.641267 3.6 226.0 
2016-10-21 15:54:26 413995358 114.35925 30.639917 114.36045 30.640933 3.4 225.0 
2016-10-21 15:54:53 413995358 114.35885 30.639583 114.35925 30.639917 3.4 224.9 
2016-10-21 15:56:01 413995358 114.358467 30.63925 114.35885 30.639583 3.4 223.9 
2016-10-21 15:57:57 413995358 114.35655 30.637617 114.358467 30.63925 3.3 224.1 
2016-10-21 15:58:24 413995358 114.356183 30.637317 114.35655 30.637617 3.3 223.5 
2016-10-21 15:58:52 413995358 114.355933 30.637067 114.356183 30.637317 3.2 221.3 
2016-10-21 16:00:04 413995358 114.3551 30.636333 114.355933 30.637067 3.2 226.4 
2016-10-21 16:00:34 413995358 114.354717 30.636033 114.3551 30.636333 3.1 225.9 
2016-10-21 16:01:21 413995358 114.354 30.635433 114.354717 30.636033 3.1 224.1 
2016-10-21 16:01:58 413995358 114.35365 30.635133 114.354 30.635433 3.1 225.9 
2016-10-21 16:02:29 413995358 114.353317 30.634867 114.35365 30.635133 3.0 227.7 
2016-10-21 16:02:53 413995358 114.352933 30.6346 114.353317 30.634867 3.0 231.2 
2016-10-21 16:03:18 413995358 114.35255 30.634333 114.352933 30.6346 2.9 232.7 
2016-10-21 16:04:00 413995358 114.352167 30.634083 114.35255 30.634333 2.9 230.5 
2016-10-21 16:04:29 413995358 114.3518 30.633833 114.352167 30.634083 2.9 228.1 
2016-10-21 16:04:59 413995358 114.351433 30.633567 114.3518 30.633833 2.9 228.6 
2016-10-21 16:05:26 413995358 114.35105 30.633317 114.351433 30.633567 2.9 234.8 
2016-10-21 16:06:10 413995358 114.350683 30.633083 114.35105 30.633317 2.9 234.8 
2016-10-21 16:06:55 413995358 114.3499 30.6326 114.350683 30.633083 2.9 231.3 
2016-10-21 16:07:17 413995358 114.349533 30.632333 114.3499 30.6326 3.0 231.6 
2016-10-21 16:07:54 413995358 114.349183 30.632083 114.349533 30.632333 2.9 231.5 
2016-10-21 16:08:37 413995358 114.3488 30.631833 114.349183 30.632083 2.9 229.5 
2016-10-21 16:09:38 413995358 114.348117 30.6313 114.3488 30.631833 2.9 224.5 
2016-10-21 16:10:32 413995358 114.347367 30.6307 114.348117 30.6313 3.3 227.7 
2016-10-21 16:10:55 413995358 114.346983 30.630383 114.347367 30.6307 3.4 225.4 
2016-10-21 16:11:36 413995358 114.34655 30.630083 114.346983 30.630383 3.4 228.9 
2016-10-21 16:12:26 413995358 114.3457 30.62945 114.34655 30.630083 3.5 228.6 
2016-10-21 16:12:51 413995358 114.3453 30.629117 114.3457 30.62945 3.4 226.4 
2016-10-21 16:13:28 413995358 114.344883 30.628817 114.3453 30.629117 3.4 228.5 
2016-10-21 16:13:56 413995358 114.344467 30.628517 114.344883 30.628817 3.4 229.6 
2016-10-21 16:14:22 413995358 114.344067 30.6282 114.344467 30.628517 3.4 227.6 
2016-10-21 16:15:21 413995358 114.343283 30.627517 114.344067 30.6282 3.5 221.1 
2016-10-21 16:16:08 413995358 114.342967 30.627233 114.343283 30.627517 3.5 222.0 
2016-10-21 16:17:09 413995358 114.342017 30.626517 114.342967 30.627233 3.6 226.7 
2016-10-21 16:17:57 413995358 114.341217 30.625817 114.342017 30.626517 3.6 223.6 
2016-10-21 16:18:19 413995358 114.340817 30.625467 114.341217 30.625817 3.6 226.0 
2016-10-21 16:18:57 413995358 114.340383 30.625133 114.340817 30.625467 3.6 229.2 
2016-10-21 16:19:20 413995358 114.33995 30.6248 114.340383 30.625133 3.6 228.1 
2016-10-21 16:20:06 413995358 114.339533 30.624467 114.33995 30.6248 3.6 221.9 
2016-10-21 16:21:04 413995358 114.338717 30.623783 114.339533 30.624467 3.6 229.4 
2016-10-21 16:21:46 413995358 114.337817 30.62315 114.338717 30.623783 3.6 232.4 
2016-10-21 16:22:58 413995358 114.33685 30.622567 114.337817 30.62315 3.6 234.8 
2016-10-21 16:23:23 413995358 114.3364 30.622283 114.33685 30.622567 3.6 233.8 
2016-10-21 16:23:44 413995358 114.335917 30.621967 114.3364 30.622283 3.6 233.1 
2016-10-21 16:24:21 413995358 114.33545 30.621667 114.335917 30.621967 3.6 232.3 
2016-10-21 16:25:09 413995358 114.334967 30.621367 114.33545 30.621667 3.6 233.5 
2016-10-21 16:26:03 413995358 114.334017 30.62075 114.334967 30.621367 3.7 232.7 
2016-10-21 16:27:43 413995358 114.332617 30.619767 114.334017 30.62075 3.7 229.8 
2016-10-21 16:28:47 413995358 114.331267 30.6187 114.332617 30.619767 3.8 225.8 
2016-10-21 16:29:22 413995358 114.3308 30.618333 114.331267 30.6187 3.9 225.3 
2016-10-21 16:30:06 413995358 114.33035 30.61795 114.3308 30.618333 3.9 223.7 
2016-10-21 16:31:04 413995358 114.329467 30.617167 114.33035 30.61795 3.9 222.9 
2016-10-21 16:31:46 413995358 114.328633 30.61635 114.329467 30.617167 3.9 219.7 
2016-10-21 16:32:40 413995358 114.328217 30.615917 114.328633 30.61635 3.9 218.6 
2016-10-21 16:33:28 413995358 114.327433 30.615083 114.328217 30.615917 4.0 217.5 
2016-10-21 16:33:51 413995358 114.327033 30.614633 114.327433 30.615083 4.0 217.6 
2016-10-21 16:34:27 413995358 114.326617 30.6142 114.327033 30.614633 4.0 220.6 
2016-10-21 16:34:49 413995358 114.326167 30.613783 114.326617 30.6142 4.1 221.6 
2016-10-21 16:35:35 413995358 114.325733 30.61335 114.326167 30.613783 4.1 219.9 
2016-10-21 16:36:27 413995358 114.3249 30.612467 114.325733 30.61335 4.1 217.1 
2016-10-21 16:36:51 413995358 114.3245 30.612 114.3249 30.612467 4.1 215.4 
2016-10-21 16:37:52 413995358 114.32375 30.61105 114.3245 30.612 4.2 212.3 
2016-10-21 16:38:15 413995358 114.323383 30.610583 114.32375 30.61105 4.2 212.9 
2016-10-21 16:38:55 413995358 114.323 30.6101 114.323383 30.610583 4.2 215.0 
2016-10-21 16:39:31 413995358 114.322617 30.609633 114.323 30.6101 4.1 216.7 
2016-10-21 16:39:56 413995358 114.3222 30.609183 114.322617 30.609633 4.2 218.1 
2016-10-21 16:40:19 413995358 114.321783 30.608717 114.3222 30.609183 4.2 217.4 
2016-10-21 16:41:17 413995358 114.321383 30.608267 114.321783 30.608717 4.2 216.8 
2016-10-21 16:42:03 413995358 114.320583 30.607333 114.321383 30.608267 4.1 217.2 
2016-10-21 16:42:46 413995358 114.319717 30.60645 114.320583 30.607333 4.2 219.9 
2016-10-21 16:43:33 413995358 114.3193 30.606 114.319717 30.60645 4.1 218.4 
2016-10-21 16:44:25 413995358 114.31845 30.605083 114.3193 30.606 4.2 217.2 
2016-10-21 16:44:46 413995358 114.31805 30.604617 114.31845 30.605083 4.2 217.0 
2016-10-21 16:45:24 413995358 114.317633 30.60415 114.31805 30.604617 4.2 216.6 
2016-10-21 16:45:57 413995358 114.317233 30.603683 114.317633 30.60415 4.2 216.4 
2016-10-21 16:46:18 413995358 114.316833 30.603217 114.317233 30.603683 4.2 215.6 
2016-10-21 16:46:59 413995358 114.31645 30.602733 114.316833 30.603217 4.2 214.8 
2016-10-21 16:47:55 413995358 114.3156 30.6018 114.31645 30.602733 4.1 217.2 
2016-10-21 16:49:29 413995358 114.314383 30.600433 114.3156 30.6018 4.1 217.2 
2016-10-21 16:49:51 413995358 114.313983 30.599967 114.314383 30.600433 4.1 217.1 
2016-10-21 16:50:43 413995358 114.313567 30.599517 114.313983 30.599967 4.1 216.3 
2016-10-21 16:51:19 413995358 114.3128 30.598583 114.313567 30.599517 4.1 215.2 
2016-10-21 16:52:01 413995358 114.312433 30.598117 114.3128 30.598583 4.1 213.0 
2016-10-21 16:52:22 413995358 114.312067 30.597633 114.312433 30.598117 4.1 213.0 
2016-10-21 16:52:45 413995358 114.31175 30.597267 114.312067 30.597633 4.1 217.3 
2016-10-21 16:53:41 413995358 114.311317 30.596817 114.31175 30.597267 4.1 219.1 
2016-10-21 16:55:13 413995358 114.31 30.59545 114.311317 30.596817 4.1 219.7 
2016-10-21 16:55:50 413995358 114.309117 30.594567 114.31 30.59545 4.2 218.7 
2016-10-21 16:56:43 413995358 114.308683 30.5941 114.309117 30.594567 4.2 217.4 
2016-10-21 16:57:23 413995358 114.307917 30.59315 114.308683 30.5941 4.2 213.8 
2016-10-21 16:58:05 413995358 114.30755 30.592683 114.307917 30.59315 4.2 213.2 
2016-10-21 16:58:42 413995358 114.306817 30.5917 114.30755 30.592683 4.2 208.3 
2016-10-21 16:59:33 413995358 114.306533 30.591183 114.306817 30.5917 4.2 206.9 
2016-10-21 17:01:08 413995358 114.305467 30.589683 114.306533 30.591183 4.2 210.1 
2016-10-21 17:01:52 413995358 114.304767 30.588667 114.305467 30.589683 4.3 211.3 
2016-10-21 17:02:47 413995358 114.304083 30.587667 114.304767 30.588667 4.1 211.8 
2016-10-21 17:03:23 413995358 114.303717 30.587183 114.304083 30.587667 4.2 213.5 
2016-10-21 17:03:39 413995358 114.303317 30.586667 114.303717 30.587183 4.2 211.2 
2016-10-21 17:04:31 413995358 114.302983 30.586167 114.303317 30.586667 4.3 209.7 
2016-10-21 17:05:57 413995358 114.30185 30.5846 114.302983 30.586167 4.5 212.6 
2016-10-21 17:06:11 413995358 114.301417 30.584083 114.30185 30.5846 4.5 214.3 
2016-10-21 17:07:28 413995358 114.3006 30.583033 114.301417 30.584083 4.5 212.1 
2016-10-21 17:08:33 413995358 114.299783 30.582033 114.3006 30.583033 4.4 218.1 
2016-10-21 17:10:11 413995358 114.297867 30.580267 114.299783 30.582033 4.3 219.9 
2016-10-21 17:11:34 413995358 114.29705 30.579317 114.297867 30.580267 4.3 214.3 
2016-10-21 17:12:14 413995358 114.296167 30.5784 114.29705 30.579317 4.3 219.1 
2016-10-21 17:12:45 413995358 114.295717 30.57795 114.296167 30.5784 4.3 220.5 
2016-10-21 17:14:03 413995358 114.294817 30.57705 114.295717 30.57795 4.3 219.8 
2016-10-21 17:14:58 413995358 114.294 30.576067 114.294817 30.57705 4.4 214.0 
2016-10-21 17:17:58 413995358 114.291867 30.572733 114.294 30.576067 4.7 207.9 
2016-10-21 17:18:17 413995358 114.291483 30.572183 114.291867 30.572733 4.6 208.9 
2016-10-21 17:19:42 413995358 114.290433 30.570433 114.291483 30.572183 4.7 205.2 
2016-10-21 17:20:47 413995358 114.289817 30.569267 114.290433 30.570433 4.6 202.6 
2016-10-21 17:23:50 413995358 114.287967 30.565667 114.289817 30.569267 4.8 201.7 
2016-10-21 17:26:49 413995358 114.286183 30.562067 114.287967 30.565667 4.7 203.2 
