2016-10-21 0:00:27 413784194 114.509108 30.686875 114.509785 30.686665 5.0 289.0 
2016-10-21 0:01:07 413784194 114.508242 30.687068 114.509108 30.686875 4.9 283.3 
2016-10-21 0:02:26 413784194 114.505925 30.687518 114.508242 30.687068 5.0 282.7 
2016-10-21 0:03:15 413784194 114.50433 30.687738 114.505925 30.687518 4.9 276.8 
2016-10-21 0:04:00 413784194 114.503528 30.687818 114.50433 30.687738 4.9 276.2 
2016-10-21 0:04:17 413784194 114.502767 30.687897 114.503528 30.687818 4.9 276.6 
2016-10-21 0:04:58 413784194 114.50197 30.687978 114.502767 30.687897 4.8 275.0 
2016-10-21 0:05:15 413784194 114.501247 30.688005 114.50197 30.687978 4.6 267.6 
2016-10-21 0:05:47 413784194 114.500542 30.687925 114.501247 30.688005 4.6 264.7 
2016-10-21 0:06:32 413784194 114.499822 30.68786 114.500542 30.687925 4.5 263.2 
2016-10-21 0:07:27 413784194 114.498445 30.68772 114.499822 30.68786 4.5 264.2 
2016-10-21 0:07:47 413784194 114.497692 30.687658 114.498445 30.68772 4.5 263.7 
2016-10-21 0:08:21 413784194 114.49699 30.687585 114.497692 30.687658 4.5 263.7 
2016-10-21 0:08:43 413784194 114.496238 30.687527 114.49699 30.687585 4.5 264.1 
2016-10-21 0:09:14 413784194 114.495537 30.687473 114.496238 30.687527 4.5 264.4 
2016-10-21 0:09:52 413784194 114.494822 30.68742 114.495537 30.687473 4.5 264.4 
2016-10-21 0:10:28 413784194 114.494127 30.687338 114.494822 30.68742 4.4 259.6 
2016-10-21 0:10:48 413784194 114.493452 30.687183 114.494127 30.687338 4.3 253.0 
2016-10-21 0:11:34 413784194 114.492698 30.686965 114.493452 30.687183 4.3 250.2 
2016-10-21 0:11:51 413784194 114.492068 30.686777 114.492698 30.686965 4.3 249.4 
2016-10-21 0:12:34 413784194 114.491415 30.686557 114.492068 30.686777 4.3 250.2 
2016-10-21 0:12:53 413784194 114.490852 30.6864 114.491415 30.686557 4.3 252.3 
2016-10-21 0:13:30 413784194 114.490125 30.686203 114.490852 30.6864 4.2 253.9 
2016-10-21 0:13:54 413784194 114.489532 30.686062 114.490125 30.686203 4.2 256.6 
2016-10-21 0:14:47 413784194 114.488275 30.685735 114.489532 30.686062 4.1 249.1 
2016-10-21 0:15:32 413784194 114.487572 30.685478 114.488275 30.685735 4.3 245.6 
2016-10-21 0:15:50 413784194 114.487027 30.685262 114.487572 30.685478 4.3 244.6 
2016-10-21 0:16:28 413784194 114.486315 30.684988 114.487027 30.685262 4.3 247.7 
2016-10-21 0:17:49 413784194 114.4844 30.684352 114.486315 30.684988 4.3 250.3 
2016-10-21 0:18:25 413784194 114.483742 30.684155 114.4844 30.684352 4.3 250.8 
2016-10-21 0:18:46 413784194 114.483157 30.683983 114.483742 30.684155 4.3 250.7 
2016-10-21 0:19:26 413784194 114.482468 30.683785 114.483157 30.683983 4.4 250.4 
2016-10-21 0:19:44 413784194 114.481805 30.683593 114.482468 30.683785 4.3 251.4 
2016-10-21 0:20:27 413784194 114.48113 30.6834 114.481805 30.683593 4.3 251.7 
2016-10-21 0:20:43 413784194 114.480487 30.683215 114.48113 30.6834 4.3 251.4 
2016-10-21 0:21:15 413784194 114.479797 30.682998 114.480487 30.683215 4.5 251.3 
2016-10-21 0:22:01 413784194 114.479152 30.682813 114.479797 30.682998 4.4 252.4 
2016-10-21 0:22:17 413784194 114.478452 30.68263 114.479152 30.682813 4.4 251.6 
2016-10-21 0:22:59 413784194 114.47781 30.682435 114.478452 30.68263 4.4 251.0 
2016-10-21 0:23:20 413784194 114.477115 30.682235 114.47781 30.682435 4.4 251.3 
2016-10-21 0:23:54 413784194 114.476428 30.682038 114.477115 30.682235 4.4 251.2 
2016-10-21 0:24:17 413784194 114.4758 30.68183 114.476428 30.682038 4.4 250.6 
2016-10-21 0:24:52 413784194 114.475153 30.681628 114.4758 30.68183 4.5 249.7 
2016-10-21 0:25:53 413784194 114.473802 30.68122 114.475153 30.681628 4.4 251.6 
2016-10-21 0:26:26 413784194 114.473075 30.681025 114.473802 30.68122 4.3 251.6 
2016-10-21 0:26:51 413784194 114.472482 30.680848 114.473075 30.681025 4.4 251.8 
2016-10-21 0:27:58 413784194 114.471123 30.680458 114.472482 30.680848 4.4 251.8 
2016-10-21 0:28:29 413784194 114.470375 30.680247 114.471123 30.680458 4.4 252.6 
2016-10-21 0:28:46 413784194 114.469727 30.680065 114.470375 30.680247 4.4 252.5 
2016-10-21 0:29:23 413784194 114.469025 30.679868 114.469727 30.680065 4.4 253.4 
2016-10-21 0:29:58 413784194 114.468367 30.67969 114.469025 30.679868 4.4 253.0 
2016-10-21 0:30:23 413784194 114.467668 30.679503 114.468367 30.67969 4.4 252.7 
2016-10-21 0:31:18 413784194 114.466315 30.679143 114.467668 30.679503 4.4 252.9 
2016-10-21 0:32:01 413784194 114.465667 30.678965 114.466315 30.679143 4.4 252.4 
2016-10-21 0:33:21 413784194 114.463635 30.6783 114.465667 30.678965 4.4 247.9 
2016-10-21 0:33:59 413784194 114.463052 30.678108 114.463635 30.6783 4.4 248.7 
2016-10-21 0:34:17 413784194 114.462265 30.677828 114.463052 30.678108 4.5 249.0 
2016-10-21 0:34:54 413784194 114.46169 30.677628 114.462265 30.677828 4.5 249.5 
2016-10-21 0:35:58 413784194 114.460292 30.677172 114.46169 30.677628 4.5 249.5 
2016-10-21 0:36:36 413784194 114.45958 30.67693 114.460292 30.677172 4.5 249.1 
2016-10-21 0:38:25 413784194 114.456952 30.676042 114.45958 30.67693 4.6 248.5 
2016-10-21 0:39:03 413784194 114.45629 30.67578 114.456952 30.676042 4.6 243.7 
2016-10-21 0:39:59 413784194 114.455022 30.67513 114.45629 30.67578 4.7 237.6 
2016-10-21 0:42:00 413784194 114.452093 30.673503 114.455022 30.67513 5.7 238.4 
2016-10-21 0:42:16 413784194 114.451378 30.673088 114.452093 30.673503 5.8 238.6 
2016-10-21 0:42:54 413784194 114.450543 30.672665 114.451378 30.673088 5.8 239.6 
2016-10-21 0:43:12 413784194 114.449757 30.672315 114.450543 30.672665 5.8 243.5 
2016-10-21 0:43:45 413784194 114.448845 30.671948 114.449757 30.672315 5.9 243.6 
2016-10-21 0:44:22 413784194 114.448068 30.67161 114.448845 30.671948 5.9 246.7 
2016-10-21 0:44:55 413784194 114.447122 30.671315 114.448068 30.67161 5.8 257.8 
2016-10-21 0:45:19 413784194 114.446262 30.671282 114.447122 30.671315 5.6 273.5 
2016-10-21 0:45:57 413784194 114.445355 30.6715 114.446262 30.671282 5.5 295.3 
2016-10-21 0:46:59 413784194 114.443837 30.672237 114.445355 30.6715 5.3 301.4 
2016-10-21 0:47:17 413784194 114.44315 30.672602 114.443837 30.672237 5.5 300.4 
2016-10-21 0:47:55 413784194 114.442263 30.673028 114.44315 30.672602 5.6 297.9 
2016-10-21 0:48:13 413784194 114.441512 30.673363 114.442263 30.673028 5.7 294.4 
2016-10-21 0:48:46 413784194 114.440612 30.673622 114.441512 30.673363 5.4 282.3 
2016-10-21 0:49:29 413784194 114.439835 30.673688 114.440612 30.673622 5.1 270.2 
2016-10-21 0:49:45 413784194 114.43895 30.673653 114.439835 30.673688 5.2 264.6 
2016-10-21 0:50:21 413784194 114.438173 30.673555 114.43895 30.673653 5.3 260.8 
2016-10-21 0:51:22 413784194 114.436513 30.67318 114.438173 30.673555 5.4 250.0 
2016-10-21 0:51:51 413784194 114.435622 30.672902 114.436513 30.67318 5.6 249.3 
2016-10-21 0:52:29 413784194 114.434833 30.672637 114.435622 30.672902 5.7 248.7 
2016-10-21 0:52:50 413784194 114.433942 30.672313 114.434833 30.672637 5.7 245.9 
2016-10-21 0:53:20 413784194 114.433157 30.671948 114.433942 30.672313 5.5 238.6 
2016-10-21 0:53:59 413784194 114.432402 30.67155 114.433157 30.671948 5.3 236.8 
2016-10-21 0:54:16 413784194 114.431717 30.671148 114.432402 30.67155 5.3 235.7 
2016-10-21 0:54:57 413784194 114.430993 30.670717 114.431717 30.671148 5.2 235.6 
2016-10-21 0:55:14 413784194 114.430325 30.670325 114.430993 30.670717 5.1 235.6 
2016-10-21 0:55:49 413784194 114.429623 30.669912 114.430325 30.670325 5.1 235.7 
2016-10-21 0:56:28 413784194 114.428948 30.669525 114.429623 30.669912 5.0 236.0 
2016-10-21 0:56:44 413784194 114.428305 30.669153 114.428948 30.669525 5.0 235.1 
2016-10-21 0:57:48 413784194 114.426988 30.668385 114.428305 30.669153 4.9 238.0 
2016-10-21 0:58:22 413784194 114.426315 30.668042 114.426988 30.668385 4.8 240.6 
2016-10-21 0:58:49 413784194 114.425677 30.667737 114.426315 30.668042 4.7 241.0 
2016-10-21 0:59:26 413784194 114.425002 30.667412 114.425677 30.667737 4.7 241.2 
2016-10-21 0:59:44 413784194 114.424355 30.667098 114.425002 30.667412 4.7 240.2 
2016-10-21 1:00:29 413784194 114.423672 30.666768 114.424355 30.667098 4.7 242.3 
2016-10-21 1:00:46 413784194 114.423007 30.666477 114.423672 30.666768 4.7 242.8 
2016-10-21 1:01:28 413784194 114.422312 30.666185 114.423007 30.666477 4.6 244.4 
2016-10-21 1:01:50 413784194 114.42166 30.665915 114.422312 30.666185 4.6 244.3 
2016-10-21 1:02:22 413784194 114.42097 30.665632 114.42166 30.665915 4.6 244.4 
2016-10-21 1:03:02 413784194 114.420262 30.665337 114.42097 30.665632 4.6 244.5 
2016-10-21 1:03:19 413784194 114.419638 30.665097 114.420262 30.665337 4.6 245.2 
2016-10-21 1:03:56 413784194 114.418917 30.664815 114.419638 30.665097 4.6 245.9 
2016-10-21 1:04:14 413784194 114.41828 30.664578 114.418917 30.664815 4.6 245.4 
2016-10-21 1:04:50 413784194 114.41756 30.664292 114.41828 30.664578 4.6 246.7 
2016-10-21 1:05:30 413784194 114.416928 30.664028 114.41756 30.664292 4.6 246.3 
2016-10-21 1:05:48 413784194 114.416203 30.663758 114.416928 30.664028 4.6 246.7 
2016-10-21 1:07:00 413784194 114.414853 30.663265 114.416203 30.663758 4.6 247.0 
2016-10-21 1:07:17 413784194 114.414263 30.66305 114.414853 30.663265 4.6 247.3 
2016-10-21 1:07:55 413784194 114.413483 30.662782 114.414263 30.66305 4.5 246.6 
2016-10-21 1:08:14 413784194 114.412893 30.662565 114.413483 30.662782 4.6 246.0 
2016-10-21 1:08:55 413784194 114.412153 30.662267 114.412893 30.662565 4.5 246.4 
2016-10-21 1:09:26 413784194 114.411573 30.662058 114.412153 30.662267 4.5 245.8 
2016-10-21 1:10:06 413784194 114.410825 30.661767 114.411573 30.662058 4.5 246.3 
2016-10-21 1:10:53 413784194 114.40961 30.661295 114.410825 30.661767 4.5 247.1 
2016-10-21 1:11:15 413784194 114.408967 30.661045 114.40961 30.661295 4.4 246.3 
2016-10-21 1:11:49 413784194 114.408255 30.660805 114.408967 30.661045 4.4 246.9 
2016-10-21 1:12:27 413784194 114.407632 30.660585 114.408255 30.660805 4.4 247.4 
2016-10-21 1:14:00 413784194 114.405588 30.660067 114.407632 30.660585 4.4 253.8 
2016-10-21 1:14:16 413784194 114.404928 30.659887 114.405588 30.660067 4.3 252.0 
2016-10-21 1:14:54 413784194 114.40428 30.659693 114.404928 30.659887 4.4 252.9 
2016-10-21 1:15:13 413784194 114.403613 30.659535 114.40428 30.659693 4.3 253.3 
2016-10-21 1:15:44 413784194 114.402933 30.659345 114.403613 30.659535 4.2 250.3 
2016-10-21 1:16:21 413784194 114.402342 30.659132 114.402933 30.659345 4.2 248.3 
2016-10-21 1:16:56 413784194 114.401705 30.658895 114.402342 30.659132 4.2 247.4 
2016-10-21 1:17:19 413784194 114.401102 30.658678 114.401705 30.658895 4.2 245.8 
2016-10-21 1:17:54 413784194 114.400418 30.658407 114.401102 30.658678 4.2 243.5 
2016-10-21 1:18:11 413784194 114.399852 30.658188 114.400418 30.658407 4.2 244.4 
2016-10-21 1:18:54 413784194 114.399228 30.65797 114.399852 30.658188 4.1 250.5 
2016-10-21 1:19:11 413784194 114.398625 30.657808 114.399228 30.65797 4.1 250.5 
2016-10-21 1:19:54 413784194 114.397967 30.657617 114.398625 30.657808 4.1 253.0 
2016-10-21 1:20:32 413784194 114.39731 30.657447 114.397967 30.657617 4.1 252.0 
2016-10-21 1:20:50 413784194 114.396698 30.657282 114.39731 30.657447 4.2 253.8 
2016-10-21 1:21:18 413784194 114.396022 30.657118 114.396698 30.657282 4.3 254.5 
2016-10-21 1:21:57 413784194 114.39537 30.656965 114.396022 30.657118 4.4 254.8 
2016-10-21 1:22:12 413784194 114.394655 30.65681 114.39537 30.656965 4.5 255.3 
2016-10-21 1:22:54 413784194 114.39398 30.656652 114.394655 30.65681 4.5 255.3 
2016-10-21 1:23:29 413784194 114.393235 30.656495 114.39398 30.656652 4.6 256.1 
2016-10-21 1:23:53 413784194 114.392493 30.656328 114.393235 30.656495 4.7 256.0 
2016-10-21 1:24:26 413784194 114.391788 30.656167 114.392493 30.656328 4.7 256.4 
2016-10-21 1:25:30 413784194 114.390365 30.65579 114.391788 30.656167 4.7 251.3 
2016-10-21 1:25:48 413784194 114.389597 30.655563 114.390365 30.65579 4.7 249.9 
2016-10-21 1:26:33 413784194 114.38893 30.655362 114.389597 30.655563 4.7 249.3 
2016-10-21 1:26:52 413784194 114.388167 30.655117 114.38893 30.655362 4.8 249.3 
2016-10-21 1:27:30 413784194 114.387493 30.654903 114.388167 30.655117 4.8 249.5 
2016-10-21 1:27:52 413784194 114.386728 30.654637 114.387493 30.654903 4.8 248.5 
2016-10-21 1:28:26 413784194 114.386067 30.654392 114.386728 30.654637 4.8 248.2 
2016-10-21 1:29:05 413784194 114.385303 30.65415 114.386067 30.654392 4.7 248.4 
2016-10-21 1:29:24 413784194 114.384642 30.653905 114.385303 30.65415 4.7 247.1 
2016-10-21 1:30:01 413784194 114.383933 30.653598 114.384642 30.653905 4.7 242.1 
2016-10-21 1:30:27 413784194 114.38331 30.653308 114.383933 30.653598 4.7 240.8 
2016-10-21 1:30:45 413784194 114.382652 30.652993 114.38331 30.653308 4.8 240.8 
2016-10-21 1:31:19 413784194 114.381998 30.652648 114.382652 30.652993 4.8 239.9 
2016-10-21 1:32:03 413784194 114.381325 30.652308 114.381998 30.652648 4.8 239.5 
2016-10-21 1:32:19 413784194 114.38064 30.651952 114.381325 30.652308 4.8 240.1 
2016-10-21 1:32:59 413784194 114.379998 30.651622 114.38064 30.651952 4.9 239.4 
2016-10-21 1:33:15 413784194 114.3793 30.651255 114.379998 30.651622 4.9 238.5 
2016-10-21 1:33:48 413784194 114.378642 30.650918 114.3793 30.651255 4.9 239.7 
2016-10-21 1:34:29 413784194 114.377945 30.650563 114.378642 30.650918 4.9 238.2 
2016-10-21 1:34:44 413784194 114.377287 30.650228 114.377945 30.650563 4.9 239.9 
2016-10-21 1:35:20 413784194 114.376558 30.64988 114.377287 30.650228 4.9 242.0 
2016-10-21 1:35:54 413784194 114.37583 30.649567 114.376558 30.64988 4.9 242.2 
2016-10-21 1:36:37 413784194 114.375152 30.649262 114.37583 30.649567 4.9 242.0 
2016-10-21 1:37:26 413784194 114.3738 30.648625 114.375152 30.649262 4.9 239.7 
2016-10-21 1:37:48 413784194 114.373148 30.648298 114.3738 30.648625 4.9 240.3 
2016-10-21 1:38:27 413784194 114.372433 30.647935 114.373148 30.648298 4.9 240.6 
2016-10-21 1:38:43 413784194 114.371777 30.64762 114.372433 30.647935 4.9 239.7 
2016-10-21 1:39:25 413784194 114.371118 30.64729 114.371777 30.64762 4.9 239.6 
2016-10-21 1:39:42 413784194 114.370418 30.646932 114.371118 30.64729 4.9 239.8 
2016-10-21 1:40:29 413784194 114.369758 30.646603 114.370418 30.646932 4.9 240.4 
2016-10-21 1:40:49 413784194 114.369052 30.64625 114.369758 30.646603 4.8 240.3 
2016-10-21 1:41:21 413784194 114.368378 30.645932 114.369052 30.64625 4.8 241.3 
2016-10-21 1:42:04 413784194 114.367643 30.645598 114.368378 30.645932 4.8 241.1 
2016-10-21 1:43:03 413784194 114.366377 30.644942 114.367643 30.645598 4.8 233.9 
2016-10-21 1:43:51 413784194 114.365092 30.644068 114.366377 30.644942 4.8 229.8 
2016-10-21 1:44:15 413784194 114.364588 30.643702 114.365092 30.644068 4.8 229.1 
2016-10-21 1:44:49 413784194 114.363922 30.643193 114.364588 30.643702 4.8 228.5 
2016-10-21 1:45:50 413784194 114.362723 30.642355 114.363922 30.643193 4.7 232.5 
2016-10-21 1:46:18 413784194 114.36219 30.642015 114.362723 30.642355 4.7 233.3 
2016-10-21 1:47:05 413784194 114.361497 30.641578 114.36219 30.642015 4.8 233.8 
2016-10-21 1:48:03 413784194 114.360305 30.640813 114.361497 30.641578 4.8 233.5 
2016-10-21 1:48:21 413784194 114.359747 30.640475 114.360305 30.640813 4.8 235.3 
2016-10-21 1:48:54 413784194 114.359052 30.64005 114.359747 30.640475 4.9 235.1 
2016-10-21 1:49:18 413784194 114.358462 30.639682 114.359052 30.64005 4.9 234.1 
2016-10-21 1:49:54 413784194 114.357795 30.63925 114.358462 30.639682 4.9 232.8 
2016-10-21 1:50:33 413784194 114.357193 30.638867 114.357795 30.63925 4.9 233.2 
2016-10-21 1:51:21 413784194 114.356065 30.637895 114.357193 30.638867 4.9 221.5 
2016-10-21 1:52:21 413784194 114.355017 30.63687 114.356065 30.637895 5.0 222.2 
2016-10-21 1:52:56 413784194 114.354448 30.63629 114.355017 30.63687 5.0 219.7 
2016-10-21 1:53:16 413784194 114.353972 30.635805 114.354448 30.63629 5.0 220.2 
2016-10-21 1:53:49 413784194 114.35339 30.635238 114.353972 30.635805 4.9 220.6 
2016-10-21 1:54:29 413784194 114.352932 30.634763 114.35339 30.635238 4.9 220.9 
2016-10-21 1:55:25 413784194 114.351908 30.633702 114.352932 30.634763 4.8 220.7 
2016-10-21 1:55:59 413784194 114.351375 30.633185 114.351908 30.633702 4.7 220.8 
2016-10-21 1:56:17 413784194 114.350885 30.632708 114.351375 30.633185 4.6 221.4 
2016-10-21 1:56:55 413784194 114.35038 30.632215 114.350885 30.632708 4.6 222.6 
2016-10-21 1:57:27 413784194 114.34989 30.631742 114.35038 30.632215 4.6 222.6 
2016-10-21 1:57:44 413784194 114.349362 30.631265 114.34989 30.631742 4.6 222.9 
2016-10-21 1:58:18 413784194 114.348875 30.630817 114.349362 30.631265 4.6 224.4 
2016-10-21 1:59:02 413784194 114.348373 30.630355 114.348875 30.630817 4.5 224.1 
2016-10-21 1:59:23 413784194 114.3479 30.629943 114.348373 30.630355 4.4 225.6 
2016-10-21 2:00:00 413784194 114.347352 30.629487 114.3479 30.629943 4.4 225.7 
2016-10-21 2:00:26 413784194 114.346888 30.629095 114.347352 30.629487 4.4 226.8 
2016-10-21 2:01:17 413784194 114.34584 30.628285 114.346888 30.629095 4.3 229.3 
2016-10-21 2:02:04 413784194 114.345288 30.62786 114.34584 30.628285 4.3 229.1 
2016-10-21 2:02:24 413784194 114.344803 30.627495 114.345288 30.62786 4.3 229.3 
2016-10-21 2:03:03 413784194 114.344245 30.627077 114.344803 30.627495 4.3 229.1 
2016-10-21 2:03:21 413784194 114.343755 30.626712 114.344245 30.627077 4.3 229.3 
2016-10-21 2:03:54 413784194 114.343202 30.6263 114.343755 30.626712 4.3 229.2 
2016-10-21 2:04:16 413784194 114.342677 30.625913 114.343202 30.6263 4.3 230.2 
2016-10-21 2:04:55 413784194 114.342147 30.62554 114.342677 30.625913 4.3 230.6 
2016-10-21 2:05:15 413784194 114.34162 30.62516 114.342147 30.62554 4.3 230.6 
2016-10-21 2:06:01 413784194 114.341082 30.624777 114.34162 30.62516 4.3 231.5 
2016-10-21 2:06:21 413784194 114.340538 30.624387 114.341082 30.624777 4.3 229.5 
2016-10-21 2:07:06 413784194 114.340017 30.623983 114.340538 30.624387 4.3 227.2 
2016-10-21 2:07:53 413784194 114.339022 30.623132 114.340017 30.623983 4.4 225.3 
2016-10-21 2:08:39 413784194 114.338497 30.622707 114.339022 30.623132 4.4 227.3 
2016-10-21 2:09:16 413784194 114.337388 30.621892 114.338497 30.622707 4.4 231.9 
2016-10-21 2:10:05 413784194 114.336815 30.621505 114.337388 30.621892 4.4 232.7 
2016-10-21 2:10:22 413784194 114.336267 30.621148 114.336815 30.621505 4.4 232.5 
2016-10-21 2:11:02 413784194 114.335685 30.620753 114.336267 30.621148 4.4 232.9 
2016-10-21 2:11:28 413784194 114.335147 30.620385 114.335685 30.620753 4.4 231.1 
2016-10-21 2:11:48 413784194 114.334597 30.619982 114.335147 30.620385 4.4 227.9 
2016-10-21 2:12:24 413784194 114.334077 30.61959 114.334597 30.619982 4.4 228.2 
2016-10-21 2:12:55 413784194 114.333558 30.619167 114.334077 30.61959 4.4 226.5 
2016-10-21 2:13:17 413784194 114.333032 30.618747 114.333558 30.619167 4.4 227.7 
2016-10-21 2:14:00 413784194 114.33257 30.618382 114.333032 30.618747 4.5 227.9 
2016-10-21 2:14:33 413784194 114.331968 30.617913 114.33257 30.618382 4.5 227.7 
2016-10-21 2:14:54 413784194 114.331517 30.617555 114.331968 30.617913 4.5 228.8 
2016-10-21 2:15:26 413784194 114.33089 30.617087 114.331517 30.617555 4.5 228.7 
2016-10-21 2:15:49 413784194 114.330415 30.616723 114.33089 30.617087 4.5 228.6 
2016-10-21 2:16:27 413784194 114.329802 30.616238 114.330415 30.616723 4.6 228.5 
2016-10-21 2:16:45 413784194 114.329317 30.615865 114.329802 30.616238 4.6 228.7 
2016-10-21 2:17:34 413784194 114.328713 30.615405 114.329317 30.615865 4.7 229.1 
2016-10-21 2:17:55 413784194 114.32814 30.614975 114.328713 30.615405 4.7 225.9 
2016-10-21 2:18:41 413784194 114.327618 30.61454 114.32814 30.614975 4.7 224.5 
2016-10-21 2:19:24 413784194 114.32657 30.613572 114.327618 30.61454 4.8 223.2 
2016-10-21 2:19:44 413784194 114.326077 30.61313 114.32657 30.613572 4.8 223.6 
2016-10-21 2:20:38 413784194 114.325518 30.612587 114.326077 30.61313 4.8 218.9 
2016-10-21 2:21:39 413784194 114.324582 30.611508 114.325518 30.612587 4.8 216.3 
2016-10-21 2:22:21 413784194 114.323662 30.61041 114.324582 30.611508 4.9 215.5 
2016-10-21 2:23:06 413784194 114.323217 30.609877 114.323662 30.61041 4.9 216.5 
2016-10-21 2:23:24 413784194 114.322748 30.609303 114.323217 30.609877 4.9 217.1 
2016-10-21 2:24:06 413784194 114.322253 30.608748 114.322748 30.609303 4.9 217.5 
2016-10-21 2:24:34 413784194 114.321792 30.608215 114.322253 30.608748 4.9 216.6 
2016-10-21 2:24:57 413784194 114.321328 30.607683 114.321792 30.608215 5.0 214.5 
2016-10-21 2:25:18 413784194 114.320877 30.607095 114.321328 30.607683 5.0 215.0 
2016-10-21 2:26:04 413784194 114.320388 30.606517 114.320877 30.607095 4.9 215.3 
2016-10-21 2:26:28 413784194 114.319932 30.605978 114.320388 30.606517 5.0 217.1 
2016-10-21 2:26:51 413784194 114.319442 30.605405 114.319932 30.605978 5.0 217.7 
2016-10-21 2:27:42 413784194 114.318942 30.60489 114.319442 30.605405 5.0 219.6 
2016-10-21 2:28:23 413784194 114.317938 30.603843 114.318942 30.60489 5.0 219.6 
2016-10-21 2:29:33 413784194 114.316913 30.602795 114.317938 30.603843 5.0 220.6 
2016-10-21 2:29:53 413784194 114.316365 30.602243 114.316913 30.602795 4.9 220.5 
2016-10-21 2:30:40 413784194 114.315893 30.601758 114.316365 30.602243 4.9 219.9 
2016-10-21 2:31:19 413784194 114.314893 30.600683 114.315893 30.601758 4.9 219.1 
2016-10-21 2:32:11 413784194 114.31435 30.600105 114.314893 30.600683 5.0 219.2 
2016-10-21 2:32:52 413784194 114.313388 30.599083 114.31435 30.600105 4.9 219.3 
2016-10-21 2:33:38 413784194 114.312888 30.598532 114.313388 30.599083 4.8 215.7 
2016-10-21 2:34:25 413784194 114.312067 30.597417 114.312888 30.598532 4.8 211.5 
2016-10-21 2:34:48 413784194 114.311675 30.596862 114.312067 30.597417 4.8 211.3 
2016-10-21 2:35:25 413784194 114.311248 30.596248 114.311675 30.596862 4.8 211.0 
2016-10-21 2:35:49 413784194 114.310875 30.59571 114.311248 30.596248 4.8 211.5 
2016-10-21 2:36:32 413784194 114.310447 30.595098 114.310875 30.59571 4.8 210.5 
2016-10-21 2:37:19 413784194 114.309633 30.593933 114.310447 30.595098 4.9 211.7 
2016-10-21 2:38:00 413784194 114.309255 30.593387 114.309633 30.593933 4.9 212.2 
2016-10-21 2:38:27 413784194 114.308808 30.59278 114.309255 30.593387 4.9 211.9 
2016-10-21 2:38:50 413784194 114.308408 30.592242 114.308808 30.59278 4.9 211.2 
2016-10-21 2:39:33 413784194 114.307975 30.591627 114.308408 30.592242 4.9 212.8 
2016-10-21 2:40:02 413784194 114.307557 30.591093 114.307975 30.591627 4.9 214.0 
2016-10-21 2:40:23 413784194 114.307077 30.590497 114.307557 30.591093 4.9 214.5 
2016-10-21 2:41:00 413784194 114.306588 30.589888 114.307077 30.590497 4.9 215.7 
2016-10-21 2:41:35 413784194 114.306153 30.58936 114.306588 30.589888 5.0 215.4 
2016-10-21 2:41:58 413784194 114.305667 30.588765 114.306153 30.58936 5.2 215.1 
2016-10-21 2:42:17 413784194 114.305192 30.588187 114.305667 30.588765 5.5 215.9 
2016-10-21 2:43:05 413784194 114.30464 30.58751 114.305192 30.588187 5.8 214.5 
2016-10-21 2:43:30 413784194 114.304133 30.586882 114.30464 30.58751 6.0 214.3 
2016-10-21 2:43:54 413784194 114.30352 30.586118 114.304133 30.586882 6.4 215.0 
2016-10-21 2:44:45 413784194 114.302952 30.585418 114.30352 30.586118 6.8 215.3 
2016-10-21 2:45:25 413784194 114.301673 30.583825 114.302952 30.585418 7.2 214.4 
2016-10-21 2:46:11 413784194 114.300993 30.582962 114.301673 30.583825 7.3 213.8 
2016-10-21 2:46:52 413784194 114.299798 30.581217 114.300993 30.582962 7.4 208.5 
2016-10-21 2:47:42 413784194 114.299283 30.580332 114.299798 30.581217 7.4 206.5 
2016-10-21 2:48:28 413784194 114.298155 30.578518 114.299283 30.580332 7.5 211.8 
2016-10-21 2:49:51 413784194 114.296187 30.575838 114.298155 30.578518 7.4 209.3 
2016-10-21 2:50:33 413784194 114.295598 30.57499 114.296187 30.575838 7.3 210.9 
2016-10-21 2:50:52 413784194 114.294975 30.57407 114.295598 30.57499 7.4 210.0 
2016-10-21 2:51:29 413784194 114.294385 30.573202 114.294975 30.57407 7.5 210.7 
2016-10-21 2:51:59 413784194 114.293737 30.572235 114.294385 30.573202 7.6 210.3 
2016-10-21 2:52:23 413784194 114.293167 30.571372 114.293737 30.572235 7.6 210.4 
2016-10-21 2:53:30 413784194 114.291905 30.569568 114.293167 30.571372 7.6 213.0 
2016-10-21 2:53:53 413784194 114.291217 30.568622 114.291905 30.569568 7.3 212.8 
2016-10-21 2:54:30 413784194 114.290638 30.567855 114.291217 30.568622 6.9 213.1 
2016-10-21 2:55:02 413784194 114.29 30.567038 114.290638 30.567855 6.6 213.9 
2016-10-21 2:55:25 413784194 114.289493 30.566403 114.29 30.567038 6.4 214.0 
2016-10-21 2:56:08 413784194 114.288828 30.565583 114.289493 30.566403 6.1 215.0 
2016-10-21 2:56:55 413784194 114.287745 30.564202 114.288828 30.565583 5.9 214.2 
2016-10-21 2:57:11 413784194 114.287302 30.563597 114.287745 30.564202 5.8 210.2 
2016-10-21 2:58:04 413784194 114.286778 30.562805 114.287302 30.563597 5.7 209.1 
2016-10-21 2:58:26 413784194 114.286395 30.562203 114.286778 30.562805 5.7 208.4 
2016-10-21 2:58:48 413784194 114.285937 30.561458 114.286395 30.562203 5.7 208.1 
2016-10-21 2:59:45 413784194 114.285525 30.56079 114.285937 30.561458 5.7 208.0 
2016-10-21 3:00:29 413784194 114.284672 30.559385 114.285525 30.56079 5.7 205.8 
2016-10-21 3:02:03 413784194 114.283763 30.557125 114.284672 30.559385 5.6 197.1 
2016-10-21 3:02:53 413784194 114.283118 30.555677 114.283763 30.557125 5.6 205.5 
2016-10-21 3:03:17 413784194 114.28267 30.55495 114.283118 30.555677 5.6 209.6 
2016-10-21 3:03:59 413784194 114.282232 30.554275 114.28267 30.55495 5.6 210.5 
2016-10-21 3:04:31 413784194 114.281765 30.553602 114.282232 30.554275 5.6 210.1 
2016-10-21 3:04:50 413784194 114.281323 30.552938 114.281765 30.553602 5.6 210.7 
2016-10-21 3:05:36 413784194 114.28086 30.552258 114.281323 30.552938 5.6 209.6 
2016-10-21 3:06:03 413784194 114.280448 30.551585 114.28086 30.552258 5.6 207.9 
2016-10-21 3:06:25 413784194 114.280037 30.55087 114.280448 30.551585 5.5 202.8 
2016-10-21 3:07:03 413784194 114.279748 30.55016 114.280037 30.55087 5.4 199.4 
2016-10-21 3:07:58 413784194 114.27923 30.548735 114.279748 30.55016 5.4 196.6 
2016-10-21 3:08:18 413784194 114.279015 30.54811 114.27923 30.548735 5.4 196.6 
2016-10-21 3:09:06 413784194 114.278732 30.547297 114.279015 30.54811 5.3 200.2 
2016-10-21 3:10:38 413784194 114.277668 30.545448 114.278732 30.547297 5.1 208.4 
2016-10-21 3:11:01 413784194 114.27723 30.54474 114.277668 30.545448 5.1 208.9 
2016-10-21 3:11:23 413784194 114.276892 30.544198 114.27723 30.54474 5.0 208.7 
2016-10-21 3:12:13 413784194 114.276465 30.543515 114.276892 30.544198 5.0 208.5 
2016-10-21 3:12:55 413784194 114.2758 30.542293 114.276465 30.543515 5.0 204.0 
2016-10-21 3:13:14 413784194 114.275488 30.541707 114.2758 30.542293 5.0 204.7 
2016-10-21 3:14:02 413784194 114.275148 30.541022 114.275488 30.541707 5.0 204.2 
2016-10-21 3:14:24 413784194 114.274845 30.54042 114.275148 30.541022 5.0 204.2 
2016-10-21 3:15:35 413784194 114.274193 30.539148 114.274845 30.54042 4.9 205.4 
2016-10-21 3:15:54 413784194 114.273828 30.53851 114.274193 30.539148 4.8 206.1 
2016-10-21 3:16:46 413784194 114.273438 30.53787 114.273828 30.53851 4.7 211.2 
2016-10-21 3:17:47 413784194 114.27227 30.53631 114.273438 30.53787 4.5 215.7 
2016-10-21 3:19:20 413784194 114.270992 30.534783 114.27227 30.53631 4.4 217.4 
2016-10-21 3:19:54 413784194 114.270627 30.53435 114.270992 30.534783 4.3 216.1 
2016-10-21 3:20:35 413784194 114.270212 30.533817 114.270627 30.53435 4.2 213.1 
2016-10-21 3:20:52 413784194 114.269882 30.533373 114.270212 30.533817 4.2 211.3 
2016-10-21 3:22:01 413784194 114.269177 30.532417 114.269882 30.533373 4.0 213.8 
2016-10-21 3:23:21 413784194 114.268102 30.530973 114.269177 30.532417 4.0 214.6 
2016-10-21 3:25:36 413784194 114.266683 30.529125 114.268102 30.530973 3.9 214.1 
2016-10-21 3:26:02 413784194 114.266363 30.52871 114.266683 30.529125 4.0 216.6 
2016-10-21 3:26:25 413784194 114.265917 30.528233 114.266363 30.52871 4.0 218.8 
2016-10-21 3:26:46 413784194 114.265553 30.527838 114.265917 30.528233 4.0 218.7 
2016-10-21 3:27:57 413784194 114.264785 30.526967 114.265553 30.527838 4.0 216.5 
2016-10-21 3:28:18 413784194 114.264363 30.526483 114.264785 30.526967 3.9 218.8 
2016-10-21 3:29:07 413784194 114.264 30.526095 114.264363 30.526483 4.0 220.6 
2016-10-21 3:29:31 413784194 114.263583 30.525658 114.264 30.526095 4.0 219.6 
2016-10-21 3:30:38 413784194 114.262752 30.524793 114.263583 30.525658 4.1 221.1 
2016-10-21 3:31:22 413784194 114.261878 30.523962 114.262752 30.524793 4.1 221.7 
2016-10-21 3:32:07 413784194 114.261452 30.523545 114.261878 30.523962 4.1 221.4 
2016-10-21 3:33:27 413784194 114.26012 30.52221 114.261452 30.523545 4.2 221.3 
2016-10-21 3:33:47 413784194 114.259707 30.52182 114.26012 30.52221 4.2 221.9 
2016-10-21 3:34:48 413784194 114.258828 30.520957 114.259707 30.52182 4.2 221.5 
2016-10-21 3:35:27 413784194 114.258328 30.520472 114.258828 30.520957 4.2 220.3 
2016-10-21 3:36:32 413784194 114.257478 30.51959 114.258328 30.520472 4.3 220.3 
2016-10-21 3:36:51 413784194 114.25705 30.519165 114.257478 30.51959 4.3 220.1 
2016-10-21 3:37:44 413784194 114.256563 30.518667 114.25705 30.519165 4.3 221.7 
2016-10-21 3:38:27 413784194 114.255653 30.51779 114.256563 30.518667 4.3 222.2 
2016-10-21 3:38:46 413784194 114.255207 30.517375 114.255653 30.51779 4.3 221.3 
2016-10-21 3:39:37 413784194 114.254722 30.516877 114.255207 30.517375 4.3 220.0 
2016-10-21 3:40:18 413784194 114.253888 30.515953 114.254722 30.516877 4.4 216.4 
2016-10-21 3:41:11 413784194 114.253478 30.515413 114.253888 30.515953 4.4 210.2 
2016-10-21 3:41:48 413784194 114.252832 30.514337 114.253478 30.515413 4.4 205.9 
2016-10-21 3:42:51 413784194 114.252193 30.513205 114.252832 30.514337 4.5 205.8 
2016-10-21 3:43:33 413784194 114.251903 30.512677 114.252193 30.513205 4.4 205.4 
2016-10-21 3:43:52 413784194 114.251575 30.512097 114.251903 30.512677 4.4 206.1 
2016-10-21 3:44:54 413784194 114.250885 30.51102 114.251575 30.512097 4.4 214.3 
2016-10-21 3:45:32 413784194 114.250467 30.510555 114.250885 30.51102 4.4 217.5 
2016-10-21 3:45:51 413784194 114.24999 30.510043 114.250467 30.510555 4.5 219.5 
2016-10-21 3:46:20 413784194 114.24956 30.50959 114.24999 30.510043 4.5 219.1 
2016-10-21 3:47:19 413784194 114.248647 30.5086 114.24956 30.50959 4.6 219.7 
2016-10-21 3:48:26 413784194 114.247678 30.507592 114.248647 30.5086 4.6 219.1 
2016-10-21 3:48:46 413784194 114.247222 30.50713 114.247678 30.507592 4.7 221.2 
2016-10-21 3:49:31 413784194 114.24671 30.506607 114.247222 30.50713 4.7 221.3 
2016-10-21 3:49:48 413784194 114.24623 30.506153 114.24671 30.506607 4.7 219.7 
2016-10-21 3:50:35 413784194 114.245763 30.505628 114.24623 30.506153 4.7 217.1 
2016-10-21 3:51:15 413784194 114.244855 30.50456 114.245763 30.505628 4.8 216.8 
2016-10-21 3:51:56 413784194 114.244382 30.504048 114.244855 30.50456 4.9 217.5 
2016-10-21 3:52:12 413784194 114.243888 30.503532 114.244382 30.504048 4.9 218.8 
2016-10-21 3:52:51 413784194 114.243392 30.502937 114.243888 30.503532 4.8 213.1 
2016-10-21 3:53:21 413784194 114.242995 30.50244 114.243392 30.502937 4.8 213.4 
2016-10-21 3:54:05 413784194 114.242537 30.501823 114.242995 30.50244 4.9 211.8 
2016-10-21 3:54:25 413784194 114.242167 30.50131 114.242537 30.501823 4.9 212.1 
2016-10-21 3:54:56 413784194 114.241695 30.500673 114.242167 30.50131 4.9 212.0 
2016-10-21 3:55:14 413784194 114.24133 30.500147 114.241695 30.500673 4.9 211.0 
2016-10-21 3:55:58 413784194 114.2409 30.499503 114.24133 30.500147 4.9 210.1 
2016-10-21 3:56:49 413784194 114.240147 30.498367 114.2409 30.499503 4.9 209.2 
2016-10-21 3:57:26 413784194 114.23977 30.497798 114.240147 30.498367 4.9 207.7 
2016-10-21 3:57:58 413784194 114.239405 30.497183 114.23977 30.497798 4.8 206.4 
2016-10-21 3:59:26 413784194 114.238495 30.495413 114.239405 30.497183 4.6 201.3 
2016-10-21 3:59:46 413784194 114.238223 30.494775 114.238495 30.495413 4.5 200.1 
2016-10-21 4:00:28 413784194 114.237965 30.494242 114.238223 30.494775 4.4 204.8 
2016-10-21 4:00:59 413784194 114.237662 30.493683 114.237965 30.494242 4.3 204.5 
2016-10-21 4:02:39 413784194 114.236757 30.49212 114.237662 30.493683 4.2 206.8 
2016-10-21 4:04:05 413784194 114.235947 30.490515 114.236757 30.49212 4.1 201.4 
2016-10-21 4:04:48 413784194 114.235285 30.489515 114.235947 30.490515 4.0 215.1 
2016-10-21 4:05:37 413784194 114.234917 30.489077 114.235285 30.489515 4.0 217.5 
2016-10-21 4:06:04 413784194 114.234503 30.488617 114.234917 30.489077 4.1 218.0 
2016-10-21 4:06:24 413784194 114.234115 30.48818 114.234503 30.488617 4.1 220.2 
2016-10-21 4:07:15 413784194 114.233273 30.487313 114.234115 30.48818 4.1 220.8 
2016-10-21 4:07:59 413784194 114.232848 30.486903 114.233273 30.487313 4.1 222.7 
2016-10-21 4:08:19 413784194 114.232407 30.486465 114.232848 30.486903 4.1 219.8 
2016-10-21 4:09:19 413784194 114.231542 30.485618 114.232407 30.486465 4.0 219.6 
2016-10-21 4:10:10 413784194 114.23114 30.485207 114.231542 30.485618 4.0 219.9 
2016-10-21 4:10:56 413784194 114.230365 30.484348 114.23114 30.485207 3.9 218.6 
2016-10-21 4:12:07 413784194 114.229505 30.483443 114.230365 30.484348 4.0 220.9 
2016-10-21 4:14:01 413784194 114.228055 30.481742 114.229505 30.483443 3.9 214.6 
2016-10-21 4:14:21 413784194 114.2277 30.481277 114.228055 30.481742 3.8 213.2 
2016-10-21 4:14:47 413784194 114.227343 30.48086 114.2277 30.481277 3.9 216.1 
2016-10-21 4:18:47 413784194 114.224302 30.477445 114.227343 30.48086 3.7 218.0 
2016-10-21 4:19:19 413784194 114.223967 30.47707 114.224302 30.477445 3.7 218.7 
2016-10-21 4:20:03 413784194 114.223567 30.476643 114.223967 30.47707 3.7 218.5 
2016-10-21 4:20:49 413784194 114.222832 30.475828 114.223567 30.476643 3.7 215.7 
2016-10-21 4:22:10 413784194 114.222092 30.475013 114.222832 30.475828 3.7 219.1 
2016-10-21 4:26:06 413784194 114.218907 30.472023 114.222092 30.475013 3.7 221.9 
2016-10-21 4:29:54 413784194 114.215618 30.469053 114.218907 30.472023 3.6 224.0 
2016-10-21 4:30:33 413784194 114.215223 30.468682 114.215618 30.469053 3.7 222.6 
2016-10-21 4:32:33 413784194 114.213613 30.467173 114.215223 30.468682 3.6 229.9 
2016-10-21 4:33:34 413784194 114.212717 30.466575 114.213613 30.467173 3.6 232.1 
2016-10-21 4:34:18 413784194 114.211798 30.466012 114.212717 30.466575 3.5 234.3 
2016-10-21 4:35:01 413784194 114.211397 30.465745 114.211798 30.466012 3.6 233.8 
2016-10-21 4:36:02 413784194 114.210503 30.465127 114.211397 30.465745 3.3 222.0 
2016-10-21 4:37:00 413784194 114.20993 30.464365 114.210503 30.465127 3.4 208.5 
2016-10-21 4:37:59 413784194 114.209453 30.463518 114.20993 30.464365 3.5 206.2 
2016-10-21 4:38:26 413784194 114.20918 30.463042 114.209453 30.463518 3.4 210.0 
2016-10-21 4:38:46 413784194 114.208935 30.46269 114.20918 30.463042 3.4 211.9 
2016-10-21 4:39:28 413784194 114.20861 30.462298 114.208935 30.46269 3.4 216.7 
2016-10-21 4:40:21 413784194 114.20791 30.461623 114.20861 30.462298 3.3 222.6 
2016-10-21 4:43:46 413784194 114.2055 30.45918 114.20791 30.461623 3.3 203.1 
2016-10-21 4:44:31 413784194 114.205293 30.458738 114.2055 30.45918 3.4 204.5 
2016-10-21 4:47:49 413784194 114.201738 30.455483 114.205293 30.458738 6.0 228.5 
2016-10-21 4:49:55 413784194 114.198948 30.452958 114.201738 30.455483 6.2 213.9 
2016-10-21 4:51:06 413784194 114.198005 30.451462 114.198948 30.452958 6.1 207.8 
2016-10-21 4:54:05 413784194 114.194605 30.447358 114.198005 30.451462 6.0 219.2 
2016-10-21 4:55:17 413784194 114.19281 30.445565 114.194605 30.447358 5.4 221.5 
2016-10-21 4:56:27 413784194 114.191667 30.444445 114.19281 30.445565 5.3 221.0 
2016-10-21 4:57:53 413784194 114.190048 30.442825 114.191667 30.444445 5.1 222.1 
2016-10-21 4:58:31 413784194 114.189515 30.442302 114.190048 30.442825 5.0 221.2 
2016-10-21 5:00:39 413784194 114.18753 30.440108 114.189515 30.442302 4.9 214.4 
2016-10-21 5:03:42 413784194 114.184903 30.436733 114.18753 30.440108 4.8 215.4 
2016-10-21 5:04:24 413784194 114.183997 30.43566 114.184903 30.436733 4.8 217.1 
2016-10-21 5:04:45 413784194 114.1836 30.435192 114.183997 30.43566 4.7 214.4 
2016-10-21 5:06:16 413784194 114.182567 30.433372 114.1836 30.435192 4.6 200.2 
2016-10-21 5:07:22 413784194 114.18213 30.432182 114.182567 30.433372 4.5 196.7 
2016-10-21 5:10:30 413784194 114.180748 30.4286 114.18213 30.432182 4.6 200.6 
2016-10-21 5:14:56 413784194 114.17823 30.423442 114.180748 30.4286 4.6 204.3 
2016-10-21 5:17:28 413784194 114.176467 30.420565 114.17823 30.423442 4.7 209.1 
2016-10-21 5:17:52 413784194 114.176122 30.42004 114.176467 30.420565 4.7 209.0 
2016-10-21 5:20:42 413784194 114.174432 30.417 114.176122 30.42004 4.7 197.7 
2016-10-21 5:21:48 413784194 114.173827 30.415143 114.174432 30.417 4.8 196.3 
2016-10-21 5:23:01 413784194 114.17339 30.413853 114.173827 30.415143 4.8 197.6 
2016-10-21 5:23:23 413784194 114.173112 30.413167 114.17339 30.413853 4.8 201.2 
2016-10-21 5:23:56 413784194 114.172863 30.41262 114.173112 30.413167 4.7 203.9 
2016-10-21 5:24:17 413784194 114.172522 30.411958 114.172863 30.41262 4.8 205.8 
2016-10-21 5:29:58 413784194 114.168605 30.405323 114.169275 30.406567 4.9 204.3 
2016-10-21 5:30:25 413784194 114.168313 30.404752 114.168605 30.405323 4.9 204.3 
2016-10-21 5:58:30 413784194 114.140942 30.376448 114.141385 30.376983 5.0 214.7 
2016-10-21 6:01:08 413784194 114.138583 30.373712 114.140942 30.376448 4.7 219.0 
2016-10-21 6:01:58 413784194 114.137677 30.372708 114.138583 30.373712 4.6 217.8 
2016-10-21 6:02:52 413784194 114.136787 30.371702 114.137677 30.372708 4.5 217.2 
2016-10-21 6:03:57 413784194 114.135905 30.370695 114.136787 30.371702 4.5 218.3 
