2016-10-22 8:59:35 413773193 114.545973 30.66581 114.545973 30.66581 0.2 0 
2016-10-22 9:02:00 413773193 114.545958 30.665793 114.545973 30.66581 0.0 0 
2016-10-22 9:04:45 413773193 114.545988 30.665798 114.545958 30.665793 0.0 0 
2016-10-22 9:05:28 413773193 114.545988 30.665798 114.545988 30.665798 0.0 0 
2016-10-22 9:10:43 413773193 114.545958 30.66579 114.545988 30.665798 0.0 0 
2016-10-22 9:11:21 413773193 114.545958 30.66579 114.545958 30.66579 0.0 0 
2016-10-22 9:13:42 413773193 114.545945 30.665777 114.545958 30.66579 0.0 0 
2016-10-22 9:16:55 413773193 114.545933 30.665788 114.545945 30.665777 0.0 0 
2016-10-22 9:17:19 413773193 114.545933 30.665788 114.545933 30.665788 0.0 0 
2016-10-22 9:19:48 413773193 114.545935 30.665772 114.545933 30.665788 0.0 0 
2016-10-22 9:22:48 413773193 114.545928 30.665788 114.545935 30.665772 0.0 0 
2016-10-22 9:25:56 413773193 114.54593 30.665773 114.545928 30.665788 0.0 0 
2016-10-22 9:29:10 413773193 114.545933 30.665782 114.54593 30.665773 0.0 0 
2016-10-22 9:29:44 413773193 114.545933 30.665782 114.545933 30.665782 0.0 0 
2016-10-22 9:32:00 413773193 114.545912 30.665797 114.545933 30.665782 0.0 0 
2016-10-22 9:35:23 413773193 114.545912 30.665797 114.545912 30.665797 0.0 0 
2016-10-22 9:38:07 413773193 114.545938 30.665795 114.545912 30.665797 0.0 0 
2016-10-22 9:40:52 413773193 114.545913 30.665793 114.545938 30.665795 0.0 0 
2016-10-22 9:41:39 413773193 114.545913 30.665793 114.545913 30.665793 0.0 0 
2016-10-22 9:44:19 413773193 114.545905 30.665792 114.545913 30.665793 0.0 0 
2016-10-22 18:56:54 413773193 114.54581 30.665772 114.54581 30.665772 0.6 0 
2016-10-22 19:02:58 413773193 114.545938 30.6658 114.545938 30.6658 0.0 0 
2016-10-22 19:05:26 413773193 114.54595 30.6658 114.545938 30.6658 0.0 0 
2016-10-22 19:09:05 413773193 114.54595 30.6658 114.54595 30.6658 0.0 0 
2016-10-22 19:11:20 413773193 114.545948 30.665788 114.54595 30.6658 0.0 0 
2016-10-22 19:14:33 413773193 114.545967 30.665777 114.545948 30.665788 0.0 0 
2016-10-22 19:14:52 413773193 114.545967 30.665777 114.545967 30.665777 0.0 0 
2016-10-22 19:17:20 413773193 114.545973 30.665777 114.545967 30.665777 0.0 0 
2016-10-22 19:20:33 413773193 114.545978 30.665815 114.545973 30.665777 0.0 0 
2016-10-22 19:20:50 413773193 114.545978 30.665815 114.545978 30.665815 0.0 0 
2016-10-22 19:23:20 413773193 114.545963 30.665802 114.545978 30.665815 0.0 0 
2016-10-22 19:27:01 413773193 114.545963 30.665802 114.545963 30.665802 0.0 0 
2016-10-22 19:33:04 413773193 114.545947 30.665797 114.545947 30.665797 0.0 0 
2016-10-22 19:39:01 413773193 114.545945 30.665788 114.545945 30.665788 0.0 0 
2016-10-22 19:41:33 413773193 114.545968 30.665812 114.545945 30.665788 0.0 0 
2016-10-22 19:44:20 413773193 114.545957 30.665797 114.545968 30.665812 0.0 0 
2016-10-22 19:44:54 413773193 114.545957 30.665797 114.545957 30.665797 0.0 0 
2016-10-22 19:47:18 413773193 114.545965 30.665807 114.545957 30.665797 0.0 0 
2016-10-22 19:50:24 413773193 114.545967 30.665823 114.545965 30.665807 0.0 0 
2016-10-22 19:51:06 413773193 114.545967 30.665823 114.545967 30.665823 0.0 0 
2016-10-22 19:53:22 413773193 114.545955 30.665788 114.545967 30.665823 0.0 0 
2016-10-22 19:57:01 413773193 114.545955 30.665788 114.545955 30.665788 0.0 0 
2016-10-22 19:59:26 413773193 114.545975 30.665807 114.545955 30.665788 0.0 0 
2016-10-22 20:02:58 413773193 114.545975 30.665807 114.545975 30.665807 0.0 0 
2016-10-22 20:09:04 413773193 114.545973 30.665813 114.545973 30.665813 0.0 0 
2016-10-22 20:11:19 413773193 114.545933 30.665802 114.545973 30.665813 0.0 0 
2016-10-22 20:14:29 413773193 114.545935 30.665778 114.545933 30.665802 0.0 0 
2016-10-22 20:14:59 413773193 114.545935 30.665778 114.545935 30.665778 0.0 0 
2016-10-22 20:21:00 413773193 114.54597 30.665805 114.54597 30.665805 0.0 0 
2016-10-22 20:23:28 413773193 114.545978 30.66581 114.54597 30.665805 0.0 0 
2016-10-22 20:27:03 413773193 114.545978 30.66581 114.545978 30.66581 0.0 0 
2016-10-22 20:44:13 413773193 114.545962 30.665802 114.545962 30.665813 0.0 0 
2016-10-22 20:45:03 413773193 114.545962 30.665802 114.545962 30.665802 0.0 0 
2016-10-22 21:03:09 413773193 114.545953 30.665807 114.545953 30.665807 0.0 0 
2016-10-22 21:14:22 413773193 114.545965 30.665812 114.545977 30.665812 0.0 0 
2016-10-22 21:15:06 413773193 114.545965 30.665812 114.545965 30.665812 0.0 0 
2016-10-22 21:17:35 413773193 114.545958 30.66581 114.545965 30.665812 0.0 0 
2016-10-22 21:20:21 413773193 114.546002 30.665813 114.545958 30.66581 0.0 0 
2016-10-22 21:20:50 413773193 114.546002 30.665813 114.546002 30.665813 0.0 0 
2016-10-22 21:23:18 413773193 114.545962 30.665802 114.546002 30.665813 0.0 0 
2016-10-22 21:26:33 413773193 114.545962 30.665805 114.545962 30.665802 0.0 0 
2016-10-22 21:26:49 413773193 114.545962 30.665805 114.545962 30.665805 0.0 0 
2016-10-22 21:29:26 413773193 114.545987 30.665802 114.545962 30.665805 0.0 0 
2016-10-22 21:32:23 413773193 114.545958 30.665792 114.545987 30.665802 0.0 0 
2016-10-22 21:33:01 413773193 114.545958 30.665792 114.545958 30.665792 0.0 0 
2016-10-22 21:35:19 413773193 114.545953 30.665793 114.545958 30.665792 0.0 0 
2016-10-22 21:38:54 413773193 114.545953 30.665793 114.545953 30.665793 0.0 0 
2016-10-22 21:47:18 413773193 114.545942 30.665788 114.545945 30.665807 0.0 0 
2016-10-22 21:51:18 413773193 114.545942 30.665788 114.545942 30.665788 0.0 0 
2016-10-22 22:02:24 413773193 114.54592 30.665817 114.545918 30.665803 0.0 0 
2016-10-22 22:03:02 413773193 114.54592 30.665817 114.54592 30.665817 0.0 0 
2016-10-22 22:20:58 413773193 114.545925 30.665798 114.545925 30.665798 0.0 0 
2016-10-22 22:26:56 413773193 114.545928 30.665825 114.545928 30.665825 0.0 0 
2016-10-22 22:29:29 413773193 114.54593 30.66579 114.545928 30.665825 0.0 0 
2016-10-22 22:32:20 413773193 114.545915 30.665798 114.54593 30.66579 0.0 0 
2016-10-22 22:32:57 413773193 114.545915 30.665798 114.545915 30.665798 0.0 0 
2016-10-22 22:39:00 413773193 114.545942 30.665797 114.545942 30.665797 0.0 0 
2016-10-22 22:41:15 413773193 114.545928 30.665793 114.545942 30.665797 0.0 0 
2016-10-22 22:44:27 413773193 114.545917 30.665788 114.545928 30.665793 0.0 0 
2016-10-22 22:44:49 413773193 114.545917 30.665788 114.545917 30.665788 0.0 0 
2016-10-22 22:47:17 413773193 114.545923 30.665788 114.545917 30.665788 0.0 0 
2016-10-22 22:51:02 413773193 114.545923 30.665788 114.545923 30.665788 0.0 0 
2016-10-22 22:56:59 413773193 114.54594 30.665797 114.54594 30.665797 0.0 0 
2016-10-22 22:59:26 413773193 114.545932 30.66581 114.54594 30.665797 0.0 0 
2016-10-22 23:02:23 413773193 114.545942 30.665793 114.545932 30.66581 0.0 0 
2016-10-22 23:02:52 413773193 114.545942 30.665793 114.545942 30.665793 0.0 0 
2016-10-22 23:08:54 413773193 114.545953 30.665803 114.545953 30.665803 0.0 0 
2016-10-22 23:11:25 413773193 114.545912 30.665787 114.545953 30.665803 0.0 0 
2016-10-22 23:14:32 413773193 114.54594 30.6658 114.545912 30.665787 0.0 0 
2016-10-22 23:20:53 413773193 114.545965 30.665805 114.545965 30.665805 0.0 0 
2016-10-22 23:23:13 413773193 114.545957 30.665795 114.545965 30.665805 0.0 0 
2016-10-22 23:26:15 413773193 114.545932 30.665783 114.545957 30.665795 0.0 0 
2016-10-22 23:27:01 413773193 114.545932 30.665783 114.545932 30.665783 0.0 0 
2016-10-22 23:29:21 413773193 114.545933 30.665805 114.545932 30.665783 0.0 0 
2016-10-22 23:32:13 413773193 114.545962 30.665802 114.545933 30.665805 0.0 0 
2016-10-22 23:33:03 413773193 114.545962 30.665802 114.545962 30.665802 0.0 0 
2016-10-22 23:35:23 413773193 114.545937 30.6658 114.545962 30.665802 0.0 0 
2016-10-22 23:38:26 413773193 114.545927 30.665827 114.545937 30.6658 0.0 0 
2016-10-22 23:38:55 413773193 114.545927 30.665827 114.545927 30.665827 0.0 0 
2016-10-22 23:41:20 413773193 114.545938 30.665808 114.545927 30.665827 0.0 0 
2016-10-22 23:44:26 413773193 114.545938 30.665793 114.545938 30.665808 0.0 0 
2016-10-22 23:45:04 413773193 114.545938 30.665793 114.545938 30.665793 0.0 0 
2016-10-22 23:47:27 413773193 114.545958 30.665813 114.545938 30.665793 0.0 0 
2016-10-22 23:50:25 413773193 114.54595 30.665798 114.545958 30.665813 0.0 0 
2016-10-22 23:50:59 413773193 114.54595 30.665798 114.54595 30.665798 0.0 0 
2016-10-22 23:53:20 413773193 114.545933 30.665793 114.54595 30.665798 0.0 0 
2016-10-22 23:56:21 413773193 114.545967 30.665798 114.545933 30.665793 0.0 0 
2016-10-22 23:57:01 413773193 114.545967 30.665798 114.545967 30.665798 0.0 0 
2016-10-22 23:59:28 413773193 114.545927 30.665793 114.545967 30.665798 0.0 0 
