2016-10-19 4:40:16 413803607 114.26062 30.519348 114.26062 30.519348 5.5 29.6 
2016-10-19 4:40:39 413803607 114.263065 30.522527 114.26062 30.519348 5.6 33.5 
2016-10-19 4:43:06 413803607 114.265673 30.525767 114.263065 30.522527 5.7 36.9 
2016-10-19 4:49:59 413803607 114.273042 30.534978 114.27096 30.532315 5.8 30.9 
2016-10-19 4:50:27 413803607 114.27347 30.535693 114.273042 30.534978 5.4 37.9 
2016-10-19 4:51:00 413803607 114.2741 30.536438 114.27347 30.535693 6.3 34.7 
2016-10-19 4:52:58 413803607 114.276137 30.539032 114.2741 30.536438 5.8 34.4 
2016-10-19 4:53:32 413803607 114.276537 30.539765 114.276137 30.539032 6.1 25.1 
2016-10-19 4:54:26 413803607 114.277353 30.541198 114.276537 30.539765 5.8 26.0 
2016-10-19 4:55:57 413803607 114.278653 30.54335 114.277353 30.541198 5.8 25.5 
2016-10-19 4:57:04 413803607 114.279493 30.544793 114.278653 30.54335 5.9 27.5 
2016-10-19 4:58:25 413803607 114.28079 30.546895 114.279493 30.544793 5.8 23.7 
2016-10-19 4:59:29 413803607 114.281575 30.548398 114.28079 30.546895 5.8 22.3 
2016-10-19 5:00:29 413803607 114.28234 30.549855 114.281575 30.548398 5.7 28.1 
2016-10-19 5:01:28 413803607 114.28311 30.551258 114.28234 30.549855 5.8 21.6 
2016-10-19 5:02:02 413803607 114.283567 30.551933 114.28311 30.551258 5.6 34.5 
2016-10-19 5:02:35 413803607 114.283965 30.552663 114.283567 30.551933 5.7 28.7 
2016-10-19 5:03:03 413803607 114.284382 30.553365 114.283965 30.552663 5.6 29.0 
2016-10-19 5:04:22 413803607 114.285567 30.555422 114.284382 30.553365 5.6 29.5 
2016-10-19 5:06:04 413803607 114.286788 30.557363 114.285567 30.555422 5.3 29.3 
2016-10-19 5:07:56 413803607 114.288472 30.55985 114.286788 30.557363 5.2 29.8 
2016-10-19 5:08:57 413803607 114.289297 30.561095 114.288472 30.55985 5.1 30.0 
2016-10-19 5:09:43 413803607 114.29002 30.562077 114.289297 30.561095 5.1 34.0 
2016-10-19 5:10:53 413803607 114.29096 30.563282 114.29002 30.562077 5.1 36.6 
2016-10-19 5:11:27 413803607 114.291457 30.56383 114.29096 30.563282 5.0 34.1 
2016-10-19 5:11:43 413803607 114.291908 30.564403 114.291457 30.56383 5.0 34.0 
2016-10-19 5:12:20 413803607 114.292383 30.564983 114.291908 30.564403 4.9 30.0 
2016-10-19 5:12:57 413803607 114.292822 30.565548 114.292383 30.564983 5.1 35.1 
2016-10-19 5:13:13 413803607 114.293292 30.56614 114.292822 30.565548 5.1 33.2 
2016-10-19 5:13:49 413803607 114.293728 30.566713 114.293292 30.56614 5.1 33.5 
2016-10-19 5:14:25 413803607 114.294193 30.56732 114.293728 30.566713 5.2 33.0 
2016-10-19 5:15:19 413803607 114.295067 30.568515 114.294193 30.56732 5.1 30.3 
2016-10-19 5:15:52 413803607 114.295528 30.56915 114.295067 30.568515 5.2 32.8 
2016-10-19 5:17:03 413803607 114.296402 30.570355 114.295528 30.56915 5.2 32.0 
2016-10-19 5:17:24 413803607 114.29682 30.57099 114.296402 30.570355 5.2 31.1 
2016-10-19 5:17:42 413803607 114.29725 30.571588 114.29682 30.57099 5.2 31.1 
2016-10-19 5:18:21 413803607 114.297693 30.572222 114.29725 30.571588 5.2 31.3 
2016-10-19 5:18:53 413803607 114.298132 30.57285 114.297693 30.572222 5.3 30.8 
2016-10-19 5:19:09 413803607 114.298583 30.573465 114.298132 30.57285 5.2 32.5 
2016-10-19 5:19:47 413803607 114.299032 30.574087 114.298583 30.573465 5.3 31.7 
2016-10-19 5:20:23 413803607 114.299465 30.574702 114.299032 30.574087 5.3 31.2 
2016-10-19 5:20:39 413803607 114.29991 30.5753 114.299465 30.574702 5.3 32.2 
2016-10-19 5:21:10 413803607 114.300375 30.575933 114.29991 30.5753 5.3 31.5 
2016-10-19 5:21:46 413803607 114.300793 30.576582 114.300375 30.575933 5.3 30.0 
2016-10-19 5:22:19 413803607 114.301227 30.577223 114.300793 30.576582 5.3 29.3 
2016-10-19 5:22:56 413803607 114.30164 30.577845 114.301227 30.577223 5.3 31.8 
2016-10-19 5:23:16 413803607 114.302095 30.578497 114.30164 30.577845 5.4 32.3 
2016-10-19 5:23:51 413803607 114.302552 30.57913 114.302095 30.578497 5.4 35.0 
2016-10-19 5:25:27 413803607 114.303883 30.58105 114.302552 30.57913 5.4 27.3 
2016-10-19 5:25:46 413803607 114.304268 30.581702 114.303883 30.58105 5.2 26.7 
2016-10-19 5:26:21 413803607 114.304622 30.582315 114.304268 30.581702 5.4 28.0 
2016-10-19 5:27:14 413803607 114.305498 30.583685 0.0 0.0 5.4 27.3 
2016-10-19 5:27:49 413803607 114.305897 30.584338 114.305498 30.583685 5.4 28.6 
2016-10-19 5:28:25 413803607 114.306375 30.58496 114.305897 30.584338 5.4 34.2 
2016-10-19 5:28:41 413803607 114.306843 30.585582 114.306375 30.58496 5.4 34.0 
2016-10-19 5:29:23 413803607 114.307333 30.586207 114.306843 30.585582 5.4 33.5 
2016-10-19 5:29:39 413803607 114.30779 30.586838 114.307333 30.586207 5.4 31.5 
2016-10-19 5:30:21 413803607 114.308262 30.58748 114.30779 30.586838 5.4 29.1 
2016-10-19 5:30:41 413803607 114.308693 30.58814 114.308262 30.58748 5.4 30.5 
2016-10-19 5:31:12 413803607 114.309133 30.588805 114.308693 30.58814 5.4 28.3 
2016-10-19 5:32:07 413803607 114.309903 30.590132 114.309133 30.588805 5.5 27.8 
2016-10-19 5:32:52 413803607 114.310343 30.590795 114.309903 30.590132 5.6 33.5 
2016-10-19 5:33:11 413803607 114.310798 30.591453 114.310343 30.590795 5.5 30.4 
2016-10-19 5:33:45 413803607 114.311287 30.592077 114.310798 30.591453 5.4 37.6 
2016-10-19 5:34:23 413803607 114.311735 30.592682 114.311287 30.592077 5.4 30.3 
2016-10-19 5:34:39 413803607 114.312168 30.59334 114.311735 30.592682 5.4 27.7 
2016-10-19 5:35:17 413803607 114.312585 30.593993 114.312168 30.59334 5.4 28.7 
2016-10-19 5:35:54 413803607 114.312923 30.594665 114.312585 30.593993 5.4 24.3 
2016-10-19 5:36:54 413803607 114.313688 30.596022 114.312923 30.594665 5.5 28.0 
2016-10-19 5:37:13 413803607 114.314107 30.596707 114.313688 30.596022 5.4 28.9 
2016-10-19 5:37:51 413803607 114.314497 30.597365 114.314107 30.596707 5.4 30.5 
2016-10-19 5:38:10 413803607 114.314962 30.598003 114.314497 30.597365 5.4 29.0 
2016-10-19 5:38:44 413803607 114.315385 30.598688 114.314962 30.598003 5.5 27.3 
2016-10-19 5:39:22 413803607 114.315792 30.599347 114.315385 30.598688 5.4 27.5 
2016-10-19 5:39:43 413803607 114.316223 30.600025 114.315792 30.599347 5.5 28.7 
2016-10-19 5:40:19 413803607 114.316657 30.600665 114.316223 30.600025 5.6 33.7 
2016-10-19 5:40:37 413803607 114.317145 30.601327 114.316657 30.600665 5.4 35.3 
2016-10-19 5:41:15 413803607 114.317643 30.601935 114.317145 30.601327 5.4 35.6 
2016-10-19 5:41:41 413803607 114.318142 30.602537 114.317643 30.601935 5.4 35.7 
2016-10-19 5:42:19 413803607 114.31862 30.603137 114.318142 30.602537 5.6 32.0 
2016-10-19 5:42:37 413803607 114.31912 30.603783 114.31862 30.603137 5.4 35.0 
2016-10-19 5:43:18 413803607 114.319598 30.604383 114.31912 30.603783 5.4 34.3 
2016-10-19 5:43:36 413803607 114.320083 30.604968 114.319598 30.604383 4.9 40.3 
2016-10-19 5:44:13 413803607 114.320597 30.605628 114.320083 30.604968 5.6 33.3 
2016-10-19 5:44:48 413803607 114.321145 30.606265 114.320597 30.605628 5.3 37.7 
2016-10-19 5:45:07 413803607 114.321722 30.606883 114.321145 30.606265 5.5 39.1 
2016-10-19 5:45:47 413803607 114.32228 30.607448 114.321722 30.606883 5.4 39.7 
2016-10-19 5:46:07 413803607 114.322825 30.608045 114.32228 30.607448 5.4 40.8 
2016-10-19 5:46:50 413803607 114.323433 30.608595 114.322825 30.608045 5.5 39.6 
2016-10-19 5:47:08 413803607 114.323968 30.60917 114.323433 30.608595 5.5 40.6 
2016-10-19 5:47:48 413803607 114.324565 30.609693 114.323968 30.60917 5.5 42.9 
2016-10-19 5:48:10 413803607 114.325183 30.61028 114.324565 30.609693 5.4 42.7 
2016-10-19 5:48:49 413803607 114.325753 30.610812 114.325183 30.61028 5.5 42.0 
2016-10-19 5:49:08 413803607 114.326382 30.611378 114.325753 30.610812 5.5 40.7 
2016-10-19 5:49:50 413803607 114.32698 30.611957 114.326382 30.611378 5.5 42.5 
2016-10-19 5:50:08 413803607 114.327547 30.612497 114.32698 30.611957 5.5 41.2 
2016-10-19 5:50:49 413803607 114.328132 30.613083 114.327547 30.612497 5.4 41.6 
2016-10-19 5:51:07 413803607 114.328728 30.613625 114.328132 30.613083 6.0 45.9 
2016-10-19 5:51:47 413803607 114.329337 30.614173 114.328728 30.613625 5.5 44.6 
2016-10-19 5:52:08 413803607 114.330017 30.61472 114.329337 30.614173 5.6 47.6 
2016-10-19 5:52:48 413803607 114.33067 30.61521 114.330017 30.61472 5.5 49.3 
2016-10-19 5:53:26 413803607 114.331357 30.615727 114.33067 30.61521 5.6 51.4 
2016-10-19 5:53:46 413803607 114.33203 30.61623 114.331357 30.615727 5.6 47.9 
2016-10-19 5:54:19 413803607 114.332708 30.616747 114.33203 30.61623 5.6 48.7 
2016-10-19 5:54:40 413803607 114.333388 30.617272 114.332708 30.616747 5.6 48.7 
2016-10-19 5:55:18 413803607 114.334065 30.617782 114.333388 30.617272 5.6 43.6 
2016-10-19 5:55:35 413803607 114.33475 30.618325 114.334065 30.617782 5.7 48.3 
2016-10-19 5:56:20 413803607 114.335425 30.61888 114.33475 30.618325 5.6 43.8 
2016-10-19 5:56:38 413803607 114.336067 30.619445 114.335425 30.61888 5.8 42.0 
2016-10-19 5:57:17 413803607 114.336557 30.619887 114.336067 30.619445 5.7 43.6 
2016-10-19 5:57:38 413803607 114.337378 30.620528 114.336557 30.619887 5.8 44.8 
2016-10-19 5:58:14 413803607 114.33802 30.621087 114.337378 30.620528 5.8 47.2 
2016-10-19 5:58:37 413803607 114.338732 30.621602 114.33802 30.621087 5.8 52.3 
2016-10-19 5:59:15 413803607 114.339463 30.622075 114.338732 30.621602 5.7 56.5 
2016-10-19 5:59:54 413803607 114.34023 30.622537 114.339463 30.622075 5.8 53.4 
2016-10-19 6:00:12 413803607 114.340992 30.623027 114.34023 30.622537 6.0 52.9 
2016-10-19 6:01:11 413803607 114.34246 30.624018 114.340992 30.623027 5.8 53.6 
2016-10-19 6:01:45 413803607 114.343182 30.62453 114.34246 30.624018 5.9 52.9 
2016-10-19 6:02:03 413803607 114.343928 30.625055 114.343182 30.62453 5.9 50.6 
2016-10-19 6:02:47 413803607 114.344638 30.625592 114.343928 30.625055 6.7 46.0 
2016-10-19 6:03:04 413803607 114.345333 30.626217 114.344638 30.625592 6.2 48.0 
2016-10-19 6:03:45 413803607 114.346133 30.626723 114.345333 30.626217 6.0 50.0 
2016-10-19 6:04:03 413803607 114.34687 30.627235 114.346133 30.626723 6.1 51.3 
2016-10-19 6:04:35 413803607 114.347605 30.62781 114.34687 30.627235 6.1 50.6 
2016-10-19 6:05:17 413803607 114.348353 30.628345 114.347605 30.62781 6.1 49.6 
2016-10-19 6:05:31 413803607 114.349142 30.628912 114.348353 30.628345 6.1 51.0 
2016-10-19 6:06:10 413803607 114.349875 30.629485 114.349142 30.628912 6.1 51.9 
2016-10-19 6:06:49 413803607 114.350632 30.630012 114.349875 30.629485 6.2 51.0 
2016-10-19 6:07:05 413803607 114.351415 30.630515 114.350632 30.630012 6.1 53.6 
2016-10-19 6:07:46 413803607 114.352205 30.631065 114.351415 30.630515 6.0 52.0 
2016-10-19 6:08:04 413803607 114.352973 30.631598 114.352205 30.631065 6.1 56.5 
2016-10-19 6:08:44 413803607 114.353768 30.632133 114.352973 30.631598 6.3 51.6 
2016-10-19 6:09:08 413803607 114.354607 30.63264 114.353768 30.632133 6.3 51.4 
2016-10-19 6:09:47 413803607 114.355367 30.633172 114.354607 30.63264 6.3 51.2 
2016-10-19 6:10:08 413803607 114.356177 30.63371 114.355367 30.633172 6.4 48.7 
2016-10-19 6:11:21 413803607 114.357782 30.634787 114.356177 30.63371 6.3 51.3 
2016-10-19 6:11:41 413803607 114.358558 30.635352 114.357782 30.634787 6.4 48.3 
2016-10-19 6:12:19 413803607 114.359325 30.635887 114.358558 30.635352 6.2 51.4 
2016-10-19 6:12:41 413803607 114.36011 30.636448 114.359325 30.635887 6.3 50.8 
2016-10-19 6:13:17 413803607 114.360882 30.637023 114.36011 30.636448 6.0 51.1 
2016-10-19 6:13:36 413803607 114.361618 30.637555 114.360882 30.637023 6.3 52.0 
2016-10-19 6:14:32 413803607 114.363252 30.638637 114.361618 30.637555 6.2 51.5 
2016-10-19 6:15:10 413803607 114.363998 30.639175 114.363252 30.638637 6.6 52.8 
2016-10-19 6:15:47 413803607 114.3648 30.639688 114.363998 30.639175 5.9 54.7 
2016-10-19 6:16:05 413803607 114.365597 30.640243 114.3648 30.639688 6.4 50.5 
2016-10-19 6:17:08 413803607 114.367195 30.64129 114.365597 30.640243 6.2 53.0 
2016-10-19 6:17:47 413803607 114.367952 30.641817 114.367195 30.64129 6.4 50.6 
2016-10-19 6:18:05 413803607 114.368753 30.642385 114.367952 30.641817 6.2 49.8 
2016-10-19 6:18:40 413803607 114.369535 30.64289 114.368753 30.642385 6.3 50.2 
2016-10-19 6:19:02 413803607 114.370375 30.6434 114.369535 30.64289 6.3 51.8 
2016-10-19 6:19:39 413803607 114.371173 30.64391 114.370375 30.6434 5.8 54.1 
2016-10-19 6:20:19 413803607 114.371952 30.644398 114.371173 30.64391 6.1 54.2 
2016-10-19 6:20:35 413803607 114.372757 30.644863 114.371952 30.644398 5.9 56.6 
2016-10-19 6:21:12 413803607 114.37355 30.645313 114.372757 30.644863 5.9 56.3 
2016-10-19 6:21:35 413803607 114.37432 30.645723 114.37355 30.645313 5.7 61.8 
2016-10-19 6:22:11 413803607 114.375092 30.64617 114.37432 30.645723 5.8 57.4 
2016-10-19 6:22:28 413803607 114.37586 30.646572 114.375092 30.64617 5.7 59.2 
2016-10-19 6:24:02 413803607 114.378238 30.647828 114.37586 30.646572 5.5 60.5 
2016-10-19 6:24:58 413803607 114.3798 30.648643 114.378238 30.647828 5.5 58.6 
2016-10-19 6:25:39 413803607 114.380553 30.649073 114.3798 30.648643 5.6 59.1 
2016-10-19 6:26:14 413803607 114.38125 30.649427 114.380553 30.649073 5.3 63.7 
2016-10-19 6:26:38 413803607 114.382097 30.64985 114.38125 30.649427 5.8 52.8 
2016-10-19 6:27:01 413803607 114.38286 30.650202 114.382097 30.64985 5.6 59.4 
2016-10-19 6:27:39 413803607 114.383637 30.650587 114.38286 30.650202 5.6 58.6 
2016-10-19 6:28:01 413803607 114.38442 30.65097 114.383637 30.650587 5.5 60.8 
2016-10-19 6:28:39 413803607 114.385178 30.651327 114.38442 30.65097 5.7 59.2 
2016-10-19 6:28:59 413803607 114.385982 30.651698 114.385178 30.651327 5.5 62.7 
2016-10-19 6:29:42 413803607 114.386755 30.652033 114.385982 30.651698 5.6 60.8 
2016-10-19 6:31:42 413803607 114.389922 30.653423 114.386755 30.652033 5.6 62.2 
2016-10-19 6:32:04 413803607 114.390718 30.653743 114.389922 30.653423 5.6 61.7 
2016-10-19 6:32:42 413803607 114.3915 30.654063 114.390718 30.653743 5.5 66.1 
2016-10-19 6:32:59 413803607 114.392315 30.654392 114.3915 30.654063 5.4 67.0 
2016-10-19 6:33:40 413803607 114.39313 30.6547 114.392315 30.654392 5.4 67.2 
2016-10-19 6:33:59 413803607 114.393922 30.655002 114.39313 30.6547 5.4 66.9 
2016-10-19 6:34:35 413803607 114.394697 30.655295 114.393922 30.655002 5.3 66.9 
2016-10-19 6:35:07 413803607 114.395545 30.655608 114.394697 30.655295 5.4 68.6 
2016-10-19 6:35:48 413803607 114.396353 30.655882 114.395545 30.655608 5.4 70.3 
2016-10-19 6:37:14 413803607 114.398775 30.656673 114.396353 30.655882 5.5 69.7 
2016-10-19 6:38:06 413803607 114.400293 30.657177 114.398775 30.656673 5.6 67.9 
2016-10-19 6:38:25 413803607 114.401292 30.657427 114.400293 30.657177 5.1 75.1 
2016-10-19 6:38:59 413803607 114.402095 30.657687 114.401292 30.657427 5.4 67.6 
2016-10-19 6:39:42 413803607 114.40292 30.65794 114.402095 30.657687 5.4 69.1 
2016-10-19 6:40:02 413803607 114.403752 30.658172 114.40292 30.65794 5.5 69.7 
2016-10-19 6:40:37 413803607 114.404542 30.658408 114.403752 30.658172 5.6 71.0 
2016-10-19 6:41:01 413803607 114.405377 30.65863 114.404542 30.658408 5.4 73.0 
2016-10-19 6:41:40 413803607 114.406203 30.658863 114.405377 30.65863 5.4 71.8 
2016-10-19 6:41:58 413803607 114.407012 30.659123 114.406203 30.658863 5.3 71.4 
2016-10-19 6:42:44 413803607 114.407838 30.659343 114.407012 30.659123 5.3 72.4 
2016-10-19 6:43:00 413803607 114.408638 30.659578 114.407838 30.659343 5.3 72.3 
2016-10-19 6:43:39 413803607 114.409393 30.659778 114.408638 30.659578 5.3 71.3 
2016-10-19 6:44:38 413803607 114.411055 30.66019 114.409393 30.659778 5.2 75.2 
2016-10-19 6:45:35 413803607 114.412665 30.660618 114.411055 30.66019 5.3 80.9 
2016-10-19 6:45:53 413803607 114.413472 30.660815 114.412665 30.660618 5.2 73.0 
2016-10-19 6:46:37 413803607 114.41428 30.661007 114.413472 30.660815 5.1 77.1 
2016-10-19 6:46:58 413803607 114.415047 30.661172 114.41428 30.661007 5.0 76.8 
2016-10-19 6:48:03 413803607 114.416572 30.661452 114.415047 30.661172 4.8 78.6 
2016-10-19 6:49:11 413803607 114.418018 30.661837 114.416572 30.661452 4.6 65.3 
2016-10-19 6:49:35 413803607 114.418677 30.662137 114.418018 30.661837 4.4 57.8 
2016-10-19 6:49:54 413803607 114.419198 30.662507 114.418677 30.662137 4.4 48.2 
2016-10-19 6:50:54 413803607 114.41993 30.663363 114.419198 30.662507 3.5 22.5 
2016-10-19 6:51:37 413803607 114.420043 30.66379 114.41993 30.663363 3.0 9.2 
2016-10-19 6:52:01 413803607 114.420025 30.664132 114.420043 30.66379 2.3 346.4 
2016-10-19 6:52:55 413803607 114.419682 30.664657 114.420025 30.664132 2.4 317.7 
2016-10-19 6:54:42 413803607 114.418865 30.665197 114.419682 30.664657 1.7 297.7 
2016-10-19 6:55:01 413803607 114.41863 30.665317 114.418865 30.665197 1.6 303.7 
2016-10-19 6:58:04 413803607 114.417738 30.665592 114.41863 30.665317 0.0 285.3 
2016-10-19 6:58:22 413803607 114.417738 30.665592 114.417738 30.665592 0.0 285.3 
2016-10-19 7:00:59 413803607 114.417142 30.665643 114.417738 30.665592 0.7 274.5 
2016-10-19 7:04:13 413803607 114.417057 30.665665 114.417142 30.665643 0.0 280.9 
2016-10-19 7:07:09 413803607 114.41703 30.665727 114.417057 30.665665 0.0 280.9 
2016-10-19 7:09:57 413803607 114.417012 30.665785 114.41703 30.665727 0.0 280.9 
2016-10-19 7:10:19 413803607 114.417012 30.665785 114.417012 30.665785 0.0 280.9 
2016-10-19 7:13:08 413803607 114.417003 30.66582 114.417012 30.665785 0.0 280.9 
2016-10-19 7:16:30 413803607 114.417003 30.66582 114.417003 30.66582 0.0 280.9 
2016-10-19 7:19:05 413803607 114.416972 30.666043 114.417003 30.66582 0.0 175.6 
2016-10-19 7:22:09 413803607 114.41697 30.666035 114.416972 30.666043 0.0 175.6 
2016-10-19 7:22:28 413803607 114.41697 30.666035 114.41697 30.666035 0.0 175.6 
2016-10-19 7:28:25 413803607 114.416972 30.666032 114.416972 30.666032 0.0 175.6 
2016-10-19 7:34:29 413803607 114.416967 30.66601 114.416967 30.66601 0.0 64.6 
2016-10-19 7:37:06 413803607 114.416965 30.666018 114.416967 30.66601 0.0 64.6 
2016-10-19 7:40:55 413803607 114.416965 30.666018 114.416965 30.666018 0.0 64.6 
2016-10-19 7:46:31 413803607 114.416968 30.66603 114.416968 30.66603 0.0 64.6 
2016-10-19 7:49:13 413803607 114.41697 30.666028 114.416968 30.66603 0.0 64.6 
2016-10-19 7:51:54 413803607 114.416968 30.666027 114.41697 30.666028 0.0 64.6 
2016-10-19 7:52:18 413803607 114.416968 30.666027 114.416968 30.666027 0.0 64.6 
2016-10-19 7:52:54 413803607 114.416968 30.666027 114.416968 30.666027 0.0 64.6 
2016-10-19 8:04:08 413803607 114.416985 30.66605 114.416983 30.666053 0.0 209.5 
2016-10-19 8:04:28 413803607 114.416985 30.66605 114.416985 30.66605 0.0 209.5 
2016-10-19 8:10:25 413803607 114.41699 30.666048 114.416985 30.66605 0.0 209.5 
2016-10-19 8:16:40 413803607 114.416993 30.66605 114.416993 30.66605 0.0 209.5 
2016-10-19 8:19:18 413803607 114.41699 30.666053 114.416993 30.66605 0.0 209.5 
2016-10-19 8:22:18 413803607 114.41699 30.666047 114.41699 30.666053 0.0 209.5 
2016-10-19 8:25:10 413803607 114.416987 30.666045 114.41699 30.666047 0.0 209.5 
2016-10-19 8:28:05 413803607 114.416992 30.666048 114.416987 30.666045 0.0 209.5 
2016-10-19 8:28:28 413803607 114.416992 30.666048 114.416992 30.666048 0.0 209.5 
2016-10-19 8:28:55 413803607 114.416992 30.666048 114.416992 30.666048 0.0 209.5 
2016-10-19 8:34:07 413803607 114.416982 30.666025 114.416992 30.666048 0.0 300.7 
2016-10-19 8:35:59 413803607 114.416982 30.66603 114.416982 30.666025 0.0 300.7 
2016-10-19 8:37:01 413803607 114.41698 30.666028 114.416982 30.66603 0.0 300.7 
2016-10-19 8:37:46 413803607 114.416983 30.66603 114.41698 30.666028 0.0 300.7 
2016-10-19 8:38:52 413803607 114.41698 30.666027 114.416983 30.66603 0.0 300.7 
2016-10-19 8:39:39 413803607 114.416982 30.66603 114.41698 30.666027 0.0 300.7 
2016-10-19 8:41:37 413803607 114.416982 30.66603 114.416982 30.66603 0.0 300.7 
2016-10-19 8:42:41 413803607 114.416983 30.66603 114.416982 30.66603 0.0 300.7 
2016-10-19 8:45:51 413803607 114.416985 30.666032 114.416983 30.66603 0.0 300.7 
2016-10-19 8:47:44 413803607 114.416985 30.666032 114.416985 30.666032 0.0 300.7 
2016-10-19 8:51:52 413803607 114.416988 30.66603 114.416985 30.666032 0.0 300.7 
2016-10-19 8:55:08 413803607 114.416995 30.666048 114.416988 30.66603 0.0 156.0 
2016-10-19 8:59:36 413803607 114.416995 30.666048 114.416995 30.666048 0.0 156.0 
2016-10-19 9:01:03 413803607 114.416992 30.66604 114.416995 30.666048 0.0 156.0 
2016-10-19 9:03:50 413803607 114.416995 30.666033 114.416992 30.66604 0.0 156.0 
2016-10-19 9:05:27 413803607 114.416995 30.666033 114.416995 30.666033 0.0 156.0 
2016-10-19 9:09:38 413803607 114.417003 30.66603 114.416995 30.666033 0.0 156.0 
2016-10-19 9:11:29 413803607 114.417003 30.66603 114.417003 30.66603 0.0 156.0 
2016-10-19 9:13:04 413803607 114.417003 30.666027 114.417003 30.66603 0.0 156.0 
2016-10-19 9:16:00 413803607 114.417003 30.666025 114.417003 30.666027 0.0 156.0 
2016-10-19 9:17:29 413803607 114.417003 30.666025 114.417003 30.666025 0.0 156.0 
2016-10-19 9:19:05 413803607 114.417007 30.666028 114.417003 30.666025 0.0 156.0 
2016-10-19 9:23:17 413803607 114.417007 30.666028 114.417007 30.666028 0.0 156.0 
2016-10-19 9:23:48 413803607 114.417007 30.666028 114.417007 30.666028 0.0 156.0 
2016-10-19 9:28:16 413803607 114.416997 30.666073 114.417007 30.666028 0.0 175.6 
2016-10-19 9:29:39 413803607 114.416997 30.666073 114.416997 30.666073 0.0 175.6 
2016-10-19 9:30:47 413803607 114.416997 30.666072 114.416997 30.666073 0.0 175.6 
2016-10-19 9:33:50 413803607 114.417008 30.666023 114.416997 30.666072 0.0 277.6 
2016-10-19 9:37:05 413803607 114.417015 30.666027 114.417008 30.666023 0.0 277.6 
2016-10-19 9:40:04 413803607 114.417017 30.666027 114.417015 30.666027 0.0 277.6 
2016-10-19 9:46:15 413803607 114.417017 30.666028 114.417017 30.666028 0.0 277.6 
2016-10-19 9:48:59 413803607 114.417018 30.666027 114.417017 30.666028 0.0 277.6 
2016-10-19 9:52:05 413803607 114.41702 30.666022 114.417018 30.666027 0.0 277.6 
2016-10-19 9:54:42 413803607 114.41702 30.666015 114.41702 30.666022 0.0 277.6 
2016-10-19 9:57:44 413803607 114.417025 30.666022 114.41702 30.666015 0.0 277.6 
2016-10-19 9:58:08 413803607 114.417025 30.666022 114.417025 30.666022 0.0 277.6 
2016-10-19 10:01:07 413803607 114.417025 30.66602 114.417025 30.666022 0.0 277.6 
2016-10-19 10:04:01 413803607 114.417028 30.666017 114.417025 30.66602 0.0 277.6 
2016-10-19 10:07:00 413803607 114.417035 30.666018 114.417028 30.666017 0.0 277.6 
2016-10-19 10:09:45 413803607 114.417035 30.666018 114.417035 30.666018 0.0 277.6 
2016-10-19 10:10:13 413803607 114.417035 30.666018 114.417035 30.666018 0.0 277.6 
2016-10-19 10:12:46 413803607 114.417033 30.66601 114.417035 30.666018 0.0 277.6 
2016-10-19 10:15:59 413803607 114.417033 30.666015 114.417033 30.66601 0.0 277.6 
2016-10-19 10:18:53 413803607 114.417035 30.666018 114.417033 30.666015 0.0 277.6 
2016-10-19 10:22:00 413803607 114.417035 30.666018 114.417035 30.666018 0.0 277.6 
2016-10-19 10:33:49 413803607 114.417042 30.666018 114.417042 30.666018 0.0 277.6 
2016-10-19 10:37:08 413803607 114.417037 30.666015 114.417042 30.666018 0.0 277.6 
2016-10-19 10:39:56 413803607 114.417035 30.666017 114.417037 30.666015 0.0 277.6 
2016-10-19 10:42:57 413803607 114.417037 30.666022 114.417035 30.666017 0.0 277.6 
2016-10-19 10:45:50 413803607 114.417032 30.666023 114.417037 30.666022 0.0 277.6 
2016-10-19 10:46:21 413803607 114.417032 30.666023 114.417032 30.666023 0.0 277.6 
2016-10-19 10:49:01 413803607 114.417028 30.666025 114.417032 30.666023 0.0 277.6 
2016-10-19 10:51:57 413803607 114.417032 30.666022 114.417028 30.666025 0.0 277.6 
2016-10-19 10:54:53 413803607 114.417025 30.666023 114.417032 30.666022 0.0 277.6 
2016-10-19 10:58:08 413803607 114.417025 30.666023 114.417025 30.666023 0.0 277.6 
2016-10-19 11:01:15 413803607 114.41701 30.666032 114.417025 30.666023 0.0 213.8 
2016-10-19 11:04:34 413803607 114.41701 30.666032 114.41701 30.666032 0.0 213.8 
2016-10-19 11:09:54 413803607 114.41701 30.666042 114.41701 30.666032 0.0 213.8 
2016-10-19 11:12:56 413803607 114.417008 30.66604 114.41701 30.666042 0.0 213.8 
2016-10-19 11:15:54 413803607 114.41701 30.666042 114.417008 30.66604 0.0 213.8 
2016-10-19 11:16:33 413803607 114.41701 30.666042 114.41701 30.666042 0.0 213.8 
2016-10-19 11:19:03 413803607 114.417008 30.666043 114.41701 30.666042 0.0 213.8 
2016-10-19 11:21:57 413803607 114.41701 30.666042 114.417008 30.666043 0.0 213.8 
2016-10-19 11:24:49 413803607 114.417012 30.666042 114.41701 30.666042 0.0 213.8 
2016-10-19 11:26:14 413803607 114.417007 30.666042 114.417012 30.666042 0.0 213.8 
2016-10-19 11:26:43 413803607 114.41701 30.666042 114.417007 30.666042 0.0 213.8 
2016-10-19 11:27:34 413803607 114.41701 30.666043 114.41701 30.666042 0.0 213.8 
2016-10-19 11:28:08 413803607 114.417007 30.666042 114.41701 30.666043 0.0 213.8 
2016-10-19 11:29:01 413803607 114.417007 30.666042 114.417007 30.666042 0.0 213.8 
2016-10-19 11:29:29 413803607 114.417012 30.666047 114.417007 30.666042 0.0 213.8 
2016-10-19 11:30:04 413803607 114.417012 30.666045 114.417012 30.666047 0.0 213.8 
2016-10-19 11:31:59 413803607 114.417012 30.666045 114.417012 30.666045 0.0 213.8 
2016-10-19 11:32:56 413803607 114.41701 30.666047 114.417012 30.666045 0.0 213.8 
2016-10-19 11:36:08 413803607 114.417007 30.666045 114.41701 30.666047 0.0 213.8 
2016-10-19 11:38:02 413803607 114.417007 30.666045 114.417007 30.666045 0.0 213.8 
2016-10-19 11:39:16 413803607 114.417003 30.666043 114.417007 30.666045 0.0 213.8 
2016-10-19 11:43:59 413803607 114.417003 30.666043 114.417003 30.666043 0.0 213.8 
2016-10-19 11:44:57 413803607 114.417033 30.66606 114.417003 30.666043 0.0 166.9 
2016-10-19 11:48:05 413803607 114.417028 30.666057 114.417033 30.66606 0.0 166.9 
2016-10-19 11:50:30 413803607 114.417028 30.666057 114.417028 30.666057 0.0 166.9 
2016-10-19 11:50:54 413803607 114.41702 30.666068 114.417028 30.666057 0.0 166.9 
2016-10-19 11:54:01 413803607 114.417013 30.666068 114.41702 30.666068 0.0 166.9 
2016-10-19 11:56:09 413803607 114.417013 30.666068 114.417013 30.666068 0.0 166.9 
2016-10-19 11:57:02 413803607 114.417022 30.666065 114.417013 30.666068 0.0 166.9 
2016-10-19 11:59:54 413803607 114.417017 30.666067 114.417022 30.666065 0.0 166.9 
2016-10-19 12:02:00 413803607 114.417017 30.666067 114.417017 30.666067 0.0 166.9 
2016-10-19 12:02:50 413803607 114.417018 30.666062 114.417017 30.666067 0.0 166.9 
2016-10-19 12:05:55 413803607 114.417023 30.666063 114.417018 30.666062 0.0 166.9 
2016-10-19 12:09:14 413803607 114.417027 30.66606 114.417023 30.666063 0.0 166.9 
2016-10-19 12:18:14 413803607 114.41692 30.665975 114.416922 30.66603 0.0 87.8 
2016-10-19 12:20:07 413803607 114.41692 30.665975 114.41692 30.665975 0.0 87.8 
2016-10-19 12:21:01 413803607 114.417222 30.66591 114.41692 30.665975 0.0 83.0 
2016-10-19 12:26:06 413803607 114.417222 30.66591 114.417222 30.66591 0.0 83.0 
2016-10-19 12:27:04 413803607 114.41722 30.665957 114.417222 30.66591 0.0 83.0 
2016-10-19 12:29:51 413803607 114.417218 30.666 114.41722 30.665957 0.0 195.8 
2016-10-19 12:32:12 413803607 114.417218 30.666 114.417218 30.666 0.0 195.8 
2016-10-19 12:35:59 413803607 114.41721 30.666018 114.417218 30.666 0.0 195.8 
2016-10-19 12:38:15 413803607 114.41721 30.666018 114.41721 30.666018 0.0 195.8 
2016-10-19 12:39:08 413803607 114.417217 30.666022 114.41721 30.666018 0.0 195.8 
2016-10-19 12:42:04 413803607 114.417222 30.666012 114.417217 30.666022 0.0 195.8 
2016-10-19 12:50:05 413803607 114.417215 30.666018 114.417215 30.666018 0.0 195.8 
2016-10-19 12:53:58 413803607 114.417217 30.666017 114.417215 30.666018 0.0 195.8 
2016-10-19 12:56:09 413803607 114.417217 30.666017 114.417217 30.666017 0.0 195.8 
2016-10-19 12:57:05 413803607 114.41722 30.666012 114.417217 30.666017 0.0 195.8 
2016-10-19 12:59:56 413803607 114.417213 30.666013 114.41722 30.666012 0.0 195.8 
2016-10-19 13:02:19 413803607 114.417213 30.666013 114.417213 30.666013 0.0 195.8 
2016-10-19 13:03:12 413803607 114.417168 30.666035 114.417213 30.666013 0.0 249.8 
2016-10-19 13:12:11 413803607 114.417195 30.66602 114.417185 30.66603 0.0 249.8 
2016-10-19 13:14:01 413803607 114.417195 30.66602 114.417195 30.66602 0.0 249.8 
2016-10-19 13:18:05 413803607 114.417182 30.666047 114.417195 30.66602 0.0 295.9 
2016-10-19 13:20:20 413803607 114.417182 30.666047 114.417182 30.666047 0.0 295.9 
2016-10-19 13:20:48 413803607 114.417193 30.666037 114.417182 30.666047 0.0 295.9 
2016-10-19 13:24:11 413803607 114.417198 30.666028 114.417193 30.666037 0.0 295.9 
2016-10-19 13:26:22 413803607 114.417198 30.666028 114.417198 30.666028 0.0 295.9 
2016-10-19 13:26:48 413803607 114.417195 30.666033 114.417198 30.666028 0.0 295.9 
2016-10-19 13:29:53 413803607 114.417192 30.66601 114.417195 30.666033 0.0 102.0 
2016-10-19 13:32:11 413803607 114.417192 30.66601 114.417192 30.66601 0.0 102.0 
2016-10-19 13:33:09 413803607 114.4172 30.666023 114.417192 30.66601 0.0 102.0 
2016-10-19 13:35:54 413803607 114.417203 30.666022 114.4172 30.666023 0.0 102.0 
2016-10-19 13:38:21 413803607 114.417203 30.666022 114.417203 30.666022 0.0 102.0 
2016-10-19 13:38:50 413803607 114.417188 30.66603 114.417203 30.666022 0.0 102.0 
2016-10-19 13:41:58 413803607 114.41718 30.666037 114.417188 30.66603 0.0 102.0 
2016-10-19 13:44:26 413803607 114.41718 30.666037 114.41718 30.666037 0.0 102.0 
2016-10-19 13:44:49 413803607 114.417185 30.666038 114.41718 30.666037 0.0 102.0 
2016-10-19 13:48:10 413803607 114.417188 30.666028 114.417185 30.666038 0.0 102.0 
2016-10-19 13:50:21 413803607 114.417188 30.666028 114.417188 30.666028 0.0 102.0 
2016-10-19 13:50:46 413803607 114.417193 30.66602 114.417188 30.666028 0.0 102.0 
2016-10-19 14:11:46 413803607 114.41719 30.666033 114.417188 30.666028 0.0 102.0 
2016-10-19 14:14:02 413803607 114.41719 30.666033 114.41719 30.666033 0.0 102.0 
2016-10-19 14:14:49 413803607 114.417195 30.666027 114.41719 30.666033 0.0 102.0 
2016-10-19 14:17:57 413803607 114.417202 30.666027 114.417195 30.666027 0.0 102.0 
2016-10-19 14:20:10 413803607 114.417202 30.666027 114.417202 30.666027 0.0 102.0 
2016-10-19 14:24:03 413803607 114.417193 30.66603 114.417202 30.666027 0.0 102.0 
2016-10-19 14:26:15 413803607 114.417193 30.66603 114.417193 30.66603 0.0 102.0 
2016-10-19 14:30:00 413803607 114.417207 30.66603 114.417193 30.66603 0.0 102.0 
2016-10-19 14:32:09 413803607 114.417207 30.66603 114.417207 30.66603 0.0 102.0 
2016-10-19 14:33:03 413803607 114.417208 30.666028 114.417207 30.66603 0.0 102.0 
2016-10-19 14:35:57 413803607 114.417203 30.666032 114.417208 30.666028 0.0 102.0 
2016-10-19 14:38:05 413803607 114.417203 30.666032 114.417203 30.666032 0.0 102.0 
2016-10-19 14:38:55 413803607 114.417205 30.666032 114.417203 30.666032 0.0 102.0 
2016-10-19 14:42:02 413803607 114.417213 30.66603 114.417205 30.666032 0.0 102.0 
2016-10-19 14:44:22 413803607 114.417213 30.66603 114.417213 30.66603 0.0 102.0 
2016-10-19 14:45:20 413803607 114.417222 30.66602 114.417213 30.66603 0.0 102.0 
2016-10-19 14:47:55 413803607 114.417215 30.666022 114.417222 30.66602 0.0 102.0 
2016-10-19 14:50:06 413803607 114.417215 30.666022 114.417215 30.666022 0.0 102.0 
2016-10-19 14:50:59 413803607 114.417208 30.666025 114.417215 30.666022 0.0 102.0 
2016-10-19 14:54:10 413803607 114.41721 30.66603 114.417208 30.666025 0.0 102.0 
2016-10-19 14:56:12 413803607 114.41721 30.66603 114.41721 30.66603 0.0 102.0 
2016-10-19 14:57:05 413803607 114.417217 30.666027 114.41721 30.66603 0.0 102.0 
2016-10-19 15:00:02 413803607 114.417218 30.66602 114.417217 30.666027 0.0 102.0 
2016-10-19 15:02:14 413803607 114.417218 30.66602 114.417218 30.66602 0.0 102.0 
2016-10-19 15:03:04 413803607 114.417227 30.666027 114.417218 30.66602 0.0 102.0 
2016-10-19 15:05:49 413803607 114.417225 30.666023 114.417227 30.666027 0.0 102.0 
2016-10-19 15:08:05 413803607 114.417225 30.666023 114.417225 30.666023 0.0 102.0 
2016-10-19 15:08:51 413803607 114.41723 30.666025 114.417225 30.666023 0.0 102.0 
2016-10-19 15:24:40 413803607 114.418695 30.664817 114.418157 30.66482 3.3 90.1 
2016-10-19 15:26:20 413803607 114.421047 30.665075 114.418695 30.664817 4.2 77.9 
2016-10-19 15:26:43 413803607 114.421722 30.665182 114.421047 30.665075 4.4 78.2 
2016-10-19 15:28:01 413803607 114.423165 30.665487 114.421722 30.665182 4.8 75.7 
2016-10-19 15:28:25 413803607 114.423928 30.665632 114.423165 30.665487 4.9 78.7 
2016-10-19 15:29:35 413803607 114.425492 30.66604 114.423928 30.665632 5.2 72.9 
2016-10-19 15:30:00 413803607 114.426287 30.666282 114.425492 30.66604 5.4 70.3 
2016-10-19 15:30:23 413803607 114.427098 30.666523 114.426287 30.666282 5.4 71.1 
2016-10-19 15:31:17 413803607 114.428748 30.667033 114.427098 30.666523 5.6 66.8 
2016-10-19 15:32:57 413803607 114.431303 30.667953 114.428748 30.667033 5.8 67.1 
2016-10-19 15:33:22 413803607 114.432162 30.668305 114.431303 30.667953 5.9 66.4 
2016-10-19 15:33:46 413803607 114.432998 30.668615 114.432162 30.668305 5.9 66.5 
2016-10-19 15:34:32 413803607 114.433913 30.668942 114.432998 30.668615 6.1 65.4 
2016-10-19 15:34:56 413803607 114.434787 30.669243 114.433913 30.668942 5.9 66.3 
2016-10-19 15:36:08 413803607 114.436532 30.669858 114.434787 30.669243 5.6 68.4 
2016-10-19 15:36:52 413803607 114.438125 30.67043 114.436532 30.669858 6.3 67.3 
2016-10-19 15:37:17 413803607 114.439078 30.670753 114.438125 30.67043 5.8 68.9 
2016-10-19 15:37:43 413803607 114.439895 30.671058 114.439078 30.670753 5.8 65.9 
2016-10-19 15:38:23 413803607 114.44082 30.671388 114.439895 30.671058 5.8 66.8 
2016-10-19 15:38:43 413803607 114.441668 30.671707 114.44082 30.671388 5.8 66.9 
2016-10-19 15:39:54 413803607 114.443397 30.672355 114.441668 30.671707 5.9 67.5 
2016-10-19 15:40:16 413803607 114.444267 30.672663 114.443397 30.672355 5.9 67.9 
2016-10-19 15:40:51 413803607 114.445173 30.67295 114.444267 30.672663 6.1 72.3 
2016-10-19 15:41:16 413803607 114.446023 30.673183 114.445173 30.67295 5.4 71.2 
2016-10-19 15:42:53 413803607 114.44865 30.674122 114.446023 30.673183 5.9 66.8 
2016-10-19 15:43:15 413803607 114.449545 30.674473 114.44865 30.674122 5.8 65.7 
2016-10-19 15:44:04 413803607 114.450402 30.67481 114.449545 30.674473 5.8 67.1 
2016-10-19 15:44:24 413803607 114.451223 30.675127 114.450402 30.67481 5.7 64.9 
2016-10-19 15:45:37 413803607 114.453113 30.675827 114.451223 30.675127 5.7 68.1 
2016-10-19 15:46:04 413803607 114.453968 30.67616 114.453113 30.675827 5.7 67.3 
2016-10-19 15:46:24 413803607 114.454847 30.676448 114.453968 30.67616 5.7 69.1 
2016-10-19 15:46:49 413803607 114.455658 30.67674 114.454847 30.676448 5.6 65.2 
2016-10-19 15:47:19 413803607 114.456412 30.677032 114.455658 30.67674 5.6 66.4 
2016-10-19 15:48:08 413803607 114.45734 30.677403 114.456412 30.677032 5.6 68.0 
2016-10-19 15:48:31 413803607 114.458173 30.677682 114.45734 30.677403 5.5 68.2 
2016-10-19 15:49:00 413803607 114.458997 30.677963 114.458173 30.677682 5.5 68.1 
2016-10-19 15:49:23 413803607 114.45978 30.678248 114.458997 30.677963 5.5 68.5 
2016-10-19 15:50:53 413803607 114.462272 30.679063 114.45978 30.678248 5.5 70.8 
2016-10-19 15:51:34 413803607 114.463093 30.679327 114.462272 30.679063 5.5 70.9 
2016-10-19 15:53:21 413803607 114.466453 30.680462 114.463093 30.679327 5.7 67.1 
2016-10-19 15:53:51 413803607 114.46728 30.680773 114.466453 30.680462 5.6 67.2 
2016-10-19 15:54:15 413803607 114.468115 30.68107 114.46728 30.680773 5.6 68.6 
2016-10-19 15:55:27 413803607 114.469783 30.681617 114.468115 30.68107 5.6 70.4 
2016-10-19 15:55:55 413803607 114.470672 30.681885 114.469783 30.681617 5.6 70.8 
2016-10-19 15:56:16 413803607 114.471447 30.682168 114.470672 30.681885 5.6 67.8 
2016-10-19 15:57:48 413803607 114.473957 30.682922 114.471447 30.682168 5.7 68.9 
2016-10-19 15:59:30 413803607 114.476535 30.683807 114.473957 30.682922 5.6 69.1 
2016-10-19 15:59:56 413803607 114.477382 30.684093 114.476535 30.683807 5.6 67.7 
2016-10-19 16:01:24 413803607 114.479872 30.684962 114.477382 30.684093 5.6 67.7 
2016-10-19 16:01:51 413803607 114.480707 30.685265 114.479872 30.684962 5.6 68.6 
2016-10-19 16:02:15 413803607 114.481553 30.685555 114.480707 30.685265 5.7 68.5 
2016-10-19 16:03:01 413803607 114.482395 30.685853 114.481553 30.685555 5.6 67.8 
2016-10-19 16:03:54 413803607 114.48412 30.68639 114.482395 30.685853 5.6 70.6 
2016-10-19 16:04:17 413803607 114.484968 30.686652 114.48412 30.68639 5.6 69.9 
2016-10-19 16:05:55 413803607 114.487537 30.68742 114.484968 30.686652 5.7 73.6 
2016-10-19 16:07:03 413803607 114.489303 30.687825 114.487537 30.68742 5.6 80.9 
2016-10-19 16:07:23 413803607 114.490195 30.688023 114.489303 30.687825 5.7 77.5 
2016-10-19 16:08:18 413803607 114.491958 30.688262 114.490195 30.688023 5.7 81.0 
2016-10-19 16:08:46 413803607 114.492892 30.688375 114.491958 30.688262 5.6 83.0 
2016-10-19 16:09:33 413803607 114.49381 30.688455 114.492892 30.688375 5.7 83.7 
2016-10-19 16:10:59 413803607 114.496497 30.688778 114.49381 30.688455 5.7 84.5 
2016-10-19 16:11:24 413803607 114.497435 30.688862 114.496497 30.688778 5.6 85.2 
2016-10-19 16:11:51 413803607 114.498335 30.688895 114.497435 30.688862 5.6 88.7 
2016-10-19 16:13:01 413803607 114.500148 30.688905 114.498335 30.688895 5.7 90.1 
2016-10-19 16:13:28 413803607 114.501028 30.688897 114.500148 30.688905 5.6 91.0 
2016-10-19 16:14:54 413803607 114.503762 30.688667 114.501028 30.688897 5.5 97.1 
2016-10-19 16:16:03 413803607 114.505515 30.688408 114.503762 30.688667 5.6 99.0 
2016-10-19 16:19:15 413803607 114.511613 30.687213 114.505515 30.688408 5.6 103.9 
2016-10-19 16:19:43 413803607 114.512482 30.686987 114.511613 30.687213 5.6 105.2 
2016-10-19 16:20:27 413803607 114.513323 30.686747 114.512482 30.686987 5.6 107.0 
2016-10-19 16:20:53 413803607 114.514187 30.686502 114.513323 30.686747 5.6 107.5 
2016-10-19 16:21:22 413803607 114.515028 30.68629 114.514187 30.686502 5.5 104.6 
2016-10-19 16:21:44 413803607 114.515922 30.686087 114.515028 30.68629 5.6 105.1 
2016-10-19 16:22:28 413803607 114.516778 30.685843 114.515922 30.686087 5.5 113.3 
2016-10-19 16:23:14 413803607 114.518422 30.68531 114.516778 30.685843 5.6 112.4 
2016-10-19 16:24:04 413803607 114.519272 30.68504 114.518422 30.68531 5.6 109.1 
2016-10-19 16:25:47 413803607 114.522588 30.683892 114.519272 30.68504 5.7 113.9 
2016-10-19 16:26:48 413803607 114.524308 30.68319 114.522588 30.683892 5.7 114.4 
2016-10-19 16:28:49 413803607 114.527557 30.681645 114.524308 30.68319 5.8 120.8 
2016-10-19 16:43:26 413803607 114.54415 30.662763 114.54234 30.66675 6.3 161.5 
2016-10-19 16:52:20 413803607 114.551902 30.648388 114.549725 30.652337 6.3 154.8 
2016-10-19 16:57:08 413803607 114.555873 30.640353 114.551902 30.648388 6.2 159.7 
