2016-10-25 3:23:45 413803844 114.184947 30.434063 114.182718 30.431007 8.4 33.8 
2016-10-25 3:27:38 413803844 114.19116 30.441737 114.184947 30.434063 8.5 36.7 
2016-10-25 3:28:28 413803844 114.19198 30.442657 114.19116 30.441737 8.4 37.8 
2016-10-25 3:29:56 413803844 114.194543 30.445347 114.19198 30.442657 8.3 40.1 
2016-10-25 3:31:31 413803844 114.197153 30.448023 114.194543 30.445347 8.3 38.5 
2016-10-25 3:32:18 413803844 114.198838 30.44981 114.197153 30.448023 8.3 39.8 
2016-10-25 3:32:54 413803844 114.199708 30.450693 114.198838 30.44981 8.3 39.8 
2016-10-25 3:33:38 413803844 114.201415 30.452438 114.199708 30.450693 8.1 40.9 
2016-10-25 3:34:30 413803844 114.202288 30.453303 114.201415 30.452438 7.9 39.0 
2016-10-25 3:35:17 413803844 114.203868 30.45505 114.202288 30.453303 8.0 38.0 
2016-10-25 3:35:42 413803844 114.20466 30.455927 114.203868 30.45505 8.0 38.4 
2016-10-25 3:36:18 413803844 114.205442 30.456775 114.20466 30.455927 8.0 38.1 
2016-10-25 3:37:12 413803844 114.207053 30.458482 114.205442 30.456775 8.1 40.7 
2016-10-25 3:38:16 413803844 114.208758 30.460213 114.207053 30.458482 8.2 41.6 
2016-10-25 3:39:22 413803844 114.210537 30.461987 114.208758 30.460213 8.4 41.3 
2016-10-25 3:40:04 413803844 114.211392 30.462843 114.210537 30.461987 8.4 41.1 
2016-10-25 3:40:58 413803844 114.213175 30.464603 114.211392 30.462843 8.5 42.4 
2016-10-25 3:41:55 413803844 114.214953 30.466335 114.213175 30.464603 8.5 42.9 
2016-10-25 3:43:07 413803844 114.217648 30.468988 114.214953 30.466335 8.5 40.6 
2016-10-25 3:43:45 413803844 114.218575 30.46984 114.217648 30.468988 8.2 42.9 
2016-10-25 3:44:16 413803844 114.219535 30.47073 114.218575 30.46984 8.4 41.7 
2016-10-25 3:44:42 413803844 114.220433 30.471647 114.219535 30.47073 8.7 40.7 
2016-10-25 3:45:10 413803844 114.221317 30.472472 114.220433 30.471647 8.5 42.5 
2016-10-25 3:45:50 413803844 114.222218 30.473363 114.221317 30.472472 8.5 41.5 
2016-10-25 3:46:18 413803844 114.22324 30.474405 114.222218 30.473363 8.4 41.1 
2016-10-25 3:46:46 413803844 114.224098 30.475158 114.22324 30.474405 8.4 41.1 
2016-10-25 3:49:49 413803844 114.229288 30.480527 114.224098 30.475158 8.2 39.2 
2016-10-25 3:50:19 413803844 114.230123 30.481423 114.229288 30.480527 8.3 38.1 
2016-10-25 3:50:47 413803844 114.230938 30.482308 114.230123 30.481423 8.0 36.6 
2016-10-25 3:51:13 413803844 114.231742 30.483193 114.230938 30.482308 8.0 37.4 
2016-10-25 3:53:19 413803844 114.23482 30.486688 114.231742 30.483193 7.9 38.6 
2016-10-25 3:55:20 413803844 114.237945 30.490198 114.23482 30.486688 7.9 37.2 
2016-10-25 3:55:56 413803844 114.23875 30.491055 114.237945 30.490198 7.9 37.3 
2016-10-25 3:56:48 413803844 114.240232 30.492807 114.23875 30.491055 7.9 36.0 
2016-10-25 3:57:12 413803844 114.241022 30.493702 114.240232 30.492807 7.9 36.7 
2016-10-25 3:57:54 413803844 114.24177 30.494602 114.241022 30.493702 7.9 36.2 
2016-10-25 3:58:48 413803844 114.243292 30.496355 114.24177 30.494602 7.9 37.1 
2016-10-25 3:59:45 413803844 114.244757 30.498105 114.243292 30.496355 7.9 35.6 
2016-10-25 4:00:15 413803844 114.245495 30.498935 114.244757 30.498105 7.9 37.0 
2016-10-25 4:01:02 413803844 114.247008 30.500758 114.245495 30.498935 7.8 34.8 
2016-10-25 4:02:38 413803844 114.249215 30.503375 114.247008 30.500758 7.7 34.5 
2016-10-25 4:03:05 413803844 114.249908 30.504195 114.249215 30.503375 7.7 34.8 
2016-10-25 4:04:22 413803844 114.251587 30.506167 114.249908 30.504195 7.6 36.0 
2016-10-25 4:05:14 413803844 114.252765 30.507717 114.251587 30.506167 7.4 27.8 
2016-10-25 4:06:01 413803844 114.2534 30.50865 114.252765 30.507717 7.4 29.0 
2016-10-25 4:06:57 413803844 114.25457 30.510435 114.2534 30.50865 7.3 30.1 
2016-10-25 4:08:05 413803844 114.25574 30.476802 114.25457 30.510435 7.3 32.1 
2016-10-25 4:10:03 413803844 114.258095 30.515638 114.25574 30.476802 7.2 31.5 
2016-10-25 4:12:04 413803844 114.260413 30.519092 114.258095 30.515638 7.3 29.5 
2016-10-25 4:13:04 413803844 114.261665 30.520822 114.260413 30.519092 7.4 31.3 
2016-10-25 4:14:46 413803844 114.264245 30.524387 114.261665 30.520822 7.7 31.3 
2016-10-25 4:15:36 413803844 114.265532 30.526242 114.264245 30.524387 7.9 32.0 
2016-10-25 4:16:17 413803844 114.266373 30.527358 114.265532 30.526242 8.0 34.1 
2016-10-25 4:17:14 413803844 114.267623 30.529017 114.266373 30.527358 8.3 33.3 
2016-10-25 4:18:19 413803844 114.269165 30.530978 114.267623 30.529017 8.5 34.1 
2016-10-25 4:19:13 413803844 114.270615 30.533032 114.269165 30.530978 8.7 32.2 
2016-10-25 4:19:39 413803844 114.271357 30.53406 114.270615 30.533032 8.8 32.1 
2016-10-25 4:20:16 413803844 114.27207 30.53506 114.271357 30.53406 8.7 34.5 
2016-10-25 4:21:03 413803844 114.27356 30.537065 114.27207 30.53506 8.9 30.9 
2016-10-25 4:22:22 413803844 114.275238 30.539197 114.27356 30.537065 8.1 36.1 
2016-10-25 4:23:24 413803844 114.27648 30.54076 114.275238 30.539197 7.9 33.2 
2016-10-25 4:26:28 413803844 114.280052 30.546025 114.27648 30.54076 6.4 27.9 
2016-10-25 4:27:22 413803844 114.280995 30.54756 114.280052 30.546025 6.0 26.0 
2016-10-25 4:28:25 413803844 114.281935 30.549258 114.280995 30.54756 5.8 27.3 
2016-10-25 4:29:31 413803844 114.283153 30.551282 114.281935 30.549258 5.7 25.6 
2016-10-25 4:31:44 413803844 114.285212 30.554473 114.283153 30.551282 6.8 35.4 
2016-10-25 4:32:31 413803844 114.285887 30.555252 114.285212 30.554473 7.0 38.1 
2016-10-25 4:33:23 413803844 114.287295 30.556742 114.285887 30.555252 7.0 38.8 
2016-10-25 4:34:21 413803844 114.288877 30.558468 114.287295 30.556742 6.9 37.6 
2016-10-25 4:35:18 413803844 114.290048 30.559812 114.288877 30.558468 7.0 36.6 
2016-10-25 4:36:45 413803844 114.292063 30.562157 114.290048 30.559812 6.9 36.9 
2016-10-25 4:37:11 413803844 114.292698 30.56294 114.292063 30.562157 6.9 36.0 
2016-10-25 4:37:35 413803844 114.293335 30.5637 114.292698 30.56294 6.9 35.6 
2016-10-25 4:38:16 413803844 114.293937 30.5645 114.293335 30.5637 6.9 31.2 
2016-10-25 4:38:41 413803844 114.294552 30.565267 114.293937 30.5645 6.9 34.0 
2016-10-25 4:39:01 413803844 114.29513 30.566067 114.294552 30.565267 6.9 31.6 
2016-10-25 4:40:04 413803844 114.29627 30.567737 114.29513 30.566067 6.9 30.1 
2016-10-25 4:40:32 413803844 114.296825 30.568532 114.29627 30.567737 6.9 32.5 
2016-10-25 4:41:24 413803844 114.297385 30.56933 114.296825 30.568532 6.9 33.1 
2016-10-25 4:42:07 413803844 114.29857 30.57097 114.297385 30.56933 6.8 32.7 
2016-10-25 4:42:36 413803844 114.299135 30.571767 114.29857 30.57097 6.9 30.2 
2016-10-25 4:43:04 413803844 114.299703 30.57262 114.299135 30.571767 6.9 32.1 
2016-10-25 4:44:05 413803844 114.300855 30.574237 114.299703 30.57262 6.8 30.9 
2016-10-25 4:44:34 413803844 114.301363 30.57502 114.300855 30.574237 6.8 29.5 
2016-10-25 4:45:01 413803844 114.301922 30.575852 114.301363 30.57502 6.8 28.1 
2016-10-25 4:46:06 413803844 114.302895 30.577532 114.301922 30.575852 6.9 24.2 
2016-10-25 4:46:31 413803844 114.30336 30.578408 114.302895 30.577532 6.8 24.2 
2016-10-25 4:48:04 413803844 114.304307 30.58015 114.30336 30.578408 6.8 23.7 
2016-10-25 4:49:23 413803844 114.305778 30.582697 114.304307 30.58015 6.9 27.8 
2016-10-25 4:50:43 413803844 114.307435 30.585255 114.305778 30.582697 7.0 29.8 
2016-10-25 4:51:07 413803844 114.307935 30.586077 114.307435 30.585255 6.9 26.8 
2016-10-25 4:52:05 413803844 114.309162 30.587757 114.307935 30.586077 7.4 30.7 
2016-10-25 4:52:33 413803844 114.309712 30.5886 114.309162 30.587757 7.2 29.0 
2016-10-25 4:53:26 413803844 114.310277 30.589477 114.309712 30.5886 7.0 28.9 
2016-10-25 4:54:37 413803844 114.311857 30.592133 114.310277 30.589477 7.2 26.6 
2016-10-25 4:55:07 413803844 114.312405 30.593032 114.311857 30.592133 7.1 26.8 
2016-10-25 4:55:35 413803844 114.312918 30.59397 114.312405 30.593032 7.2 24.9 
2016-10-25 4:56:21 413803844 114.313423 30.594862 114.312918 30.59397 7.1 26.3 
2016-10-25 4:58:34 413803844 114.315947 30.598783 114.313423 30.594862 7.3 30.6 
2016-10-25 4:59:03 413803844 114.316912 30.600153 114.315947 30.598783 7.4 32.7 
2016-10-25 4:59:53 413803844 114.317558 30.601005 114.316912 30.600153 7.3 33.6 
2016-10-25 5:00:51 413803844 114.318888 30.602692 114.317558 30.601005 7.3 34.6 
2016-10-25 5:01:37 413803844 114.32019 30.604335 114.318888 30.602692 7.2 32.3 
2016-10-25 5:02:24 413803844 114.320957 30.605117 114.32019 30.604335 7.3 36.4 
2016-10-25 5:03:14 413803844 114.322352 30.606742 114.320957 30.605117 7.2 38.8 
2016-10-25 5:03:37 413803844 114.323112 30.607498 114.322352 30.606742 7.2 41.2 
2016-10-25 5:04:27 413803844 114.324262 30.608615 114.323112 30.607498 6.9 44.2 
2016-10-25 5:05:26 413803844 114.325458 30.60972 114.324262 30.608615 7.2 43.8 
2016-10-25 5:06:34 413803844 114.327917 30.61191 114.325458 30.60972 6.9 44.5 
2016-10-25 5:07:27 413803844 114.328712 30.61261 114.327917 30.61191 7.2 43.9 
2016-10-25 5:08:31 413803844 114.330408 30.614055 114.328712 30.61261 7.3 45.8 
2016-10-25 5:09:24 413803844 114.3321 30.615453 114.330408 30.614055 7.3 47.8 
2016-10-25 5:10:34 413803844 114.334675 30.617605 114.3321 30.615453 7.3 48.7 
2016-10-25 5:11:01 413803844 114.335572 30.618288 114.334675 30.617605 7.4 46.9 
2016-10-25 5:11:42 413803844 114.336473 30.618972 114.335572 30.618288 7.4 48.8 
2016-10-25 5:12:25 413803844 114.337335 30.61969 114.336473 30.618972 7.5 46.9 
2016-10-25 5:13:19 413803844 114.33912 30.621068 114.337335 30.61969 7.5 48.9 
2016-10-25 5:14:26 413803844 114.34088 30.622475 114.33912 30.621068 7.5 50.4 
2016-10-25 5:15:17 413803844 114.342768 30.623908 114.34088 30.622475 7.7 44.6 
2016-10-25 5:16:16 413803844 114.345117 30.625573 114.342768 30.623908 7.9 50.1 
2016-10-25 5:16:43 413803844 114.345592 30.626005 114.345117 30.625573 7.8 41.5 
2016-10-25 5:17:05 413803844 114.346508 30.626753 114.345592 30.626005 7.6 51.2 
2016-10-25 5:17:29 413803844 114.347422 30.627428 114.346508 30.626753 7.8 47.9 
2016-10-25 5:18:18 413803844 114.348342 30.628168 114.347422 30.627428 7.9 47.2 
2016-10-25 5:19:13 413803844 114.350208 30.629587 114.348342 30.628168 8.0 47.4 
2016-10-25 5:19:40 413803844 114.351105 30.630303 114.350208 30.629587 7.8 44.1 
2016-10-25 5:20:17 413803844 114.351943 30.631005 114.351105 30.630303 7.9 47.7 
2016-10-25 5:21:12 413803844 114.35389 30.632467 114.351943 30.631005 8.0 45.8 
2016-10-25 5:21:43 413803844 114.354785 30.633162 114.35389 30.632467 7.8 48.4 
2016-10-25 5:22:22 413803844 114.35578 30.63392 114.354785 30.633162 7.9 48.0 
2016-10-25 5:23:37 413803844 114.358673 30.636068 114.35578 30.63392 7.9 47.5 
2016-10-25 5:24:52 413803844 114.360593 30.637512 114.358673 30.636068 7.9 48.9 
2016-10-25 5:25:47 413803844 114.362597 30.638892 114.360593 30.637512 7.9 51.9 
2016-10-25 5:26:55 413803844 114.364598 30.640218 114.362597 30.638892 7.9 52.8 
2016-10-25 5:27:41 413803844 114.366665 30.641535 114.364598 30.640218 8.0 53.1 
2016-10-25 5:28:15 413803844 114.368313 30.642598 114.366665 30.641535 8.0 52.9 
2016-10-25 5:29:10 413803844 114.369777 30.643515 114.368313 30.642598 8.0 51.8 
2016-10-25 5:29:36 413803844 114.37082 30.644168 114.369777 30.643515 8.0 55.3 
2016-10-25 5:30:33 413803844 114.371878 30.644828 114.37082 30.644168 8.0 53.6 
2016-10-25 5:31:07 413803844 114.374007 30.646107 114.371878 30.644828 8.2 56.8 
2016-10-25 5:31:39 413803844 114.375065 30.646695 114.374007 30.646107 8.0 56.6 
2016-10-25 5:32:05 413803844 114.376148 30.647298 114.375065 30.646695 8.1 56.6 
2016-10-25 5:32:49 413803844 114.377248 30.64787 114.376148 30.647298 7.9 59.2 
2016-10-25 5:33:47 413803844 114.379383 30.64905 114.377248 30.64787 8.0 58.3 
2016-10-25 5:34:19 413803844 114.381212 30.64992 114.379383 30.64905 7.9 62.5 
2016-10-25 5:35:30 413803844 114.383968 30.651117 114.381212 30.64992 7.9 66.4 
2016-10-25 5:36:24 413803844 114.385127 30.651558 114.383968 30.651117 7.9 67.0 
2016-10-25 5:37:03 413803844 114.387465 30.65242 114.385127 30.651558 7.9 66.9 
2016-10-25 5:37:33 413803844 114.388632 30.652847 114.387465 30.65242 7.9 66.4 
2016-10-25 5:38:01 413803844 114.389793 30.653278 114.388632 30.652847 7.9 67.2 
2016-10-25 5:38:31 413803844 114.390913 30.653693 114.389793 30.653278 7.8 67.6 
2016-10-25 5:39:28 413803844 114.392067 30.65407 114.390913 30.653693 7.8 70.5 
2016-10-25 5:40:29 413803844 114.395237 30.655007 114.392067 30.65407 7.8 71.8 
2016-10-25 5:41:53 413803844 114.39806 30.655828 114.395237 30.655007 7.8 70.4 
2016-10-25 5:42:58 413803844 114.401695 30.656848 114.39806 30.655828 7.8 70.8 
2016-10-25 5:44:13 413803844 114.403992 30.65759 114.401695 30.656848 7.7 67.1 
2016-10-25 5:45:07 413803844 114.406192 30.658528 114.403992 30.65759 7.1 61.8 
2016-10-25 5:45:35 413803844 114.407242 30.659047 114.406192 30.658528 7.5 60.3 
2016-10-25 5:46:20 413803844 114.408288 30.659542 114.407242 30.659047 7.5 62.2 
2016-10-25 5:47:15 413803844 114.410467 30.660557 114.408288 30.659542 7.5 63.0 
2016-10-25 5:48:20 413803844 114.412613 30.66145 114.410467 30.660557 7.6 64.8 
2016-10-25 5:49:44 413803844 114.415993 30.662717 114.412613 30.66145 7.6 68.0 
2016-10-25 5:50:49 413803844 114.41819 30.663543 114.415993 30.662717 7.6 67.6 
2016-10-25 5:51:49 413803844 114.420572 30.664267 114.41819 30.663543 7.6 71.1 
2016-10-25 5:52:26 413803844 114.422515 30.664852 114.420572 30.664267 7.6 72.4 
2016-10-25 5:53:24 413803844 114.424065 30.665287 114.422515 30.664852 7.6 70.9 
2016-10-25 5:54:49 413803844 114.427575 30.666322 114.424065 30.665287 7.6 70.9 
2016-10-25 5:55:54 413803844 114.429885 30.667013 114.427575 30.666322 7.6 71.3 
2016-10-25 5:56:59 413803844 114.432127 30.66775 114.429885 30.667013 7.5 68.3 
2016-10-25 5:57:30 413803844 114.434417 30.668577 114.432127 30.66775 7.8 66.7 
2016-10-25 5:58:22 413803844 114.435492 30.669002 114.434417 30.668577 7.4 66.2 
2016-10-25 5:59:33 413803844 114.438668 30.670257 114.435492 30.669002 7.3 65.4 
2016-10-25 5:59:59 413803844 114.439753 30.670702 114.438668 30.670257 7.3 62.6 
2016-10-25 6:01:12 413803844 114.44187 30.671618 114.439753 30.670702 7.4 62.6 
2016-10-25 6:01:45 413803844 114.442943 30.672075 114.44187 30.671618 7.5 63.3 
2016-10-25 6:02:36 413803844 114.445117 30.673007 114.442943 30.672075 7.8 64.6 
2016-10-25 6:03:51 413803844 114.447473 30.673828 114.445117 30.673007 7.9 70.5 
2016-10-25 6:04:27 413803844 114.449528 30.674405 114.447473 30.673828 7.8 72.5 
2016-10-25 6:05:01 413803844 114.451058 30.674905 114.449528 30.674405 7.7 67.4 
2016-10-25 6:05:39 413803844 114.452175 30.675358 114.451058 30.674905 7.6 63.6 
2016-10-25 6:06:15 413803844 114.453277 30.67585 114.452175 30.675358 7.6 62.4 
2016-10-25 6:07:16 413803844 114.45541 30.676883 114.453277 30.67585 7.5 60.6 
2016-10-25 6:08:03 413803844 114.457493 30.677865 114.45541 30.676883 7.5 62.7 
2016-10-25 6:08:36 413803844 114.458533 30.678342 114.457493 30.677865 7.6 63.7 
2016-10-25 6:09:05 413803844 114.459707 30.67879 114.458533 30.678342 7.6 66.6 
2016-10-25 6:09:32 413803844 114.460827 30.679185 114.459707 30.67879 7.6 69.0 
2016-10-25 6:10:19 413803844 114.461978 30.679562 114.460827 30.679185 7.6 69.7 
2016-10-25 6:11:16 413803844 114.464232 30.680323 114.461978 30.679562 8.0 69.4 
2016-10-25 6:12:31 413803844 114.46647 30.681152 114.464232 30.680323 7.4 65.7 
2016-10-25 6:13:02 413803844 114.468712 30.681968 114.46647 30.681152 7.4 68.3 
2016-10-25 6:13:57 413803844 114.470933 30.68278 114.468712 30.681968 7.8 65.7 
2016-10-25 6:15:20 413803844 114.473197 30.68361 114.470933 30.68278 7.5 67.5 
2016-10-25 6:16:20 413803844 114.475417 30.68434 114.473197 30.68361 7.5 71.1 
2016-10-25 6:18:11 413803844 114.480035 30.685623 114.475417 30.68434 7.3 76.0 
2016-10-25 6:19:25 413803844 114.482333 30.686212 114.480035 30.685623 7.5 73.8 
2016-10-25 6:20:03 413803844 114.484653 30.686793 114.482333 30.686212 7.5 73.8 
2016-10-25 6:20:30 413803844 114.485828 30.68709 114.484653 30.686793 7.5 73.8 
2016-10-25 6:21:43 413803844 114.48817 30.687688 114.485828 30.68709 7.5 73.8 
2016-10-25 6:22:15 413803844 114.48933 30.68799 114.48817 30.687688 7.5 73.9 
2016-10-25 6:23:13 413803844 114.491677 30.688575 114.48933 30.68799 7.6 75.4 
2016-10-25 6:24:33 413803844 114.495227 30.689248 114.491677 30.688575 7.6 81.8 
2016-10-25 6:25:05 413803844 114.496405 30.6894 114.495227 30.689248 7.6 84.3 
2016-10-25 6:25:34 413803844 114.49765 30.68947 114.496405 30.6894 7.6 88.0 
2016-10-25 6:26:16 413803844 114.498863 30.689507 114.49765 30.68947 7.4 88.5 
2016-10-25 6:31:13 413803844 114.510717 30.68814 114.498863 30.689507 7.6 104.7 
2016-10-25 6:32:09 413803844 114.513083 30.687582 114.510717 30.68814 7.6 106.1 
2016-10-25 6:40:35 413803844 114.531953 30.679502 114.52798 30.681923 7.8 127.4 
2016-10-25 6:45:58 413803844 114.540815 30.67006 114.531953 30.679502 7.9 151.5 
2016-10-25 6:46:49 413803844 114.541378 30.66912 114.540815 30.67006 8.0 154.3 
2016-10-25 6:48:28 413803844 114.54343 30.66499 114.541378 30.66912 8.0 158.8 
2016-10-25 6:49:55 413803844 114.544328 30.662908 114.54343 30.66499 8.2 160.9 
2016-10-25 6:52:09 413803844 114.546975 30.657657 114.544328 30.662908 8.2 151.7 
2016-10-25 6:52:40 413803844 114.547623 30.656637 114.546975 30.657657 8.2 148.3 
