2016-10-19 0:17:00 413814919 114.54565 30.666377 114.545637 30.666385 0.0 54.9 54
2016-10-19 0:21:09 413814919 114.545663 30.666357 114.54565 30.666377 0.1 26.9 26
2016-10-19 0:24:02 413814919 114.545652 30.66637 114.545663 30.666357 0.1 247.1 247
2016-10-19 0:28:12 413814919 114.545663 30.666382 114.545652 30.66637 0.0 155.0 155
2016-10-19 0:31:12 413814919 114.545648 30.666372 114.545663 30.666382 0.0 7.4 7
2016-10-19 0:34:17 413814919 114.545655 30.666368 114.545648 30.666372 0.0 125.1 125
2016-10-19 0:37:25 413814919 114.545655 30.666373 114.545655 30.666368 0.0 301.1 301
2016-10-19 0:46:28 413814919 114.54566 30.666353 114.545657 30.666358 0.1 136.1 136
2016-10-19 0:49:29 413814919 114.54567 30.666367 114.54566 30.666353 0.1 343.4 343
2016-10-19 0:49:41 413814919 114.54567 30.666367 114.54567 30.666367 0.1 343.4 343
2016-10-19 0:53:32 413814919 114.545642 30.666368 114.54567 30.666367 0.0 138.0 138
2016-10-19 1:02:40 413814919 114.545668 30.666353 114.545643 30.666363 0.0 188.1 188
2016-10-19 1:14:07 413814919 114.545667 30.666373 114.545655 30.666367 0.1 10.1 10
2016-10-19 1:17:54 413814919 114.54566 30.666358 114.545667 30.666373 0.0 176.2 176
2016-10-19 4:29:54 413814919 114.545648 30.666373 114.545637 30.66639 0.1 229.7 229
2016-10-19 4:33:59 413814919 114.54564 30.666363 114.545648 30.666373 0.0 144.7 144
2016-10-19 4:37:59 413814919 114.545643 30.666367 114.54564 30.666363 0.1 120.9 120
2016-10-19 4:41:57 413814919 114.545643 30.666367 114.545643 30.666367 0.1 120.9 120
2016-10-19 4:46:12 413814919 114.545655 30.66638 114.545643 30.666367 0.0 46.1 46
2016-10-19 5:27:48 413814919 114.545035 30.667135 114.545603 30.666342 3.3 324.6 324
2016-10-19 5:28:24 413814919 114.54468 30.667565 114.545035 30.667135 3.9 325.3 325
2016-10-19 5:29:02 413814919 114.54433 30.668068 114.54468 30.667565 4.1 330.2 330
2016-10-19 5:29:22 413814919 114.544107 30.66852 114.54433 30.668068 3.6 338.4 338
2016-10-19 5:29:55 413814919 114.543973 30.66895 114.544107 30.66852 3.0 347.5 347
2016-10-19 5:34:05 413814919 114.54397 30.669982 114.543973 30.66895 0.1 4.7 4
2016-10-19 5:34:55 413814919 114.543953 30.669982 114.54397 30.669982 0.1 245.3 245
2016-10-19 5:38:09 413814919 114.543995 30.669953 114.543953 30.669982 0.1 58.1 58
2016-10-19 5:42:01 413814919 114.543972 30.669928 114.543995 30.669953 0.0 20.1 20
2016-10-19 5:46:06 413814919 114.543972 30.669925 114.543972 30.669928 0.1 357.9 357
2016-10-19 5:55:17 413814919 114.54399 30.669917 114.543997 30.66993 0.0 8.4 8
2016-10-19 5:59:14 413814919 114.543977 30.669928 114.54399 30.669917 0.1 267.8 267
2016-10-19 6:03:23 413814919 114.544018 30.669968 114.543977 30.669928 0.0 189.8 189
2016-10-19 6:13:35 413814919 114.544022 30.669947 114.544032 30.669957 0.1 271.1 271
2016-10-19 6:16:26 413814919 114.544023 30.669973 114.544022 30.669947 0.0 256.6 256
2016-10-19 6:20:53 413814919 114.544042 30.66994 114.544023 30.669973 0.0 176.1 176
2016-10-19 6:30:19 413814919 114.543987 30.669953 114.544015 30.669953 0.1 121.5 121
2016-10-19 6:33:40 413814919 114.543997 30.669952 114.543987 30.669953 0.1 144.1 144
2016-10-19 6:37:49 413814919 114.544007 30.669945 114.543997 30.669952 0.1 325.6 325
2016-10-19 6:46:58 413814919 114.54403 30.669987 114.543993 30.669968 0.0 140.5 140
2016-10-19 6:51:13 413814919 114.543995 30.66995 114.54403 30.669987 0.0 120.0 60
2016-10-19 6:55:18 413814919 114.543995 30.669948 114.543995 30.66995 0.0 261.5 261
2016-10-19 6:56:21 413814919 114.543995 30.669948 114.543995 30.669948 0.0 261.5 261
2016-10-19 7:09:34 413814919 114.544 30.669958 114.543985 30.669963 0.0 118.9 118
2016-10-19 7:13:27 413814919 114.543998 30.669947 114.544 30.669958 0.0 163.9 163
2016-10-19 7:26:21 413814919 114.543977 30.670058 114.543993 30.670022 0.1 222.2 222
2016-10-19 7:30:14 413814919 114.543985 30.669973 114.543977 30.670058 0.1 342.4 342
2016-10-19 7:34:01 413814919 114.543998 30.669945 114.543985 30.669973 0.0 154.0 154
2016-10-19 7:38:11 413814919 114.544013 30.669982 114.543998 30.669945 0.1 182.9 182
2016-10-19 7:43:26 413814919 114.544003 30.669952 114.544013 30.669982 0.0 277.3 277
2016-10-19 7:47:24 413814919 114.543985 30.669952 114.544003 30.669952 0.0 8.3 8
2016-10-19 7:51:53 413814919 114.543993 30.669947 114.543985 30.669952 0.0 94.6 94
2016-10-19 7:55:07 413814919 114.544007 30.669928 114.543993 30.669947 0.0 239.9 239
2016-10-19 7:58:33 413814919 114.544 30.66996 114.544007 30.669928 0.0 343.6 343
2016-10-19 8:02:27 413814919 114.544012 30.669937 114.544 30.66996 0.0 56.4 56
2016-10-19 8:04:06 413814919 114.543998 30.669953 114.544012 30.669937 0.0 262.5 135
2016-10-19 8:08:02 413814919 114.544017 30.66995 114.543998 30.669953 0.1 83.2 83
2016-10-19 8:24:26 413814919 114.544005 30.669955 114.544 30.66995 0.1 219.9 219
2016-10-19 8:28:27 413814919 114.544015 30.66996 114.544005 30.669955 0.1 208.0 208
2016-10-19 8:32:26 413814919 114.54402 30.66994 114.544015 30.66996 0.1 8.7 8
2016-10-19 8:34:41 413814919 114.54402 30.66994 114.54402 30.66994 0.1 8.7 8
2016-10-19 9:15:59 413814919 114.544032 30.66995 114.544028 30.669948 0.1 169.0 169
2016-10-19 9:36:35 413814919 114.54399 30.670013 114.543992 30.669997 0.1 274.1 274
2016-10-19 9:40:43 413814919 114.543987 30.669968 114.54399 30.670013 0.1 200.9 200
2016-10-19 11:11:01 413814919 114.544 30.669932 114.544012 30.669947 0.0 347.4 347
2016-10-19 11:39:14 413814919 114.543992 30.669927 114.543997 30.669922 0.1 316.7 316
2016-10-19 11:43:03 413814919 114.544007 30.669933 114.543992 30.669927 0.0 264.6 264
2016-10-19 11:47:19 413814919 114.544002 30.669942 114.544007 30.669933 0.0 345.0 345
2016-10-19 12:03:14 413814919 114.544023 30.669962 114.544012 30.669945 0.0 64.9 64
2016-10-19 12:04:35 413814919 114.544022 30.669967 114.544023 30.669962 0.0 5.6 5
2016-10-19 12:08:17 413814919 114.544013 30.66996 114.544022 30.669967 0.0 76.3 76
2016-10-19 12:13:18 413814919 114.544015 30.669972 114.544013 30.66996 0.0 263.5 263
2016-10-19 12:17:12 413814919 114.543975 30.669962 114.544015 30.669972 0.1 31.7 31
2016-10-19 12:29:25 413814919 114.543953 30.669988 114.543993 30.669977 0.1 35.4 35
2016-10-19 12:33:25 413814919 114.543982 30.66997 114.543953 30.669988 0.1 161.0 161
2016-10-19 12:37:21 413814919 114.543978 30.669972 114.543982 30.66997 0.0 287.4 287
2016-10-19 12:41:17 413814919 114.54397 30.66996 114.543978 30.669972 0.0 63.1 63
2016-10-19 13:00:53 413814919 114.543977 30.669955 114.543962 30.669937 0.1 25.1 25
2016-10-19 13:13:00 413814919 114.543983 30.669942 114.543993 30.669977 0.0 143.9 143
2016-10-19 13:17:36 413814919 114.543953 30.669922 114.543983 30.669942 0.0 120.1 120
2016-10-19 13:22:02 413814919 114.543953 30.669922 114.543953 30.669922 0.0 120.1 120
2016-10-19 13:34:23 413814919 114.544002 30.669973 114.543952 30.669978 0.1 155.6 155
2016-10-19 13:38:19 413814919 114.544007 30.66997 114.544002 30.669973 0.0 4.7 4
2016-10-19 13:51:39 413814919 114.54397 30.669968 114.544005 30.669962 0.1 58.7 58
2016-10-19 14:03:44 413814919 114.54399 30.669932 114.543978 30.669942 0.0 19.4 19
2016-10-19 14:04:33 413814919 114.54399 30.669932 114.54399 30.669932 0.0 19.4 19
2016-10-19 14:08:49 413814919 114.543977 30.669953 114.54399 30.669932 0.0 91.1 91
2016-10-19 14:12:38 413814919 114.543992 30.669952 114.543977 30.669953 0.0 21.5 21
2016-10-19 14:17:01 413814919 114.543978 30.669935 114.543992 30.669952 0.0 182.4 182
2016-10-19 14:20:35 413814919 114.543962 30.669948 114.543978 30.669935 0.0 109.5 109
2016-10-19 14:36:50 413814919 114.543988 30.669957 114.544002 30.669965 0.0 239.5 239
2016-10-19 14:41:05 413814919 114.544002 30.669948 114.543988 30.669957 0.1 85.3 85
2016-10-19 14:45:19 413814919 114.543995 30.669948 114.544002 30.669948 0.1 261.2 261
2016-10-19 14:49:18 413814919 114.544007 30.669962 114.543995 30.669948 0.0 112.3 112
2016-10-19 14:53:16 413814919 114.544037 30.669975 114.544007 30.669962 0.1 67.2 67
2016-10-19 14:57:27 413814919 114.544022 30.66999 114.544037 30.669975 0.0 214.2 214
2016-10-19 15:01:25 413814919 114.544028 30.669965 114.544022 30.66999 0.0 176.6 176
2016-10-19 15:10:11 413814919 114.54402 30.669975 114.544018 30.669973 0.0 314.8 314
2016-10-19 15:13:55 413814919 114.544035 30.669963 114.54402 30.669975 0.0 317.8 317
2016-10-19 15:18:23 413814919 114.544037 30.669958 114.544035 30.669963 0.0 159.1 159
2016-10-19 15:22:04 413814919 114.544032 30.669983 114.544037 30.669958 0.1 189.2 189
2016-10-19 15:37:16 413814919 114.544017 30.66999 114.544023 30.670005 0.1 213.1 213
2016-10-19 15:41:15 413814919 114.544003 30.66997 114.544017 30.66999 0.0 226.3 226
2016-10-19 15:45:36 413814919 114.544012 30.669968 114.544003 30.66997 0.0 283.0 283
2016-10-19 15:48:30 413814919 114.544012 30.669972 114.544012 30.669968 0.0 113.7 113
2016-10-19 15:51:33 413814919 114.544002 30.669953 114.544012 30.669972 0.0 209.0 209
2016-10-19 15:55:25 413814919 114.544002 30.669947 114.544002 30.669953 0.1 81.2 81
2016-10-19 15:59:29 413814919 114.543982 30.669945 114.544002 30.669947 0.0 275.6 275
2016-10-19 16:02:38 413814919 114.543997 30.669958 114.543982 30.669945 0.1 119.8 119
2016-10-19 16:05:09 413814919 114.54401 30.669965 114.543997 30.669958 0.0 235.7 235
2016-10-19 16:09:12 413814919 114.543965 30.669947 114.54401 30.669965 0.1 222.6 222
2016-10-19 16:13:26 413814919 114.543967 30.669953 114.543965 30.669947 0.0 354.9 354
2016-10-19 16:17:38 413814919 114.544 30.669957 114.543967 30.669953 0.1 218.2 218
2016-10-19 16:28:14 413814919 114.54401 30.669942 114.544037 30.66994 0.1 29.9 29
2016-10-19 16:31:11 413814919 114.543997 30.669937 114.54401 30.669942 0.0 356.8 356
2016-10-19 16:35:06 413814919 114.543975 30.669965 114.543997 30.669937 0.0 104.1 104
2016-10-19 16:39:19 413814919 114.543972 30.669947 114.543975 30.669965 0.1 166.9 166
2016-10-19 16:43:25 413814919 114.543968 30.66993 114.543972 30.669947 0.0 87.6 87
2016-10-19 16:47:25 413814919 114.543982 30.669937 114.543968 30.66993 0.0 114.8 114
2016-10-19 16:51:35 413814919 114.543987 30.669935 114.543982 30.669937 0.0 0.6 0
2016-10-19 16:55:31 413814919 114.54397 30.669958 114.543987 30.669935 0.1 22.3 22
2016-10-19 16:58:37 413814919 114.543985 30.669935 114.54397 30.669958 0.1 44.3 44
2016-10-19 17:02:45 413814919 114.544078 30.669882 114.543985 30.669935 0.6 158.6 158
2016-10-19 17:14:47 413814919 114.544678 30.668842 114.544685 30.668838 0.0 76.9 76
2016-10-19 17:32:11 413814919 114.544653 30.668917 114.544648 30.668887 0.0 309.3 309
2016-10-19 17:35:59 413814919 114.54465 30.668915 114.544653 30.668917 0.1 50.9 50
2016-10-19 17:40:02 413814919 114.544675 30.668913 114.54465 30.668915 0.1 200.5 200
2016-10-19 17:44:08 413814919 114.544683 30.66889 114.544675 30.668913 0.0 354.4 354
2016-10-19 17:48:13 413814919 114.544637 30.66889 114.544683 30.66889 0.1 283.2 283
2016-10-19 17:52:05 413814919 114.544665 30.668852 114.544637 30.66889 0.1 250.4 250
2016-10-19 18:01:01 413814919 114.544713 30.668843 114.544655 30.668848 0.0 268.0 268
2016-10-19 18:04:57 413814919 114.544713 30.668843 114.544713 30.668843 0.0 268.0 268
2016-10-19 18:09:18 413814919 114.544632 30.668847 114.544713 30.668843 0.2 258.4 258
2016-10-19 18:13:17 413814919 114.543715 30.668683 114.544632 30.668847 1.5 225.1 225
2016-10-19 18:14:10 413814919 114.543535 30.668053 114.543715 30.668683 2.6 180.8 180
2016-10-19 18:16:57 413814919 114.543925 30.665515 114.543535 30.668053 4.6 172.5 172
2016-10-19 18:17:36 413814919 114.544025 30.664853 114.543925 30.665515 5.1 172.2 172
2016-10-19 18:17:54 413814919 114.544182 30.664055 114.544025 30.664853 5.6 169.8 169
2016-10-19 18:18:36 413814919 114.544402 30.663262 114.544182 30.664055 5.9 166.2 166
2016-10-19 18:21:31 413814919 114.547017 30.657358 114.544402 30.663262 7.8 156.8 156
2016-10-19 18:22:07 413814919 114.547518 30.656343 114.547017 30.657358 8.0 156.8 156
2016-10-19 18:22:46 413814919 114.548045 30.655313 114.547518 30.656343 8.1 156.2 156
2016-10-19 18:23:21 413814919 114.548803 30.653855 114.548045 30.655313 8.2 155.9 155
2016-10-19 18:23:46 413814919 114.549342 30.652838 114.548803 30.653855 8.3 155.4 155
2016-10-19 18:25:22 413814919 114.551042 30.649568 114.549342 30.652838 8.4 157.8 157
2016-10-19 18:25:59 413814919 114.551657 30.648148 114.551042 30.649568 8.4 159.8 159
2016-10-19 18:27:39 413814919 114.553052 30.644837 114.551657 30.648148 8.5 158.4 158
2016-10-19 18:28:32 413814919 114.554258 30.642598 114.553052 30.644837 8.5 154.3 154
2016-10-19 18:29:16 413814919 114.555053 30.641177 114.554258 30.642598 8.5 154.5 154
2016-10-19 18:29:48 413814919 114.555627 30.640137 114.555053 30.641177 8.6 154.7 154
2016-10-19 18:30:07 413814919 114.556242 30.638977 114.555627 30.640137 8.6 155.7 155
2016-10-19 18:30:43 413814919 114.556795 30.63788 114.556242 30.638977 8.6 156.8 156
2016-10-19 18:31:23 413814919 114.557303 30.636775 114.556795 30.63788 8.6 158.9 158
2016-10-19 18:33:20 413814919 114.559468 30.631865 114.557303 30.636775 8.7 159.8 159
2016-10-19 18:34:35 413814919 114.560623 30.629142 114.559468 30.631865 8.7 160.3 160
2016-10-19 18:42:30 413814919 114.568017 30.611548 114.567573 30.61264 8.3 160.8 160
2016-10-19 18:43:10 413814919 114.568595 30.610093 114.568017 30.611548 8.3 160.9 160
2016-10-19 18:43:40 413814919 114.569027 30.608998 114.568595 30.610093 8.4 161.5 161
2016-10-19 18:45:40 413814919 114.570668 30.604593 114.569027 30.608998 8.3 161.6 161
2016-10-19 19:08:58 413814919 114.602032 30.559302 114.596212 30.562808 8.7 119.8 119
