2016-10-19 1:44:36 413812576 114.436472 30.675143 114.436442 30.67515 0.0 348.8 348
2016-10-19 2:18:18 413812576 114.436483 30.675103 114.436483 30.675108 0.0 348.8 348
2016-10-19 2:20:39 413812576 114.436477 30.675112 114.436483 30.675103 0.0 348.8 348
2016-10-19 3:08:43 413812576 114.436443 30.67513 114.43645 30.675127 0.0 348.8 348
2016-10-19 3:45:03 413812576 114.436475 30.675142 114.436472 30.675152 0.0 348.8 348
2016-10-19 4:12:08 413812576 114.436433 30.675207 114.436433 30.675178 0.0 348.8 348
2016-10-19 4:12:40 413812576 114.436445 30.675202 114.436433 30.675207 0.0 348.8 348
2016-10-19 5:15:36 413812576 114.436432 30.675145 114.436443 30.675145 0.0 348.8 348
2016-10-19 5:18:22 413812576 114.436442 30.675148 114.436432 30.675145 0.0 348.8 348
2016-10-19 5:25:08 413812576 114.436428 30.675155 114.436438 30.675153 0.0 348.8 348
2016-10-19 6:31:24 413812576 114.436457 30.675112 114.43646 30.675123 0.0 348.8 348
2016-10-19 7:18:47 413812576 114.436467 30.675147 114.436472 30.675158 0.0 348.8 348
2016-10-19 7:19:28 413812576 114.436463 30.675147 114.436467 30.675147 0.0 348.8 348
2016-10-19 7:34:05 413812576 114.436478 30.67515 114.43648 30.675155 0.0 348.8 348
2016-10-19 8:25:11 413812576 114.436492 30.675103 114.436492 30.675102 0.0 348.8 348
2016-10-19 8:25:35 413812576 114.436492 30.675112 114.436492 30.675103 0.0 348.8 348
2016-10-19 8:31:18 413812576 114.436497 30.675143 114.436492 30.675112 0.0 348.8 348
2016-10-19 8:31:44 413812576 114.436498 30.675145 114.436497 30.675143 0.0 348.8 348
2016-10-19 8:37:49 413812576 114.436498 30.675125 114.436498 30.675122 0.0 348.8 348
2016-10-19 8:40:16 413812576 114.436503 30.675123 114.436498 30.675125 0.0 348.8 348
2016-10-19 8:43:09 413812576 114.436495 30.675147 114.436503 30.675123 0.0 348.8 348
2016-10-19 9:07:28 413812576 114.436507 30.675112 114.436495 30.675123 0.0 348.8 348
2016-10-19 9:07:52 413812576 114.436508 30.675105 114.436507 30.675112 0.0 348.8 348
2016-10-19 9:10:40 413812576 114.436487 30.675112 114.436508 30.675105 0.0 348.8 348
2016-10-19 9:14:03 413812576 114.436495 30.675137 114.436487 30.675112 0.0 348.8 348
2016-10-19 9:16:36 413812576 114.436492 30.675118 114.436495 30.675137 0.0 348.8 348
2016-10-19 9:19:08 413812576 114.43647 30.675138 114.436492 30.675118 0.0 348.8 348
2016-10-19 9:19:58 413812576 114.436472 30.675133 114.43647 30.675138 0.0 348.8 348
2016-10-19 9:22:24 413812576 114.43648 30.675127 114.436472 30.675133 0.0 348.8 348
2016-10-19 9:38:05 413812576 114.436483 30.675132 114.436485 30.67514 0.0 348.8 348
2016-10-19 9:46:18 413812576 114.436492 30.675092 114.436482 30.675107 0.0 348.8 348
2016-10-19 9:49:32 413812576 114.436495 30.675108 114.436492 30.675092 0.0 348.8 348
2016-10-19 9:52:35 413812576 114.436493 30.675097 114.436495 30.675108 0.0 348.8 348
2016-10-19 9:56:17 413812576 114.436507 30.675112 114.436493 30.675097 0.0 348.8 348
2016-10-19 9:58:39 413812576 114.436503 30.675117 114.436507 30.675112 0.0 348.8 348
2016-10-19 10:34:38 413812576 114.43651 30.675123 114.436508 30.675117 0.0 348.8 348
2016-10-19 10:44:24 413812576 114.436468 30.675152 114.436477 30.67515 0.0 348.8 348
2016-10-19 10:58:46 413812576 114.436512 30.675097 114.436498 30.675107 0.0 348.8 348
2016-10-19 11:38:28 413812576 114.436468 30.675103 114.436477 30.67511 0.0 348.8 348
2016-10-19 12:44:30 413812576 114.436463 30.675197 114.436468 30.675195 0.0 348.8 348
2016-10-19 12:50:31 413812576 114.43647 30.675192 114.436463 30.675185 0.0 348.8 348
2016-10-19 12:53:09 413812576 114.436473 30.675192 114.43647 30.675192 0.0 348.8 348
2016-10-19 12:55:49 413812576 114.43647 30.675175 114.436473 30.675192 0.0 348.8 348
2016-10-19 12:56:40 413812576 114.43647 30.67517 114.43647 30.675175 0.0 348.8 348
2016-10-19 12:59:05 413812576 114.436457 30.675167 114.43647 30.67517 0.0 348.8 348
2016-10-19 13:01:49 413812576 114.436462 30.675168 114.436457 30.675167 0.0 348.8 348
2016-10-19 13:04:43 413812576 114.436453 30.675173 114.436462 30.675168 0.0 348.8 348
2016-10-19 13:08:03 413812576 114.436448 30.675175 114.436453 30.675173 0.0 348.8 348
2016-10-19 13:08:27 413812576 114.436457 30.675173 114.436448 30.675175 0.0 348.8 348
2016-10-19 13:11:08 413812576 114.436448 30.67516 114.436457 30.675173 0.0 348.8 348
2016-10-19 13:14:03 413812576 114.436455 30.675168 114.436448 30.67516 0.0 348.8 348
2016-10-19 13:14:27 413812576 114.436452 30.675173 114.436455 30.675168 0.0 348.8 348
2016-10-19 13:17:10 413812576 114.436457 30.675182 114.436452 30.675173 0.0 348.8 348
2016-10-19 13:19:53 413812576 114.436445 30.675187 114.436457 30.675182 0.0 348.8 348
2016-10-19 13:20:51 413812576 114.436437 30.67519 114.436445 30.675187 0.0 348.8 348
2016-10-19 13:23:00 413812576 114.436437 30.675203 114.436437 30.67519 0.0 348.8 348
2016-10-19 13:25:55 413812576 114.436445 30.67521 114.436437 30.675203 0.0 348.8 348
2016-10-19 13:28:58 413812576 114.436435 30.6752 114.436445 30.67521 0.0 348.8 348
2016-10-19 13:31:45 413812576 114.43645 30.675178 114.436435 30.6752 0.0 348.8 348
2016-10-19 13:32:40 413812576 114.436443 30.67517 114.43645 30.675178 0.0 348.8 348
2016-10-19 13:35:03 413812576 114.436473 30.675163 114.436443 30.67517 0.0 348.8 348
2016-10-19 13:44:01 413812576 114.436443 30.675182 114.436468 30.67518 0.0 348.8 348
2016-10-19 13:44:29 413812576 114.436442 30.675182 114.436443 30.675182 0.0 348.8 348
2016-10-19 13:56:31 413812576 114.436462 30.675185 114.436448 30.675205 0.0 348.8 348
2016-10-19 13:59:10 413812576 114.436455 30.675162 114.436462 30.675185 0.0 348.8 348
2016-10-19 14:02:07 413812576 114.436467 30.67517 114.436455 30.675162 0.0 348.8 348
2016-10-19 14:20:13 413812576 114.43649 30.675155 114.436495 30.67517 0.0 348.8 348
2016-10-19 14:20:38 413812576 114.43648 30.67516 114.43649 30.675155 0.0 348.8 348
2016-10-19 14:25:48 413812576 114.436458 30.67518 114.43648 30.67516 0.0 348.8 348
2016-10-19 14:26:40 413812576 114.436457 30.675173 114.436458 30.67518 0.0 348.8 348
2016-10-19 14:29:07 413812576 114.436463 30.675158 114.436457 30.675173 0.0 348.8 348
2016-10-19 14:31:49 413812576 114.436443 30.675177 114.436463 30.675158 0.0 348.8 348
2016-10-19 14:32:38 413812576 114.436443 30.675182 114.436443 30.675177 0.0 348.8 348
2016-10-19 14:35:14 413812576 114.43646 30.675215 114.436443 30.675182 0.0 348.8 348
2016-10-19 14:38:07 413812576 114.436473 30.675198 114.43646 30.675215 0.0 348.8 348
2016-10-19 14:38:35 413812576 114.43646 30.675193 114.436473 30.675198 0.0 348.8 348
2016-10-19 14:41:08 413812576 114.436467 30.675193 114.43646 30.675193 0.0 348.8 348
2016-10-19 14:44:00 413812576 114.436463 30.675178 114.436467 30.675193 0.0 348.8 348
2016-10-19 14:44:48 413812576 114.436465 30.67518 114.436463 30.675178 0.0 348.8 348
2016-10-19 14:47:07 413812576 114.436457 30.67517 114.436465 30.67518 0.0 348.8 348
2016-10-19 14:50:08 413812576 114.436435 30.675175 114.436457 30.67517 0.0 348.8 348
2016-10-19 14:52:57 413812576 68.998148 30.67517 114.436435 30.675175 18.9 348.8 348
2016-10-19 14:55:52 413812576 114.436443 30.6752 68.998148 30.67517 0.0 348.8 348
2016-10-19 14:56:36 413812576 114.436438 30.675208 114.436443 30.6752 0.0 348.8 348
2016-10-19 14:59:12 413812576 114.436438 30.675217 114.436438 30.675208 0.0 348.8 348
2016-10-19 15:02:40 413812576 114.436432 30.675198 114.436438 30.675217 0.0 348.8 348
2016-10-19 15:05:18 413812576 114.436445 30.675192 114.436432 30.675198 0.0 348.8 348
2016-10-19 15:08:07 413812576 114.436448 30.675173 114.436445 30.675192 0.0 348.8 348
2016-10-19 15:08:53 413812576 114.436453 30.675173 114.436448 30.675173 0.0 348.8 348
2016-10-19 15:13:59 413812576 114.436463 30.675177 114.436453 30.675173 0.0 348.8 348
2016-10-19 15:14:54 413812576 114.436465 30.675178 114.436463 30.675177 0.0 348.8 348
2016-10-19 15:17:08 413812576 114.436472 30.675187 114.436465 30.675178 0.0 348.8 348
2016-10-19 15:20:53 413812576 114.436468 30.6752 114.436472 30.675187 0.0 348.8 348
2016-10-19 15:23:04 413812576 114.436438 30.675185 114.436468 30.6752 0.0 348.8 348
2016-10-19 15:25:54 413812576 114.436427 30.675205 114.436438 30.675185 0.0 348.8 348
2016-10-19 15:26:45 413812576 114.436437 30.675215 114.436427 30.675205 0.0 348.8 348
2016-10-19 15:29:12 413812576 114.436432 30.675208 114.436437 30.675215 0.0 348.8 348
2016-10-19 15:32:09 413812576 114.436427 30.675208 114.436432 30.675208 0.0 348.8 348
2016-10-19 15:32:59 413812576 114.436443 30.675215 114.436427 30.675208 0.0 348.8 348
2016-10-19 15:34:58 413812576 114.436418 30.675193 114.436443 30.675215 0.0 348.8 348
2016-10-19 15:38:08 413812576 114.436417 30.675217 114.436418 30.675193 0.0 348.8 348
2016-10-19 15:38:44 413812576 114.436417 30.675213 114.436417 30.675217 0.0 348.8 348
2016-10-19 15:41:19 413812576 114.436425 30.675197 114.436417 30.675213 0.0 348.8 348
2016-10-19 15:44:06 413812576 114.436465 30.675135 114.436425 30.675197 0.1 115.7 115
2016-10-19 15:44:47 413812576 114.436473 30.675138 114.436465 30.675135 0.1 115.7 115
2016-10-19 15:47:21 413812576 114.436427 30.675183 114.436473 30.675138 0.1 115.7 115
2016-10-19 15:50:09 413812576 114.436397 30.675207 114.436427 30.675183 0.0 115.7 115
2016-10-19 15:50:55 413812576 114.436408 30.675218 114.436397 30.675207 0.0 115.7 115
2016-10-19 15:52:58 413812576 114.436403 30.675212 114.436408 30.675218 0.0 115.7 115
2016-10-19 15:55:57 413812576 114.436387 30.675208 114.436403 30.675212 0.0 115.7 115
2016-10-19 15:56:38 413812576 114.436393 30.675215 114.436387 30.675208 0.0 115.7 115
2016-10-19 15:59:08 413812576 114.436408 30.675213 114.436393 30.675215 0.0 115.7 115
2016-10-19 16:01:54 413812576 114.436423 30.675218 114.436408 30.675213 0.0 115.7 115
2016-10-19 16:02:41 413812576 114.43642 30.675203 114.436423 30.675218 0.0 115.7 115
2016-10-19 16:05:13 413812576 114.436417 30.6752 114.43642 30.675203 0.0 115.7 115
2016-10-19 16:08:21 413812576 114.436433 30.675208 114.436417 30.6752 0.0 115.7 115
2016-10-19 16:08:49 413812576 114.436423 30.675207 114.436433 30.675208 0.0 115.7 115
2016-10-19 16:11:00 413812576 114.436427 30.675202 114.436423 30.675207 0.0 115.7 115
2016-10-19 16:14:11 413812576 114.436435 30.675188 114.436427 30.675202 0.0 115.7 115
2016-10-19 16:17:11 413812576 114.436427 30.675192 114.436435 30.675188 0.0 115.7 115
2016-10-19 16:20:08 413812576 114.436437 30.675203 114.436427 30.675192 0.0 115.7 115
2016-10-19 16:20:57 413812576 114.436447 30.675202 114.436437 30.675203 0.0 115.7 115
2016-10-19 16:22:55 413812576 114.436463 30.6752 114.436447 30.675202 0.0 115.7 115
2016-10-19 16:32:47 413812576 114.436447 30.675188 114.436445 30.675185 0.0 115.7 115
2016-10-19 16:35:09 413812576 114.436448 30.675195 114.436447 30.675188 0.0 115.7 115
2016-10-19 16:38:16 413812576 114.436457 30.675202 114.436448 30.675195 0.0 115.7 115
2016-10-19 16:38:41 413812576 114.436457 30.6752 114.436457 30.675202 0.0 115.7 115
2016-10-19 16:41:00 413812576 114.436455 30.675187 114.436457 30.6752 0.0 115.7 115
2016-10-19 16:44:16 413812576 114.436445 30.67518 114.436455 30.675187 0.0 115.7 115
2016-10-19 16:44:46 413812576 114.436448 30.675188 114.436445 30.67518 0.0 115.7 115
2016-10-19 16:47:05 413812576 114.43645 30.675172 114.436448 30.675188 0.0 115.7 115
2016-10-19 16:50:00 413812576 114.43645 30.675197 114.43645 30.675172 0.0 115.7 115
2016-10-19 16:50:43 413812576 114.436445 30.675208 114.43645 30.675197 0.0 115.7 115
2016-10-19 16:53:16 413812576 114.43642 30.675222 114.436445 30.675208 0.0 115.7 115
2016-10-19 16:56:04 413812576 114.436438 30.675205 114.43642 30.675222 0.0 115.7 115
2016-10-19 16:56:49 413812576 114.436443 30.675197 114.436438 30.675205 0.0 115.7 115
2016-10-19 16:59:05 413812576 114.436453 30.675198 114.436443 30.675197 0.0 115.7 115
2016-10-19 17:02:07 413812576 114.436442 30.675198 114.436453 30.675198 0.0 115.7 115
2016-10-19 17:02:49 413812576 114.436437 30.6752 114.436442 30.675198 0.0 115.7 115
2016-10-19 17:05:05 413812576 114.436437 30.675207 114.436437 30.6752 0.0 115.7 115
2016-10-19 17:08:05 413812576 114.436445 30.675223 114.436437 30.675207 0.0 115.7 115
2016-10-19 17:08:52 413812576 114.436443 30.675223 114.436445 30.675223 0.0 115.7 115
2016-10-19 17:11:09 413812576 114.436452 30.675222 114.436443 30.675223 0.0 115.7 115
2016-10-19 17:14:06 413812576 114.436462 30.675203 114.436452 30.675222 0.0 115.7 115
2016-10-19 17:14:50 413812576 114.43647 30.675198 114.436462 30.675203 0.0 115.7 115
2016-10-19 17:20:57 413812576 114.436455 30.675195 114.436457 30.675188 0.0 115.7 115
2016-10-19 17:23:11 413812576 114.436473 30.6752 114.436455 30.675195 0.0 115.7 115
2016-10-19 17:26:13 413812576 114.436463 30.675212 114.436473 30.6752 0.0 115.7 115
2016-10-19 17:26:51 413812576 114.436467 30.675227 114.436463 30.675212 0.0 115.7 115
2016-10-19 17:28:59 413812576 114.436473 30.675218 114.436467 30.675227 0.0 115.7 115
2016-10-19 17:32:15 413812576 114.43647 30.675205 114.436473 30.675218 0.0 115.7 115
2016-10-19 17:32:59 413812576 114.436468 30.675197 114.43647 30.675205 0.0 115.7 115
2016-10-19 17:35:01 413812576 114.43645 30.675215 114.436468 30.675197 0.0 115.7 115
2016-10-19 17:37:57 413812576 114.436435 30.675262 114.43645 30.675215 0.0 115.7 115
2016-10-19 17:38:43 413812576 114.436433 30.67526 114.436435 30.675262 0.0 115.7 115
2016-10-19 17:41:07 413812576 114.436447 30.675255 114.436433 30.67526 0.0 115.7 115
2016-10-19 17:44:12 413812576 114.43643 30.675242 114.436447 30.675255 0.0 115.7 115
2016-10-19 17:44:51 413812576 114.436442 30.675247 114.43643 30.675242 0.0 115.7 115
2016-10-19 17:47:11 413812576 114.436438 30.675252 114.436442 30.675247 0.0 115.7 115
2016-10-19 17:50:09 413812576 114.436427 30.675232 114.436438 30.675252 0.0 115.7 115
2016-10-19 17:50:50 413812576 114.436412 30.67522 114.436427 30.675232 0.0 115.7 115
2016-10-19 18:02:52 413812576 114.43643 30.675215 114.436418 30.675222 0.0 115.7 115
2016-10-19 18:14:50 413812576 114.43642 30.675205 114.436412 30.675202 0.0 115.7 115
2016-10-19 18:17:20 413812576 114.436422 30.67519 114.43642 30.675205 0.0 115.7 115
2016-10-19 18:20:16 413812576 114.436425 30.675192 114.436422 30.67519 0.0 115.7 115
2016-10-19 18:20:51 413812576 114.436417 30.67518 114.436425 30.675192 0.0 115.7 115
2016-10-19 18:23:04 413812576 114.436428 30.67518 114.436417 30.67518 0.0 115.7 115
2016-10-19 18:35:19 413812576 114.43643 30.675198 114.436413 30.675203 0.0 115.7 115
2016-10-19 18:38:27 413812576 114.436448 30.675198 114.43643 30.675198 0.0 115.7 115
2016-10-19 18:39:07 413812576 114.436452 30.6752 114.436448 30.675198 0.0 115.7 115
2016-10-19 18:47:18 413812576 114.436403 30.675247 114.436415 30.675235 0.0 115.7 115
2016-10-19 18:51:10 413812576 114.436392 30.675257 114.436403 30.675247 0.0 115.7 115
2016-10-19 18:53:29 413812576 114.436392 30.675255 114.436392 30.675257 0.0 115.7 115
2016-10-19 18:57:09 413812576 114.436403 30.67519 114.436392 30.675255 0.0 115.7 115
2016-10-19 18:59:20 413812576 114.436428 30.675195 114.436403 30.67519 0.0 115.7 115
2016-10-19 19:03:06 413812576 114.436425 30.675182 114.436428 30.675195 0.0 115.7 115
2016-10-19 19:05:27 413812576 114.43643 30.675192 114.436425 30.675182 0.0 115.7 115
2016-10-19 19:23:33 413812576 114.436442 30.67516 114.436435 30.675163 0.0 115.7 115
2016-10-19 19:41:41 413812576 114.436453 30.675162 114.436462 30.675155 0.0 115.7 115
2016-10-19 20:17:50 413812576 114.436432 30.675195 114.436445 30.675218 0.0 115.7 115
2016-10-19 20:20:52 413812576 114.436442 30.6752 114.436432 30.675195 0.0 115.7 115
2016-10-19 20:27:40 413812576 114.436447 30.67521 114.436442 30.675195 0.0 115.7 115
2016-10-19 20:39:40 413812576 114.436428 30.675238 114.43642 30.67523 0.0 115.7 115
2016-10-19 20:41:58 413812576 114.436425 30.67522 114.436428 30.675238 0.0 115.7 115
2016-10-19 20:45:38 413812576 114.436422 30.675205 114.436425 30.67522 0.0 115.7 115
2016-10-19 20:51:37 413812576 114.436412 30.675227 114.436408 30.67523 0.0 115.7 115
2016-10-19 21:09:49 413812576 114.436445 30.675205 114.436443 30.675208 0.0 115.7 115
2016-10-19 21:27:54 413812576 114.436463 30.675197 114.436465 30.675195 0.0 115.7 115
2016-10-19 21:34:02 413812576 114.43645 30.6752 114.43645 30.675197 0.0 115.7 115
2016-10-19 21:52:04 413812576 114.436433 30.675182 114.43644 30.675188 0.0 115.7 115
2016-10-19 21:54:13 413812576 114.436482 30.675183 114.436433 30.675182 0.0 115.7 115
2016-10-19 22:04:05 413812576 114.436478 30.675165 114.436488 30.675172 0.0 115.7 115
2016-10-19 22:33:29 413812576 114.43646 30.675182 114.436452 30.675192 0.0 115.7 115
2016-10-19 22:34:22 413812576 114.43647 30.675183 114.43646 30.675182 0.0 115.7 115
2016-10-19 22:36:33 413812576 114.436458 30.675187 114.43647 30.675183 0.0 115.7 115
2016-10-19 22:39:31 413812576 114.436465 30.67518 114.436458 30.675187 0.0 115.7 115
2016-10-19 23:03:37 413812576 114.43645 30.675153 114.436482 30.675162 0.0 115.7 115
2016-10-19 23:04:33 413812576 114.43645 30.67515 114.43645 30.675153 0.0 115.7 115
2016-10-19 23:18:46 413812576 114.436475 30.675182 114.436478 30.675183 0.0 115.7 115
2016-10-19 23:22:28 413812576 114.436465 30.675167 114.436475 30.675182 0.0 115.7 115
2016-10-19 23:24:52 413812576 114.436455 30.67515 114.436465 30.675167 0.0 115.7 115
2016-10-19 23:36:42 413812576 114.436467 30.675175 114.436472 30.675183 0.0 115.7 115
2016-10-19 23:45:47 413812576 114.436477 30.675148 114.436487 30.675142 0.0 115.7 115
2016-10-19 23:48:37 413812576 114.436492 30.675113 114.436477 30.675148 0.0 115.7 115
2016-10-19 23:57:51 413812576 114.436513 30.675068 114.436515 30.675083 0.0 115.7 115
2016-10-19 23:58:36 413812576 114.436503 30.675075 114.436513 30.675068 0.0 115.7 115
