2016-10-25 0:02:33 412553950 114.544563 30.669117 114.544562 30.66899 0.0  
2016-10-25 0:02:55 412553950 114.544563 30.669117 114.544563 30.669117 0.0  
2016-10-25 0:14:44 412553950 114.544595 30.668993 114.544595 30.668993 0.0  
2016-10-25 0:17:26 412553950 114.544568 30.669012 114.544595 30.668993 0.0  
2016-10-25 0:32:50 412553950 114.544597 30.669018 114.544597 30.669018 0.0  
2016-10-25 0:50:52 412553950 114.544602 30.668977 114.544602 30.668977 0.0  
2016-10-25 0:59:33 412553950 114.544612 30.66897 114.544617 30.66898 0.0  
2016-10-25 1:02:33 412553950 114.544612 30.66897 114.544612 30.66897 0.0  
2016-10-25 1:05:31 412553950 114.544583 30.669027 114.544612 30.66897 0.0  
2016-10-25 1:08:41 412553950 114.544623 30.668998 114.544583 30.669027 0.0  
2016-10-25 1:11:26 412553950 114.544593 30.66899 114.544623 30.668998 0.0  
2016-10-25 1:53:33 412553950 114.544555 30.668982 114.544553 30.66894 0.0  
2016-10-25 2:02:36 412553950 114.544592 30.668938 114.544592 30.668938 0.0  
2016-10-25 2:05:34 412553950 114.544582 30.668953 114.544592 30.668938 0.0  
2016-10-25 2:08:49 412553950 114.544582 30.668953 114.544582 30.668953 0.0  
2016-10-25 2:26:32 412553950 114.544575 30.668993 114.544562 30.668968 0.0  
2016-10-25 2:29:26 412553950 114.544467 30.668935 114.544575 30.668993 0.3 246.6 
2016-10-25 2:32:41 412553950 114.543398 30.669075 114.544467 30.668935 4.2 305.8 
2016-10-25 2:33:24 412553950 114.542312 30.669682 114.543398 30.669075 5.4 302.0 
2016-10-25 2:34:04 412553950 114.54128 30.67023 114.542312 30.669682 5.7 300.7 
2016-10-25 2:34:29 412553950 114.540505 30.670655 114.54128 30.67023 5.7 303.8 
2016-10-25 2:34:52 412553950 114.54002 30.670945 114.540505 30.670655 5.7 305.5 
2016-10-25 2:35:13 412553950 114.539768 30.6711 114.54002 30.670945 5.7 306.5 
2016-10-25 2:35:47 412553950 114.53877 30.671767 114.539768 30.6711 5.8 307.8 
2016-10-25 2:36:11 412553950 114.538042 30.67225 114.53877 30.671767 5.8 307.1 
2016-10-25 2:36:32 412553950 114.537765 30.67243 114.538042 30.67225 5.9 307.3 
2016-10-25 2:36:54 412553950 114.537037 30.672928 114.537765 30.67243 5.4 307.2 
2016-10-25 2:37:29 412553950 114.536365 30.673392 114.537037 30.672928 5.1 309.6 
2016-10-25 2:37:52 412553950 114.535728 30.673855 114.536365 30.673392 5.0 309.6 
2016-10-25 2:38:10 412553950 114.535305 30.674152 114.535728 30.673855 5.0 309.7 
2016-10-25 2:38:30 412553950 114.535095 30.6743 114.535305 30.674152 4.9 310.3 
2016-10-25 2:39:08 412553950 114.534508 30.674715 114.535095 30.6743 4.4 310.9 
2016-10-25 2:39:38 412553950 114.533663 30.675365 114.534508 30.674715 3.9 317.9 
2016-10-25 2:40:01 412553950 114.533372 30.675642 114.533663 30.675365 3.8 312.1 
2016-10-25 2:40:20 412553950 114.533235 30.675745 114.533372 30.675642 3.8 310.5 
2016-10-25 2:40:51 412553950 114.532587 30.67617 114.533235 30.675745 3.7 306.5 
2016-10-25 2:41:17 412553950 114.532252 30.676373 114.532587 30.67617 3.7 302.8 
2016-10-25 2:41:39 412553950 114.531755 30.676638 114.532252 30.676373 3.7 301.0 
2016-10-25 2:42:01 412553950 114.531388 30.676825 114.531755 30.676638 3.7 298.8 
2016-10-25 2:42:26 412553950 114.53104 30.677007 114.531388 30.676825 3.7 299.9 
2016-10-25 2:42:52 412553950 114.530698 30.677175 114.53104 30.677007 3.8 299.9 
2016-10-25 2:43:16 412553950 114.530347 30.677357 114.530698 30.677175 3.8 300.4 
2016-10-25 2:43:36 412553950 114.52968 30.677695 114.530347 30.677357 3.6 300.2 
2016-10-25 2:44:08 412553950 114.529303 30.67788 114.52968 30.677695 3.3 299.8 
2016-10-25 2:44:34 412553950 114.528872 30.678072 114.529303 30.67788 2.8 298.2 
2016-10-25 2:44:56 412553950 114.528595 30.67819 114.528872 30.678072 2.6 296.2 
2016-10-25 2:45:45 412553950 114.528008 30.678418 114.528595 30.67819 2.3 294.0 
2016-10-25 2:46:14 412553950 114.527658 30.678567 114.528008 30.678418 2.2 291.5 
2016-10-25 2:46:35 412553950 114.527463 30.678623 114.527658 30.678567 2.0 291.8 
2016-10-25 2:46:58 412553950 114.527187 30.678732 114.527463 30.678623 1.7 292.8 
2016-10-25 2:47:31 412553950 114.526903 30.678802 114.527187 30.678732 1.8 293.1 
2016-10-25 2:47:58 412553950 114.526625 30.67891 114.526903 30.678802 1.8 293.3 
2016-10-25 2:48:19 412553950 114.526477 30.678952 114.526625 30.67891 1.9 294.3 
2016-10-25 2:51:21 412553950 114.525272 30.67958 114.526477 30.678952 0.8 305.3 
2016-10-25 3:00:32 412553950 114.525822 30.679275 114.52558 30.67908 0.2 7.4 
2016-10-25 3:03:36 412553950 114.525793 30.679312 114.525822 30.679275 0.1 225.0 
2016-10-25 3:06:20 412553950 114.52573 30.679212 114.525793 30.679312 0.0 274.3 
2016-10-25 3:08:23 412553950 114.52573 30.679212 114.52573 30.679212 0.0 274.3 
2016-10-25 3:09:34 412553950 114.525805 30.67922 114.52573 30.679212 0.0 127.9 
2016-10-25 3:12:22 412553950 114.525788 30.6792 114.525805 30.67922 0.0 188.9 
2016-10-25 3:14:53 412553950 114.525788 30.6792 114.525788 30.6792 0.0 188.9 
2016-10-25 3:15:21 412553950 114.525757 30.679242 114.525788 30.6792 0.0  
2016-10-25 3:32:41 412553950 114.525783 30.679288 114.525783 30.679288 0.0 296.0 
2016-10-25 3:33:27 412553950 114.525818 30.679243 114.525783 30.679288 0.0 167.7 
2016-10-25 3:42:30 412553950 114.525767 30.679242 114.52572 30.679253 0.0  
2016-10-25 3:45:36 412553950 114.525783 30.679202 114.525767 30.679242 0.0  
2016-10-25 3:48:33 412553950 114.525737 30.679255 114.525783 30.679202 0.1 296.0 
2016-10-25 3:50:34 412553950 114.525737 30.679255 114.525737 30.679255 0.1 296.0 
2016-10-25 3:51:42 412553950 114.525778 30.679172 114.525737 30.679255 0.0 122.2 
2016-10-25 3:56:11 412553950 114.525778 30.679172 114.525778 30.679172 0.0 122.2 
2016-10-25 4:00:28 412553950 114.525813 30.679213 114.525778 30.679172 0.0 24.2 
2016-10-25 4:02:26 412553950 114.525813 30.679213 114.525813 30.679213 0.0 24.2 
2016-10-25 4:03:34 412553950 114.525797 30.679178 114.525813 30.679213 0.1 208.6 
2016-10-25 4:06:17 412553950 114.52578 30.679202 114.525797 30.679178 0.0 54.0 
2016-10-25 4:09:11 412553950 114.525772 30.679205 114.52578 30.679202 0.1 345.8 
2016-10-25 4:12:22 412553950 114.525785 30.679178 114.525772 30.679205 0.1 189.4 
2016-10-25 4:14:33 412553950 114.525785 30.679178 114.525785 30.679178 0.1 189.4 
2016-10-25 4:15:24 412553950 114.52576 30.67912 114.525785 30.679178 0.0 127.5 
2016-10-25 4:18:36 412553950 114.525817 30.679197 114.52576 30.67912 0.1 299.6 
2016-10-25 4:20:30 412553950 114.525817 30.679197 114.525817 30.679197 0.1 299.6 
2016-10-25 4:21:16 412553950 114.525793 30.67916 114.525817 30.679197 0.0 284.5 
2016-10-25 4:24:14 412553950 114.52586 30.679258 114.525793 30.67916 0.0 58.1 
2016-10-25 4:32:46 412553950 114.525785 30.679197 114.525785 30.679197 0.1 227.8 
2016-10-25 4:33:36 412553950 114.525788 30.679193 114.525785 30.679197 0.1 49.9 
2016-10-25 4:36:34 412553950 114.5258 30.679288 114.525788 30.679193 0.3 355.2 
2016-10-25 4:38:30 412553950 114.5258 30.679288 114.5258 30.679288 0.3 355.2 
2016-10-25 4:51:21 412553950 114.525853 30.679227 114.525767 30.679145 0.0 23.2 
2016-10-25 4:54:25 412553950 114.525807 30.679168 114.525853 30.679227 0.0 192.3 
2016-10-25 4:56:40 412553950 114.525807 30.679168 114.525807 30.679168 0.0 192.3 
2016-10-25 4:57:37 412553950 114.525765 30.679192 114.525807 30.679168 0.0 173.4 
2016-10-25 5:00:12 412553950 114.52583 30.679208 114.525765 30.679192 0.0 342.9 
2016-10-25 5:02:39 412553950 114.52583 30.679208 114.52583 30.679208 0.0 342.9 
2016-10-25 5:03:28 412553950 114.525772 30.679103 114.52583 30.679208 0.0 203.9 
2016-10-25 5:06:18 412553950 114.525788 30.679238 114.525772 30.679103 0.0 39.5 
2016-10-25 5:09:13 412553950 114.525792 30.679208 114.525788 30.679238 0.0 281.5 
2016-10-25 5:12:39 412553950 114.5258 30.679202 114.525792 30.679208 0.0 90.2 
2016-10-25 5:14:40 412553950 114.5258 30.679202 114.5258 30.679202 0.0 90.2 
2016-10-25 5:15:29 412553950 114.525817 30.679207 114.5258 30.679202 0.1 24.9 
2016-10-25 5:18:33 412553950 114.52582 30.679195 114.525817 30.679207 0.1 205.1 
2016-10-25 5:20:33 412553950 114.52582 30.679195 114.52582 30.679195 0.1 205.1 
2016-10-25 5:21:30 412553950 114.525828 30.679198 114.52582 30.679195 0.0 53.0 
2016-10-25 5:24:38 412553950 114.52581 30.679203 114.525828 30.679198 0.0 297.6 
2016-10-25 5:26:12 412553950 114.52581 30.679203 114.52581 30.679203 0.0 297.6 
2016-10-25 5:27:31 412553950 114.525807 30.679173 114.52581 30.679203 0.0 114.6 
2016-10-25 5:30:14 412553950 114.525743 30.67915 114.525807 30.679173 0.0 236.6 
2016-10-25 5:33:33 412553950 114.52582 30.6792 114.525743 30.67915 0.0 73.8 
2016-10-25 5:36:47 412553950 114.525798 30.67922 114.52582 30.6792 0.0 341.7 
2016-10-25 5:38:17 412553950 114.525798 30.67922 114.525798 30.67922 0.0 341.7 
2016-10-25 5:39:43 412553950 114.525785 30.679163 114.525798 30.67922 0.1 175.2 
2016-10-25 5:42:14 412553950 114.525828 30.679228 114.525785 30.679163 0.1 21.4 
2016-10-25 5:45:22 412553950 114.525817 30.679182 114.525828 30.679228 0.1 207.1 
2016-10-25 5:48:35 412553950 114.525805 30.679233 114.525817 30.679182 0.1 27.9 
2016-10-25 5:57:16 412553950 114.52579 30.679232 114.525802 30.679237 0.1 239.5 
2016-10-25 6:00:12 412553950 114.52577 30.679167 114.52579 30.679232 0.0 293.6 
2016-10-25 6:03:37 412553950 114.525835 30.679243 114.52577 30.679167 0.1 49.6 
2016-10-25 6:06:30 412553950 114.525845 30.679307 114.525835 30.679243 0.0 267.1 
2016-10-25 6:08:22 412553950 114.525845 30.679307 114.525845 30.679307 0.0 267.1 
2016-10-25 6:09:19 412553950 114.525847 30.679198 114.525845 30.679307 0.0 199.0 
2016-10-25 6:12:14 412553950 114.525797 30.67924 114.525847 30.679198 0.0 58.0 
2016-10-25 6:15:36 412553950 114.525808 30.679297 114.525797 30.67924 0.0 320.9 
2016-10-25 6:18:25 412553950 114.525842 30.679283 114.525808 30.679297 0.0 173.5 
2016-10-25 6:21:26 412553950 114.525798 30.679278 114.525842 30.679283 0.1 99.1 
2016-10-25 6:32:31 412553950 114.525845 30.679287 114.525845 30.679287 0.0 131.5 
2016-10-25 6:33:33 412553950 114.525792 30.679262 114.525845 30.679287 0.1 20.9 
2016-10-25 6:36:52 412553950 114.5258 30.679283 114.525792 30.679262 0.1 249.3 
2016-10-25 6:38:25 412553950 114.5258 30.679283 114.5258 30.679283 0.1 249.3 
2016-10-25 6:39:49 412553950 114.525832 30.679257 114.5258 30.679283 0.0 103.0 
2016-10-25 6:42:19 412553950 114.525788 30.679242 114.525832 30.679257 0.1 228.1 
2016-10-25 6:45:15 412553950 114.525785 30.679242 114.525788 30.679242 0.0 38.0 
2016-10-25 6:49:00 412553950 114.525795 30.67918 114.525785 30.679242 0.1 200.9 
2016-10-25 6:50:37 412553950 114.525795 30.67918 114.525795 30.67918 0.1 200.9 
2016-10-25 6:54:33 412553950 114.525828 30.679208 114.525795 30.67918 0.0 213.4 
2016-10-25 6:57:20 412553950 114.525808 30.679272 114.525828 30.679208 0.1 72.2 
2016-10-25 7:00:56 412553950 114.52576 30.679308 114.525808 30.679272 0.2 327.5 
2016-10-25 7:02:38 412553950 114.52576 30.679308 114.52576 30.679308 0.2 327.5 
2016-10-25 7:03:18 412553950 114.525805 30.679298 114.52576 30.679308 0.2 150.9 
2016-10-25 7:14:34 412553950 114.525793 30.679283 114.525793 30.679283 0.0 0.9 
2016-10-25 7:15:28 412553950 114.525805 30.679267 114.525793 30.679283 0.1 178.9 
2016-10-25 7:18:48 412553950 114.52576 30.679217 114.525805 30.679267 0.0 205.2 
2016-10-25 7:20:49 412553950 114.52576 30.679217 114.52576 30.679217 0.0 205.2 
2016-10-25 7:21:34 412553950 114.525817 30.679242 114.52576 30.679217 0.0 36.1 
2016-10-25 7:24:32 412553950 114.525788 30.679237 114.525817 30.679242 0.0 233.2 
2016-10-25 7:27:36 412553950 114.525768 30.679212 114.525788 30.679237 0.0 113.1 
2016-10-25 7:30:48 412553950 114.525818 30.679322 114.525768 30.679212 0.0 33.5 
2016-10-25 7:33:20 412553950 114.525802 30.679287 114.525818 30.679322 0.0 352.9 
2016-10-25 7:36:31 412553950 114.52581 30.679248 114.525802 30.679287 0.0 228.4 
2016-10-25 7:38:26 412553950 114.52581 30.679248 114.52581 30.679248 0.0 228.4 
2016-10-25 7:48:13 412553950 114.52581 30.67927 114.525842 30.679282 0.0 199.5 
2016-10-25 7:51:50 412553950 114.525793 30.679267 114.52581 30.67927 0.0 329.9 
2016-10-25 7:54:36 412553950 114.525822 30.67929 114.525793 30.679267 0.0  
2016-10-25 7:56:20 412553950 114.525822 30.67929 114.525822 30.67929 0.0  
2016-10-25 8:00:46 412553950 114.525778 30.679242 114.525822 30.67929 0.0 40.3 
2016-10-25 8:03:29 412553950 114.525692 30.679182 114.525778 30.679242 0.1 248.3 
2016-10-25 8:06:22 412553950 114.525702 30.679208 114.525692 30.679182 0.1 119.3 
2016-10-25 8:09:13 412553950 114.525823 30.679313 114.525702 30.679208 0.0 12.1 
2016-10-25 8:12:35 412553950 114.525783 30.679333 114.525823 30.679313 0.1 225.8 
2016-10-25 8:14:47 412553950 114.525783 30.679333 114.525783 30.679333 0.1 225.8 
2016-10-25 8:18:25 412553950 114.525818 30.679327 114.525783 30.679333 0.0 61.6 
2016-10-25 8:20:44 412553950 114.525818 30.679327 114.525818 30.679327 0.0 61.6 
2016-10-25 8:24:56 412553950 114.525763 30.679348 114.525818 30.679327 0.1 326.3 
2016-10-25 8:26:22 412553950 114.525763 30.679348 114.525763 30.679348 0.1 326.3 
2016-10-25 8:27:47 412553950 114.525842 30.679332 114.525763 30.679348 0.0 154.7 
2016-10-25 8:30:31 412553950 114.525785 30.67928 114.525842 30.679332 0.0 145.4 
2016-10-25 8:33:28 412553950 114.525818 30.679297 114.525785 30.67928 0.1 76.9 
2016-10-25 8:39:01 412553950 114.525818 30.679297 114.525818 30.679297 0.1 76.9 
2016-10-25 8:39:37 412553950 114.525853 30.679317 114.525818 30.679297 0.0 158.0 
2016-10-25 8:42:14 412553950 114.525765 30.679267 114.525853 30.679317 0.1 243.2 
2016-10-25 8:44:19 412553950 114.525765 30.679267 114.525765 30.679267 0.1 243.2 
2016-10-25 8:45:34 412553950 114.52577 30.67922 114.525765 30.679267 0.1 108.9 
2016-10-25 8:48:21 412553950 114.525817 30.679253 114.52577 30.67922 0.0 318.6 
2016-10-25 8:50:36 412553950 114.525817 30.679253 114.525817 30.679253 0.0 318.6 
2016-10-25 8:51:39 412553950 114.525822 30.679238 114.525817 30.679253 0.0 109.7 
2016-10-25 9:07:03 412553950 114.525783 30.679197 114.525833 30.679223 0.0 214.1 
2016-10-25 9:08:18 412553950 114.525783 30.679197 114.525783 30.679197 0.0 214.1 
2016-10-25 9:09:38 412553950 114.525827 30.679227 114.525783 30.679197 0.1 245.1 
2016-10-25 9:12:25 412553950 114.525737 30.679197 114.525827 30.679227 0.1 203.1 
2016-10-25 9:26:34 412553950 114.525738 30.679205 114.525738 30.679205 0.0  
2016-10-25 9:27:12 412553950 114.525737 30.679167 114.525738 30.679205 0.1 58.1 
2016-10-25 9:36:20 412553950 114.525833 30.679208 114.525745 30.679193 0.1 96.7 
2016-10-25 9:38:36 412553950 114.525833 30.679208 114.525833 30.679208 0.1 96.7 
2016-10-25 9:40:01 412553950 114.525752 30.679315 114.525833 30.679208 0.0 11.2 
2016-10-25 9:42:38 412553950 114.525802 30.679207 114.525752 30.679315 0.2 237.2 
2016-10-25 9:44:35 412553950 114.525802 30.679207 114.525802 30.679207 0.2 237.2 
2016-10-25 9:45:34 412553950 114.525695 30.679205 114.525802 30.679207 0.0 341.8 
2016-10-25 9:48:41 412553950 114.52579 30.679228 114.525695 30.679205 0.1 23.2 
2016-10-25 9:51:32 412553950 114.525803 30.679338 114.52579 30.679228 0.1 278.2 
2016-10-25 9:54:34 412553950 114.525787 30.679223 114.525803 30.679338 0.1 275.8 
2016-10-25 9:56:23 412553950 114.525787 30.679223 114.525787 30.679223 0.1 275.8 
2016-10-25 9:57:12 412553950 114.525768 30.679217 114.525787 30.679223 0.1 132.7 
2016-10-25 10:00:25 412553950 114.525847 30.679332 114.525768 30.679217 0.1 10.0 
2016-10-25 10:03:16 412553950 114.52583 30.679347 114.525847 30.679332 0.0 255.6 
2016-10-25 10:06:44 412553950 114.525812 30.679232 114.52583 30.679347 0.0 143.7 
2016-10-25 10:08:36 412553950 114.525812 30.679232 114.525812 30.679232 0.0 143.7 
2016-10-25 10:12:32 412553950 114.52584 30.679262 114.525812 30.679232 0.1 48.3 
2016-10-25 10:14:41 412553950 114.52584 30.679262 114.52584 30.679262 0.1 48.3 
2016-10-25 10:15:14 412553950 114.525858 30.679338 114.52584 30.679262 0.1 266.0 
2016-10-25 10:26:58 412553950 114.525812 30.679263 114.525812 30.679263 0.1 47.3 
2016-10-25 10:27:39 412553950 114.525832 30.679247 114.525812 30.679263 0.1 202.1 
2016-10-25 10:30:24 412553950 114.52571 30.679243 114.525832 30.679247 0.1 203.4 
2016-10-25 10:33:34 412553950 114.525858 30.679342 114.52571 30.679243 0.2 30.2 
2016-10-25 10:36:45 412553950 114.525822 30.67936 114.525858 30.679342 0.2 202.2 
2016-10-25 10:38:16 412553950 114.525822 30.67936 114.525822 30.67936 0.2 202.2 
2016-10-25 10:39:21 412553950 114.52579 30.67925 114.525822 30.67936 0.1 287.1 
2016-10-25 10:42:49 412553950 114.525782 30.679195 114.52579 30.67925 0.2 27.5 
2016-10-25 10:44:44 412553950 114.525782 30.679195 114.525782 30.679195 0.2 27.5 
2016-10-25 10:45:35 412553950 114.525832 30.6793 114.525782 30.679195 0.1 90.2 
2016-10-25 10:50:19 412553950 114.525832 30.6793 114.525832 30.6793 0.1 90.2 
2016-10-25 10:51:17 412553950 114.525823 30.679168 114.525832 30.6793 0.0 206.9 
2016-10-25 10:54:52 412553950 114.525795 30.679175 114.525823 30.679168 0.1 106.9 
2016-10-25 10:57:37 412553950 114.525805 30.679263 114.525795 30.679175 0.0 33.1 
2016-10-25 11:06:28 412553950 114.525822 30.679275 114.525712 30.679263 0.1 336.6 
2016-10-25 11:08:50 412553950 114.525822 30.679275 114.525822 30.679275 0.1 336.6 
2016-10-25 11:09:22 412553950 114.525862 30.679295 114.525822 30.679275 0.1 148.9 
2016-10-25 11:14:52 412553950 114.525862 30.679295 114.525862 30.679295 0.1 148.9 
2016-10-25 11:15:26 412553950 114.525868 30.679292 114.525862 30.679295 0.0 343.4 
2016-10-25 11:24:49 412553950 114.525847 30.679243 114.52583 30.679258 0.1 163.2 
2016-10-25 11:27:26 412553950 114.525825 30.679205 114.525847 30.679243 0.1 212.6 
2016-10-25 11:39:32 412553950 114.525842 30.679263 114.525803 30.67922 0.0 320.0 
2016-10-25 11:42:16 412553950 114.525823 30.67925 114.525842 30.679263 0.1 175.7 
2016-10-25 11:45:52 412553950 114.52584 30.67924 114.525823 30.67925 0.1 348.6 
2016-10-25 11:48:42 412553950 114.525772 30.679317 114.52584 30.67924 0.0 318.2 
2016-10-25 11:50:32 412553950 114.525772 30.679317 114.525772 30.679317 0.0 318.2 
2016-10-25 11:51:14 412553950 114.525855 30.67925 114.525772 30.679317 0.0  
2016-10-25 11:54:24 412553950 114.525812 30.679277 114.525855 30.67925 0.0 26.3 
2016-10-25 11:56:31 412553950 114.525812 30.679277 114.525812 30.679277 0.0 26.3 
2016-10-25 12:06:43 412553950 114.525843 30.679317 114.525885 30.679247 0.2 33.7 
2016-10-25 12:08:19 412553950 114.525843 30.679317 114.525843 30.679317 0.2 33.7 
2016-10-25 12:09:38 412553950 114.525838 30.679265 114.525843 30.679317 0.1 205.4 
2016-10-25 12:12:34 412553950 114.525805 30.679268 114.525838 30.679265 0.1 25.5 
2016-10-25 12:14:46 412553950 114.525805 30.679268 114.525805 30.679268 0.1 25.5 
2016-10-25 12:15:24 412553950 114.525827 30.679323 114.525805 30.679268 0.0 327.6 
2016-10-25 12:18:32 412553950 114.525857 30.679317 114.525827 30.679323 0.0 87.4 
2016-10-25 12:20:40 412553950 114.525857 30.679317 114.525857 30.679317 0.0 87.4 
2016-10-25 12:24:17 412553950 114.525762 30.67933 114.525857 30.679317 0.1 301.7 
2016-10-25 12:32:38 412553950 114.525797 30.679258 114.525797 30.679258 0.0 274.3 
2016-10-25 12:33:40 412553950 114.52582 30.679277 114.525797 30.679258 0.0 111.8 
2016-10-25 12:36:21 412553950 114.525793 30.67931 114.52582 30.679277 0.0 3.7 
2016-10-25 12:38:28 412553950 114.525793 30.67931 114.525793 30.67931 0.0 3.7 
2016-10-25 12:39:37 412553950 114.525815 30.679285 114.525793 30.67931 0.0 182.6 
2016-10-25 12:42:32 412553950 114.525798 30.679313 114.525815 30.679285 0.0 330.1 
2016-10-25 12:44:45 412553950 114.525798 30.679313 114.525798 30.679313 0.0 330.1 
2016-10-25 12:45:59 412553950 114.52581 30.67929 114.525798 30.679313 0.1 174.3 
2016-10-25 12:48:44 412553950 114.525788 30.679215 114.52581 30.67929 0.0 259.0 
2016-10-25 12:50:45 412553950 114.525788 30.679215 114.525788 30.679215 0.0 259.0 
2016-10-25 12:51:32 412553950 114.52584 30.679315 114.525788 30.679215 0.0 6.1 
2016-10-25 12:56:49 412553950 114.52584 30.679315 114.52584 30.679315 0.0 6.1 
2016-10-25 12:57:27 412553950 114.525835 30.679333 114.52584 30.679315 0.0 289.3 
2016-10-25 13:00:19 412553950 114.525862 30.679317 114.525835 30.679333 0.0 113.7 
2016-10-25 13:06:16 412553950 114.52585 30.679297 114.525862 30.679317 0.0 140.9 
2016-10-25 13:08:15 412553950 114.52585 30.679297 114.52585 30.679297 0.0 140.9 
2016-10-25 13:12:40 412553950 114.525817 30.679235 114.52585 30.679297 0.0 286.8 
2016-10-25 13:20:39 412553950 114.525765 30.679293 114.525765 30.679293 0.0 303.1 
2016-10-25 13:21:37 412553950 114.52583 30.679238 114.525765 30.679293 0.1 179.0 
2016-10-25 13:24:44 412553950 114.52578 30.679278 114.52583 30.679238 0.1 20.0 
2016-10-25 13:26:25 412553950 114.52578 30.679278 114.52578 30.679278 0.1 20.0 
2016-10-25 13:27:42 412553950 114.525855 30.679322 114.52578 30.679278 0.0 201.2 
2016-10-25 13:30:35 412553950 114.525862 30.679293 114.525855 30.679322 0.0 135.2 
2016-10-25 13:32:33 412553950 114.525862 30.679293 114.525862 30.679293 0.0 135.2 
2016-10-25 13:36:33 412553950 114.525845 30.67935 114.525862 30.679293 0.0 142.0 
2016-10-25 13:39:19 412553950 114.525847 30.679335 114.525845 30.67935 0.0 213.3 
2016-10-25 13:48:37 412553950 114.525833 30.67942 114.525877 30.679308 0.1 37.5 
2016-10-25 13:50:19 412553950 114.525833 30.67942 114.525833 30.67942 0.1 37.5 
2016-10-25 13:54:21 412553950 114.525863 30.679325 114.525833 30.67942 0.0  
2016-10-25 13:56:26 412553950 114.525863 30.679325 114.525863 30.679325 0.0  
2016-10-25 14:06:29 412553950 114.52586 30.67933 114.525878 30.679365 0.0 191.6 
2016-10-25 14:09:13 412553950 114.525883 30.679363 114.52586 30.67933 0.0 94.7 
2016-10-25 14:12:42 412553950 114.525843 30.679348 114.525883 30.679363 0.0 181.9 
2016-10-25 14:14:57 412553950 114.525843 30.679348 114.525843 30.679348 0.0 181.9 
2016-10-25 14:15:32 412553950 114.525833 30.67936 114.525843 30.679348 0.0  
2016-10-25 14:18:16 412553950 114.525817 30.679387 114.525833 30.67936 0.0 173.4 
2016-10-25 14:20:42 412553950 114.525817 30.679387 114.525817 30.679387 0.0 173.4 
2016-10-25 14:21:56 412553950 114.525858 30.679362 114.525817 30.679387 0.0 104.2 
2016-10-25 14:30:44 412553950 114.525862 30.679318 114.525848 30.679358 0.0 169.5 
2016-10-25 14:33:54 412553950 114.525855 30.679337 114.525862 30.679318 0.0 351.5 
2016-10-25 14:36:25 412553950 114.525863 30.679358 114.525855 30.679337 0.0  
2016-10-25 14:44:41 412553950 114.525823 30.679298 114.525823 30.679298 0.0 344.6 
2016-10-25 14:45:57 412553950 114.525817 30.679308 114.525823 30.679298 0.1 111.9 
2016-10-25 14:48:19 412553950 114.525807 30.679323 114.525817 30.679308 0.0 304.0 
2016-10-25 14:50:44 412553950 114.525807 30.679323 114.525807 30.679323 0.0 304.0 
2016-10-25 14:51:18 412553950 114.525838 30.679357 114.525807 30.679323 0.0  
2016-10-25 14:54:21 412553950 114.525843 30.679327 114.525838 30.679357 0.0  
2016-10-25 14:57:25 412553950 114.525883 30.679358 114.525843 30.679327 0.0 61.9 
2016-10-25 15:00:42 412553950 114.525843 30.679373 114.525883 30.679358 0.0 122.2 
2016-10-25 15:02:35 412553950 114.525843 30.679373 114.525843 30.679373 0.0 122.2 
2016-10-25 15:03:36 412553950 114.525817 30.67932 114.525843 30.679373 0.0 218.6 
2016-10-25 15:06:46 412553950 114.525847 30.67935 114.525817 30.67932 0.0 13.9 
2016-10-25 15:09:23 412553950 114.525912 30.679367 114.525847 30.67935 0.0 100.7 
2016-10-25 15:12:21 412553950 114.52585 30.679392 114.525912 30.679367 0.0 27.5 
2016-10-25 15:15:43 412553950 114.525837 30.679363 114.52585 30.679392 0.0 198.3 
2016-10-25 15:20:34 412553950 114.525837 30.679363 114.525837 30.679363 0.0 198.3 
2016-10-25 15:21:25 412553950 114.525838 30.679362 114.525837 30.679363 0.0 284.6 
2016-10-25 15:24:34 412553950 114.52589 30.6793 114.525838 30.679362 0.0 83.9 
2016-10-25 15:26:13 412553950 114.52589 30.6793 114.52589 30.6793 0.0 83.9 
2016-10-25 15:27:31 412553950 114.525857 30.679332 114.52589 30.6793 0.0 328.3 
2016-10-25 15:30:25 412553950 114.525887 30.679332 114.525857 30.679332 0.0 136.4 
2016-10-25 15:32:12 412553950 114.525887 30.679332 114.525887 30.679332 0.0 136.4 
2016-10-25 15:36:18 412553950 114.525903 30.679335 114.525887 30.679332 0.0 20.8 
2016-10-25 15:39:23 412553950 114.525887 30.67935 114.525903 30.679335 0.0 21.4 
2016-10-25 15:42:14 412553950 114.52584 30.67935 114.525887 30.67935 0.0 289.8 
2016-10-25 15:44:31 412553950 114.52584 30.67935 114.52584 30.67935 0.0 289.8 
2016-10-25 15:45:14 412553950 114.525867 30.67938 114.52584 30.67935 0.0  
2016-10-25 15:48:17 412553950 114.525865 30.679393 114.525867 30.67938 0.0 354.5 
2016-10-25 15:50:37 412553950 114.525865 30.679393 114.525865 30.679393 0.0 354.5 
2016-10-25 15:52:02 412553950 114.525843 30.679442 114.525865 30.679393 0.0 330.4 
2016-10-25 15:54:21 412553950 114.525775 30.679502 114.525843 30.679442 0.1 329.9 
2016-10-25 15:56:40 412553950 114.525775 30.679502 114.525775 30.679502 0.1 329.9 
2016-10-25 16:00:47 412553950 114.525598 30.679583 114.525775 30.679502 0.0 227.6 
2016-10-25 16:02:20 412553950 114.525598 30.679583 114.525598 30.679583 0.0 227.6 
2016-10-25 16:03:31 412553950 114.525577 30.679593 114.525598 30.679583 0.0 297.1 
2016-10-25 16:06:27 412553950 114.525638 30.679588 114.525577 30.679593 0.1 98.3 
2016-10-25 16:09:22 412553950 114.525722 30.679582 114.525638 30.679588 0.0 85.9 
2016-10-25 16:12:36 412553950 114.525643 30.679642 114.525722 30.679582 0.1 284.6 
2016-10-25 16:15:34 412553950 114.525585 30.679588 114.525643 30.679642 0.0 157.0 
2016-10-25 16:18:26 412553950 114.525735 30.679533 114.525585 30.679588 0.2 105.0 
2016-10-25 16:20:18 412553950 114.525735 30.679533 114.525735 30.679533 0.2 105.0 
2016-10-25 16:21:50 412553950 114.5259 30.679333 114.525735 30.679533 0.3 169.9 
2016-10-25 16:24:34 412553950 114.5258 30.679322 114.5259 30.679333 0.1 13.8 
2016-10-25 16:27:48 412553950 114.52588 30.679373 114.5258 30.679322 0.0 302.4 
2016-10-25 16:30:17 412553950 114.525847 30.67944 114.52588 30.679373 0.0 58.5 
2016-10-25 16:32:15 412553950 114.525847 30.67944 114.525847 30.67944 0.0 58.5 
2016-10-25 16:33:34 412553950 114.525863 30.679315 114.525847 30.67944 0.1 195.8 
2016-10-25 16:36:30 412553950 114.525847 30.679348 114.525863 30.679315 0.0 32.8 
2016-10-25 16:39:27 412553950 114.525843 30.679337 114.525847 30.679348 0.0 199.7 
2016-10-25 16:44:36 412553950 114.525843 30.679337 114.525843 30.679337 0.0 199.7 
2016-10-25 16:45:17 412553950 114.525892 30.679365 114.525843 30.679337 0.0  
2016-10-25 16:48:27 412553950 114.525798 30.679357 114.525892 30.679365 0.0 188.9 
2016-10-25 16:51:34 412553950 114.525892 30.679368 114.525798 30.679357 0.0 341.1 
2016-10-25 16:56:28 412553950 114.525892 30.679368 114.525892 30.679368 0.0 341.1 
2016-10-25 16:57:35 412553950 114.525895 30.679373 114.525892 30.679368 0.0  
2016-10-25 17:02:37 412553950 114.525895 30.679373 114.525895 30.679373 0.0  
2016-10-25 17:03:23 412553950 114.52588 30.679337 114.525895 30.679373 0.0  
2016-10-25 17:14:13 412553950 114.525883 30.67941 114.525883 30.67941 0.0 84.2 
2016-10-25 17:15:30 412553950 114.525895 30.679445 114.525883 30.67941 0.0  
2016-10-25 17:18:16 412553950 114.52591 30.679407 114.525895 30.679445 0.0 133.5 
2016-10-25 17:20:22 412553950 114.52591 30.679407 114.52591 30.679407 0.0 133.5 
2016-10-25 17:21:31 412553950 114.525852 30.679435 114.52591 30.679407 0.0 235.6 
2016-10-25 17:24:15 412553950 114.525888 30.679342 114.525852 30.679435 0.0 154.7 
2016-10-25 17:26:33 412553950 114.525888 30.679342 114.525888 30.679342 0.0 154.7 
2016-10-25 17:27:43 412553950 114.525873 30.679372 114.525888 30.679342 0.0  
2016-10-25 17:30:17 412553950 114.525875 30.679307 114.525873 30.679372 0.1 4.7 
2016-10-25 17:33:31 412553950 114.525833 30.679355 114.525875 30.679307 0.0 70.7 
2016-10-25 17:36:34 412553950 114.525848 30.679325 114.525833 30.679355 0.0 208.0 
2016-10-25 17:38:25 412553950 114.525848 30.679325 114.525848 30.679325 0.0 208.0 
2016-10-25 17:42:30 412553950 114.525867 30.679323 114.525848 30.679325 0.2 338.4 
2016-10-25 17:44:18 412553950 114.525867 30.679323 114.525867 30.679323 0.2 338.4 
2016-10-25 17:45:37 412553950 114.525817 30.679437 114.525867 30.679323 0.1 50.2 
2016-10-25 17:48:23 412553950 114.525838 30.679297 114.525817 30.679437 0.1 221.5 
2016-10-25 17:50:25 412553950 114.525838 30.679297 114.525838 30.679297 0.1 221.5 
2016-10-25 17:51:29 412553950 114.525838 30.679305 114.525838 30.679297 0.1 51.3 
2016-10-25 17:54:15 412553950 114.525857 30.679338 114.525838 30.679305 0.0 283.5 
2016-10-25 17:56:20 412553950 114.525857 30.679338 114.525857 30.679338 0.0 283.5 
2016-10-25 17:57:20 412553950 114.525875 30.679328 114.525857 30.679338 0.0 112.0 
2016-10-25 18:00:15 412553950 114.52586 30.679328 114.525875 30.679328 0.0  
2016-10-25 18:03:12 412553950 114.52585 30.679283 114.52586 30.679328 0.0 123.5 
2016-10-25 18:08:48 412553950 114.52585 30.679283 114.52585 30.679283 0.0 123.5 
2016-10-25 18:09:14 412553950 114.52586 30.679318 114.52585 30.679283 0.0 157.7 
2016-10-25 18:12:35 412553950 114.525847 30.67932 114.52586 30.679318 0.0 319.3 
2016-10-25 18:14:29 412553950 114.525847 30.67932 114.525847 30.67932 0.0 319.3 
2016-10-25 18:15:31 412553950 114.525855 30.679345 114.525847 30.67932 0.0 119.9 
2016-10-25 18:24:16 412553950 114.525927 30.679282 114.525877 30.679365 0.0 161.9 
2016-10-25 18:26:32 412553950 114.525927 30.679282 114.525927 30.679282 0.0 161.9 
2016-10-25 18:27:33 412553950 114.525877 30.679327 114.525927 30.679282 0.0 23.8 
2016-10-25 18:30:31 412553950 114.52587 30.679223 114.525877 30.679327 0.0 174.9 
2016-10-25 18:33:36 412553950 114.525865 30.679328 114.52587 30.679223 0.0 19.9 
2016-10-25 18:36:15 412553950 114.525862 30.679353 114.525865 30.679328 0.0 195.2 
2016-10-25 18:39:27 412553950 114.525882 30.679312 114.525862 30.679353 0.1 155.6 
2016-10-25 18:44:28 412553950 114.525882 30.679312 114.525882 30.679312 0.1 155.6 
2016-10-25 18:45:37 412553950 114.525892 30.679348 114.525882 30.679312 0.1 152.0 
2016-10-25 18:48:37 412553950 114.525853 30.679335 114.525892 30.679348 0.0 340.1 
2016-10-25 18:50:22 412553950 114.525853 30.679335 114.525853 30.679335 0.0 340.1 
2016-10-25 18:51:17 412553950 114.525872 30.679315 114.525853 30.679335 0.0 282.9 
2016-10-25 18:54:12 412553950 114.525878 30.679317 114.525872 30.679315 0.0 156.9 
2016-10-25 18:56:27 412553950 114.525878 30.679317 114.525878 30.679317 0.0 156.9 
2016-10-25 18:57:13 412553950 114.525867 30.679275 114.525878 30.679317 0.0 24.3 
2016-10-25 19:00:19 412553950 114.525863 30.679327 114.525867 30.679275 0.0 341.1 
2016-10-25 19:03:30 412553950 114.525858 30.67933 114.525863 30.679327 0.0 73.6 
2016-10-25 19:06:27 412553950 114.525862 30.679308 114.525858 30.67933 0.0  
2016-10-25 19:14:23 412553950 114.525857 30.679352 114.525857 30.679352 0.0  
2016-10-25 19:15:14 412553950 114.52582 30.679318 114.525857 30.679352 0.0  
2016-10-25 19:18:27 412553950 114.52585 30.67932 114.52582 30.679318 0.0  
2016-10-25 19:20:36 412553950 114.52585 30.67932 114.52585 30.67932 0.0  
2016-10-25 19:21:25 412553950 114.525863 30.679297 114.52585 30.67932 0.0 229.0 
2016-10-25 19:30:18 412553950 114.525822 30.679337 114.52585 30.679303 0.0  
2016-10-25 19:33:16 412553950 114.525832 30.679355 114.525822 30.679337 0.0 253.1 
2016-10-25 19:36:23 412553950 114.525832 30.679348 114.525832 30.679355 0.0  
2016-10-25 19:39:30 412553950 114.525877 30.679338 114.525832 30.679348 0.0  
2016-10-25 19:42:27 412553950 114.525875 30.679365 114.525877 30.679338 0.0 330.7 
2016-10-25 19:44:18 412553950 114.525875 30.679365 114.525875 30.679365 0.0 330.7 
2016-10-25 19:45:25 412553950 114.525872 30.679385 114.525875 30.679365 0.0 305.3 
2016-10-25 19:48:21 412553950 114.525823 30.679335 114.525872 30.679385 0.0  
2016-10-25 19:50:13 412553950 114.525823 30.679335 114.525823 30.679335 0.0  
2016-10-25 19:51:36 412553950 114.5259 30.67936 114.525823 30.679335 0.0  
2016-10-25 19:54:37 412553950 114.525838 30.679367 114.5259 30.67936 0.0  
2016-10-25 19:56:16 412553950 114.525838 30.679367 114.525838 30.679367 0.0  
2016-10-25 19:57:15 412553950 114.52587 30.67938 114.525838 30.679367 0.0  
2016-10-25 20:02:18 412553950 114.52587 30.67938 114.52587 30.67938 0.0  
2016-10-25 20:03:22 412553950 114.525903 30.67934 114.52587 30.67938 0.0  
2016-10-25 20:08:31 412553950 114.525903 30.67934 114.525903 30.67934 0.0  
2016-10-25 20:09:19 412553950 114.525927 30.679368 114.525903 30.67934 0.0 210.9 
2016-10-25 20:12:15 412553950 114.525845 30.679348 114.525927 30.679368 0.0 339.2 
2016-10-25 20:14:16 412553950 114.525845 30.679348 114.525845 30.679348 0.0 339.2 
2016-10-25 20:15:26 412553950 114.52589 30.679325 114.525845 30.679348 0.0 148.9 
2016-10-25 20:18:16 412553950 114.52586 30.67929 114.52589 30.679325 0.0  
2016-10-25 20:20:32 412553950 114.52586 30.67929 114.52586 30.67929 0.0  
2016-10-25 20:21:12 412553950 114.525837 30.679327 114.52586 30.67929 0.0 319.6 
2016-10-25 20:24:12 412553950 114.525848 30.679312 114.525837 30.679327 0.0 258.5 
2016-10-25 20:26:29 412553950 114.525848 30.679312 114.525848 30.679312 0.0 258.5 
2016-10-25 20:27:12 412553950 114.525853 30.679315 114.525848 30.679312 0.0 323.5 
2016-10-25 20:30:12 412553950 114.525832 30.67933 114.525853 30.679315 0.0 19.4 
2016-10-25 20:32:27 412553950 114.525832 30.67933 114.525832 30.67933 0.0 19.4 
2016-10-25 20:33:17 412553950 114.52583 30.679322 114.525832 30.67933 0.0  
2016-10-25 20:42:18 412553950 114.525868 30.679298 114.525818 30.67932 0.0 201.1 
2016-10-25 20:45:17 412553950 114.525825 30.679312 114.525868 30.679298 0.0 32.5 
2016-10-25 20:48:20 412553950 114.525853 30.679273 114.525825 30.679312 0.0 219.8 
2016-10-25 20:50:26 412553950 114.525853 30.679273 114.525853 30.679273 0.0 219.8 
2016-10-25 20:51:30 412553950 114.525817 30.679325 114.525853 30.679273 0.0 22.6 
2016-10-25 20:54:26 412553950 114.525822 30.679333 114.525817 30.679325 0.0 225.2 
2016-10-25 20:56:28 412553950 114.525822 30.679333 114.525822 30.679333 0.0 225.2 
2016-10-25 20:57:18 412553950 114.525827 30.679373 114.525822 30.679333 0.0 29.2 
2016-10-25 21:00:28 412553950 114.525845 30.67938 114.525827 30.679373 0.0  
2016-10-25 21:02:37 412553950 114.525845 30.67938 114.525845 30.67938 0.0  
2016-10-25 21:03:15 412553950 114.525853 30.679353 114.525845 30.67938 0.0  
2016-10-25 21:06:22 412553950 114.525737 30.679317 114.525853 30.679353 0.0 334.0 
2016-10-25 21:08:11 412553950 114.525737 30.679317 114.525737 30.679317 0.0 334.0 
2016-10-25 21:09:27 412553950 114.525795 30.679382 114.525737 30.679317 0.0 195.9 
2016-10-25 21:12:23 412553950 114.525842 30.679368 114.525795 30.679382 0.0 352.4 
2016-10-25 21:14:22 412553950 114.525842 30.679368 114.525842 30.679368 0.0 352.4 
2016-10-25 21:15:11 412553950 114.525845 30.679317 114.525842 30.679368 0.0 164.7 
2016-10-25 21:18:18 412553950 114.525867 30.679323 114.525845 30.679317 0.0 358.5 
2016-10-25 21:26:19 412553950 114.525872 30.67932 114.525872 30.67932 0.0 170.3 
2016-10-25 21:27:19 412553950 114.525852 30.679352 114.525872 30.67932 0.0  
2016-10-25 21:30:30 412553950 114.525857 30.679367 114.525852 30.679352 0.0 215.7 
2016-10-25 21:32:20 412553950 114.525857 30.679367 114.525857 30.679367 0.0 215.7 
2016-10-25 21:36:27 412553950 114.52583 30.679323 114.525857 30.679367 0.0  
2016-10-25 21:38:24 412553950 114.52583 30.679323 114.52583 30.679323 0.0  
2016-10-25 21:39:22 412553950 114.525832 30.67933 114.52583 30.679323 0.0 237.9 
2016-10-25 21:42:23 412553950 114.525828 30.679302 114.525832 30.67933 0.0 300.8 
2016-10-25 21:50:18 412553950 114.525827 30.679338 114.525827 30.679338 0.0 27.2 
2016-10-25 21:51:20 412553950 114.525863 30.679382 114.525827 30.679338 0.0 224.3 
2016-10-25 21:54:17 412553950 114.525907 30.679393 114.525863 30.679382 0.0 339.9 
2016-10-25 21:56:17 412553950 114.525907 30.679393 114.525907 30.679393 0.0 339.9 
2016-10-25 21:57:21 412553950 114.525827 30.679365 114.525907 30.679393 0.0 149.9 
2016-10-25 22:00:32 412553950 114.525848 30.679323 114.525827 30.679365 0.0 222.5 
2016-10-25 22:08:25 412553950 114.525847 30.67923 114.525847 30.67923 0.0  
2016-10-25 22:21:19 412553950 114.52581 30.679317 114.5258 30.679303 0.0 26.2 
2016-10-25 22:36:27 412553950 114.525833 30.679293 114.525838 30.679312 0.0  
2016-10-25 22:39:21 412553950 114.525827 30.679322 114.525833 30.679293 0.0  
2016-10-25 22:42:14 412553950 114.525837 30.67929 114.525827 30.679322 0.0  
2016-10-25 22:45:23 412553950 114.525858 30.679278 114.525837 30.67929 0.0 315.9 
2016-10-25 22:48:19 412553950 114.525862 30.679313 114.525858 30.679278 0.0 261.7 
2016-10-25 22:56:12 412553950 114.525752 30.679262 114.525752 30.679262 0.0 235.3 
2016-10-25 22:57:25 412553950 114.525817 30.6793 114.525752 30.679262 0.1 37.8 
2016-10-25 23:06:14 412553950 114.525852 30.679295 114.525827 30.67926 0.0 27.9 
2016-10-25 23:08:33 412553950 114.525852 30.679295 114.525852 30.679295 0.0 27.9 
2016-10-25 23:09:30 412553950 114.52587 30.67928 114.525852 30.679295 0.0 225.3 
2016-10-25 23:12:15 412553950 114.52585 30.679277 114.52587 30.67928 0.0 331.8 
2016-10-25 23:15:27 412553950 114.525878 30.67934 114.52585 30.679277 0.0 331.0 
2016-10-25 23:18:26 412553950 114.525833 30.679293 114.525878 30.67934 0.0 194.9 
2016-10-25 23:20:29 412553950 114.525833 30.679293 114.525833 30.679293 0.0 194.9 
2016-10-25 23:24:12 412553950 114.525848 30.679325 114.525833 30.679293 0.0 220.0 
2016-10-25 23:27:25 412553950 114.52585 30.679285 114.525848 30.679325 0.0 251.8 
2016-10-25 23:30:27 412553950 114.525848 30.679283 114.52585 30.679285 0.0 324.1 
2016-10-25 23:32:34 412553950 114.525848 30.679283 114.525848 30.679283 0.0 324.1 
2016-10-25 23:33:23 412553950 114.525832 30.679318 114.525848 30.679283 0.0  
2016-10-25 23:36:34 412553950 114.525822 30.679265 114.525832 30.679318 0.0 244.6 
2016-10-25 23:38:29 412553950 114.525822 30.679265 114.525822 30.679265 0.0 244.6 
2016-10-25 23:39:14 412553950 114.525833 30.679235 114.525822 30.679265 0.0 102.9 
2016-10-25 23:42:19 412553950 114.525765 30.679258 114.525833 30.679235 0.0 244.7 
2016-10-25 23:45:13 412553950 114.525847 30.679283 114.525765 30.679258 0.0 37.7 
2016-10-25 23:48:14 412553950 114.525818 30.679305 114.525847 30.679283 0.0 40.8 
2016-10-25 23:50:24 412553950 114.525818 30.679305 114.525818 30.679305 0.0 40.8 
2016-10-25 23:51:14 412553950 114.525838 30.679317 114.525818 30.679305 0.0 303.2 
2016-10-25 23:54:19 412553950 114.525822 30.679313 114.525838 30.679317 0.0 80.8 
2016-10-25 23:56:21 412553950 114.525822 30.679313 114.525822 30.679313 0.0 80.8 
2016-10-25 23:57:17 412553950 114.525857 30.679293 114.525822 30.679313 0.0  
