2016-10-24 0:14:44 413784643 114.318843 30.595943 114.318845 30.595943 0.0 98.5 
2016-10-24 0:15:03 413784643 114.318843 30.595945 114.318843 30.595943 0.0 98.5 
2016-10-24 0:17:31 413784643 114.318843 30.595942 114.318843 30.595945 0.0 98.5 
2016-10-24 0:21:03 413784643 114.318842 30.595938 114.318843 30.595942 0.0 98.5 
2016-10-24 0:23:53 413784643 114.318838 30.595938 114.318842 30.595938 0.0 98.5 
2016-10-24 0:26:46 413784643 114.318843 30.595933 114.318838 30.595938 0.0 98.5 
2016-10-24 0:27:06 413784643 114.318845 30.59594 114.318843 30.595933 0.0 98.5 
2016-10-24 0:29:42 413784643 114.31884 30.595935 114.318845 30.59594 0.0 98.5 
2016-10-24 0:39:11 413784643 114.318837 30.595935 114.31884 30.595933 0.0 98.5 
2016-10-24 0:44:59 413784643 114.31884 30.595928 114.318835 30.595932 0.0 98.5 
2016-10-24 0:47:55 413784643 114.318837 30.59593 114.31884 30.595928 0.0 98.5 
2016-10-24 0:51:02 413784643 114.318838 30.595927 114.318837 30.59593 0.0 98.5 
2016-10-24 0:53:30 413784643 114.318838 30.595925 114.318838 30.595927 0.0 98.5 
2016-10-24 0:57:05 413784643 114.318838 30.595927 114.318838 30.595925 0.0 98.5 
2016-10-24 0:59:52 413784643 114.318838 30.595928 114.318838 30.595927 0.0 98.5 
2016-10-24 1:03:02 413784643 114.318843 30.595925 114.318838 30.595928 0.0 98.5 
2016-10-24 1:05:36 413784643 114.318837 30.595923 114.318843 30.595925 0.0 98.5 
2016-10-24 1:08:37 413784643 114.31884 30.595925 114.318837 30.595923 0.0 98.5 
2016-10-24 1:09:12 413784643 114.318843 30.595925 114.31884 30.595925 0.0 98.5 
2016-10-24 1:11:35 413784643 114.318838 30.595927 114.318843 30.595925 0.0 98.5 
2016-10-24 1:20:34 413784643 114.318842 30.595927 114.318832 30.595927 0.0 98.5 
2016-10-24 1:23:36 413784643 114.318837 30.595923 114.318842 30.595927 0.0 98.5 
2016-10-24 1:26:31 413784643 114.318837 30.595927 114.318837 30.595923 0.0 98.5 
2016-10-24 1:27:09 413784643 114.318835 30.595923 114.318837 30.595927 0.0 98.5 
2016-10-24 1:29:32 413784643 114.318837 30.595923 114.318835 30.595923 0.0 98.5 
2016-10-24 1:32:28 413784643 114.318835 30.595918 114.318837 30.595923 0.0 98.5 
2016-10-24 1:33:22 413784643 114.318832 30.595922 114.318835 30.595918 0.0 98.5 
2016-10-24 1:35:35 413784643 114.318835 30.595923 114.318832 30.595922 0.0 98.5 
2016-10-24 1:38:41 413784643 114.31883 30.595918 114.318835 30.595923 0.0 98.5 
2016-10-24 1:39:16 413784643 114.31884 30.595917 114.31883 30.595918 0.0 98.5 
2016-10-24 1:41:36 413784643 114.318832 30.595918 114.31884 30.595917 0.0 98.5 
2016-10-24 1:44:33 413784643 114.318837 30.595917 114.318832 30.595918 0.0 98.5 
2016-10-24 1:47:28 413784643 114.318835 30.595915 114.318837 30.595917 0.0 98.5 
2016-10-24 1:50:29 413784643 114.318842 30.595918 114.318835 30.595915 0.0 98.5 
2016-10-24 1:51:00 413784643 114.318837 30.595918 114.318842 30.595918 0.0 98.5 
2016-10-24 1:53:26 413784643 114.318838 30.59592 114.318837 30.595918 0.0 98.5 
2016-10-24 1:56:56 413784643 114.318837 30.595913 114.318838 30.59592 0.0 98.5 
2016-10-24 1:59:42 413784643 114.318845 30.595915 114.318837 30.595913 0.0 98.5 
2016-10-24 2:02:35 413784643 114.318838 30.595917 114.318845 30.595915 0.0 98.5 
2016-10-24 2:05:41 413784643 114.318842 30.595918 114.318838 30.595917 0.0 98.5 
2016-10-24 2:08:35 413784643 114.318843 30.595917 114.318842 30.595918 0.0 98.5 
2016-10-24 2:11:43 413784643 114.318842 30.595918 114.318843 30.595917 0.0 98.5 
2016-10-24 2:14:29 413784643 114.318843 30.595918 114.318842 30.595918 0.0 98.5 
2016-10-24 2:15:09 413784643 114.318845 30.595922 114.318843 30.595918 0.0 98.5 
2016-10-24 2:17:46 413784643 114.318848 30.595917 114.318845 30.595922 0.0 98.5 
2016-10-24 2:20:47 413784643 114.318847 30.595915 114.318848 30.595917 0.0 98.5 
2016-10-24 2:29:39 413784643 114.318852 30.595923 114.318848 30.595918 0.0 98.5 
2016-10-24 2:39:03 413784643 114.318848 30.595923 114.318845 30.595918 0.0 98.5 
2016-10-24 2:41:35 413784643 114.318852 30.595922 114.318848 30.595923 0.0 98.5 
2016-10-24 2:44:33 413784643 114.31885 30.595918 114.318852 30.595922 0.0 98.5 
2016-10-24 2:47:37 413784643 114.318847 30.595918 114.31885 30.595918 0.0 98.5 
2016-10-24 2:57:10 413784643 114.318852 30.595917 114.318842 30.595915 0.0 98.5 
2016-10-24 2:59:48 413784643 114.318847 30.595918 114.318852 30.595917 0.0 98.5 
2016-10-24 3:03:00 413784643 114.318843 30.59592 114.318847 30.595918 0.0 98.5 
2016-10-24 3:05:30 413784643 114.318842 30.595918 114.318843 30.59592 0.0 98.5 
2016-10-24 3:14:37 413784643 114.318847 30.595922 114.31885 30.595923 0.0 98.5 
2016-10-24 3:15:12 413784643 114.318845 30.595918 114.318847 30.595922 0.0 98.5 
2016-10-24 3:17:37 413784643 114.318843 30.59592 114.318845 30.595918 0.0 98.5 
2016-10-24 3:27:04 413784643 114.31885 30.595915 114.31884 30.595917 0.0 98.5 
2016-10-24 3:29:52 413784643 114.318833 30.595918 114.31885 30.595915 0.0 98.5 
2016-10-24 3:33:12 413784643 114.318843 30.595918 114.318833 30.595918 0.0 98.5 
2016-10-24 3:35:53 413784643 114.318842 30.595918 114.318843 30.595918 0.0 98.5 
2016-10-24 3:38:36 413784643 114.31884 30.595915 114.318842 30.595918 0.0 98.5 
2016-10-24 3:39:11 413784643 114.318848 30.595913 114.31884 30.595915 0.0 98.5 
2016-10-24 3:41:48 413784643 114.318847 30.595918 114.318848 30.595913 0.0 98.5 
2016-10-24 3:44:43 413784643 114.318845 30.595915 114.318847 30.595918 0.0 98.5 
2016-10-24 3:45:22 413784643 114.31884 30.595917 114.318845 30.595915 0.0 98.5 
2016-10-24 3:47:47 413784643 114.318843 30.595917 114.31884 30.595917 0.0 98.5 
2016-10-24 3:50:35 413784643 114.318847 30.595917 114.318843 30.595917 0.0 98.5 
2016-10-24 3:51:09 413784643 114.318847 30.595915 114.318847 30.595917 0.0 98.5 
2016-10-24 3:53:29 413784643 114.318845 30.595918 114.318847 30.595915 0.0 98.5 
2016-10-24 4:03:12 413784643 114.318842 30.595917 114.318848 30.595915 0.0 98.5 
2016-10-24 4:05:43 413784643 114.318842 30.595917 114.318842 30.595917 0.0 98.5 
2016-10-24 4:15:18 413784643 114.318845 30.595915 114.318842 30.595915 0.0 98.5 
2016-10-24 4:27:15 413784643 114.318842 30.595915 114.31884 30.595917 0.0 98.5 
2016-10-24 4:29:43 413784643 114.318838 30.595915 114.318842 30.595915 0.0 98.5 
2016-10-24 4:39:03 413784643 114.31884 30.595913 114.318842 30.595918 0.0 98.5 
2016-10-24 4:41:37 413784643 114.31884 30.595915 114.31884 30.595913 0.0 98.5 
2016-10-24 4:51:06 413784643 114.31884 30.595917 114.318838 30.595912 0.0 98.5 
2016-10-24 4:53:35 413784643 114.318842 30.595918 114.31884 30.595917 0.0 98.5 
2016-10-24 5:03:21 413784643 114.318843 30.595917 114.318838 30.59591 0.0 98.5 
2016-10-24 5:05:54 413784643 114.318845 30.595918 114.318843 30.595917 0.0 98.5 
2016-10-24 5:15:05 413784643 114.318835 30.595915 114.31884 30.595918 0.0 98.5 
2016-10-24 5:17:33 413784643 114.318838 30.595923 114.318835 30.595915 0.0 98.5 
2016-10-24 5:27:03 413784643 114.318837 30.595917 114.31884 30.595922 0.0 98.5 
2016-10-24 5:29:35 413784643 114.318842 30.595913 114.318837 30.595917 0.0 98.5 
2016-10-24 5:39:23 413784643 114.31884 30.595918 114.318842 30.595917 0.0 98.5 
2016-10-24 5:47:37 413784643 114.318843 30.595917 114.318842 30.595917 0.0 98.5 
2016-10-24 6:03:05 413784643 114.318838 30.59591 114.318838 30.595912 0.0 98.5 
2016-10-24 6:27:26 413784643 114.318837 30.595912 114.318838 30.595915 0.0 98.5 
2016-10-24 6:29:36 413784643 114.318835 30.59591 114.318837 30.595912 0.0 98.5 
2016-10-24 6:39:08 413784643 114.318837 30.59591 114.318837 30.595912 0.0 98.5 
2016-10-24 6:41:58 413784643 114.31884 30.595913 114.318837 30.59591 0.0 98.5 
2016-10-24 6:53:42 413784643 114.318842 30.595912 114.31884 30.595913 0.0 98.5 
2016-10-24 7:03:13 413784643 114.318838 30.595908 114.31884 30.595915 0.0 98.5 
2016-10-24 7:05:45 413784643 114.318842 30.595912 114.318838 30.595908 0.0 98.5 
2016-10-24 7:15:25 413784643 114.318837 30.59591 114.318838 30.595908 0.0 98.5 
2016-10-24 7:35:58 413784643 114.318835 30.595907 114.318832 30.595918 0.0 98.5 
2016-10-24 7:38:50 413784643 114.318832 30.595913 114.318835 30.595907 0.0 98.5 
2016-10-24 7:39:28 413784643 114.318833 30.595913 114.318832 30.595913 0.0 98.5 
2016-10-24 7:51:16 413784643 114.318838 30.595912 114.318835 30.595912 0.0 98.5 
2016-10-24 7:53:47 413784643 114.318837 30.595918 114.318838 30.595912 0.0 98.5 
2016-10-24 8:03:41 413784643 114.318835 30.595915 114.318832 30.595913 0.0 98.5 
2016-10-24 8:05:58 413784643 114.318832 30.595925 114.318835 30.595915 0.0 98.5 
2016-10-24 8:09:35 413784643 114.318828 30.595918 114.318832 30.595925 0.0 98.5 
2016-10-24 8:17:37 413784643 114.318833 30.595918 114.318838 30.595915 0.0 98.5 
2016-10-24 8:20:44 413784643 114.318833 30.59592 114.318833 30.595918 0.0 98.5 
2016-10-24 8:23:54 413784643 114.31883 30.595918 114.318833 30.59592 0.0 98.5 
2016-10-24 8:27:25 413784643 114.318835 30.595913 114.31883 30.595918 0.0 98.5 
2016-10-24 8:35:45 413784643 114.318837 30.595918 114.318835 30.595913 0.0 98.5 
2016-10-24 8:44:33 413784643 114.318455 30.595362 114.31845 30.59538 0.0 177.2 
2016-10-24 8:45:34 413784643 114.318453 30.595358 114.318455 30.595362 0.0 177.2 
2016-10-24 9:03:27 413784643 114.318478 30.595348 114.318475 30.595347 0.0 177.2 
2016-10-24 9:05:48 413784643 114.318477 30.59535 114.318478 30.595348 0.0 177.2 
2016-10-24 9:08:56 413784643 114.318482 30.595347 114.318477 30.59535 0.0 177.2 
2016-10-24 9:09:25 413784643 114.318482 30.595345 114.318482 30.595347 0.0 177.2 
2016-10-24 9:11:54 413784643 114.318482 30.595347 114.318482 30.595345 0.0 177.2 
2016-10-24 9:15:03 413784643 114.318485 30.595345 114.318482 30.595347 0.0 177.2 
2016-10-24 9:17:37 413784643 114.318487 30.595338 114.318485 30.595345 0.0 177.2 
2016-10-24 9:20:55 413784643 114.318492 30.595337 114.318487 30.595338 0.0 177.2 
2016-10-24 9:21:20 413784643 114.318497 30.59534 114.318492 30.595337 0.0 177.2 
2016-10-24 9:23:32 413784643 114.318493 30.59534 114.318497 30.59534 0.0 177.2 
2016-10-24 9:26:50 413784643 114.318492 30.595338 114.318493 30.59534 0.0 177.2 
2016-10-24 9:27:22 413784643 114.318492 30.595335 114.318492 30.595338 0.0 177.2 
2016-10-24 9:29:38 413784643 114.318493 30.595333 114.318492 30.595335 0.0 177.2 
2016-10-24 9:32:43 413784643 114.318498 30.595337 114.318493 30.595333 0.0 177.2 
2016-10-24 9:33:33 413784643 114.3185 30.595337 114.318498 30.595337 0.0 177.2 
2016-10-24 9:35:40 413784643 114.318498 30.595335 114.3185 30.595337 0.0 177.2 
2016-10-24 9:38:52 413784643 114.3185 30.595335 114.318498 30.595335 0.0 177.2 
2016-10-24 9:39:22 413784643 114.318497 30.59533 114.3185 30.595335 0.0 177.2 
2016-10-24 9:41:38 413784643 114.318505 30.595332 114.318497 30.59533 0.0 177.2 
2016-10-24 9:44:42 413784643 114.318502 30.595332 114.318505 30.595332 0.0 177.2 
2016-10-24 9:47:33 413784643 114.3185 30.59533 114.318502 30.595332 0.0 177.2 
2016-10-24 9:50:41 413784643 114.318508 30.595328 114.3185 30.59533 0.0 177.2 
2016-10-24 9:59:45 413784643 114.318497 30.595325 114.318503 30.595328 0.0 177.2 
2016-10-24 10:03:30 413784643 114.318503 30.595322 114.318497 30.595325 0.0 177.2 
2016-10-24 10:06:14 413784643 114.318503 30.595325 114.318503 30.595322 0.0 177.2 
2016-10-24 10:08:42 413784643 114.318505 30.595327 114.318503 30.595325 0.0 177.2 
2016-10-24 10:09:34 413784643 114.318507 30.595327 114.318505 30.595327 0.0 177.2 
2016-10-24 10:12:06 413784643 114.318505 30.595322 114.318507 30.595327 0.0 177.2 
2016-10-24 10:14:36 413784643 114.318502 30.595327 114.318505 30.595322 0.0 177.2 
2016-10-24 10:15:26 413784643 114.318502 30.595325 114.318502 30.595327 0.0 177.2 
2016-10-24 10:18:17 413784643 114.318508 30.595327 114.318502 30.595325 0.0 177.2 
2016-10-24 10:20:45 413784643 114.318513 30.595327 114.318508 30.595327 0.0 177.2 
2016-10-24 10:21:33 413784643 114.318507 30.595325 114.318513 30.595327 0.0 177.2 
2016-10-24 10:23:43 413784643 114.31851 30.595332 114.318507 30.595325 0.0 177.2 
2016-10-24 10:26:35 413784643 114.31851 30.595327 114.31851 30.595332 0.0 177.2 
2016-10-24 10:27:27 413784643 114.31851 30.595327 114.31851 30.595327 0.0 177.2 
2016-10-24 10:30:17 413784643 114.318515 30.595332 114.31851 30.595327 0.0 177.2 
2016-10-24 10:32:54 413784643 114.318512 30.595327 114.318515 30.595332 0.0 177.2 
2016-10-24 10:33:14 413784643 114.31851 30.595323 114.318512 30.595327 0.0 177.2 
2016-10-24 10:36:23 413784643 114.318512 30.595327 114.31851 30.595323 0.0 177.2 
2016-10-24 10:39:13 413784643 114.318513 30.595327 114.318512 30.595327 0.0 177.2 
2016-10-24 10:42:21 413784643 114.318512 30.59532 114.318513 30.595327 0.0 177.2 
2016-10-24 10:44:59 413784643 114.318508 30.59532 114.318512 30.59532 0.0 177.2 
2016-10-24 10:48:12 413784643 114.318505 30.595318 114.318508 30.59532 0.0 177.2 
2016-10-24 10:50:43 413784643 114.318508 30.595318 114.318505 30.595318 0.0 177.2 
2016-10-24 10:51:32 413784643 114.318508 30.595322 114.318508 30.595318 0.0 177.2 
2016-10-24 10:54:12 413784643 114.31851 30.59532 114.318508 30.595322 0.0 177.2 
2016-10-24 10:56:44 413784643 114.318512 30.59532 114.31851 30.59532 0.0 177.2 
2016-10-24 10:57:29 413784643 114.31851 30.59532 114.318512 30.59532 0.0 177.2 
2016-10-24 11:00:05 413784643 114.31851 30.595318 114.31851 30.59532 0.0 177.2 
2016-10-24 11:02:50 413784643 114.318512 30.59532 114.31851 30.595318 0.0 177.2 
2016-10-24 11:03:52 413784643 114.318508 30.595317 114.318512 30.59532 0.0 177.2 
2016-10-24 11:05:55 413784643 114.31851 30.595317 114.318508 30.595317 0.0 177.2 
2016-10-24 11:14:42 413784643 114.31851 30.595315 114.31851 30.595317 0.0 177.2 
2016-10-24 11:15:50 413784643 114.318507 30.595313 114.31851 30.595315 0.0 177.2 
2016-10-24 11:18:06 413784643 114.318508 30.595315 114.318507 30.595313 0.0 177.2 
2016-10-24 11:20:55 413784643 114.318508 30.595315 114.318508 30.595315 0.0 177.2 
2016-10-24 11:21:20 413784643 114.318507 30.59531 114.318508 30.595315 0.0 177.2 
2016-10-24 11:24:03 413784643 114.318507 30.595313 114.318507 30.59531 0.0 177.2 
2016-10-24 11:26:35 413784643 114.318507 30.595313 114.318507 30.595313 0.0 177.2 
2016-10-24 11:27:23 413784643 114.318503 30.595315 114.318507 30.595313 0.0 177.2 
2016-10-24 11:33:16 413784643 114.318508 30.595313 114.318507 30.595313 0.0 177.2 
2016-10-24 11:35:58 413784643 114.318502 30.59531 114.318508 30.595313 0.0 177.2 
2016-10-24 11:38:52 413784643 114.318505 30.595315 114.318502 30.59531 0.0 177.2 
2016-10-24 11:39:39 413784643 114.318505 30.595312 114.318505 30.595315 0.0 177.2 
2016-10-24 11:41:36 413784643 114.318503 30.595312 114.318505 30.595312 0.0 177.2 
2016-10-24 11:44:58 413784643 114.318503 30.595315 114.318503 30.595312 0.0 177.2 
2016-10-24 11:45:27 413784643 114.318503 30.595312 114.318503 30.595315 0.0 177.2 
2016-10-24 11:50:34 413784643 114.318503 30.595312 114.318503 30.595312 0.0 177.2 
2016-10-24 11:51:44 413784643 114.318502 30.595315 114.318503 30.595312 0.0 177.2 
2016-10-24 11:53:51 413784643 114.318503 30.595312 114.318502 30.595315 0.0 177.2 
2016-10-24 11:56:36 413784643 114.318502 30.595313 114.318503 30.595312 0.0 177.2 
2016-10-24 12:05:54 413784643 114.318502 30.595315 114.318498 30.595315 0.0 177.2 
2016-10-24 12:09:35 413784643 114.318505 30.595312 114.318502 30.595315 0.0 177.2 
2016-10-24 12:14:53 413784643 114.318505 30.595313 114.318505 30.595312 0.0 177.2 
2016-10-24 12:35:52 413784643 114.318503 30.595313 114.318505 30.595315 0.0 177.2 
2016-10-24 13:21:00 413784643 114.318497 30.595317 114.318503 30.595322 0.0 177.2 
2016-10-24 13:23:41 413784643 114.318497 30.595315 114.318497 30.595317 0.0 177.2 
2016-10-24 13:27:40 413784643 114.318497 30.595315 114.318497 30.595315 0.0 177.2 
2016-10-24 13:29:49 413784643 114.318502 30.595315 114.318497 30.595315 0.0 177.2 
2016-10-24 13:33:23 413784643 114.318498 30.595313 114.318502 30.595315 0.0 177.2 
2016-10-24 14:15:32 413784643 114.318505 30.595328 114.318503 30.59533 0.0 177.2 
2016-10-24 14:23:44 413784643 114.318508 30.595327 114.318503 30.595328 0.0 177.2 
2016-10-24 14:26:54 413784643 114.318503 30.595328 114.318508 30.595327 0.0 177.2 
2016-10-24 14:27:19 413784643 114.318505 30.595328 114.318503 30.595328 0.0 177.2 
2016-10-24 14:30:17 413784643 114.318505 30.595328 114.318505 30.595328 0.0 177.2 
2016-10-24 14:32:44 413784643 114.318495 30.595322 114.318505 30.595328 0.0 177.2 
2016-10-24 14:42:34 413784643 114.318508 30.595328 114.318505 30.595328 0.0 177.2 
2016-10-24 15:55:05 413784643 114.31544 30.59406 114.316395 30.594252 3.3 297.3 
2016-10-24 15:55:56 413784643 114.314657 30.594837 114.31544 30.59406 4.3 335.9 
2016-10-24 15:57:10 413784643 114.314673 30.596765 114.314657 30.594837 5.4 20.0 
2016-10-24 15:57:39 413784643 114.315035 30.597483 114.314673 30.596765 5.8 26.1 
2016-10-24 15:58:38 413784643 114.316005 30.599005 114.315035 30.597483 6.5 32.0 
2016-10-24 15:59:27 413784643 114.31658 30.599775 114.316005 30.599005 6.7 33.6 
2016-10-24 16:00:37 413784643 114.317817 30.601323 114.31658 30.599775 7.0 36.3 
2016-10-24 16:01:28 413784643 114.319157 30.602882 114.317817 30.601323 6.9 35.6 
2016-10-24 16:02:31 413784643 114.32051 30.604382 114.319157 30.602882 6.8 38.2 
2016-10-24 16:03:31 413784643 114.322513 30.606382 114.32051 30.604382 7.2 44.2 
2016-10-24 16:04:42 413784643 114.324517 30.608195 114.322513 30.606382 7.5 43.6 
2016-10-24 16:05:06 413784643 114.325355 30.60894 114.324517 30.608195 7.6 41.6 
2016-10-24 16:05:55 413784643 114.326167 30.609693 114.325355 30.60894 7.6 41.4 
2016-10-24 16:06:36 413784643 114.327028 30.610522 114.326167 30.609693 7.6 42.1 
2016-10-24 16:07:32 413784643 114.328662 30.612122 114.327028 30.610522 7.9 42.4 
2016-10-24 16:08:38 413784643 114.331197 30.61448 114.328662 30.612122 7.7 43.0 
2016-10-24 16:09:11 413784643 114.332037 30.61525 114.331197 30.61448 7.9 43.5 
2016-10-24 16:09:38 413784643 114.332937 30.61603 114.332037 30.61525 7.9 44.2 
2016-10-24 16:10:48 413784643 114.334653 30.61767 114.332937 30.61603 7.9 42.8 
2016-10-24 16:11:53 413784643 114.33645 30.619242 114.334653 30.61767 8.0 45.1 
2016-10-24 16:12:23 413784643 114.337325 30.62004 114.33645 30.619242 8.0 45.0 
2016-10-24 16:13:04 413784643 114.338192 30.620813 114.337325 30.62004 8.1 44.2 
2016-10-24 16:13:59 413784643 114.34004 30.622388 114.338192 30.620813 7.9 47.8 
2016-10-24 16:15:05 413784643 114.34191 30.624 114.34004 30.622388 8.2 46.5 
2016-10-24 16:15:33 413784643 114.34338 30.625162 114.34191 30.624 8.2 48.6 
2016-10-24 16:16:20 413784643 114.344852 30.62635 114.34338 30.625162 8.6 45.7 
2016-10-24 16:17:04 413784643 114.34589 30.627058 114.344852 30.62635 8.4 50.6 
2016-10-24 16:18:02 413784643 114.34786 30.628547 114.34589 30.627058 8.5 49.0 
2016-10-24 16:19:14 413784643 114.351047 30.630777 114.34786 30.628547 8.4 51.9 
2016-10-24 16:19:46 413784643 114.352083 30.631493 114.351047 30.630777 8.5 51.0 
2016-10-24 16:21:22 413784643 114.355298 30.633777 114.352083 30.631493 8.7 52.2 
2016-10-24 16:22:18 413784643 114.357478 30.635248 114.355298 30.633777 8.6 51.0 
2016-10-24 16:22:44 413784643 114.358595 30.635985 114.357478 30.635248 8.9 53.0 
2016-10-24 16:24:05 413784643 114.361963 30.638125 114.358595 30.635985 8.6 53.3 
2016-10-24 16:24:57 413784643 114.363065 30.63888 114.361963 30.638125 8.6 51.4 
2016-10-24 16:25:35 413784643 114.36528 30.640387 114.363065 30.63888 8.6 51.9 
2016-10-24 16:26:42 413784643 114.367467 30.641823 114.36528 30.640387 8.6 53.9 
2016-10-24 16:27:51 413784643 114.369758 30.643228 114.367467 30.641823 8.5 55.3 
2016-10-24 16:31:37 413784643 114.377848 30.647675 114.369758 30.643228 8.5 62.1 
2016-10-24 16:32:52 413784643 114.381483 30.649308 114.377848 30.647675 8.5 64.0 
2016-10-24 16:33:30 413784643 114.383452 30.650147 114.381483 30.649308 8.5 65.3 
2016-10-24 16:35:37 413784643 114.387578 30.651897 114.383452 30.650147 8.5 63.5 
2016-10-24 16:37:56 413784643 114.393665 30.654398 114.387578 30.651897 8.4 64.7 
2016-10-24 16:39:29 413784643 114.397412 30.655758 114.393665 30.654398 8.3 68.3 
2016-10-24 16:40:53 413784643 114.401172 30.656943 114.397412 30.655758 8.0 73.1 
2016-10-24 16:41:53 413784643 114.40365 30.657913 114.401172 30.656943 8.3 68.2 
