2016-10-25 11:20:30 413774029 114.252595 30.512393 114.251492 30.510897 6.4 32.5 
2016-10-25 11:22:41 413774029 114.255015 30.515422 114.252595 30.512393 6.5 36.1 
2016-10-25 11:24:29 413774029 114.257425 30.518378 114.255015 30.515422 6.6 33.5 
2016-10-25 11:25:41 413774029 114.258592 30.519897 114.257425 30.518378 6.6 34.1 
2016-10-25 11:36:44 413774029 114.272287 30.535605 114.271292 30.534202 6.3 28.5 
2016-10-25 11:38:42 413774029 114.273862 30.537763 114.272287 30.535605 6.0 33.3 
2016-10-25 11:39:17 413774029 114.274957 30.539135 114.273862 30.537763 6.0 33.8 
2016-10-25 11:43:31 413774029 114.27917 30.544597 114.274957 30.539135 5.9 31.7 
2016-10-25 11:45:12 413774029 114.28105 30.547467 114.27917 30.544597 5.7 30.0 
2016-10-25 11:46:12 413774029 114.281493 30.548183 114.28105 30.547467 6.0 26.1 
2016-10-25 11:47:53 413774029 114.28307 30.550948 114.281493 30.548183 5.5 27.9 
2016-10-25 11:49:04 413774029 114.283912 30.552332 114.28307 30.550948 5.4 26.0 
2016-10-25 11:50:16 413774029 114.285082 30.554295 114.283912 30.552332 5.3 25.5 
2016-10-25 11:50:46 413774029 114.285468 30.555 114.285082 30.554295 5.2 27.6 
2016-10-25 11:51:31 413774029 114.28586 30.555655 114.285468 30.555 5.2 28.0 
2016-10-25 11:53:12 413774029 114.287293 30.558248 114.28586 30.555655 5.0 28.0 
2016-10-25 11:54:41 413774029 114.287995 30.559473 114.287293 30.558248 5.0 27.0 
2016-10-25 11:55:15 413774029 114.288737 30.56071 114.287995 30.559473 5.1 24.2 
2016-10-25 11:56:53 413774029 114.289852 30.562527 114.288737 30.56071 4.9 27.3 
2016-10-25 11:58:03 413774029 114.290668 30.563725 114.289852 30.562527 4.9 33.6 
2016-10-25 11:59:28 413774029 114.291973 30.565475 114.290668 30.563725 5.0 36.8 
2016-10-25 12:00:31 413774029 114.292833 30.566583 114.291973 30.565475 4.9 33.5 
2016-10-25 12:02:02 413774029 114.294122 30.568297 114.292833 30.566583 4.8 34.4 
2016-10-25 12:02:46 413774029 114.294988 30.569403 114.294122 30.568297 4.8 31.4 
2016-10-25 12:05:41 413774029 114.297403 30.572723 114.294988 30.569403 4.7 31.5 
2016-10-25 12:06:12 413774029 114.297798 30.573328 114.297403 30.572723 4.8 30.5 
2016-10-25 12:07:01 413774029 114.298185 30.573938 114.297798 30.573328 4.7 29.9 
2016-10-25 12:08:35 413774029 114.299378 30.575608 114.298185 30.573938 4.9 29.3 
2016-10-25 12:09:19 413774029 114.300197 30.57676 114.299378 30.575608 4.8 30.8 
2016-10-25 12:09:54 413774029 114.300555 30.57726 114.300197 30.57676 4.8 32.4 
2016-10-25 12:10:34 413774029 114.300937 30.57781 114.300555 30.57726 4.8 32.5 
2016-10-25 12:12:10 413774029 114.302165 30.579613 114.300937 30.57781 4.8 29.8 
2016-10-25 12:12:52 413774029 114.302917 30.580715 114.302165 30.579613 4.7 29.7 
2016-10-25 12:13:30 413774029 114.303332 30.581325 114.302917 30.580715 4.8 29.8 
2016-10-25 12:15:06 413774029 114.304412 30.583077 114.303332 30.581325 4.7 29.4 
2016-10-25 12:16:11 413774029 114.305518 30.584725 114.304412 30.583077 4.7 30.8 
2016-10-25 12:16:44 413774029 114.30592 30.585332 114.305518 30.584725 4.8 30.2 
2016-10-25 12:17:38 413774029 114.306297 30.585877 114.30592 30.585332 4.7 30.2 
2016-10-25 12:18:16 413774029 114.307097 30.58709 114.306297 30.585877 5.0 30.2 
2016-10-25 12:19:22 413774029 114.307888 30.588245 114.307097 30.58709 4.8 30.2 
2016-10-25 12:20:19 413774029 114.308665 30.589378 114.307888 30.588245 4.8 30.7 
2016-10-25 12:20:58 413774029 114.309093 30.589982 114.308665 30.589378 5.1 32.0 
2016-10-25 12:21:52 413774029 114.3099 30.591075 114.309093 30.589982 4.9 30.5 
2016-10-25 12:22:54 413774029 114.310705 30.592253 114.3099 30.591075 4.9 30.0 
2016-10-25 12:24:03 413774029 114.311448 30.593412 114.310705 30.592253 4.7 30.7 
2016-10-25 12:26:19 413774029 114.313468 30.596172 114.311448 30.593412 4.8 31.5 
2016-10-25 12:26:47 413774029 114.313883 30.596768 114.313468 30.596172 4.8 33.5 
2016-10-25 12:27:17 413774029 114.314305 30.5973 114.313883 30.596768 4.8 30.7 
2016-10-25 12:28:01 413774029 114.314748 30.597913 114.314305 30.5973 4.8 32.6 
2016-10-25 12:29:06 413774029 114.315497 30.599017 114.314748 30.597913 4.8 33.9 
2016-10-25 12:30:33 413774029 114.316725 30.600697 114.315497 30.599017 4.7 31.5 
2016-10-25 12:31:39 413774029 114.317987 30.602388 114.316725 30.600697 4.7 35.3 
2016-10-25 12:32:09 413774029 114.318388 30.60289 114.317987 30.602388 4.7 33.3 
2016-10-25 12:33:26 413774029 114.319287 30.60398 114.318388 30.60289 4.7 36.9 
2016-10-25 12:33:56 413774029 114.319703 30.604482 114.319287 30.60398 4.6 36.3 
2016-10-25 12:35:20 413774029 114.32063 30.605578 114.319703 30.604482 4.7 34.7 
2016-10-25 12:36:03 413774029 114.321503 30.606603 114.32063 30.605578 4.6 34.0 
2016-10-25 12:37:11 413774029 114.322418 30.607643 114.321503 30.606603 4.5 35.0 
2016-10-25 12:38:08 413774029 114.323387 30.60859 114.322418 30.607643 4.6 42.7 
2016-10-25 12:38:49 413774029 114.324377 30.60955 114.323387 30.60859 4.7 41.1 
2016-10-25 12:39:23 413774029 114.324888 30.610045 114.324377 30.60955 4.5 42.2 
2016-10-25 12:39:55 413774029 114.325375 30.610508 114.324888 30.610045 4.6 40.5 
2016-10-25 12:40:58 413774029 114.326365 30.61146 114.325375 30.610508 4.7 44.5 
2016-10-25 12:42:17 413774029 114.327913 30.612887 114.326365 30.61146 4.7 45.2 
2016-10-25 12:42:49 413774029 114.328475 30.613355 114.327913 30.612887 4.5 48.2 
2016-10-25 12:43:50 413774029 114.329557 30.614297 114.328475 30.613355 4.7 45.7 
2016-10-25 12:44:32 413774029 114.33005 30.61474 114.329557 30.614297 4.7 45.1 
2016-10-25 12:45:24 413774029 114.331155 30.615663 114.33005 30.61474 4.7 46.0 
2016-10-25 12:46:20 413774029 114.332287 30.616572 114.331155 30.615663 4.8 46.6 
2016-10-25 12:46:53 413774029 114.332862 30.61702 114.332287 30.616572 4.8 47.4 
2016-10-25 12:47:27 413774029 114.333393 30.617448 114.332862 30.61702 4.8 46.6 
2016-10-25 12:49:03 413774029 114.335142 30.618837 114.333393 30.617448 4.8 45.7 
2016-10-25 12:49:49 413774029 114.336275 30.619743 114.335142 30.618837 4.8 48.5 
2016-10-25 12:50:26 413774029 114.336868 30.620175 114.336275 30.619743 4.9 47.7 
2016-10-25 12:51:51 413774029 114.338618 30.621558 114.336868 30.620175 4.9 46.0 
2016-10-25 12:52:21 413774029 114.339198 30.622012 114.338618 30.621558 4.9 47.3 
2016-10-25 12:52:53 413774029 114.339778 30.622488 114.339198 30.622012 5.0 45.4 
2016-10-25 12:54:29 413774029 114.341492 30.623827 114.339778 30.622488 5.0 45.1 
2016-10-25 12:55:43 413774029 114.343272 30.625197 114.341492 30.623827 4.8 49.1 
2016-10-25 12:56:18 413774029 114.343955 30.62571 114.343272 30.625197 4.9 50.9 
2016-10-25 12:57:09 413774029 114.344512 30.626187 114.343955 30.62571 5.2 42.2 
2016-10-25 12:57:44 413774029 114.345805 30.627127 114.344512 30.626187 5.2 48.6 
2016-10-25 12:58:12 413774029 114.34636 30.62756 114.345805 30.627127 5.2 47.7 
2016-10-25 12:58:42 413774029 114.347048 30.628055 114.34636 30.62756 5.3 47.4 
2016-10-25 12:59:27 413774029 114.347685 30.628533 114.347048 30.628055 5.2 49.7 
2016-10-25 13:00:33 413774029 114.348945 30.629492 114.347685 30.628533 5.3 51.7 
2016-10-25 13:02:06 413774029 114.350915 30.630852 114.348945 30.629492 5.3 50.8 
2016-10-25 13:02:45 413774029 114.352267 30.631797 114.350915 30.630852 5.4 51.2 
2016-10-25 13:03:18 413774029 114.352923 30.63224 114.352267 30.631797 5.3 52.7 
2016-10-25 13:03:49 413774029 114.353632 30.632708 114.352923 30.63224 5.4 52.4 
2016-10-25 13:04:46 413774029 114.355 30.633618 114.353632 30.632708 5.4 53.4 
2016-10-25 13:05:25 413774029 114.35571 30.634095 114.355 30.633618 5.4 51.5 
2016-10-25 13:06:32 413774029 114.357138 30.63503 114.35571 30.634095 5.5 54.3 
2016-10-25 13:07:56 413774029 114.35924 30.63642 114.357138 30.63503 5.5 52.1 
2016-10-25 13:08:58 413774029 114.360683 30.637362 114.35924 30.63642 5.5 53.1 
2016-10-25 13:09:52 413774029 114.36213 30.638245 114.360683 30.637362 5.5 55.2 
2016-10-25 13:10:27 413774029 114.362843 30.638683 114.36213 30.638245 5.5 52.4 
2016-10-25 13:12:20 413774029 114.365677 30.640492 114.362843 30.638683 5.6 52.2 
2016-10-25 13:13:30 413774029 114.36713 30.641418 114.365677 30.640492 5.5 50.2 
2016-10-25 13:15:04 413774029 114.369237 30.642778 114.36713 30.641418 5.6 53.8 
2016-10-25 13:15:43 413774029 114.370763 30.643673 114.369237 30.642778 5.5 55.4 
2016-10-25 13:16:15 413774029 114.37149 30.644097 114.370763 30.643673 5.5 55.5 
2016-10-25 13:16:43 413774029 114.372263 30.644532 114.37149 30.644097 5.5 58.5 
2016-10-25 13:17:38 413774029 114.372952 30.644897 114.372263 30.644532 5.3 58.1 
2016-10-25 13:19:19 413774029 114.37586 30.646342 114.372952 30.644897 5.5 57.3 
2016-10-25 13:20:19 413774029 114.377308 30.647132 114.37586 30.646342 5.5 56.6 
2016-10-25 13:21:23 413774029 114.378917 30.647932 114.377308 30.647132 5.2 64.5 
2016-10-25 13:22:45 413774029 114.381163 30.649053 114.378917 30.647932 5.4 63.6 
2016-10-25 13:24:15 413774029 114.383458 30.650135 114.381163 30.649053 5.5 59.0 
2016-10-25 13:25:04 413774029 114.38425 30.650515 114.383458 30.650135 5.4 59.9 
2016-10-25 13:25:40 413774029 114.3858 30.651252 114.38425 30.650515 5.4 61.4 
2016-10-25 13:26:10 413774029 114.386575 30.651568 114.3858 30.651252 5.4 67.4 
2016-10-25 13:26:39 413774029 114.38736 30.651888 114.386575 30.651568 5.4 65.6 
2016-10-25 13:27:25 413774029 114.388122 30.652275 114.38736 30.651888 5.4 62.3 
2016-10-25 13:28:51 413774029 114.390465 30.653287 114.388122 30.652275 5.5 63.9 
2016-10-25 13:30:18 413774029 114.392782 30.654267 114.390465 30.653287 5.4 66.9 
2016-10-25 13:31:22 413774029 114.394428 30.654852 114.392782 30.654267 5.3 66.4 
2016-10-25 13:32:12 413774029 114.39603 30.655403 114.394428 30.654852 5.4 68.6 
2016-10-25 13:32:50 413774029 114.396795 30.655672 114.39603 30.655403 5.4 69.1 
2016-10-25 13:33:48 413774029 114.398402 30.656218 114.396795 30.655672 5.4 69.6 
2016-10-25 13:34:36 413774029 114.400068 30.656795 114.398402 30.656218 5.5 68.8 
2016-10-25 13:35:41 413774029 114.401697 30.657292 114.400068 30.656795 5.1 71.9 
2016-10-25 13:36:07 413774029 114.402502 30.657573 114.401697 30.657292 5.6 66.4 
2016-10-25 13:36:52 413774029 114.403347 30.657845 114.402502 30.657573 5.3 67.9 
2016-10-25 13:37:52 413774029 114.404937 30.65838 114.403347 30.657845 5.4 69.6 
2016-10-25 13:39:02 413774029 114.40655 30.658928 114.404937 30.65838 5.4 66.2 
2016-10-25 13:39:33 413774029 114.408117 30.659465 114.40655 30.658928 5.3 68.4 
2016-10-25 13:40:29 413774029 114.408973 30.65975 114.408117 30.659465 5.5 68.5 
2016-10-25 13:41:37 413774029 114.410472 30.660237 114.408973 30.65975 5.2 69.4 
2016-10-25 13:42:45 413774029 114.412858 30.661007 114.410472 30.660237 5.2 69.6 
2016-10-25 13:43:16 413774029 114.41363 30.661272 114.412858 30.661007 5.2 67.8 
2016-10-25 13:44:40 413774029 114.415982 30.66196 114.41363 30.661272 5.1 71.2 
2016-10-25 13:45:12 413774029 114.416735 30.662188 114.415982 30.66196 5.2 71.9 
2016-10-25 13:46:29 413774029 114.41832 30.662688 114.416735 30.662188 5.1 71.2 
2016-10-25 13:47:04 413774029 114.419843 30.66317 114.41832 30.662688 5.1 69.9 
2016-10-25 13:47:35 413774029 114.420615 30.663402 114.419843 30.66317 5.1 70.8 
2016-10-25 13:48:56 413774029 114.422112 30.66387 114.420615 30.663402 4.9 68.0 
2016-10-25 13:50:03 413774029 114.423643 30.664355 114.422112 30.66387 5.1 66.4 
2016-10-25 13:52:05 413774029 114.427393 30.665727 114.423643 30.664355 5.0 67.0 
2016-10-25 13:52:34 413774029 114.428137 30.665982 114.427393 30.665727 5.0 69.5 
2016-10-25 13:53:00 413774029 114.428895 30.666233 114.428137 30.665982 5.1 68.2 
2016-10-25 13:53:41 413774029 114.42964 30.666502 114.428895 30.666233 5.0 66.9 
2016-10-25 13:54:09 413774029 114.430395 30.66677 114.42964 30.666502 5.2 67.0 
2016-10-25 13:54:32 413774029 114.431138 30.667023 114.430395 30.66677 5.1 67.2 
2016-10-25 13:56:42 413774029 114.434102 30.668153 114.431138 30.667023 5.0 64.9 
2016-10-25 13:57:12 413774029 114.434805 30.668433 114.434102 30.668153 5.0 65.0 
2016-10-25 13:57:43 413774029 114.435553 30.668735 114.434805 30.668433 5.0 65.1 
2016-10-25 13:58:31 413774029 114.436277 30.669045 114.435553 30.668735 5.0 64.2 
2016-10-25 13:59:14 413774029 114.437727 30.669657 114.436277 30.669045 5.0 61.2 
2016-10-25 13:59:47 413774029 114.438427 30.669967 114.437727 30.669657 5.2 61.5 
2016-10-25 14:01:15 413774029 114.440602 30.670952 114.438427 30.669967 5.0 60.6 
2016-10-25 14:02:22 413774029 114.442028 30.671548 114.440602 30.670952 5.0 62.7 
2016-10-25 14:03:51 413774029 114.444213 30.672472 114.442028 30.671548 5.2 66.8 
2016-10-25 14:04:55 413774029 114.445867 30.673045 114.444213 30.672472 5.3 68.2 
2016-10-25 14:06:42 413774029 114.448858 30.674252 114.445867 30.673045 5.2 65.3 
2016-10-25 14:08:26 413774029 114.450995 30.67515 114.448858 30.674252 5.1 66.1 
2016-10-25 14:09:28 413774029 114.45251 30.675805 114.450995 30.67515 5.3 68.2 
2016-10-25 14:10:46 413774029 114.454098 30.676392 114.45251 30.675805 5.2 62.2 
2016-10-25 14:11:40 413774029 114.456293 30.677317 114.454098 30.676392 4.9 65.9 
2016-10-25 14:12:13 413774029 114.456993 30.677578 114.456293 30.677317 5.0 65.7 
2016-10-25 14:12:59 413774029 114.457772 30.677878 114.456993 30.677578 5.3 66.4 
2016-10-25 14:14:23 413774029 114.459948 30.678655 114.457772 30.677878 5.0 68.8 
2016-10-25 14:15:14 413774029 114.461507 30.67917 114.459948 30.678655 5.0 67.5 
2016-10-25 14:15:45 413774029 114.462287 30.67945 114.461507 30.67917 5.0 70.3 
2016-10-25 14:17:30 413774029 114.464575 30.680165 114.462287 30.67945 5.0 71.3 
2016-10-25 14:18:03 413774029 114.466085 30.680632 114.464575 30.680165 5.0 69.8 
2016-10-25 14:19:02 413774029 114.467593 30.681112 114.466085 30.680632 5.0 70.8 
2016-10-25 14:19:52 413774029 114.468338 30.681407 114.467593 30.681112 5.0 65.1 
2016-10-25 14:20:27 413774029 114.4691 30.681655 114.468338 30.681407 5.0 69.2 
2016-10-25 14:21:24 413774029 114.470582 30.682063 114.4691 30.681655 4.9 69.1 
2016-10-25 14:22:12 413774029 114.4721 30.682575 114.470582 30.682063 5.0 68.2 
2016-10-25 14:22:46 413774029 114.47287 30.682823 114.4721 30.682575 5.0 68.9 
2016-10-25 14:25:29 413774029 114.477363 30.684323 114.47287 30.682823 5.0 71.0 
2016-10-25 14:26:47 413774029 114.478903 30.684755 114.477363 30.684323 5.0 74.2 
2016-10-25 14:27:53 413774029 114.480408 30.685122 114.478903 30.684755 5.0 74.8 
2016-10-25 14:29:19 413774029 114.482715 30.685668 114.480408 30.685122 5.0 73.7 
2016-10-25 14:30:59 413774029 114.485058 30.686308 114.482715 30.685668 5.0 72.9 
2016-10-25 14:31:52 413774029 114.486588 30.686708 114.485058 30.686308 5.0 74.3 
2016-10-25 14:32:28 413774029 114.487317 30.68687 114.486588 30.686708 5.0 75.6 
2016-10-25 14:33:23 413774029 114.48892 30.68723 114.487317 30.68687 5.0 74.6 
2016-10-25 14:34:12 413774029 114.490458 30.687517 114.48892 30.68723 4.9 79.5 
2016-10-25 14:34:47 413774029 114.4913 30.68765 114.490458 30.687517 5.0 80.6 
2016-10-25 14:35:51 413774029 114.49281 30.687933 114.4913 30.68765 5.0 79.5 
2016-10-25 14:36:43 413774029 114.494428 30.688167 114.49281 30.687933 5.0 80.1 
2016-10-25 14:38:18 413774029 114.496788 30.688482 114.494428 30.688167 4.9 83.6 
2016-10-25 14:39:05 413774029 114.49836 30.688642 114.496788 30.688482 4.9 84.9 
2016-10-25 14:40:32 413774029 114.500688 30.688743 114.49836 30.688642 4.9 90.1 
2016-10-25 14:42:30 413774029 114.503802 30.688555 114.500688 30.688743 4.8 96.6 
2016-10-25 14:43:45 413774029 114.50531 30.688398 114.503802 30.688555 4.8 97.0 
2016-10-25 14:46:13 413774029 114.509083 30.687755 114.50531 30.688398 4.8 103.5 
2016-10-25 14:46:45 413774029 114.509845 30.687573 114.509083 30.687755 4.8 105.7 
2016-10-25 14:48:37 413774029 114.512878 30.686808 114.509845 30.687573 4.9 106.1 
2016-10-25 14:50:16 413774029 114.515142 30.686173 114.512878 30.686808 5.0 109.3 
2016-10-25 14:52:22 413774029 114.518163 30.685225 114.515142 30.686173 5.0 111.8 
2016-10-25 14:54:36 413774029 114.521918 30.68384 114.518163 30.685225 5.1 114.9 
2016-10-25 14:56:45 413774029 114.524788 30.682542 114.521918 30.68384 5.1 119.2 
2016-10-25 14:58:40 413774029 114.527645 30.681132 114.524788 30.682542 5.1 122.2 
2016-10-25 14:59:07 413774029 114.528278 30.680757 114.527645 30.681132 5.1 124.8 
2016-10-25 14:59:55 413774029 114.528977 30.680347 114.528278 30.680757 5.1 123.1 
2016-10-25 15:00:56 413774029 114.530323 30.679585 114.528977 30.680347 5.1 126.5 
2016-10-25 15:02:17 413774029 114.531538 30.678657 114.530323 30.679585 5.1 131.0 
2016-10-25 15:03:52 413774029 114.534058 30.676612 114.531538 30.678657 5.5 138.3 
2016-10-25 15:05:48 413774029 114.536433 30.674343 114.534058 30.676612 5.6 141.1 
2016-10-25 15:07:05 413774029 114.538152 30.672462 114.536433 30.674343 5.9 142.9 
2016-10-25 15:09:33 413774029 114.540648 30.66896 114.538152 30.672462 5.9 153.0 
2016-10-25 15:11:34 413774029 114.542323 30.665892 114.540648 30.66896 6.1 156.8 
2016-10-25 15:12:36 413774029 114.543048 30.664273 114.542323 30.665892 6.3 158.9 
2016-10-25 15:13:17 413774029 114.543398 30.663468 114.543048 30.664273 6.3 160.1 
2016-10-25 15:14:15 413774029 114.544137 30.661808 114.543398 30.663468 6.4 159.6 
2016-10-25 15:15:26 413774029 114.544885 30.660153 114.544137 30.661808 6.4 157.6 
2016-10-25 15:16:26 413774029 114.545708 30.658517 114.544885 30.660153 6.5 155.8 
2016-10-25 15:17:49 413774029 114.54658 30.656877 114.545708 30.658517 6.5 155.8 
2016-10-25 15:19:00 413774029 114.5484 30.653635 114.54658 30.656877 6.3 153.0 
2016-10-25 15:20:16 413774029 114.549243 30.65204 114.5484 30.653635 6.2 153.7 
2016-10-25 15:21:11 413774029 114.550125 30.650523 114.549243 30.65204 6.2 152.7 
2016-10-25 15:21:38 413774029 114.550592 30.649745 114.550125 30.650523 6.1 154.9 
2016-10-25 15:25:58 413774029 114.553907 30.64365 114.550592 30.649745 6.0 154.3 
2016-10-25 15:27:11 413774029 114.554997 30.64142 114.553907 30.64365 5.9 157.9 
2016-10-25 15:29:39 413774029 114.556637 30.63759 114.554997 30.64142 5.7 160.9 
2016-10-25 15:30:37 413774029 114.557357 30.636002 114.556637 30.63759 5.9 160.6 
2016-10-25 15:32:29 413774029 114.558515 30.633795 114.557357 30.636002 5.8 157.7 
2016-10-25 15:34:16 413774029 114.559878 30.63083 114.558515 30.633795 5.7 159.3 
2016-10-25 15:35:49 413774029 114.560767 30.628585 114.559878 30.63083 5.6 163.8 
2016-10-25 15:37:03 413774029 114.561603 30.626415 114.560767 30.628585 5.5 160.3 
2016-10-25 15:37:36 413774029 114.561885 30.625692 114.561603 30.626415 5.6 157.7 
2016-10-25 15:39:06 413774029 114.56276 30.623528 114.561885 30.625692 5.4 163.7 
2016-10-25 15:39:58 413774029 114.56322 30.622105 114.56276 30.623528 5.4 165.0 
2016-10-25 15:41:59 413774029 114.564172 30.619228 114.56322 30.622105 5.3 164.9 
2016-10-25 15:42:25 413774029 114.564392 30.618507 114.564172 30.619228 5.3 165.2 
2016-10-25 15:44:15 413774029 114.56503 30.616367 114.564392 30.618507 5.3 158.9 
2016-10-25 15:47:33 413774029 114.5667 30.612378 114.56503 30.616367 4.9 167.4 
2016-10-25 15:55:14 413774029 114.569277 30.602357 114.568483 30.604738 4.3 163.2 
2016-10-25 16:35:57 413774029 114.597443 30.560292 114.5942 30.562093 4.9 118.3 
2016-10-25 16:38:35 413774029 114.60103 30.558753 114.597443 30.560292 5.2 115.7 
