2016-10-20 0:01:08 413977484 114.29867 30.565583 114.298648 30.565573 0.0 130.2 293.0
2016-10-20 00:07:08 413977484 114.298668125 30.5655820625     
2016-10-20 0:07:32 413977484 114.298668 30.565582 114.298668 30.565582 0.0 133.9 46.0
2016-10-20 0:10:07 413977484 114.298667 30.565582 114.298668 30.565582 0.0 306.5 0.0
2016-10-20 0:13:08 413977484 114.298667 30.565583 114.298667 30.565582 0.0 158.4 256.0
2016-10-20 0:13:36 413977484 114.298667 30.565583 114.298667 30.565583 0.0 175.2 68.0
2016-10-20 0:16:08 413977484 114.298667 30.565585 114.298667 30.565583 0.0 200.3 115.0
2016-10-20 0:19:19 413977484 114.29866 30.565593 114.298667 30.565585 0.0 259.5 160.0
2016-10-20 0:19:34 413977484 114.29866 30.565593 114.29866 30.565593 0.0 142.9 142.0
2016-10-20 0:22:18 413977484 114.298658 30.565592 114.29866 30.565593 0.0 180.1 117.0
2016-10-20 0:25:17 413977484 114.298677 30.565585 114.298658 30.565592 0.0 110.1 151.0
2016-10-20 0:25:33 413977484 114.298677 30.565585 114.298677 30.565585 0.0 328.0 328.0
2016-10-20 0:28:08 413977484 114.298667 30.565583 114.298677 30.565585 0.0 286.8 154.0
2016-10-20 0:31:16 413977484 114.298668 30.565583 114.298667 30.565583 0.0 58.6 241.0
2016-10-20 00:37:16 413977484 114.2986670721649 30.56558207216495     
2016-10-20 0:37:44 413977484 114.298667 30.565582 114.298668 30.565582 0.0 64.0 64.0
2016-10-20 0:40:20 413977484 114.298665 30.565583 114.298667 30.565582 0.0 86.6 56.0
2016-10-20 0:43:42 413977484 114.298665 30.565585 114.298665 30.565583 0.0 84.0 84.0
2016-10-20 0:49:39 413977484 114.298662 30.56559 114.298662 30.56559 0.0 36.2 36.0
2016-10-20 00:55:39 413977484 114.2986560821918 30.56558630136986     
2016-10-20 01:01:39 413977484 114.2986501643836 30.56558260273972     
2016-10-20 01:07:39 413977484 114.2986442465753 30.56557890410959     
2016-10-20 01:13:39 413977484 114.2986383287671 30.56557520547945     
2016-10-20 1:13:59 413977484 114.298638 30.565575 114.29864 30.565588 0.0 1.6 1.0
2016-10-20 1:16:39 413977484 114.29864 30.565577 114.298638 30.565575 0.0 52.2 52.0
2016-10-20 1:19:29 413977484 114.298642 30.565577 114.29864 30.565577 0.0 208.4 243.0
2016-10-20 1:20:07 413977484 114.298642 30.565577 114.298642 30.565577 0.0 132.1 16.0
2016-10-20 1:22:36 413977484 114.298642 30.565577 114.298642 30.565577 0.0 231.1 205.0
2016-10-20 1:25:41 413977484 114.298643 30.565575 114.298642 30.565577 0.0 156.8 156.0
2016-10-20 1:25:59 413977484 114.298645 30.565578 114.298643 30.565575 0.0 218.0 29.0
2016-10-20 1:28:35 413977484 114.298643 30.565575 114.298645 30.565578 0.0 231.3 231.0
2016-10-20 01:34:35 413977484 114.2986365090153 30.56557899445215     
2016-10-20 01:40:35 413977484 114.2986300180305 30.5655829889043     
2016-10-20 1:40:36 413977484 114.29863 30.565583 114.298653 30.56559 0.0 18.4 18.0
2016-10-20 01:46:36 413977484 114.2986490476191 30.56557792063492     
2016-10-20 1:50:03 413977484 114.29866 30.565575 114.29866 30.565575 0.0 323.0 323.0
2016-10-20 1:52:45 413977484 114.29866 30.565573 114.29866 30.565575 0.0 238.4 238.0
2016-10-20 1:55:36 413977484 114.29866 30.565573 114.29866 30.565573 0.0 256.0 256.0
2016-10-20 1:56:09 413977484 114.29866 30.565573 114.29866 30.565573 0.0 124.2 258.0
2016-10-20 1:58:48 413977484 114.298673 30.56557 114.29866 30.565573 0.0 188.4 188.0
2016-10-20 2:01:50 413977484 114.298672 30.565572 114.298673 30.56557 0.0 212.8 212.0
2016-10-20 2:04:40 413977484 114.298672 30.565573 114.298672 30.565572 0.0 64.5 64.0
2016-10-20 2:07:49 413977484 114.298672 30.565572 114.298672 30.565573 0.0 149.0 149.0
2016-10-20 2:08:05 413977484 114.298665 30.565585 114.298672 30.565572 0.0 268.2 193.0
2016-10-20 2:10:43 413977484 114.29863 30.56557 114.298665 30.565585 0.0 348.4 348.0
2016-10-20 2:13:42 413977484 114.298625 30.565583 114.29863 30.56557 0.0 192.3 192.0
2016-10-20 2:14:19 413977484 114.298625 30.565575 114.298625 30.565583 0.0 23.6 211.0
2016-10-20 02:20:19 413977484 114.2986415690377 30.56556495815899     
2016-10-20 2:26:16 413977484 114.298658 30.565555 114.298655 30.565545 0.0 305.6 187.0
2016-10-20 2:28:40 413977484 114.298645 30.565585 114.298658 30.565555 0.0 3.5 61.0
2016-10-20 2:31:46 413977484 114.298653 30.565608 114.298645 30.565585 0.0 307.8 153.0
2016-10-20 2:32:04 413977484 114.298647 30.5656 114.298653 30.565608 0.0 251.2 204.0
2016-10-20 02:38:04 413977484 114.2986615454546 30.5655797979798     
2016-10-20 02:44:04 413977484 114.2986760909091 30.5655595959596     
2016-10-20 2:46:55 413977484 114.298683 30.56555 114.298682 30.565537 0.0 298.8 240.0
2016-10-20 2:49:47 413977484 114.29869 30.565557 114.298683 30.56555 0.0 319.1 170.0
2016-10-20 02:55:47 413977484 114.2986781518987 30.56557158227848     
2016-10-20 2:56:22 413977484 114.298677 30.565573 114.29867 30.565575 0.0 33.3 8.0
2016-10-20 2:58:58 413977484 114.29865 30.565592 114.298677 30.565573 0.0 67.9 64.0
2016-10-20 3:02:22 413977484 114.298632 30.565592 114.29865 30.565592 0.0 106.8 106.0
2016-10-20 3:04:58 413977484 114.298665 30.565565 114.298632 30.565592 0.0 64.8 64.0
2016-10-20 3:07:53 413977484 114.298672 30.565558 114.298665 30.565565 0.0 235.7 171.0
2016-10-20 3:10:58 413977484 114.298685 30.565575 114.298672 30.565558 0.0 148.1 148.0
2016-10-20 03:16:58 413977484 114.2986637453875 30.56557367158672     
2016-10-20 3:20:00 413977484 114.298653 30.565573 114.298675 30.565567 0.0 357.5 357.0
2016-10-20 03:26:00 413977484 114.298628625 30.5655889375     
2016-10-20 3:26:24 413977484 114.298627 30.56559 114.298642 30.565593 0.0 304.4 346.0
2016-10-20 3:29:03 413977484 114.298695 30.565548 114.298627 30.56559 0.0 248.9 163.0
2016-10-20 3:32:01 413977484 114.298693 30.565552 114.298695 30.565548 0.0 104.6 104.0
2016-10-20 3:32:22 413977484 114.298672 30.565553 114.298693 30.565552 0.0 138.8 138.0
2016-10-20 3:35:07 413977484 114.298648 30.565568 114.298672 30.565553 0.0 18.0 83.0
2016-10-20 03:41:07 413977484 114.2986374560669 30.5655690041841     
2016-10-20 3:47:04 413977484 114.298627 30.56557 114.298652 30.56557 0.0 0.0 124.0
2016-10-20 3:50:17 413977484 114.298667 30.565557 114.298627 30.56557 0.0 188.0 182.0
2016-10-20 03:56:17 413977484 114.2986523333333 30.565569     
2016-10-20 3:59:17 413977484 114.298645 30.565575 114.298645 30.565575 0.0 249.4 249.0
2016-10-20 4:02:20 413977484 114.298642 30.565575 114.298645 30.565575 0.0 108.0 108.0
2016-10-20 4:02:42 413977484 114.298642 30.565575 114.298642 30.565575 0.0 135.1 247.0
2016-10-20 04:08:42 413977484 114.2986688762279 30.56555378192535     
2016-10-20 4:11:11 413977484 114.29868 30.565545 114.298652 30.565565 0.0 343.9 343.0
2016-10-20 04:17:11 413977484 114.2986753548387 30.56554887096774     
2016-10-20 04:23:11 413977484 114.2986707096774 30.56555274193548     
2016-10-20 4:26:41 413977484 114.298668 30.565555 114.29868 30.565548 0.0 200.3 185.0
2016-10-20 04:32:41 413977484 114.298640519084 30.56555980916031     
2016-10-20 4:35:25 413977484 114.298628 30.565562 114.298637 30.565548 0.0 327.2 118.0
2016-10-20 4:38:16 413977484 114.29865 30.565545 114.298628 30.565562 0.0 268.3 197.0
2016-10-20 4:39:01 413977484 114.298635 30.565535 114.29865 30.565545 0.0 96.8 96.0
2016-10-20 4:44:50 413977484 114.298658 30.565542 114.298658 30.565542 0.0 42.3 42.0
2016-10-20 4:47:31 413977484 114.298657 30.565542 114.298658 30.565542 0.0 83.7 20.0
2016-10-20 4:50:33 413977484 114.298648 30.565547 114.298657 30.565542 0.0 261.9 249.0
2016-10-20 4:50:52 413977484 114.298648 30.565545 114.298648 30.565547 0.0 11.4 11.0
2016-10-20 4:53:32 413977484 114.298652 30.565547 114.298648 30.565545 0.0 250.2 120.0
2016-10-20 4:56:45 413977484 114.298658 30.565552 114.298652 30.565547 0.0 135.1 134.0
2016-10-20 05:02:45 413977484 114.2986663076923 30.56555015384616     
2016-10-20 5:03:15 413977484 114.298667 30.56555 114.298667 30.565548 0.0 102.3 250.0
2016-10-20 5:05:36 413977484 114.298667 30.56555 114.298667 30.56555 0.0 241.0 127.0
2016-10-20 5:08:40 413977484 114.29867 30.565552 114.298667 30.56555 0.0 191.6 186.0
2016-10-20 5:09:03 413977484 114.298663 30.565568 114.29867 30.565552 0.0 193.6 193.0
2016-10-20 5:11:33 413977484 114.298658 30.565553 114.298663 30.565568 0.0 333.8 333.0
2016-10-20 5:14:39 413977484 114.29866 30.565553 114.298658 30.565553 0.0 203.1 203.0
2016-10-20 5:15:02 413977484 114.29866 30.565555 114.29866 30.565553 0.0 306.7 306.0
2016-10-20 5:17:40 413977484 114.298658 30.565552 114.29866 30.565555 0.0 334.2 334.0
2016-10-20 5:20:40 413977484 114.298653 30.565557 114.298658 30.565552 0.0 76.4 45.0
2016-10-20 5:21:02 413977484 114.298647 30.565558 114.298653 30.565557 0.0 20.4 20.0
2016-10-20 5:23:39 413977484 114.298648 30.565555 114.298647 30.565558 0.0 54.4 110.0
2016-10-20 5:26:22 413977484 114.298652 30.565555 114.298648 30.565555 0.0 353.4 161.0
2016-10-20 5:26:50 413977484 114.298652 30.565555 114.298652 30.565555 0.0 345.0 39.0
2016-10-20 5:29:36 413977484 114.298655 30.565555 114.298652 30.565555 0.0 160.7 352.0
2016-10-20 5:32:28 413977484 114.29866 30.565555 114.298655 30.565555 0.0 157.7 157.0
2016-10-20 5:32:49 413977484 114.298662 30.565555 114.29866 30.565555 0.0 16.7 16.0
2016-10-20 5:35:31 413977484 114.29867 30.565557 114.298662 30.565555 0.0 14.8 155.0
2016-10-20 5:38:40 413977484 114.298668 30.565557 114.29867 30.565557 0.0 37.2 339.0
2016-10-20 5:39:02 413977484 114.298668 30.565557 114.298668 30.565557 0.0 359.1 359.0
2016-10-20 5:44:58 413977484 114.298667 30.565557 114.298667 30.565557 0.0 133.1 179.0
2016-10-20 5:47:26 413977484 114.298663 30.565557 114.298667 30.565557 0.0 199.3 199.0
2016-10-20 5:50:57 413977484 114.298663 30.565557 114.298663 30.565557 0.0 57.5 0.0
2016-10-20 5:53:24 413977484 114.298662 30.565555 114.298663 30.565557 0.0 58.2 58.0
2016-10-20 5:56:50 413977484 114.29866 30.565553 114.298662 30.565555 0.0 330.0 86.0
2016-10-20 5:59:25 413977484 114.298648 30.565567 114.29866 30.565553 0.0 282.4 282.0
2016-10-20 6:02:44 413977484 114.298675 30.565577 114.298648 30.565567 0.0 248.6 248.0
2016-10-20 06:08:44 413977484 114.2986297593583 30.56556352406417     
2016-10-20 6:08:58 413977484 114.298628 30.565563 114.298623 30.565593 0.0 61.7 43.0
2016-10-20 6:14:56 413977484 114.298675 30.565572 114.298673 30.565572 0.0 73.7 73.0
2016-10-20 06:20:56 413977484 114.2986585924933 30.56553821983914     
2016-10-20 6:21:09 413977484 114.298658 30.565537 114.298653 30.565525 0.0 78.9 244.0
2016-10-20 6:23:44 413977484 114.29867 30.565538 114.298658 30.565537 0.0 230.2 230.0
2016-10-20 06:29:44 413977484 114.2986593006993 30.56553737062937     
2016-10-20 6:33:16 413977484 114.298653 30.565537 114.298653 30.565535 0.0 31.5 31.0
2016-10-20 6:39:12 413977484 114.298653 30.565543 114.298653 30.565543 0.0 257.3 40.0
2016-10-20 6:41:46 413977484 114.298667 30.565537 114.298653 30.565543 0.0 233.3 233.0
2016-10-20 06:47:46 413977484 114.2986604782609 30.56554352173913     
2016-10-20 06:53:46 413977484 114.2986539565217 30.56555004347826     
2016-10-20 06:59:46 413977484 114.2986474347826 30.56555656521739     
2016-10-20 7:00:10 413977484 114.298647 30.565557 114.298647 30.565553 0.0 176.7 176.0
2016-10-20 7:02:58 413977484 114.298645 30.565558 114.298647 30.565557 0.0 49.0 49.0
2016-10-20 7:03:26 413977484 114.298645 30.565558 114.298645 30.565558 0.0 50.6 50.0
2016-10-20 7:05:53 413977484 114.298645 30.565562 114.298645 30.565558 0.0 190.0 190.0
2016-10-20 7:08:59 413977484 114.298647 30.565565 114.298645 30.565562 0.0 113.1 126.0
2016-10-20 7:11:56 413977484 114.298648 30.565565 114.298647 30.565565 0.0 29.2 29.0
2016-10-20 07:17:56 413977484 114.2986506765799 30.56557302973978     
2016-10-20 7:20:54 413977484 114.298652 30.565577 114.298652 30.565575 0.0 0.0 58.0
2016-10-20 7:24:02 413977484 114.29865 30.565577 114.298652 30.565577 0.0 209.8 133.0
2016-10-20 07:30:02 413977484 114.2986565335753 30.56557765335753     
2016-10-20 7:33:13 413977484 114.29866 30.565578 114.298652 30.565578 0.0 331.0 331.0
2016-10-20 7:35:58 413977484 114.29866 30.56558 114.29866 30.565578 0.0 198.8 103.0
2016-10-20 7:39:11 413977484 114.298663 30.565582 114.29866 30.56558 0.0 235.3 26.0
2016-10-20 7:39:42 413977484 114.298662 30.565582 114.298663 30.565582 0.0 325.4 325.0
2016-10-20 7:41:59 413977484 114.298662 30.565583 114.298662 30.565582 0.0 86.2 86.0
2016-10-20 7:45:10 413977484 114.298662 30.565587 114.298662 30.565583 0.0 353.6 163.0
2016-10-20 7:45:34 413977484 114.298663 30.565585 114.298662 30.565587 0.0 326.8 110.0
2016-10-20 07:51:34 413977484 114.2986609150579 30.56558708494208     
2016-10-20 7:54:12 413977484 114.29866 30.565588 114.29866 30.565588 0.0 124.5 263.0
2016-10-20 7:57:00 413977484 114.29866 30.565588 114.29866 30.565588 0.0 19.2 192.0
2016-10-20 7:57:28 413977484 114.29866 30.565588 114.29866 30.565588 0.0 298.1 298.0
2016-10-20 08:03:28 413977484 114.2986610055866 30.56558649162011     
2016-10-20 8:09:24 413977484 114.298662 30.565585 114.298665 30.565585 0.0 195.8 30.0
2016-10-20 8:09:53 413977484 114.298662 30.565585 114.298662 30.565585 0.0 178.3 178.0
2016-10-20 8:12:04 413977484 114.298662 30.565587 114.298662 30.565585 0.0 331.0 244.0
2016-10-20 8:15:14 413977484 114.29866 30.565585 114.298662 30.565587 0.0 347.3 347.0
2016-10-20 8:18:20 413977484 114.298653 30.565587 114.29866 30.565585 0.0 130.8 180.0
2016-10-20 8:21:18 413977484 114.298655 30.565587 114.298653 30.565587 0.0 93.7 298.0
2016-10-20 8:21:46 413977484 114.298655 30.565587 114.298655 30.565587 0.0 285.0 285.0
2016-10-20 8:27:37 413977484 114.298657 30.565592 114.298655 30.565587 0.0 30.4 16.0
2016-10-20 8:30:03 413977484 114.298657 30.565602 114.298657 30.565592 0.0 214.2 52.0
2016-10-20 8:33:14 413977484 114.298665 30.565603 114.298657 30.565602 0.0 286.9 168.0
2016-10-20 8:33:40 413977484 114.298665 30.565603 114.298665 30.565603 0.0 305.4 305.0
2016-10-20 8:36:03 413977484 114.29866 30.565597 114.298665 30.565603 0.0 232.5 232.0
2016-10-20 8:39:33 413977484 114.298638 30.56561 114.29866 30.565597 0.0 245.0 18.0
2016-10-20 08:45:33 413977484 114.2986495817694 30.56559745308311     
2016-10-20 8:45:46 413977484 114.29865 30.565597 114.29865 30.565597 0.0 24.4 24.0
2016-10-20 08:51:46 413977484 114.2986451351351 30.56560283783784     
2016-10-20 8:51:56 413977484 114.298645 30.565603 114.298638 30.565607 0.0 45.7 45.0
2016-10-20 8:54:15 413977484 114.298658 30.565608 114.298645 30.565603 0.0 94.3 94.0
2016-10-20 8:57:37 413977484 114.298648 30.565593 114.298658 30.565608 0.0 53.4 153.0
2016-10-20 9:00:31 413977484 114.298647 30.565602 114.298648 30.565593 0.0 76.1 76.0
2016-10-20 9:03:44 413977484 114.298642 30.56565 114.298647 30.565602 0.0 170.1 170.0
2016-10-20 9:06:25 413977484 114.298645 30.56562 114.298642 30.56565 0.0 233.5 133.0
2016-10-20 9:09:08 413977484 114.29865 30.565617 114.298645 30.56562 0.0 207.1 207.0
2016-10-20 9:09:33 413977484 114.29865 30.565615 114.29865 30.565617 0.0 235.8 235.0
2016-10-20 9:12:32 413977484 114.298648 30.565607 114.29865 30.565615 0.0 205.0 139.0
2016-10-20 9:15:07 413977484 114.298657 30.565608 114.298648 30.565607 0.0 337.4 145.0
2016-10-20 9:15:41 413977484 114.298657 30.565608 114.298657 30.565608 0.0 190.8 17.0
2016-10-20 9:18:24 413977484 114.298672 30.565603 114.298657 30.565608 0.0 45.9 10.0
2016-10-20 9:21:49 413977484 114.298665 30.565595 114.298672 30.565603 0.0 272.2 272.0
2016-10-20 9:24:10 413977484 114.298667 30.56556 114.298665 30.565595 0.0 234.6 71.0
2016-10-20 9:27:28 413977484 114.298663 30.565572 114.298667 30.56556 0.0 53.5 197.0
2016-10-20 9:27:56 413977484 114.298665 30.565568 114.298663 30.565572 0.0 8.0 182.0
2016-10-20 9:30:16 413977484 114.298673 30.565598 114.298665 30.565568 0.0 233.0 139.0
2016-10-20 9:33:34 413977484 114.298677 30.56558 114.298673 30.565598 0.0 9.1 9.0
2016-10-20 9:36:25 413977484 114.298673 30.565578 114.298677 30.56558 0.0 194.1 23.0
2016-10-20 9:39:27 413977484 114.298673 30.565573 114.298673 30.565578 0.0 130.1 68.0
2016-10-20 9:39:55 413977484 114.298675 30.565573 114.298673 30.565573 0.0 70.8 70.0
2016-10-20 09:45:55 413977484 114.2986758191126 30.56557259044369     
2016-10-20 09:51:55 413977484 114.2986766382253 30.56557218088737     
2016-10-20 9:54:34 413977484 114.298677 30.565572 114.298678 30.56557 0.0 34.9 193.0
2016-10-20 9:57:16 413977484 114.29864 30.565607 114.298677 30.565572 0.0 336.4 336.0
2016-10-20 9:57:43 413977484 114.29864 30.565607 114.29864 30.565607 0.0 0.8 0.0
2016-10-20 10:00:44 413977484 114.298657 30.565588 114.29864 30.565607 0.0 296.7 228.0
2016-10-20 10:03:15 413977484 114.29865 30.565597 114.298657 30.565588 0.0 106.4 257.0
2016-10-20 10:03:46 413977484 114.29865 30.565597 114.29865 30.565597 0.0 47.2 47.0
2016-10-20 10:06:47 413977484 114.298657 30.565595 114.29865 30.565597 0.0 7.4 171.0
2016-10-20 10:12:47 413977484 114.298657 30.56557648571428     
2016-10-20 10:15:32 413977484 114.298657 30.565568 114.298663 30.565593 0.0 136.3 264.0
2016-10-20 10:16:00 413977484 114.298655 30.565568 114.298657 30.565568 0.0 321.1 321.0
2016-10-20 10:18:39 413977484 114.298642 30.56559 114.298655 30.565568 0.0 85.0 85.0
2016-10-20 10:21:41 413977484 114.29865 30.565593 114.298642 30.56559 0.0 181.1 181.0
2016-10-20 10:24:39 413977484 114.298672 30.565588 114.29865 30.565593 0.0 184.4 8.0
2016-10-20 10:27:34 413977484 114.298663 30.565603 114.298672 30.565588 0.0 147.1 147.0
2016-10-20 10:27:59 413977484 114.298667 30.565615 114.298663 30.565603 0.0 116.4 116.0
2016-10-20 10:30:35 413977484 114.298612 30.565578 114.298667 30.565615 0.0 234.0 302.0
2016-10-20 10:33:33 413977484 114.298647 30.565567 114.298612 30.565578 0.0 0.0 0.0
2016-10-20 10:34:01 413977484 114.298647 30.565567 114.298647 30.565567 0.0 339.6 24.0
2016-10-20 10:40:01 413977484 114.2986475077574 30.56557613963329     
2016-10-20 10:45:50 413977484 114.298648 30.565585 114.298648 30.565585 0.0 91.0 23.0
2016-10-20 10:48:22 413977484 114.298645 30.565585 114.298648 30.565585 0.0 229.0 165.0
2016-10-20 10:51:28 413977484 114.298653 30.565585 114.298645 30.565585 0.0 305.0 305.0
2016-10-20 10:52:00 413977484 114.298652 30.565585 114.298653 30.565585 0.0 163.2 93.0
2016-10-20 10:57:30 413977484 114.29865 30.565582 114.29865 30.565582 0.0 210.2 266.0
2016-10-20 10:58:00 413977484 114.298652 30.56558 114.29865 30.565582 0.0 78.9 84.0
2016-10-20 11:00:27 413977484 114.29865 30.56558 114.298652 30.56558 0.0 151.4 216.0
2016-10-20 11:06:27 413977484 114.2986548403361 30.56557515966387     
2016-10-20 11:10:22 413977484 114.298658 30.565572 114.29864 30.56559 0.0 339.6 152.0
2016-10-20 11:16:22 413977484 114.298656487395 30.5655745210084     
2016-10-20 11:22:16 413977484 114.298655 30.565577 114.298653 30.565575 0.0 147.1 147.0
2016-10-20 11:27:51 413977484 114.29866 30.565555 114.298655 30.565577 0.0 302.4 166.0
2016-10-20 11:28:23 413977484 114.298658 30.565557 114.29866 30.565555 0.0 126.7 126.0
2016-10-20 11:30:51 413977484 114.298653 30.565552 114.298658 30.565557 0.0 233.0 271.0
2016-10-20 11:34:25 413977484 114.298643 30.565553 114.298653 30.565552 0.0 85.2 85.0
2016-10-20 11:39:57 413977484 114.298652 30.565588 114.298643 30.565553 0.0 301.7 282.0
2016-10-20 11:40:29 413977484 114.298653 30.56559 114.298652 30.565588 0.0 349.3 349.0
2016-10-20 11:43:00 413977484 114.298645 30.565583 114.298653 30.56559 0.0 30.0 301.0
2016-10-20 11:46:08 413977484 114.298645 30.565577 114.298645 30.565583 0.0 202.2 115.0
2016-10-20 11:52:08 413977484 114.2986498214286 30.56556936607143     
2016-10-20 11:58:08 413977484 114.2986546428571 30.56556173214286     
2016-10-20 12:01:04 413977484 114.298657 30.565558 114.298662 30.56556 0.0 245.4 100.0
2016-10-20 12:03:51 413977484 114.29863 30.565527 114.298657 30.565558 0.0 240.4 240.0
2016-10-20 12:06:47 413977484 114.298642 30.56554 114.29863 30.565527 0.0 257.0 150.0
2016-10-20 12:09:40 413977484 114.29866 30.565553 114.298642 30.56554 0.0 62.0 232.0
2016-10-20 12:10:15 413977484 114.29866 30.565565 114.29866 30.565553 0.0 266.8 140.0
2016-10-20 12:16:15 413977484 114.2986625751073 30.56556757510729     
2016-10-20 12:21:54 413977484 114.298665 30.56557 114.298662 30.565573 0.0 249.0 37.0
2016-10-20 12:24:48 413977484 114.29866 30.565555 114.298665 30.56557 0.0 78.9 78.0
2016-10-20 12:27:41 413977484 114.29865 30.565553 114.29866 30.565555 0.0 134.2 258.0
2016-10-20 12:28:14 413977484 114.29865 30.565553 114.29865 30.565553 0.0 85.5 85.0
2016-10-20 12:34:14 413977484 114.29865 30.5655611509434     
2016-10-20 12:40:14 413977484 114.29865 30.56556930188679     
2016-10-20 12:45:54 413977484 114.29865 30.565577 114.298648 30.565575 0.0 34.3 34.0
2016-10-20 12:46:45 413977484 114.29865 30.565578 114.29865 30.565577 0.0 160.9 140.0
2016-10-20 12:49:08 413977484 114.29865 30.565578 114.29865 30.565578 0.0 79.1 272.0
2016-10-20 12:52:16 413977484 114.29865 30.565575 114.29865 30.565578 0.0 140.3 90.0
2016-10-20 12:55:05 413977484 114.29865 30.56558 114.29865 30.565575 0.0 201.3 201.0
2016-10-20 12:57:52 413977484 114.298653 30.56558 114.29865 30.56558 0.0 105.7 105.0
2016-10-20 12:58:21 413977484 114.298653 30.56558 114.298653 30.56558 0.0 66.3 126.0
2016-10-20 13:00:51 413977484 114.298653 30.56558 114.298653 30.56558 0.0 150.2 79.0
2016-10-20 13:04:01 413977484 114.298653 30.56558 114.298653 30.56558 0.0 128.3 189.0
2016-10-20 13:10:01 413977484 114.298653572337 30.56558143084261     
2016-10-20 13:16:01 413977484 114.2986541446741 30.56558286168521     
2016-10-20 13:22:01 413977484 114.2986547170111 30.56558429252782     
2016-10-20 13:24:59 413977484 114.298655 30.565585 114.298653 30.565587 0.0 309.7 132.0
2016-10-20 13:28:13 413977484 114.298658 30.565585 114.298655 30.565585 0.0 345.0 31.0
2016-10-20 13:28:35 413977484 114.298658 30.565585 114.298658 30.565585 0.0 257.2 315.0
2016-10-20 13:34:16 413977484 114.298658 30.56559 114.298658 30.565585 0.0 15.5 79.0
2016-10-20 13:34:42 413977484 114.298658 30.56559 114.298658 30.56559 0.0 126.9 182.0
2016-10-20 13:40:42 413977484 114.2986544 30.5655936     
2016-10-20 13:43:02 413977484 114.298653 30.565595 114.298655 30.565593 0.0 94.4 254.0
2016-10-20 13:46:31 413977484 114.298653 30.565597 114.298653 30.565595 0.0 301.6 356.0
2016-10-20 13:47:00 413977484 114.298653 30.565597 114.298653 30.565597 0.0 281.6 127.0
2016-10-20 13:52:57 413977484 114.29869 30.565627 114.298687 30.565627 0.0 248.2 248.0
2016-10-20 13:58:45 413977484 114.298655 30.565592 114.298655 30.565592 0.0 183.9 183.0
2016-10-20 14:01:09 413977484 114.29865 30.565582 114.298655 30.565592 0.0 354.5 354.0
2016-10-20 14:04:14 413977484 114.298672 30.565593 114.29865 30.565582 0.0 321.7 321.0
2016-10-20 14:05:02 413977484 114.298672 30.565585 114.298672 30.565593 0.0 305.7 305.0
2016-10-20 14:07:10 413977484 114.29867 30.565593 114.298672 30.565585 0.1 44.4 44.0
2016-10-20 14:10:53 413977484 114.298647 30.565585 114.29867 30.565593 0.0 31.3 31.0
2016-10-20 14:13:25 413977484 114.298658 30.56558 114.298647 30.565585 0.0 319.6 104.0
2016-10-20 14:16:24 413977484 114.298647 30.565582 114.298658 30.56558 0.0 142.4 142.0
2016-10-20 14:16:56 413977484 114.298647 30.565582 114.298647 30.565582 0.0 242.6 242.0
2016-10-20 14:19:13 413977484 114.298645 30.565585 114.298647 30.565582 0.0 254.9 254.0
2016-10-20 14:22:29 413977484 114.298648 30.565587 114.298645 30.565585 0.0 51.4 51.0
2016-10-20 14:25:24 413977484 114.298643 30.56559 114.298648 30.565587 0.0 25.2 25.0
2016-10-20 14:29:07 413977484 114.298665 30.565595 114.298643 30.56559 0.0 264.9 264.0
2016-10-20 14:31:14 413977484 114.298668 30.565597 114.298665 30.565595 0.0 150.5 150.0
2016-10-20 14:34:19 413977484 114.298665 30.565617 114.298668 30.565597 0.0 72.8 159.0
2016-10-20 14:34:43 413977484 114.298673 30.565607 114.298665 30.565617 0.0 51.0 20.0
2016-10-20 14:37:20 413977484 114.298678 30.565598 114.298673 30.565607 0.0 286.4 271.0
2016-10-20 14:40:08 413977484 114.298688 30.565575 114.298678 30.565598 0.0 336.4 133.0
2016-10-20 14:40:43 413977484 114.298685 30.565573 114.298688 30.565575 0.0 163.0 294.0
2016-10-20 14:46:43 413977484 114.2986783333333 30.56556538095238     
2016-10-20 14:47:01 413977484 114.298678 30.565565 114.298683 30.565575 0.0 345.8 101.0
2016-10-20 14:53:01 413977484 114.2986688085106 30.56556142553191     
2016-10-20 14:58:46 413977484 114.29866 30.565558 114.29866 30.565562 0.0 253.4 66.0
2016-10-20 15:04:45 413977484 114.298663 30.565563 114.298663 30.565562 0.0 8.0 133.0
2016-10-20 15:10:45 413977484 114.2986749765166 30.56558413502935     
2016-10-20 15:13:16 413977484 114.29868 30.565593 114.298692 30.565598 0.0 330.7 330.0
2016-10-20 15:16:54 413977484 114.298667 30.565583 114.29868 30.565593 0.0 90.6 224.0
2016-10-20 15:19:22 413977484 114.298667 30.565578 114.298667 30.565583 0.0 13.4 13.0
2016-10-20 15:22:30 413977484 114.29867 30.565573 114.298667 30.565578 0.0 142.2 142.0
2016-10-20 15:28:30 413977484 114.2986635549872 30.56557207928389     
2016-10-20 15:29:01 413977484 114.298663 30.565572 114.298663 30.565572 0.0 120.4 120.0
2016-10-20 15:34:54 413977484 114.298662 30.56558 114.298662 30.56557 0.1 116.1 116.0
2016-10-20 15:37:25 413977484 114.298663 30.565582 114.298662 30.56558 0.0 29.4 269.0
2016-10-20 15:40:32 413977484 114.298677 30.565617 114.298663 30.565582 0.0 290.8 134.0
2016-10-20 15:40:54 413977484 114.298677 30.565617 114.298677 30.565617 0.0 290.8 243.0
2016-10-20 15:43:44 413977484 114.298677 30.565617 114.298677 30.565617 0.0 7.0 136.0
2016-10-20 15:46:39 413977484 114.298672 30.565617 114.298677 30.565617 0.0 117.6 239.0
2016-10-20 15:52:39 413977484 114.298672 30.56561228795812     
2016-10-20 15:53:01 413977484 114.298672 30.565612 114.298672 30.565613 0.0 76.8 76.0
2016-10-20 15:55:36 413977484 114.298672 30.565612 114.298672 30.565612 0.0 11.6 330.0
2016-10-20 15:58:31 413977484 114.298663 30.565608 114.298672 30.565612 0.0 162.6 78.0
2016-10-20 16:04:31 413977484 114.2986577699758 30.565608     
2016-10-20 16:05:24 413977484 114.298657 30.565608 114.298657 30.565608 0.0 60.9 221.0
2016-10-20 16:11:24 413977484 114.2986546709797 30.56561199260629     
2016-10-20 16:17:24 413977484 114.2986523419593 30.56561598521257     
2016-10-20 16:23:24 413977484 114.298650012939 30.56561997781885     
2016-10-20 16:23:26 413977484 114.29865 30.56562 114.29865 30.56562 0.0 20.1 337.0
2016-10-20 16:25:39 413977484 114.298652 30.565615 114.29865 30.56562 0.0 201.8 201.0
2016-10-20 16:28:42 413977484 114.298633 30.56561 114.298652 30.565615 0.0 149.0 149.0
2016-10-20 16:29:34 413977484 114.298635 30.56561 114.298633 30.56561 0.0 154.3 154.0
2016-10-20 16:31:52 413977484 114.298637 30.56561 114.298635 30.56561 0.0 18.9 18.0
2016-10-20 16:34:46 413977484 114.298637 30.565612 114.298637 30.56561 0.0 336.3 336.0
2016-10-20 16:40:46 413977484 114.2986431141304 30.56561028804348     
2016-10-20 16:46:46 413977484 114.2986492282609 30.56560857608696     
2016-10-20 16:52:46 413977484 114.2986553423913 30.56560686413044     
2016-10-20 16:58:46 413977484 114.2986614565217 30.56560515217392     
2016-10-20 16:59:18 413977484 114.298662 30.565605 114.298662 30.565605 0.0 159.7 176.0
2016-10-20 17:01:48 413977484 114.298658 30.565602 114.298662 30.565605 0.0 70.6 241.0
2016-10-20 17:05:02 413977484 114.298663 30.565605 114.298658 30.565602 0.0 91.5 285.0
2016-10-20 17:07:59 413977484 114.298657 30.565617 114.298663 30.565605 0.0 79.8 37.0
2016-10-20 17:10:57 413977484 114.298655 30.565617 114.298657 30.565617 0.0 260.4 260.0
2016-10-20 17:11:29 413977484 114.298655 30.565617 114.298655 30.565617 0.0 99.3 99.0
2016-10-20 17:17:29 413977484 114.298661866485 30.56561503814714     
2016-10-20 17:17:36 413977484 114.298662 30.565615 114.298662 30.565613 0.0 269.8 269.0
2016-10-20 17:20:08 413977484 114.298697 30.565627 114.298662 30.565615 0.0 249.5 77.0
2016-10-20 17:22:49 413977484 114.298662 30.565633 114.298697 30.565627 0.0 216.2 323.0
2016-10-20 17:23:40 413977484 114.298662 30.565625 114.298662 30.565633 0.0 251.2 251.0
2016-10-20 17:26:13 413977484 114.29867 30.565622 114.298662 30.565625 0.0 243.8 222.0
2016-10-20 17:29:07 413977484 114.298648 30.565667 114.29867 30.565622 0.0 235.7 105.0
2016-10-20 17:32:09 413977484 114.298658 30.565655 114.298648 30.565667 0.0 331.7 144.0
2016-10-20 17:34:52 413977484 114.298665 30.565625 114.298658 30.565655 0.0 252.9 276.0
2016-10-20 17:40:52 413977484 114.2986618316832 30.56562777227723     
2016-10-20 17:46:52 413977484 114.2986586633663 30.56563054455446     
2016-10-20 17:50:01 413977484 114.298657 30.565632 114.298647 30.565637 0.0 238.7 298.0
2016-10-20 17:53:07 413977484 114.298652 30.56562 114.298657 30.565632 0.0 187.5 330.0
2016-10-20 17:53:44 413977484 114.298663 30.565615 114.298652 30.56562 0.0 85.3 296.0
2016-10-20 17:59:44 413977484 114.2986658015564 30.56561710116732     
2016-10-20 18:02:18 413977484 114.298667 30.565618 114.298683 30.565617 0.0 103.7 158.0
2016-10-20 18:05:00 413977484 114.298657 30.56562 114.298667 30.565618 0.0 233.0 97.0
2016-10-20 18:05:45 413977484 114.298642 30.56562 114.298657 30.56562 0.0 130.2 130.0
2016-10-20 18:08:07 413977484 114.298667 30.565608 114.298642 30.56562 0.0 166.1 275.0
2016-10-20 18:11:03 413977484 114.298643 30.565622 114.298667 30.565608 0.0 308.4 158.0
2016-10-20 18:11:51 413977484 114.298642 30.565622 114.298643 30.565622 0.0 35.0 42.0
2016-10-20 18:17:51 413977484 114.2986484021888 30.56560722571819     
2016-10-20 18:23:51 413977484 114.2986548043776 30.56559245143639     
2016-10-20 18:24:02 413977484 114.298655 30.565592 114.298648 30.565635 0.0 83.2 298.0
2016-10-20 18:26:23 413977484 114.29866 30.565585 114.298655 30.565592 0.0 317.4 286.0
2016-10-20 18:29:50 413977484 114.298658 30.565588 114.29866 30.565585 0.0 239.0 345.0
2016-10-20 18:32:27 413977484 114.298652 30.565612 114.298658 30.565588 0.0 141.7 296.0
2016-10-20 18:35:24 413977484 114.298647 30.565573 114.298652 30.565612 0.0 0.0 0.0
2016-10-20 18:35:49 413977484 114.298648 30.565575 114.298647 30.565573 0.0 126.2 284.0
2016-10-20 18:41:49 413977484 114.2986506213592 30.56557703883495     
2016-10-20 18:47:49 413977484 114.2986532427184 30.5655790776699     
2016-10-20 18:53:49 413977484 114.2986558640777 30.56558111650485     
2016-10-20 18:56:25 413977484 114.298657 30.565582 114.298655 30.565583 0.0 211.4 233.0
2016-10-20 18:59:25 413977484 114.298645 30.565583 114.298657 30.565582 0.0 129.4 306.0
2016-10-20 19:00:07 413977484 114.298645 30.565583 114.298645 30.565583 0.0 231.9 8.0
2016-10-20 19:06:07 413977484 114.2986539750693 30.56557801385042     
2016-10-20 19:12:07 413977484 114.2986629501385 30.56557302770083     
2016-10-20 19:12:09 413977484 114.298663 30.565573 114.298663 30.565573 0.0 199.3 214.0
2016-10-20 19:18:09 413977484 114.2986622814371 30.56557443712575     
2016-10-20 19:20:30 413977484 114.298662 30.565575 114.298658 30.565572 0.0 211.4 265.0
2016-10-20 19:23:39 413977484 114.298663 30.565575 114.298662 30.565575 0.0 154.9 14.0
2016-10-20 19:24:15 413977484 114.298662 30.565575 114.298663 30.565575 0.0 12.5 201.0
2016-10-20 19:26:31 413977484 114.298667 30.565573 114.298662 30.565575 0.0 43.0 19.0
2016-10-20 19:29:31 413977484 114.298665 30.565573 114.298667 30.565573 0.0 99.8 249.0
2016-10-20 19:30:09 413977484 114.298665 30.565575 114.298665 30.565573 0.0 163.2 163.0
2016-10-20 19:32:29 413977484 114.298665 30.565573 114.298665 30.565575 0.0 345.7 121.0
2016-10-20 19:35:36 413977484 114.298667 30.565575 114.298665 30.565573 0.0 3.1 153.0
2016-10-20 19:38:30 413977484 114.298665 30.565575 114.298667 30.565575 0.0 197.7 11.0
2016-10-20 19:41:39 413977484 114.298668 30.565573 114.298665 30.565575 0.0 42.7 42.0
2016-10-20 19:42:05 413977484 114.298668 30.565573 114.298668 30.565573 0.0 49.9 49.0
2016-10-20 19:44:30 413977484 114.298668 30.565573 114.298668 30.565573 0.0 264.3 75.0
2016-10-20 19:47:40 413977484 114.298667 30.565573 114.298668 30.565573 0.0 189.2 20.0
2016-10-20 19:48:21 413977484 114.298667 30.565573 114.298667 30.565573 0.0 292.6 292.0
2016-10-20 19:50:39 413977484 114.298668 30.565572 114.298667 30.565573 0.0 183.2 183.0
2016-10-20 19:54:11 413977484 114.298665 30.565572 114.298668 30.565572 0.0 5.0 184.0
2016-10-20 20:00:11 413977484 114.2986620165746 30.56557001104973     
2016-10-20 20:00:13 413977484 114.298662 30.56557 114.298662 30.56557 0.0 211.5 211.0
2016-10-20 20:02:35 413977484 114.29866 30.565568 114.298662 30.56557 0.0 17.8 17.0
2016-10-20 20:06:16 413977484 114.298662 30.565567 114.29866 30.565568 0.0 105.0 239.0
2016-10-20 20:08:49 413977484 114.298658 30.565568 114.298662 30.565567 0.0 201.0 201.0
2016-10-20 20:11:43 413977484 114.298655 30.56557 114.298658 30.565568 0.0 123.5 316.0
2016-10-20 20:14:38 413977484 114.298635 30.565562 114.298655 30.56557 0.0 273.5 280.0
2016-10-20 20:17:43 413977484 114.298647 30.565562 114.298635 30.565562 0.0 37.4 37.0
2016-10-20 20:18:13 413977484 114.298652 30.565565 114.298647 30.565562 0.0 120.1 103.0
2016-10-20 20:24:13 413977484 114.2986380465116 30.56555941860465     
2016-10-20 20:26:49 413977484 114.298632 30.565557 114.298645 30.56557 0.0 147.6 281.0
2016-10-20 20:29:54 413977484 114.298633 30.56556 114.298632 30.565557 0.0 299.5 26.0
2016-10-20 20:32:50 413977484 114.298623 30.565547 114.298633 30.56556 0.0 251.4 251.0
2016-10-20 20:35:42 413977484 114.298632 30.565563 114.298623 30.565547 0.0 155.1 155.0
2016-10-20 20:38:51 413977484 114.298642 30.565575 114.298632 30.565563 0.0 55.4 204.0
2016-10-20 20:41:43 413977484 114.298642 30.565573 114.298642 30.565575 0.0 7.8 91.0
2016-10-20 20:47:43 413977484 114.2986429137056 30.56556569035533     
2016-10-20 20:48:17 413977484 114.298643 30.565565 114.298645 30.565565 0.0 130.8 182.0
2016-10-20 20:54:17 413977484 114.298643 30.56556203296703     
2016-10-20 20:54:21 413977484 114.298643 30.565562 114.298643 30.565562 0.0 286.3 286.0
2016-10-20 20:56:44 413977484 114.298655 30.565562 114.298643 30.565562 0.0 157.1 238.0
2016-10-20 20:59:47 413977484 114.298655 30.565562 114.298655 30.565562 0.0 111.8 322.0
2016-10-20 21:00:21 413977484 114.298655 30.565562 114.298655 30.565562 0.0 0.0 341.0
2016-10-20 21:02:47 413977484 114.298642 30.565558 114.298655 30.565562 0.0 122.7 122.0
2016-10-20 21:05:51 413977484 114.298647 30.565588 114.298642 30.565558 0.0 25.3 103.0
2016-10-20 21:11:51 413977484 114.2986612105263 30.56557473684211     
2016-10-20 21:17:51 413977484 114.2986754210526 30.56556147368421     
2016-10-20 21:18:31 413977484 114.298677 30.56556 114.298677 30.56556 0.0 114.3 114.0
2016-10-20 21:20:51 413977484 114.298648 30.565555 114.298677 30.56556 0.0 131.5 331.0
2016-10-20 21:24:35 413977484 114.298647 30.565557 114.298648 30.565555 0.0 68.0 68.0
2016-10-20 21:27:07 413977484 114.298645 30.565558 114.298647 30.565557 0.0 46.0 137.0
2016-10-20 21:33:07 413977484 114.2986496494465 30.56557128413284     
2016-10-20 21:36:09 413977484 114.298652 30.565578 114.298648 30.565563 0.0 220.5 28.0
2016-10-20 21:36:47 413977484 114.298652 30.565578 114.298652 30.565578 0.0 118.2 222.0
2016-10-20 21:42:47 413977484 114.2986374798331 30.56557399443672     
2016-10-20 21:48:46 413977484 114.298623 30.56557 114.298625 30.565567 0.0 343.4 2.0
2016-10-20 21:51:07 413977484 114.298622 30.56557 114.298623 30.56557 0.0 231.9 199.0
2016-10-20 21:54:23 413977484 114.298643 30.565592 114.298622 30.56557 0.0 193.1 224.0
2016-10-20 21:57:07 413977484 114.29868 30.56558 114.298643 30.565592 0.0 277.8 241.0
2016-10-20 22:00:12 413977484 114.298625 30.565572 114.29868 30.56558 0.0 351.4 277.0
2016-10-20 22:00:48 413977484 114.298632 30.565578 114.298625 30.565572 0.0 205.3 85.0
2016-10-20 22:03:12 413977484 114.298623 30.565595 114.298632 30.565578 0.0 284.8 284.0
2016-10-20 22:06:01 413977484 114.298633 30.565595 114.298623 30.565595 0.0 122.0 122.0
2016-10-20 22:12:01 413977484 114.298636627204 30.56558865239295     
2016-10-20 22:12:38 413977484 114.298637 30.565588 114.298637 30.56559 0.0 259.2 177.0
2016-10-20 22:15:17 413977484 114.298635 30.565588 114.298637 30.565588 0.0 136.5 290.0
2016-10-20 22:18:06 413977484 114.298642 30.565587 114.298635 30.565588 0.0 3.1 3.0
2016-10-20 22:18:39 413977484 114.298642 30.565587 114.298642 30.565587 0.0 254.4 154.0
2016-10-20 22:21:08 413977484 114.298643 30.565587 114.298642 30.565587 0.0 191.3 138.0
2016-10-20 22:24:41 413977484 114.298645 30.56559 114.298643 30.565587 0.0 161.7 12.0
2016-10-20 22:30:41 413977484 114.2986394721689 30.56559345489443     
2016-10-20 22:33:22 413977484 114.298637 30.565595 114.298638 30.565595 0.0 16.1 16.0
2016-10-20 22:36:58 413977484 114.29864 30.565595 114.298637 30.565595 0.0 330.1 330.0
2016-10-20 22:39:18 413977484 114.29864 30.565595 114.29864 30.565595 0.0 82.7 320.0
2016-10-20 22:42:21 413977484 114.298642 30.565592 114.29864 30.565595 0.0 233.1 10.0
2016-10-20 22:43:00 413977484 114.298642 30.56559 114.298642 30.565592 0.0 221.7 48.0
2016-10-20 22:45:15 413977484 114.29864 30.565588 114.298642 30.56559 0.0 167.2 209.0
2016-10-20 22:48:20 413977484 114.29864 30.565593 114.29864 30.565588 0.0 143.0 0.0
2016-10-20 22:48:55 413977484 114.29864 30.565593 114.29864 30.565593 0.0 189.2 189.0
2016-10-20 22:51:19 413977484 114.29864 30.565592 114.29864 30.565593 0.0 82.4 245.0
2016-10-20 22:54:21 413977484 114.298635 30.56559 114.29864 30.565592 0.1 215.5 324.0
2016-10-20 22:55:02 413977484 114.298635 30.565588 114.298635 30.56559 0.0 38.8 161.0
2016-10-20 22:57:24 413977484 114.298637 30.565588 114.298635 30.565588 0.0 158.1 211.0
2016-10-20 23:00:21 413977484 114.298632 30.565588 114.298637 30.565588 0.0 189.7 101.0
2016-10-20 23:01:00 413977484 114.298633 30.565588 114.298632 30.565588 0.0 331.4 111.0
2016-10-20 23:03:26 413977484 114.298645 30.565588 114.298633 30.565588 0.0 316.7 331.0
2016-10-20 23:06:24 413977484 114.298647 30.565588 114.298645 30.565588 0.0 100.5 114.0
2016-10-20 23:07:02 413977484 114.298648 30.565588 114.298647 30.565588 0.0 70.3 70.0
2016-10-20 23:09:14 413977484 114.298647 30.565588 114.298648 30.565588 0.0 337.4 356.0
2016-10-20 23:12:25 413977484 114.298647 30.565587 114.298647 30.565588 0.0 81.6 150.0
2016-10-20 23:12:58 413977484 114.298647 30.565587 114.298647 30.565587 0.0 94.8 278.0
2016-10-20 23:15:20 413977484 114.298645 30.565588 114.298647 30.565587 0.0 244.3 47.0
2016-10-20 23:18:09 413977484 114.298643 30.565585 114.298645 30.565588 0.0 196.0 212.0
2016-10-20 23:21:19 413977484 114.298642 30.565585 114.298643 30.565585 0.0 49.9 49.0
2016-10-20 23:24:33 413977484 114.298637 30.565583 114.298642 30.565585 0.0 20.6 140.0
2016-10-20 23:30:33 413977484 114.2986351151832 30.565583     
2016-10-20 23:30:55 413977484 114.298635 30.565583 114.298635 30.565583 0.0 341.9 309.0
2016-10-20 23:33:24 413977484 114.298632 30.565577 114.298635 30.565583 0.0 267.9 171.0
2016-10-20 23:36:17 413977484 114.298637 30.565575 114.298632 30.565577 0.0 91.5 283.0
2016-10-20 23:36:50 413977484 114.298637 30.565575 114.298637 30.565575 0.0 316.3 27.0
2016-10-20 23:39:29 413977484 114.298637 30.565572 114.298637 30.565575 0.0 87.2 288.0
2016-10-20 23:42:13 413977484 114.29864 30.565572 114.298637 30.565572 0.0 293.6 30.0
2016-10-20 23:43:13 413977484 114.298638 30.565572 114.29864 30.565572 0.0 170.7 344.0
2016-10-20 23:45:24 413977484 114.29864 30.565572 114.298638 30.565572 0.0 308.9 308.0
2016-10-20 23:48:18 413977484 114.29864 30.565568 114.29864 30.565572 0.0 316.5 314.0
2016-10-20 23:51:28 413977484 114.298643 30.565567 114.29864 30.565568 0.0 170.4 170.0
2016-10-20 23:54:55 413977484 114.298647 30.565558 114.298643 30.565567 0.0 178.8 217.0
2016-10-20 23:57:29 413977484 114.298645 30.565563 114.298647 30.565558 0.0 110.6 182.0
